 AtanackovicxBogoboj_SRP18520BogobojADvaIdola-L2_1 AtanackovicxBogoboj_SRP18520BogobojADvaIdola-L2_2 AtanackovicxBogoboj_SRP18520BogobojADvaIdola-L2_3 AtanackovicxBogoboj_SRP18520BogobojADvaIdola-L2_4 AtanackovicxBogoboj_SRP18520BogobojADvaIdola-L2_5 BaruncyicxKosta_SRP18791KostaBPastirKralj-L2_1 BaruncyicxKosta_SRP18791KostaBPastirKralj-L2_2 BaruncyicxKosta_SRP18791KostaBPastirKralj-L2_3 CxipikoIvo_SRP19041IvoCZaKruhom-L2_1 CxipikoIvo_SRP19041IvoCZaKruhom-L2_2 CxipikoIvo_SRP19041IvoCZaKruhom-L2_3 CxipikoIvo_SRP19041IvoCZaKruhom-L2_4 CxipikoIvo_SRP19041IvoCZaKruhom-L2_5 CxipikoIvo_SRP19041IvoCZaKruhom-L2_6 CxipikoIvo_SRP19090IvoCPauci-L2_1 CxipikoIvo_SRP19090IvoCPauci-L2_2 CxipikoIvo_SRP19090IvoCPauci-L2_3 CxipikoIvo_SRP19090IvoCPauci-L2_4 CxipikoIvo_SRP19090IvoCPauci-L2_5 CxorovicxSvetozar_SRP19051SvetozarCZenidbaPK-L2_1 CxorovicxSvetozar_SRP19051SvetozarCZenidbaPK-L2_2 CxorovicxSvetozar_SRP19051SvetozarCZenidbaPK-L2_3 CxorovicxSvetozar_SRP19132SvetozarCJarani-L2_1 CxorovicxSvetozar_SRP19132SvetozarCJarani-L2_2 CxorovicxSvetozar_SRP19132SvetozarCJarani-L2_3 CxorovicxSvetozar_SRP19132SvetozarCJarani-L2_4 CxorovicxSvetozar_SRP19132SvetozarCJarani-L2_5 CxorovicxSvetozar_SRP19132SvetozarCJarani-L2_6 CxorovicxSvetozar_SRP19192SvetozarCUcelijama-L2_1 CxorovicxSvetozar_SRP19192SvetozarCUcelijama-L2_2 CxorovicxSvetozar_SRP19192SvetozarCUcelijama-L2_3 CxorovicxSvetozar_SRP19192SvetozarCUcelijama-L2_4 CxorovicxSvetozar_SRP19192SvetozarCUcelijama-L2_5 DimitrijevicxJelena_SRP19012JelenaDDjulMarika-L2_1 DimitrijevicxJelena_SRP19012JelenaDDjulMarika-L2_2 DimitrijevicxJelena_SRP19070JelenaDFatiSultan-L2_1 DimitrijevicxJelena_SRP19070JelenaDFatiSultan-L2_2 DimitrijevicxJelena_SRP19070JelenaDFatiSultan-L2_3 DimitrijevicxJelena_SRP19120JelenaD-Nove-L2_1 DimitrijevicxJelena_SRP19120JelenaD-Nove-L2_10 DimitrijevicxJelena_SRP19120JelenaD-Nove-L2_11 DimitrijevicxJelena_SRP19120JelenaD-Nove-L2_2 DimitrijevicxJelena_SRP19120JelenaD-Nove-L2_3 DimitrijevicxJelena_SRP19120JelenaD-Nove-L2_4 DimitrijevicxJelena_SRP19120JelenaD-Nove-L2_5 DimitrijevicxJelena_SRP19120JelenaD-Nove-L2_6 DimitrijevicxJelena_SRP19120JelenaD-Nove-L2_7 DimitrijevicxJelena_SRP19120JelenaD-Nove-L2_8 DimitrijevicxJelena_SRP19120JelenaD-Nove-L2_9 DinicxSreten_SRP19091SretenDPreporodjaj-L2_1 DinicxSreten_SRP19091SretenDPreporodjaj-L2_2 DinicxSreten_SRP19091SretenDPreporodjaj-L2_3 DinicxSreten_SRP19091SretenDPreporodjaj-L2_4 DomanovicxRadojeM_SRP19025RadojeDStradija-L2_1 DomanovicxRadojeM_SRP19025RadojeDStradija-L2_2 DxordxevicxVladan_SRP18631VladanDjKocinaKrajna-L2_1 DxordxevicxVladan_SRP18631VladanDjKocinaKrajna-L2_2 DxordxevicxVladan_SRP18631VladanDjKocinaKrajna-L2_3 DxordxevicxVladan_SRP18631VladanDjKocinaKrajna-L2_4 DxordxevicxVladan_SRP18631VladanDjKocinaKrajna-L2_5 DxordxevicxVladan_SRP18631VladanDjKocinaKrajna-L2_6 DxordxevicxVladan_SRP18631VladanDjKocinaKrajna-L2_7 DxordxevicxVladan_SRP18690GmundenskoJezero-L2_1 DxordxevicxVladan_SRP18690GmundenskoJezero-L2_2 DxordxevicxVladan_SRP18690GmundenskoJezero-L2_3 DxordxevicxVladan_SRP18690GmundenskoJezero-L2_4 DxordxevicxVladan_SRP19131VladanDjUFront-L2_1 DxordxevicxVladan_SRP19131VladanDjUFront-L2_2 DxordxevicxVladan_SRP19131VladanDjUFront-L2_3 DxoricxNikolaV_SRP18821NikolaVDjKavaljerLaza-L2_1 DxuricxDusxan_SRP18962DusanDjKonacDelo-L2_1 DxuricyicxMladenSt_SRP19141MladenDjKadSumeTalasi-L2_1 GavrilovicxAndra_SRP18930AndraGPrveZrtve-L2_1 GavrilovicxAndra_SRP18930AndraGPrveZrtve-L2_2 GavrilovicxAndra_SRP18930AndraGPrveZrtve-L2_3 GavrilovicxAndra_SRP18930AndraGPrveZrtve-L2_4 GavrilovicxAndra_SRP18964AndraGDespotovaVlastela-L2_1 GavrilovicxAndra_SRP18964AndraGDespotovaVlastela-L2_2 GavrilovicxAndra_SRP18964AndraGDespotovaVlastela-L2_3 GavrilovicxAndra_SRP18964AndraGDespotovaVlastela-L2_4 GavrilovicxAndra_SRP18964AndraGDespotovaVlastela-L2_5 GavrilovicxDraga_SRP18840DraginjaGIzUcitZivota-L2_1 GavrilovicxDraga_SRP18840DraginjaGIzUcitZivota-L2_2 GavrilovicxDraga_SRP18870DraginjaGBabadevojka-L2_1 GavrilovicxDraga_SRP18870DraginjaGBabadevojka-L2_2 GavrilovicxDraga_SRP18890DraginjaGDevRoman-L2_1 GavrilovicxDraga_SRP18890DraginjaGDevRoman-L2_2 GavrilovicxDraga_SRP18890DraginjaGDevRoman-L2_3 GavrilovicxDraga_SRP18890DraginjaGDevRoman-L2_4 GavrilovicxDraga_SRP18890DraginjaGDevRoman-L2_5 GavrilovicxDraga_SRP18890DraginjaGDevRoman-L2_6 GlisxicxMilovan_SRP18751MilivanGGlavaSecera-L2_1 IgnxatovicxJakov_SRP18590JakovIDjuradjB-L2_1 IgnxatovicxJakov_SRP18590JakovIDjuradjB-L2_10 IgnxatovicxJakov_SRP18590JakovIDjuradjB-L2_11 IgnxatovicxJakov_SRP18590JakovIDjuradjB-L2_2 IgnxatovicxJakov_SRP18590JakovIDjuradjB-L2_3 IgnxatovicxJakov_SRP18590JakovIDjuradjB-L2_4 IgnxatovicxJakov_SRP18590JakovIDjuradjB-L2_5 IgnxatovicxJakov_SRP18590JakovIDjuradjB-L2_6 IgnxatovicxJakov_SRP18590JakovIDjuradjB-L2_7 IgnxatovicxJakov_SRP18590JakovIDjuradjB-L2_8 IgnxatovicxJakov_SRP18590JakovIDjuradjB-L2_9 IgnxatovicxJakov_SRP18620JednaZenidba-L2_1 IgnxatovicxJakov_SRP18620JednaZenidba-L2_2 IgnxatovicxJakov_SRP18630JakovIMilanN-L2_1 IgnxatovicxJakov_SRP18630JakovIMilanN-L2_10 IgnxatovicxJakov_SRP18630JakovIMilanN-L2_11 IgnxatovicxJakov_SRP18630JakovIMilanN-L2_2 IgnxatovicxJakov_SRP18630JakovIMilanN-L2_3 IgnxatovicxJakov_SRP18630JakovIMilanN-L2_4 IgnxatovicxJakov_SRP18630JakovIMilanN-L2_5 IgnxatovicxJakov_SRP18630JakovIMilanN-L2_6 IgnxatovicxJakov_SRP18630JakovIMilanN-L2_7 IgnxatovicxJakov_SRP18630JakovIMilanN-L2_8 IgnxatovicxJakov_SRP18630JakovIMilanN-L2_9 IgnxatovicxJakov_SRP18750JakovIVasaRespekt-L2_1 IgnxatovicxJakov_SRP18750JakovIVasaRespekt-L2_2 IgnxatovicxJakov_SRP18750JakovIVasaRespekt-L2_3 IgnxatovicxJakov_SRP18750JakovIVasaRespekt-L2_4 IgnxatovicxJakov_SRP18750JakovIVasaRespekt-L2_5 IgnxatovicxJakov_SRP18750JakovIVasaRespekt-L2_6 IlicxDragutinJ_SRP19040DragutinIDjera-L2_1 IlicxDragutinJ_SRP19040DragutinIDjera-L2_2 IlicxDragutinJ_SRP19040DragutinIDjera-L2_3 IlicxDragutinJ_SRP19040DragutinIDjera-L2_4 IlicxDragutinJ_SRP19040DragutinIDjera-L2_5 IlicxDragutinJ_SRP19040DragutinIDjera-L2_6 IlicxDragutinJ_SRP19061DragutinIHadziDisa-L2_1 IlicxDragutinJ_SRP19061DragutinIHadziDisa-L2_2 IlicxDragutinJ_SRP19061DragutinIHadziDisa-L2_3 IlicxDragutinJ_SRP19061DragutinIHadziDisa-L2_4 IlicxDragutinJ_SRP19061DragutinIHadziDisa-L2_5 IlicxDragutinJ_SRP19061DragutinIHadziDisa-L2_6 IlicxDragutinJ_SRP19061DragutinIHadziDisa-L2_7 JaksxicxDxura_SRP18740DjuraJSeljaci-L2_1 JaksxicxDxura_SRP18760DjuraJCicaTima-L2_1 JaksxicxDxura_SRP18760DjuraJCicaTima-L2_2 JaksxicxDxura_SRP18760DjuraJCicaTima-L2_3 JankovicxMilica_SRP19180MilicaJPreSrece-L2_1 JankovicxMilica_SRP19180MilicaJPreSrece-L2_2 JankovicxMilica_SRP19180MilicaJPreSrece-L2_3 JankovicxMilica_SRP19180MilicaJPreSrece-L2_4 JanxicxVelislav_SRP18992VelislavJLutajuceDuse-L2_1 JanxicxVelislav_SRP18992VelislavJLutajuceDuse-L2_2 JanxicxVelislav_SRP18992VelislavJLutajuceDuse-L2_3 JevticxaStevanaJ_SRP18911StevanJJDanica-L2_1 JevticxaStevanaJ_SRP18911StevanJJDanica-L2_2 JevticxaStevanaJ_SRP18911StevanJJDanica-L2_3 JevticxaStevanaJ_SRP18911StevanJJDanica-L2_4 JezdicxKostaD_SRP19062KostaJZlocinSvekrve-L2_1 JezdicxKostaD_SRP19062KostaJZlocinSvekrve-L2_2 JezdicxKostaD_SRP19062KostaJZlocinSvekrve-L2_3 JezdicxKostaD_SRP19062KostaJZlocinSvekrve-L2_4 JovicyicxZxivojin_SRP18935RobinjicaZlata-L2_1 JovicyicxZxivojin_SRP18935RobinjicaZlata-L2_2 JovicyicxZxivojin_SRP18935RobinjicaZlata-L2_3 KaraRadovanovicxPavle_SRP19002KrvaviZlocin-L2_1 KaraRadovanovicxPavle_SRP19002KrvaviZlocin-L2_2 KomarcyicxLazar_SRP18800DragocenaOgrlica-L2_1 KomarcyicxLazar_SRP18800DragocenaOgrlica-L2_2 KomarcyicxLazar_SRP18800DragocenaOgrlica-L2_3 KomarcyicxLazar_SRP18800DragocenaOgrlica-L2_4 KomarcyicxLazar_SRP18800DragocenaOgrlica-L2_5 KomarcyicxLazar_SRP18800DragocenaOgrlica-L2_6 KomarcyicxLazar_SRP18871LazarKMojKocijas-L2_1 KomarcyicxLazar_SRP18871LazarKMojKocijas-L2_2 KomarcyicxLazar_SRP18871LazarKMojKocijas-L2_3 KomarcyicxLazar_SRP18871LazarKMojKocijas-L2_4 KomarcyicxLazar_SRP18871LazarKMojKocijas-L2_5 KomarcyicxLazar_SRP18871LazarKMojKocijas-L2_6 KomarcyicxLazar_SRP18871LazarKMojKocijas-L2_7 KomarcyicxLazar_SRP18934LazarK1RazorenUm-L2_1 KomarcyicxLazar_SRP18934LazarK1RazorenUm-L2_2 KomarcyicxLazar_SRP18934LazarK1RazorenUm-L2_3 KomarcyicxLazar_SRP18934LazarK1RazorenUm-L2_4 KosticxTadijaP_SRP18960TadijaKGospodaSeljaci-L2_1 KosticxTadijaP_SRP18960TadijaKGospodaSeljaci-L2_2 KosticxTadijaP_SRP18960TadijaKGospodaSeljaci-L2_3 KosticxTadijaP_SRP19030PrvoVeselje-L2_1 KosticxTadijaP_SRP19030PrvoVeselje-L2_2 KosticxTadijaP_SRP19030PrvoVeselje-L2_3 KosticxTadijaP_SRP19030PrvoVeselje-L2_4 LazarevicxLazaK_SRP18980LazaLSvabica-L2_1 MamuzicxStevan_SRP18961StevanMNejednakaBracacorr20201221-L2_1 MamuzicxStevan_SRP18961StevanMNejednakaBracacorr20201221-L2_2 MarkovicxAdamovPavle_SRP18881PavleMADuhVremena-L2_1 MarkovicxAdamovPavle_SRP18881PavleMADuhVremena-L2_2 MarkovicxAdamovPavle_SRP18881PavleMADuhVremena-L2_3 MarkovicxAdamovPavle_SRP18881PavleMADuhVremena-L2_4 MatavulxSimo_SRP18922SimoMBakonja-L2_1 MatavulxSimo_SRP18922SimoMBakonja-L2_2 MatavulxSimo_SRP18922SimoMBakonja-L2_3 MatavulxSimo_SRP18922SimoMBakonja-L2_4 MatavulxSimo_SRP18922SimoMBakonja-L2_5 MatavulxSimo_SRP18922SimoMBakonja-L2_6 MatavulxSimo_SRP18922SimoMBakonja-L2_7 MatijasxicxStevanM_SRP18970StevanMatGroficaAgnesa-L2_1 MatijasxicxStevanM_SRP18970StevanMatGroficaAgnesa-L2_2 MatijasxicxStevanM_SRP18970StevanMatGroficaAgnesa-L2_3 MatijasxicxStevanM_SRP18970StevanMatGroficaAgnesa-L2_4 MatijasxicxStevanM_SRP18970StevanMatGroficaAgnesa-L2_5 MatijasxicxStevanM_SRP18970StevanMatGroficaAgnesa-L2_6 MatijasxicxStevanM_SRP18970StevanMatGroficaAgnesa-L2_7 MatijasxicxStevanM_SRP18970StevanMatGroficaAgnesa-L2_8 MihajlovicBranko_SRP18780BrankoMPredZoru-L2_1 MihajlovicBranko_SRP18780BrankoMPredZoru-L2_2 MihajlovicBranko_SRP18780BrankoMPredZoru-L2_3 MihajlovicBranko_SRP18780BrankoMPredZoru-L2_4 MihajlovicBranko_SRP18780BrankoMPredZoru-L2_5 MihajlovicBranko_SRP18780BrankoMPredZoru-L2_6 MihajlovicBranko_SRP18780BrankoMPredZoru-L2_7 MijatovicxCyedomilx_SRP18910CyedomirMIkonija-L2_1 MijatovicxCyedomilx_SRP18910CyedomirMIkonija-L2_2 MijatovicxCyedomilx_SRP18920RajkoOdRasine-L2_1 MijatovicxCyedomilx_SRP18920RajkoOdRasine-L2_2 MijatovicxCyedomilx_SRP18920RajkoOdRasine-L2_3 MijatovicxCyedomilx_SRP18920RajkoOdRasine-L2_4 MijatovicxCyedomilx_SRP18920RajkoOdRasine-L2_5 MijatovicxCyedomilx_SRP18990MijatovicCyKnezGradoje-L2_1 MijatovicxCyedomilx_SRP18990MijatovicCyKnezGradoje-L2_2 MijatovicxCyedomilx_SRP18990MijatovicCyKnezGradoje-L2_3 MijatovicxCyedomilx_SRP18990MijatovicCyKnezGradoje-L2_4 MijatovicxCyedomilx_SRP18990MijatovicCyKnezGradoje-L2_5 MilicxevicxMilanDx_SRP18790MilanDjMJurmusaFatima-L2_1 MilicxevicxMilanDx_SRP18790MilanDjMJurmusaFatima-L2_2 MilicxevicxMilanDx_SRP18810MilanDjMDesetPara-L2_1 MilicxevicxMilanDx_SRP18860MilanDjMOmerCelebija-L2_1 MilicxevicxMilanDx_SRP18860MilanDjMOmerCelebija-L2_2 MilicxevicxMilanDx_SRP18860MilanDjMOmerCelebija-L2_3 MilicxevicxMilanDx_SRP18860MilanDjMOmerCelebija-L2_4 MilicxevicxVelxkoM_SRP19121VeljkoMBespuce-L2_1 MilicxevicxVelxkoM_SRP19121VeljkoMBespuce-L2_2 MiodragovicxJovan_SRP19102JovanMRadisa-L2_1 MiodragovicxJovan_SRP19102JovanMRadisa-L2_10 MiodragovicxJovan_SRP19102JovanMRadisa-L2_11 MiodragovicxJovan_SRP19102JovanMRadisa-L2_12 MiodragovicxJovan_SRP19102JovanMRadisa-L2_13 MiodragovicxJovan_SRP19102JovanMRadisa-L2_14 MiodragovicxJovan_SRP19102JovanMRadisa-L2_2 MiodragovicxJovan_SRP19102JovanMRadisa-L2_3 MiodragovicxJovan_SRP19102JovanMRadisa-L2_4 MiodragovicxJovan_SRP19102JovanMRadisa-L2_5 MiodragovicxJovan_SRP19102JovanMRadisa-L2_6 MiodragovicxJovan_SRP19102JovanMRadisa-L2_7 MiodragovicxJovan_SRP19102JovanMRadisa-L2_8 MiodragovicxJovan_SRP19102JovanMRadisa-L2_9 Nepoznat_SRP18923NNBeogradskeTajne-L2_1 Nepoznat_SRP18923NNBeogradskeTajne-L2_10 Nepoznat_SRP18923NNBeogradskeTajne-L2_11 Nepoznat_SRP18923NNBeogradskeTajne-L2_12 Nepoznat_SRP18923NNBeogradskeTajne-L2_13 Nepoznat_SRP18923NNBeogradskeTajne-L2_14 Nepoznat_SRP18923NNBeogradskeTajne-L2_15 Nepoznat_SRP18923NNBeogradskeTajne-L2_2 Nepoznat_SRP18923NNBeogradskeTajne-L2_3 Nepoznat_SRP18923NNBeogradskeTajne-L2_4 Nepoznat_SRP18923NNBeogradskeTajne-L2_5 Nepoznat_SRP18923NNBeogradskeTajne-L2_6 Nepoznat_SRP18923NNBeogradskeTajne-L2_7 Nepoznat_SRP18923NNBeogradskeTajne-L2_8 Nepoznat_SRP18923NNBeogradskeTajne-L2_9 NovakovicxStojan_SRP19130StojanNKaludjerHajduk-L2_1 NovakovicxStojan_SRP19130StojanNKaludjerHajduk-L2_2 NovakovicxStojan_SRP19130StojanNKaludjerHajduk-L2_3 NovakovicxStojan_SRP19130StojanNKaludjerHajduk-L2_4 NovakovicxStojan_SRP19130StojanNKaludjerHajduk-L2_5 NovakovicxStojan_SRP19130StojanNKaludjerHajduk-L2_6 NovakovicxStojan_SRP19130StojanNKaludjerHajduk-L2_7 NusxicxBranislav_SRP19021BranislavNOpstinskoDet-L2_1 NusxicxBranislav_SRP19021BranislavNOpstinskoDet-L2_2 NusxicxBranislav_SRP19021BranislavNOpstinskoDet-L2_3 NusxicxBranislav_SRP19021BranislavNOpstinskoDet-L2_4 NusxicxBranislav_SRP19021BranislavNOpstinskoDet-L2_5 NusxicxBranislav_SRP19021BranislavNOpstinskoDet-L2_6 NusxicxBranislav_SRP19021BranislavNOpstinskoDet-L2_7 NusxicxBranislav_SRP19201BranislavN1915-L2_1 NusxicxBranislav_SRP19201BranislavN1915-L2_10 NusxicxBranislav_SRP19201BranislavN1915-L2_11 NusxicxBranislav_SRP19201BranislavN1915-L2_12 NusxicxBranislav_SRP19201BranislavN1915-L2_13 NusxicxBranislav_SRP19201BranislavN1915-L2_14 NusxicxBranislav_SRP19201BranislavN1915-L2_15 NusxicxBranislav_SRP19201BranislavN1915-L2_16 NusxicxBranislav_SRP19201BranislavN1915-L2_17 NusxicxBranislav_SRP19201BranislavN1915-L2_18 NusxicxBranislav_SRP19201BranislavN1915-L2_2 NusxicxBranislav_SRP19201BranislavN1915-L2_3 NusxicxBranislav_SRP19201BranislavN1915-L2_4 NusxicxBranislav_SRP19201BranislavN1915-L2_5 NusxicxBranislav_SRP19201BranislavN1915-L2_6 NusxicxBranislav_SRP19201BranislavN1915-L2_7 NusxicxBranislav_SRP19201BranislavN1915-L2_8 NusxicxBranislav_SRP19201BranislavN1915-L2_9 PetrovicxBosxkoSt_SRP19080ModernoRoblje-L2_1 PetrovicxBosxkoSt_SRP19080ModernoRoblje-L2_2 PetrovicxBosxkoSt_SRP19080ModernoRoblje-L2_3 PetrovicxBosxkoSt_SRP19080ModernoRoblje-L2_4 PetrovicxBosxkoSt_SRP19080ModernoRoblje-L2_5 PetrovicxBosxkoSt_SRP19080ModernoRoblje-L2_6 PetrovicxBosxkoSt_SRP19080ModernoRoblje-L2_7 PetrovicxKosta_SRP18965KostaPNeimarisaKrajem-L2_1 PetrovicxKosta_SRP18965KostaPNeimarisaKrajem-L2_2 PetrovicxKosta_SRP18965KostaPNeimarisaKrajem-L2_3 PetrovicxKosta_SRP18965KostaPNeimarisaKrajem-L2_4 PetrovicxKosta_SRP18965KostaPNeimarisaKrajem-L2_5 PetrovicxKosta_SRP18965KostaPNeimarisaKrajem-L2_6 PetrovicxKosta_SRP18965KostaPNeimarisaKrajem-L2_7 PopovicxPanta_SRP18691PantaPKakavJeKo-L2_1 PopovicxPanta_SRP18691PantaPKakavJeKo-L2_2 PopovicxPanta_SRP18691PantaPKakavJeKo-L2_3 PopovicxStevanV_SRP18882StevanVPSumarevaCerka-L2_1 PopovicxStevanV_SRP18882StevanVPSumarevaCerka-L2_2 PopovicxStevanV_SRP18882StevanVPSumarevaCerka-L2_3 PopovicxStevanV_SRP18882StevanVPSumarevaCerka-L2_4 PopovicxStevanV_SRP18882StevanVPSumarevaCerka-L2_5 PopovicxStevanV_SRP18882StevanVPSumarevaCerka-L2_6 PopovicxStevanV_SRP18882StevanVPSumarevaCerka-L2_7 PopovicxSxapcyaninMilorad_SRP18880SapcaninSanjalo-L2_1 PopovicxSxapcyaninMilorad_SRP18880SapcaninSanjalo-L2_2 PopovicxSxapcyaninMilorad_SRP18880SapcaninSanjalo-L2_3 PopovicxSxapcyaninMilorad_SRP18880SapcaninSanjalo-L2_4 PopovicxSxapcyaninMilorad_SRP18880SapcaninSanjalo-L2_5 PopovicxTodorLx_SRP19010TodorPGila-L2_1 PopovicxTodorLx_SRP19010TodorPGila-L2_2 PopovicxTodorLx_SRP19010TodorPGila-L2_3 PopovicxTodorLx_SRP19010TodorPGila-L2_4 RadovicxDimitrije_SRP18942DimitijeR-Sinovac-L2_1 RadovicxDimitrije_SRP18942DimitijeR-Sinovac-L2_2 RadovicxDimitrije_SRP18942DimitijeR-Sinovac-L2_3 RadovicxDimitrije_SRP18942DimitijeR-Sinovac-L2_4 RadulovicxPera_SRP18752PeraRBezOcaMajke-L2_1 RadulovicxPera_SRP18752PeraRBezOcaMajke-L2_2 RadulovicxPera_SRP18752PeraRBezOcaMajke-L2_3 RankovicxDragutinaJ_SRP19023DragutinRSlavko-L2_1 RankovicxDragutinaJ_SRP19023DragutinRSlavko-L2_2 RankovicxDragutinaJ_SRP19023DragutinRSlavko-L2_3 RankovicxSvetolik_SRP18971SvetolikRGorskiCar-L2_1 RankovicxSvetolik_SRP18971SvetolikRGorskiCar-L2_2 RankovicxSvetolik_SRP18971SvetolikRGorskiCar-L2_3 RankovicxSvetolik_SRP18971SvetolikRGorskiCar-L2_4 RankovicxSvetolik_SRP18971SvetolikRGorskiCar-L2_5 RankovicxSvetolik_SRP18971SvetolikRGorskiCar-L2_6 RankovicxSvetolik_SRP18971SvetolikRGorskiCar-L2_7 RankovicxSvetolik_SRP18971SvetolikRGorskiCar-L2_8 RankovicxSvetolik_SRP18993SvetolikRSeoskaUciteljica-L2_1 RankovicxSvetolik_SRP18993SvetolikRSeoskaUciteljica-L2_2 RankovicxSvetolik_SRP18993SvetolikRSeoskaUciteljica-L2_3 RankovicxSvetolik_SRP18993SvetolikRSeoskaUciteljica-L2_4 RankovicxSvetolik_SRP18993SvetolikRSeoskaUciteljica-L2_5 RankovicxSvetolik_SRP18993SvetolikRSeoskaUciteljica-L2_6 RankovicxSvetolik_SRP18993SvetolikRSeoskaUciteljica-L2_7 RankovicxSvetolik_SRP19000SvetolikRPoruseniIdeali-L2_1 RankovicxSvetolik_SRP19000SvetolikRPoruseniIdeali-L2_2 RankovicxSvetolik_SRP19000SvetolikRPoruseniIdeali-L2_3 RankovicxSvetolik_SRP19000SvetolikRPoruseniIdeali-L2_4 RankovicxSvetolik_SRP19000SvetolikRPoruseniIdeali-L2_5 RankovicxSvetolik_SRP19000SvetolikRPoruseniIdeali-L2_6 RankovicxSvetolik_SRP19000SvetolikRPoruseniIdeali-L2_7 RogicxDusxan_SRP18921DusanRSrbinHrvatica-L2_1 SavicxBozxa_SRP19031BozaSDveSestre-L2_1 SavicxBozxa_SRP19031BozaSDveSestre-L2_2 SavicxBozxa_SRP19031BozaSDveSestre-L2_3 SavicxBozxa_SRP19031BozaSDveSestre-L2_4 SavicxBozxa_SRP19031BozaSDveSestre-L2_5 SavicxBozxa_SRP19031BozaSDveSestre-L2_6 SekulicxIsidora_SRP19190IsidoraSDjakon-L2_1 SekulicxIsidora_SRP19190IsidoraSDjakon-L2_2 SekulicxIsidora_SRP19190IsidoraSDjakon-L2_3 SekulicxIsidora_SRP19190IsidoraSDjakon-L2_4 SekulicxIsidora_SRP19190IsidoraSDjakon-L2_5 SekulicxIsidora_SRP19190IsidoraSDjakon-L2_6 SremacStevan_SRP18941StevanSPopViraPopSpira-L2_1 SremacStevan_SRP18941StevanSPopViraPopSpira-L2_10 SremacStevan_SRP18941StevanSPopViraPopSpira-L2_11 SremacStevan_SRP18941StevanSPopViraPopSpira-L2_2 SremacStevan_SRP18941StevanSPopViraPopSpira-L2_3 SremacStevan_SRP18941StevanSPopViraPopSpira-L2_4 SremacStevan_SRP18941StevanSPopViraPopSpira-L2_5 SremacStevan_SRP18941StevanSPopViraPopSpira-L2_6 SremacStevan_SRP18941StevanSPopViraPopSpira-L2_7 SremacStevan_SRP18941StevanSPopViraPopSpira-L2_8 SremacStevan_SRP18941StevanSPopViraPopSpira-L2_9 SremacStevan_SRP18950StevanSIvakovaSlava-L2_1 SremacStevan_SRP18950StevanSIvakovaSlava-L2_2 SremacStevan_SRP18950StevanSIvakovaSlava-L2_3 SremacStevan_SRP18950StevanSIvakovaSlava-L2_4 SremacStevan_SRP18950StevanSIvakovaSlava-L2_5 SremacStevan_SRP19071StevanSZonaZ-L2_1 SremacStevan_SRP19071StevanSZonaZ-L2_2 SremacStevan_SRP19071StevanSZonaZ-L2_3 SremacStevan_SRP19071StevanSZonaZ-L2_4 SremacStevan_SRP19071StevanSZonaZ-L2_5 SremacStevan_SRP19071StevanSZonaZ-L2_6 SretenovicxMihailo_SRP18940MihailoSRadeticaMara-L2_1 SretenovicxMihailo_SRP18940MihailoSRadeticaMara-L2_2 SretenovicxMihailo_SRP18940MihailoSRadeticaMara-L2_3 SretenovicxMihailo_SRP18940MihailoSRadeticaMara-L2_4 SretenovicxMihailo_SRP18940MihailoSRadeticaMara-L2_5 StankovicxBorisav_SRP18991BorisavSUvelaRuza-L2_1 StankovicxBorisav_SRP19022BorisavSPokojnikovaZena-L2_1 StankovicxBorisav_SRP19101BorisavSNecistaKrv-L2_1 StankovicxBorisav_SRP19101BorisavSNecistaKrv-L2_2 StankovicxBorisav_SRP19101BorisavSNecistaKrv-L2_3 StankovicxBorisav_SRP19101BorisavSNecistaKrv-L2_4 StankovicxBorisav_SRP19101BorisavSNecistaKrv-L2_5 StankovicxBorisav_SRP19101BorisavSNecistaKrv-L2_6 StankovicxBorisav_SRP19101BorisavSNecistaKrv-L2_7 StankovicxBorisav_SRP19101BorisavSNecistaKrv-L2_8 SuboticxJovan_SRP18730JovanSKaludjer-L2_1 SuboticxJovan_SRP18730JovanSKaludjer-L2_2 SuboticxJovan_SRP18730JovanSKaludjer-L2_3 SuboticxJovan_SRP18730JovanSKaludjer-L2_4 SuboticxJovan_SRP18730JovanSKaludjer-L2_5 SuboticxJovan_SRP18730JovanSKaludjer-L2_6 SuboticxJovan_SRP18730JovanSKaludjer-L2_7 SuboticxJovan_SRP18730JovanSKaludjer-L2_8 SuboticxKamenko_SRP19203KamenkoSLegijaSmrti-L2_1 SuboticxKamenko_SRP19203KamenkoSLegijaSmrti-L2_10 SuboticxKamenko_SRP19203KamenkoSLegijaSmrti-L2_11 SuboticxKamenko_SRP19203KamenkoSLegijaSmrti-L2_12 SuboticxKamenko_SRP19203KamenkoSLegijaSmrti-L2_13 SuboticxKamenko_SRP19203KamenkoSLegijaSmrti-L2_14 SuboticxKamenko_SRP19203KamenkoSLegijaSmrti-L2_15 SuboticxKamenko_SRP19203KamenkoSLegijaSmrti-L2_16 SuboticxKamenko_SRP19203KamenkoSLegijaSmrti-L2_17 SuboticxKamenko_SRP19203KamenkoSLegijaSmrti-L2_18 SuboticxKamenko_SRP19203KamenkoSLegijaSmrti-L2_19 SuboticxKamenko_SRP19203KamenkoSLegijaSmrti-L2_2 SuboticxKamenko_SRP19203KamenkoSLegijaSmrti-L2_3 SuboticxKamenko_SRP19203KamenkoSLegijaSmrti-L2_4 SuboticxKamenko_SRP19203KamenkoSLegijaSmrti-L2_5 SuboticxKamenko_SRP19203KamenkoSLegijaSmrti-L2_6 SuboticxKamenko_SRP19203KamenkoSLegijaSmrti-L2_7 SuboticxKamenko_SRP19203KamenkoSLegijaSmrti-L2_8 SuboticxKamenko_SRP19203KamenkoSLegijaSmrti-L2_9 SvetolikVladimir_SRP18951VladimirSKaznjenoNeverstvo-L2_1 SvetolikVladimir_SRP18951VladimirSKaznjenoNeverstvo-L2_2 SvetolikVladimir_SRP18951VladimirSKaznjenoNeverstvo-L2_3 SvetolikVladimir_SRP18951VladimirSKaznjenoNeverstvo-L2_4 SvetolikVladimir_SRP18951VladimirSKaznjenoNeverstvo-L2_5 SvetolikVladimir_SRP18951VladimirSKaznjenoNeverstvo-L2_6 SvetolikVladimir_SRP18951VladimirSKaznjenoNeverstvo-L2_7 SvetolikVladimir_SRP18951VladimirSKaznjenoNeverstvo-L2_8 SxisxkovicxDragomir_SRP19200DragomirSJedanOd-L2_1 SxisxkovicxDragomir_SRP19200DragomirSJedanOd-L2_2 TaletovPeraS_SRP19060PeraTNovac-L2_1 TaletovPeraS_SRP19060PeraTNovac-L2_2 TaletovPeraS_SRP19060PeraTNovac-L2_3 TaletovPeraS_SRP19060PeraTNovac-L2_4 TaletovPeraS_SRP19060PeraTNovac-L2_5 TaletovPeraS_SRP19060PeraTNovac-L2_6 TaletovPeraS_SRP19060PeraTNovac-L2_7 TaletovPeraS_SRP19060PeraTNovac-L2_8 TaletovPeraS_SRP19060PeraTNovac-L2_9 TasicxDimitrijeS_SRP19024MickoHarambasa-L2_1 TasicxDimitrijeS_SRP19024MickoHarambasa-L2_2 TasicxDimitrijeS_SRP19024MickoHarambasa-L2_3 TasicxDimitrijeS_SRP19024MickoHarambasa-L2_4 TasicxDimitrijeS_SRP19024MickoHarambasa-L2_5 TasicxDimitrijeS_SRP19024MickoHarambasa-L2_6 TasicxDimitrijeS_SRP19024MickoHarambasa-L2_7 TodorovicxPera_SRP18892PeraTodSilazakSPrestola-L2_1 TodorovicxPera_SRP18892PeraTodSilazakSPrestola-L2_10 TodorovicxPera_SRP18892PeraTodSilazakSPrestola-L2_11 TodorovicxPera_SRP18892PeraTodSilazakSPrestola-L2_12 TodorovicxPera_SRP18892PeraTodSilazakSPrestola-L2_13 TodorovicxPera_SRP18892PeraTodSilazakSPrestola-L2_14 TodorovicxPera_SRP18892PeraTodSilazakSPrestola-L2_15 TodorovicxPera_SRP18892PeraTodSilazakSPrestola-L2_16 TodorovicxPera_SRP18892PeraTodSilazakSPrestola-L2_2 TodorovicxPera_SRP18892PeraTodSilazakSPrestola-L2_3 TodorovicxPera_SRP18892PeraTodSilazakSPrestola-L2_4 TodorovicxPera_SRP18892PeraTodSilazakSPrestola-L2_5 TodorovicxPera_SRP18892PeraTodSilazakSPrestola-L2_6 TodorovicxPera_SRP18892PeraTodSilazakSPrestola-L2_7 TodorovicxPera_SRP18892PeraTodSilazakSPrestola-L2_8 TodorovicxPera_SRP18892PeraTodSilazakSPrestola-L2_9 TodorovicxPera_SRP18933PeraTodSmrtKaradjordja-L2_1 TodorovicxPera_SRP18933PeraTodSmrtKaradjordja-L2_2 TodorovicxPera_SRP18933PeraTodSmrtKaradjordja-L2_3 TodorovicxPera_SRP18933PeraTodSmrtKaradjordja-L2_4 TodorovicxPera_SRP18933PeraTodSmrtKaradjordja-L2_5 TodorovicxPera_SRP18933PeraTodSmrtKaradjordja-L2_6 TodorovicxPera_SRP18933PeraTodSmrtKaradjordja-L2_7 TodorovicxPera_SRP18933PeraTodSmrtKaradjordja-L2_8 TodorovicxPera_SRP18933PeraTodSmrtKaradjordja-L2_9 TomicxJasxa_SRP18966JasaTNazareni-L2_1 TomicxJasxa_SRP18966JasaTNazareni-L2_2 TomicxJasxa_SRP18966JasaTNazareni-L2_3 TomicxJasxa_SRP18966JasaTNazareni-L2_4 TomicxJasxa_SRP18966JasaTNazareni-L2_5 TomicxJasxa_SRP18966JasaTNazareni-L2_6 TomicxJasxa_SRP18966JasaTNazareni-L2_7 TomicxJasxa_SRP18966JasaTNazareni-L2_8 TomicxJasxa_SRP18966JasaTNazareni-L2_9 TutunovicxRadojicaV_SRP19001MilanovoSkolovanje-L2_1 TutunovicxRadojicaV_SRP19001MilanovoSkolovanje-L2_2 TutunovicxRadojicaV_SRP19001MilanovoSkolovanje-L2_3 TutunovicxRadojicaV_SRP19001MilanovoSkolovanje-L2_4 TutunovicxRadojicaV_SRP19001MilanovoSkolovanje-L2_5 TutunovicxRadojicaV_SRP19001MilanovoSkolovanje-L2_6 TutunovicxRadojicaV_SRP19001MilanovoSkolovanje-L2_7 TutunovicxRadojicaV_SRP19001MilanovoSkolovanje-L2_8 UskokovicxMilutin_SRP19100MilutinUDosljaci-L2_1 UskokovicxMilutin_SRP19100MilutinUDosljaci-L2_2 UskokovicxMilutin_SRP19100MilutinUDosljaci-L2_3 UskokovicxMilutin_SRP19100MilutinUDosljaci-L2_4 UskokovicxMilutin_SRP19100MilutinUDosljaci-L2_5 UskokovicxMilutin_SRP19100MilutinUDosljaci-L2_6 UskokovicxMilutin_SRP19100MilutinUDosljaci-L2_7 UskokovicxMilutin_SRP19100MilutinUDosljaci-L2_8 UskokovicxMilutin_SRP19100MilutinUDosljaci-L2_9 UskokovicxMilutin_SRP19110MilutinUPotroseneReci-L2_1 UskokovicxMilutin_SRP19140MilutinUCedomirIlic-L2_1 UskokovicxMilutin_SRP19140MilutinUCedomirIlic-L2_2 UskokovicxMilutin_SRP19140MilutinUCedomirIlic-L2_3 UskokovicxMilutin_SRP19140MilutinUCedomirIlic-L2_4 UskokovicxMilutin_SRP19140MilutinUCedomirIlic-L2_5 UskokovicxMilutin_SRP19140MilutinUCedomirIlic-L2_6 VeselinovicxJankoM_SRP18891JankoVBorci-L2_1 VeselinovicxJankoM_SRP18891JankoVBorci-L2_2 VeselinovicxJankoM_SRP18891JankoVBorci-L2_3 VeselinovicxJankoM_SRP18891JankoVBorci-L2_4 VeselinovicxJankoM_SRP18932JankoVSeljanka-L2_1 VeselinovicxJankoM_SRP18932JankoVSeljanka-L2_2 VeselinovicxJankoM_SRP18932JankoVSeljanka-L2_3 VeselinovicxJankoM_SRP18932JankoVSeljanka-L2_4 VeselinovicxJankoM_SRP18932JankoVSeljanka-L2_5 VeselinovicxJankoM_SRP18963HajdukStanko-L2_1 VeselinovicxJankoM_SRP18963HajdukStanko-L2_10 VeselinovicxJankoM_SRP18963HajdukStanko-L2_11 VeselinovicxJankoM_SRP18963HajdukStanko-L2_12 VeselinovicxJankoM_SRP18963HajdukStanko-L2_2 VeselinovicxJankoM_SRP18963HajdukStanko-L2_3 VeselinovicxJankoM_SRP18963HajdukStanko-L2_4 VeselinovicxJankoM_SRP18963HajdukStanko-L2_5 VeselinovicxJankoM_SRP18963HajdukStanko-L2_6 VeselinovicxJankoM_SRP18963HajdukStanko-L2_7 VeselinovicxJankoM_SRP18963HajdukStanko-L2_8 VeselinovicxJankoM_SRP18963HajdukStanko-L2_9 VuleticxVukasovicxVid_SRP19011VidVVCarDubrovnik-L2_1 VuleticxVukasovicxVid_SRP19011VidVVCarDubrovnik-L2_2 VuleticxVukasovicxVid_SRP19011VidVVCarDubrovnik-L2_3
AtanackovicxBogoboj_SRP18520BogobojADvaIdola-L2_1 0.99999994 0.99697006 0.9973067 0.9963047 0.9969821 0.9931358 0.99132293 0.9894464 0.9890698 0.99204457 0.9923117 0.9922431 0.9903674 0.9905745 0.993407 0.99304664 0.9936268 0.99460447 0.9937835 0.99236184 0.9903158 0.9922881 0.9906826 0.9913241 0.9923587 0.9911799 0.99279547 0.9894742 0.9916143 0.9894163 0.9901685 0.98991644 0.9900943 0.990293 0.9887373 0.9929176 0.99335134 0.99232614 0.9936311 0.9929263 0.99313486 0.99293226 0.994502 0.99380845 0.99428374 0.99376357 0.99356747 0.99406016 0.9923277 0.99461377 0.99267524 0.99249417 0.992642 0.9944484 0.9902552 0.99593115 0.99592406 0.9927304 0.99560434 0.99551755 0.9958997 0.99479496 0.99533236 0.99570787 0.9931389 0.9939065 0.9942307 0.99180984 0.9919465 0.99079233 0.9935409 0.9887392 0.990323 0.9910159 0.9917793 0.9919028 0.9905229 0.99060786 0.99358577 0.99100673 0.9897808 0.99438345 0.99484926 0.99049515 0.9911887 0.9906796 0.99095464 0.99179494 0.992024 0.99291193 0.99231446 0.99323803 0.9926503 0.9906954 0.9899496 0.9924107 0.9906587 0.9908984 0.9899865 0.9914989 0.9901414 0.9924506 0.9915835 0.9885891 0.98966485 0.99322784 0.9921448 0.99165845 0.99149597 0.99070513 0.99017143 0.99163336 0.99268454 0.9937595 0.9918184 0.9928324 0.9908098 0.987517 0.98690414 0.98768187 0.98808485 0.98601186 0.9916266 0.98965883 0.9905188 0.990716 0.9923401 0.9899892 0.9913813 0.9917032 0.9924423 0.99157494 0.9924342 0.99291795 0.9922006 0.99391806 0.99483997 0.9955358 0.99550104 0.99132943 0.99100167 0.98803395 0.99002826 0.99288386 0.9895477 0.99023616 0.9914694 0.99053234 0.9921448 0.9904486 0.9922326 0.98831505 0.98811585 0.98555773 0.99304163 0.99275243 0.99256873 0.99429256 0.9937075 0.98896223 0.9928541 0.98770535 0.9902108 0.9887912 0.9907414 0.9927847 0.9946137 0.9931531 0.9937906 0.992187 0.99282473 0.9897327 0.9905201 0.99112403 0.98891175 0.99150884 0.99312276 0.9926005 0.99311626 0.9943539 0.9925132 0.9926109 0.99188894 0.9911873 0.98726565 0.9850862 0.9930521 0.99361956 0.99140435 0.9953209 0.99243724 0.98964167 0.9893623 0.9914539 0.9920675 0.9915407 0.9907115 0.9925046 0.9920257 0.99416256 0.9928433 0.99182945 0.99299073 0.992998 0.9942725 0.99010235 0.99093807 0.9900949 0.9891036 0.9867735 0.9889248 0.9908898 0.99444944 0.9934918 0.9949079 0.99422467 0.99444604 0.99583745 0.99340713 0.9955882 0.9958464 0.99491173 0.9942148 0.9953556 0.9946634 0.9944134 0.99259394 0.9944645 0.99486244 0.99316126 0.99509275 0.9854717 0.98920614 0.9938291 0.9937116 0.99093777 0.99252045 0.9931959 0.9864676 0.99274963 0.99389476 0.9869138 0.9770459 0.985499 0.98714316 0.9920098 0.9930351 0.9941067 0.99059534 0.984017 0.99233484 0.9930093 0.9939868 0.9905193 0.9874524 0.9911753 0.99188447 0.9953181 0.9922851 0.9861354 0.98910207 0.9890796 0.9886959 0.98681587 0.9896164 0.9904877 0.99096143 0.9884322 0.9867673 0.9949417 0.9931266 0.99567205 0.99303573 0.9943099 0.9903683 0.9920847 0.9927288 0.9942135 0.9933254 0.9936798 0.99492276 0.99197906 0.9905365 0.9953767 0.99543804 0.99089056 0.9870497 0.9900211 0.99010277 0.98681647 0.9936063 0.9930444 0.9933729 0.9956056 0.9903408 0.99235934 0.99244666 0.9924771 0.9931959 0.9906155 0.99014366 0.98676074 0.98427784 0.9856182 0.9851829 0.9850244 0.98469526 0.98429894 0.9948904 0.99620885 0.9942932 0.9888967 0.9909408 0.9921513 0.99246156 0.99292886 0.99109 0.9923489 0.9925403 0.9942449 0.9945147 0.9951067 0.9934504 0.9942132 0.994025 0.99214053 0.9934934 0.99462247 0.9944924 0.99387836 0.9940643 0.99558276 0.99412316 0.9941922 0.9908672 0.98758084 0.9872603 0.99343026 0.99325 0.99302685 0.99395883 0.9947094 0.9950445 0.99417925 0.99117506 0.9944958 0.99328965 0.9929387 0.99205714 0.99223405 0.9916444 0.99095446 0.9935246 0.99435514 0.99403596 0.993516 0.9932305 0.9932113 0.99185145 0.9866028 0.98985755 0.98975366 0.9915349 0.98905104 0.9896002 0.98991096 0.986136 0.98651445 0.98786914 0.9904656 0.99146223 0.9926428 0.99579537 0.9943601 0.9940439 0.9951405 0.9945808 0.9945427 0.99525267 0.99136406 0.99570745 0.9918946 0.9920044 0.99380785 0.9932895 0.98819095 0.9911211 0.99076176 0.99454474 0.992397 0.99452376 0.99335206 0.9952876 0.99540293 0.9898488 0.9880872 0.9873876 0.9883506 0.99168617 0.99315655 0.9905308 0.98993117 0.98925084 0.9897986 0.99084127 0.98972434 0.99083114 0.99249065 0.9917214 0.99373317 0.99222136 0.99083316 0.9935466 0.99075425 0.99060434 0.9890473 0.9878535 0.99062073 0.9922542 0.9913744 0.99350536 0.9916387 0.98924434 0.99060494 0.9896664 0.98881966 0.98638034 0.98525375 0.9916812 0.99130034 0.9922775 0.9921027 0.99437547 0.9910775 0.9898481 0.99040836 0.9934868 0.99067867 0.9912739 0.9878219 0.9901885 0.9918345 0.99060863 0.99020505 0.9872576 0.9865112 0.9882734 0.9868102 0.98941827 0.9897662 0.98972744 0.98901486 0.98585296 0.9879996 0.98780614 0.99123156 0.98985654 0.9894916 0.9900022 0.9910007 0.99036855 0.990219 0.99335647 0.9943497 0.992101 0.9927658 0.9932572 0.9897506 0.9922296 0.9911922 0.9911746 0.9928118 0.99161345 0.99354136 0.9942247 0.9914501 0.99219775 0.9930221 0.9940668 0.99454707 0.99460775 0.9953746 0.9903709 0.99289906 0.99570334 0.9914455 0.99084234 0.99295175 0.99454415 0.9927354 0.99228156 0.9937814 0.99399996 0.9925941 0.99451613 0.9937068 0.99560314 0.99462044 0.99416494 0.9948375 0.9936234 0.99454206 0.994673 0.99233454 0.9865328 0.9875375 0.9892218 0.9909474 0.9910934 0.9905512 0.9909948 0.99305725 0.9910417 0.9883063 0.9876652 0.98775244 0.9881503 0.98851913 0.9879825 0.98786527 0.9901697 0.9877943 0.9840902 0.97971374 0.987856 0.9890751 0.989012 0.98779947 0.98647743 0.9911855 0.98892325 0.985556 0.98780805 0.98830545 0.9876596 0.9870891 0.98504436 0.9829926 0.98589116 0.9863258 0.9901355 0.9920433 0.9927402 0.9922071
AtanackovicxBogoboj_SRP18520BogobojADvaIdola-L2_2 0.99697006 0.9999998 0.9982281 0.994783 0.99629277 0.9965828 0.9945121 0.9914263 0.9942461 0.99433255 0.99473476 0.9960304 0.993486 0.99345267 0.99566257 0.994037 0.99395657 0.995304 0.99585736 0.9950019 0.9917432 0.99333787 0.99471945 0.99434096 0.994556 0.99231744 0.9938982 0.990163 0.99418515 0.9914293 0.99177617 0.9933076 0.99206156 0.9875384 0.98483986 0.9947218 0.9945885 0.9919206 0.9970789 0.9963482 0.99585545 0.99468964 0.99661434 0.9940144 0.99616575 0.9966214 0.9955426 0.9957813 0.99549735 0.99502194 0.9958835 0.9948429 0.99402034 0.9960863 0.99320257 0.9968654 0.9971046 0.9925811 0.9951732 0.996618 0.9967371 0.99543226 0.99776673 0.9973893 0.99574876 0.9963325 0.99660856 0.99574554 0.99548495 0.9963033 0.9972429 0.9957716 0.99552476 0.9953636 0.9961145 0.99562997 0.9961144 0.99548596 0.99721104 0.9962832 0.99520147 0.9943614 0.9961555 0.99329376 0.99268955 0.99389666 0.9930858 0.9948144 0.99506545 0.99451554 0.9945571 0.9922179 0.99550253 0.99323237 0.9931077 0.994874 0.9930593 0.9937784 0.9931854 0.9931904 0.9923189 0.99355567 0.9930223 0.99205416 0.9913211 0.99538726 0.9922684 0.992783 0.9945859 0.9932898 0.9935701 0.99381447 0.9943789 0.9950397 0.99463767 0.99310404 0.9954601 0.99370635 0.9933415 0.9938706 0.9943069 0.9924612 0.99559164 0.994769 0.9952849 0.99611264 0.99513316 0.99590397 0.99611664 0.9962663 0.9964787 0.99652684 0.9964614 0.9965065 0.996431 0.99229264 0.99484324 0.99595654 0.99593526 0.99367833 0.99241555 0.98917675 0.9917849 0.99623054 0.9937084 0.99407357 0.99635667 0.9959902 0.99688613 0.9959411 0.99563503 0.9936173 0.99188113 0.9903797 0.9963053 0.99566376 0.99504983 0.9932606 0.9926935 0.99246365 0.9938941 0.9906392 0.9917167 0.9915487 0.9930367 0.9922706 0.994285 0.99483085 0.9950148 0.9945162 0.9938074 0.9904128 0.9927947 0.9924992 0.9898751 0.9915674 0.9943055 0.9920013 0.99158394 0.9964318 0.9942938 0.99317914 0.9930121 0.99295676 0.98915994 0.9866632 0.99583924 0.9958144 0.9947379 0.9964998 0.9935244 0.99323887 0.9904309 0.99376976 0.992782 0.9950559 0.99509543 0.99751747 0.9966126 0.99720716 0.99551064 0.99481606 0.99620354 0.99534786 0.9977651 0.9935171 0.99338794 0.99346787 0.9922689 0.99006075 0.99137187 0.99314374 0.9963063 0.995925 0.9972237 0.9950185 0.9970189 0.9962079 0.99517614 0.99708146 0.9969772 0.9932338 0.9925641 0.9947559 0.9954409 0.99506503 0.9943578 0.9962441 0.9957176 0.9950313 0.9950926 0.9913087 0.9946214 0.99612385 0.9957087 0.9940861 0.9948856 0.99412954 0.9911964 0.99447525 0.9951991 0.98785603 0.9790976 0.9870254 0.9896535 0.99490404 0.99470794 0.9972545 0.9964322 0.99178296 0.99679816 0.9968277 0.99752265 0.9955882 0.99354565 0.9965484 0.9966074 0.9974948 0.9967987 0.9926005 0.9954385 0.9949313 0.99301934 0.9921247 0.9945017 0.9951271 0.9948101 0.99291426 0.9913677 0.995987 0.99520874 0.9970539 0.99743164 0.9969141 0.9953283 0.9956521 0.99736506 0.9978399 0.99583066 0.997061 0.99740815 0.99628663 0.99603784 0.9972381 0.9975445 0.9951947 0.9925026 0.995383 0.9954341 0.99281836 0.9970508 0.99669814 0.99757147 0.99768305 0.9954634 0.9965048 0.9961956 0.99734974 0.99663025 0.995301 0.99478453 0.99201185 0.9884048 0.99068546 0.989313 0.9891693 0.98894227 0.9887816 0.99589133 0.9954965 0.99537146 0.99466926 0.99505055 0.9965184 0.9969575 0.9965826 0.9957456 0.9963249 0.99677837 0.99723244 0.99622357 0.99727273 0.996 0.99595034 0.99454665 0.99295926 0.99439496 0.9974277 0.9968675 0.99699867 0.99716496 0.99428225 0.9922905 0.9912983 0.9932352 0.9902683 0.99005896 0.99759346 0.99635714 0.9960373 0.99643385 0.9955864 0.9968249 0.994157 0.99073637 0.9971534 0.99560326 0.9957549 0.9950638 0.99369425 0.9928033 0.99142754 0.99644303 0.9960974 0.99607456 0.99482054 0.9952856 0.994208 0.99315214 0.98644316 0.99525815 0.9954542 0.9953458 0.994349 0.9951313 0.99585354 0.9937022 0.99372035 0.9945725 0.9961361 0.9962067 0.9969428 0.99653345 0.99330205 0.9964994 0.99677956 0.996549 0.9944742 0.9952088 0.9890476 0.9966352 0.989063 0.9899274 0.99473745 0.99138874 0.9860498 0.9881439 0.9894604 0.99699926 0.98988867 0.99600476 0.99251896 0.9966001 0.9963909 0.9906302 0.9906684 0.99001336 0.9897472 0.99303037 0.99348205 0.9946888 0.9948384 0.9947843 0.9951725 0.99529123 0.99519056 0.99574524 0.9958222 0.99575305 0.9957856 0.9930042 0.9917965 0.9961685 0.99309427 0.99320596 0.99232566 0.98999 0.99421877 0.99591345 0.995173 0.9972875 0.9958284 0.99544716 0.9961051 0.99520946 0.9941166 0.99215823 0.99148667 0.99420655 0.9951556 0.99561715 0.99561775 0.9969957 0.9950333 0.9951142 0.9952148 0.9971434 0.9937974 0.9962541 0.9950267 0.99592257 0.99630594 0.9952749 0.9944535 0.99362093 0.9921726 0.9944628 0.9925715 0.99482554 0.99541533 0.9947794 0.9954449 0.9928306 0.993881 0.9944939 0.9946472 0.99386275 0.9939433 0.99468124 0.9955542 0.99644744 0.99515706 0.9964714 0.99792486 0.9972341 0.9967489 0.9979426 0.99479705 0.9970758 0.99638516 0.9962993 0.99588764 0.996452 0.99676114 0.9972099 0.99592286 0.99607223 0.9972309 0.99657315 0.9976067 0.99753314 0.9978722 0.9943283 0.9955011 0.99744916 0.9957192 0.9962957 0.9964424 0.99624854 0.99374706 0.9952245 0.99554396 0.99476486 0.9956069 0.9957792 0.99608886 0.99462 0.9931672 0.99051476 0.9928296 0.9915226 0.9921467 0.99177617 0.98918605 0.99401045 0.9951789 0.99597484 0.9963957 0.9952261 0.9957819 0.99668497 0.99699104 0.99654186 0.99489254 0.9944671 0.99454206 0.9949252 0.99466443 0.99400556 0.9936955 0.9922573 0.98715293 0.98491555 0.9803238 0.9884199 0.98987186 0.9892279 0.9887908 0.9866051 0.9921832 0.98881716 0.9849656 0.9883592 0.987657 0.98794025 0.98776615 0.9833604 0.98244536 0.985627 0.98620826 0.99026906 0.99345446 0.99209523 0.9924878
AtanackovicxBogoboj_SRP18520BogobojADvaIdola-L2_3 0.9973067 0.9982281 1.0 0.99727553 0.997802 0.9962779 0.99566036 0.9923305 0.99376106 0.9950512 0.99525917 0.99556047 0.9940471 0.993927 0.99597263 0.9953598 0.9951403 0.9963321 0.99585176 0.9946524 0.99248636 0.993994 0.99318254 0.9935964 0.9943266 0.9933962 0.9943998 0.9920284 0.9946421 0.99292254 0.99365085 0.9934977 0.9935093 0.9897588 0.9878104 0.9948087 0.994517 0.99368316 0.9959276 0.99594784 0.9960114 0.99512666 0.99611217 0.995439 0.9956282 0.99555904 0.9957872 0.996145 0.99535316 0.996346 0.99548966 0.9945212 0.9949784 0.9962616 0.99340457 0.99764764 0.9973833 0.9940001 0.9965286 0.997746 0.99771315 0.99654776 0.99654573 0.99632895 0.99459016 0.99510944 0.99591786 0.9940135 0.99443936 0.99480104 0.99588764 0.9930102 0.9946339 0.9953569 0.99560744 0.9960459 0.9944028 0.9946157 0.9973416 0.99542266 0.9945711 0.9952004 0.9963589 0.9941691 0.99392045 0.9946309 0.994231 0.9956377 0.9958246 0.99552715 0.99522066 0.9941359 0.9955422 0.99388534 0.99357814 0.99541235 0.9942169 0.9947888 0.9940064 0.99500096 0.99330187 0.99434435 0.9936179 0.99193466 0.99200535 0.9945523 0.9931681 0.99315715 0.99394554 0.99320674 0.99300396 0.9941855 0.99465835 0.9951956 0.99486417 0.9939971 0.9938166 0.9919328 0.99069315 0.9917085 0.9928196 0.9906316 0.99498975 0.993661 0.99479353 0.9945496 0.99582916 0.99441296 0.9936987 0.9940899 0.9951892 0.9948626 0.9956181 0.9959424 0.9949777 0.9944816 0.99571794 0.99663186 0.9969168 0.99424887 0.99349785 0.9908718 0.99294955 0.99574316 0.9926139 0.99339455 0.9946729 0.9933817 0.9957215 0.994704 0.99417925 0.9914804 0.99012697 0.98826885 0.9962797 0.9961384 0.9959366 0.9953268 0.99515927 0.99353963 0.99570876 0.9916328 0.9938775 0.9928002 0.9943499 0.99423665 0.99640065 0.9956759 0.99633914 0.99512213 0.9955539 0.9930341 0.993903 0.99424654 0.9926157 0.99429226 0.99475276 0.9937524 0.99325913 0.9964146 0.9945896 0.99457794 0.9942126 0.99361837 0.9902054 0.987434 0.99597055 0.99658597 0.9950919 0.99736285 0.9949112 0.9930624 0.9924453 0.99443436 0.99439794 0.9947053 0.9943319 0.99577576 0.9949033 0.99659216 0.99536526 0.9945004 0.99609655 0.9958966 0.996713 0.99338174 0.9941842 0.99287957 0.992518 0.9905556 0.992241 0.99392587 0.99714273 0.99585414 0.99707025 0.996479 0.9968822 0.99773353 0.9961553 0.9970951 0.99790114 0.9960175 0.9955307 0.9969731 0.9971596 0.9972086 0.9956429 0.9970553 0.9972291 0.9956036 0.99704635 0.98771936 0.9918655 0.99591273 0.9962518 0.99276006 0.9943765 0.99553865 0.9890699 0.99470764 0.995744 0.9902523 0.9812436 0.98840433 0.9903495 0.99387586 0.99440026 0.99661916 0.9947417 0.98775005 0.99669284 0.9968464 0.9975478 0.9943656 0.9903792 0.9945696 0.99500203 0.99765104 0.9950659 0.99106574 0.99311155 0.9935642 0.99294496 0.99043256 0.9935596 0.9940339 0.99455535 0.9932128 0.9914449 0.99599606 0.99475425 0.99654853 0.9954459 0.99635744 0.9933474 0.99413043 0.99546194 0.9963086 0.99543273 0.9966886 0.99755317 0.99512184 0.9937601 0.99733275 0.9975847 0.9941135 0.98996013 0.99280787 0.99317724 0.99139977 0.99537313 0.9955 0.9963067 0.9971561 0.99419403 0.9954128 0.99551547 0.9960657 0.99629146 0.9941143 0.9934973 0.99261653 0.9890146 0.9912211 0.9903314 0.9904969 0.9898571 0.9896778 0.9948783 0.995541 0.9951257 0.9932713 0.9943354 0.99539316 0.995316 0.9955009 0.9942792 0.9953024 0.99489725 0.9963588 0.9965769 0.9969461 0.99619573 0.99609333 0.995926 0.99458915 0.99575365 0.997184 0.9959589 0.9961941 0.99635756 0.99639314 0.99519944 0.99451286 0.99456656 0.9919161 0.9915639 0.99610263 0.9959053 0.99601275 0.9964371 0.99655235 0.9970461 0.9958173 0.9929375 0.99681365 0.9965058 0.9962869 0.9953864 0.9952596 0.99448735 0.9936689 0.99594516 0.9966094 0.99622184 0.9958346 0.9957042 0.9953758 0.9946878 0.99029356 0.99401885 0.99326026 0.9949675 0.9931089 0.99388456 0.99463177 0.9919519 0.9920482 0.99306774 0.99489146 0.9961145 0.9967 0.9965279 0.9946565 0.99561656 0.9962088 0.99541044 0.9952024 0.99601823 0.9914647 0.99673945 0.99153996 0.99212676 0.99533546 0.99347985 0.9892089 0.990973 0.99182606 0.9960109 0.9920058 0.995957 0.9940453 0.9959371 0.9961881 0.99282485 0.9917122 0.99139094 0.99129474 0.99474466 0.99557686 0.99392605 0.9929395 0.9926537 0.99340373 0.9945977 0.9932292 0.99436283 0.99553376 0.995262 0.99585706 0.9938836 0.9931925 0.99603814 0.99328935 0.9932267 0.9922952 0.991117 0.99422467 0.9967158 0.9955835 0.99678284 0.99542964 0.9942411 0.9948921 0.99398077 0.99305594 0.9910217 0.99001634 0.99489456 0.99406844 0.9947396 0.99504536 0.99633604 0.9953747 0.9952991 0.9955024 0.99645203 0.9944095 0.99411935 0.9924232 0.99449754 0.9948752 0.9943149 0.9946941 0.99226105 0.9911628 0.9923519 0.9918028 0.9936561 0.9936521 0.99380124 0.99324393 0.9905416 0.99199337 0.99117744 0.99494416 0.99418604 0.99370843 0.99385923 0.99474174 0.99420106 0.9936658 0.996328 0.9972196 0.99602866 0.99571884 0.9966171 0.9927524 0.99615014 0.99481535 0.995589 0.9956605 0.9949484 0.9962729 0.9968458 0.9954328 0.99599355 0.99658567 0.9973609 0.9972794 0.9977387 0.9979442 0.99375623 0.9957368 0.99833477 0.9949279 0.9943676 0.99569035 0.9962568 0.9942251 0.9951201 0.99600744 0.9956216 0.99568915 0.99621236 0.99654055 0.9954045 0.9940499 0.9923865 0.9937388 0.9932561 0.9936383 0.99306834 0.9910123 0.9903631 0.99204355 0.9937855 0.99526626 0.9949279 0.99464226 0.99459463 0.99618495 0.99544233 0.99125516 0.99123764 0.99152726 0.99225146 0.99302244 0.99249357 0.9923095 0.993028 0.98973495 0.9875147 0.9832454 0.9905932 0.99164027 0.9912693 0.9908163 0.9895542 0.994399 0.9917107 0.98886096 0.9912164 0.9910176 0.99073535 0.9905935 0.9872968 0.98614305 0.9888522 0.9894251 0.9931232 0.9936372 0.993129 0.99357784
AtanackovicxBogoboj_SRP18520BogobojADvaIdola-L2_4 0.9963047 0.994783 0.99727553 1.0000005 0.9991626 0.9904685 0.9893926 0.98559564 0.9910591 0.9934051 0.99372673 0.9922791 0.99296606 0.9929318 0.99343705 0.99444646 0.9935026 0.9939134 0.9925887 0.9933731 0.9922399 0.9939691 0.9892468 0.9912097 0.99208707 0.9928322 0.9928299 0.99243444 0.99282527 0.99222803 0.99297476 0.9909866 0.99253297 0.9910633 0.99026865 0.99071825 0.9906394 0.9915951 0.9928895 0.9943834 0.9948126 0.99520755 0.9944019 0.9961208 0.9923496 0.9919145 0.9951236 0.9960289 0.9941183 0.99640214 0.99372745 0.99288774 0.993904 0.9935115 0.98979807 0.9946023 0.9937445 0.988993 0.99395466 0.99522895 0.99488926 0.99373907 0.9924619 0.99223477 0.98834324 0.98929155 0.9938883 0.98966753 0.99174833 0.99165964 0.9926716 0.9862259 0.9902165 0.9929103 0.99227506 0.99387676 0.98824126 0.98885024 0.9940363 0.9924833 0.98962057 0.99414486 0.99396205 0.99419767 0.99619967 0.9943204 0.99509424 0.9952332 0.99565935 0.9951216 0.99473083 0.99440205 0.9914948 0.9903163 0.9899679 0.99315107 0.9914719 0.99336785 0.99078673 0.99319226 0.9893966 0.99187744 0.99191785 0.991665 0.99357754 0.99334663 0.99517745 0.9945843 0.99356747 0.99365354 0.99327564 0.9955752 0.99507326 0.9955154 0.99425733 0.9957989 0.99053586 0.98910505 0.98697495 0.9883497 0.98881745 0.9864783 0.9911553 0.99020195 0.9922696 0.99051255 0.99405557 0.98960465 0.98746216 0.98993534 0.9919867 0.9907311 0.99344456 0.9941659 0.9913461 0.99414647 0.9938053 0.9941781 0.99496686 0.9943249 0.9955881 0.9938196 0.9951653 0.9924058 0.98991877 0.9917419 0.98991436 0.9881533 0.99171865 0.9908917 0.9872752 0.9838441 0.9834165 0.9799558 0.9937755 0.9938114 0.9941666 0.99682075 0.99699676 0.99123055 0.9948144 0.9899591 0.992545 0.9907917 0.9927713 0.99464715 0.99547994 0.99422145 0.99356747 0.9934518 0.994274 0.9936273 0.99357486 0.9947984 0.99381155 0.99617946 0.99215275 0.9929629 0.9933208 0.99429435 0.9938037 0.994777 0.99460506 0.9952491 0.99192876 0.99006265 0.9935424 0.9953098 0.9939177 0.9958847 0.9932636 0.99069077 0.9926472 0.99249053 0.99439836 0.992535 0.99117523 0.9914173 0.99103564 0.9946522 0.9931818 0.9935151 0.99453187 0.9952317 0.9935941 0.99154437 0.99289745 0.99239284 0.98956215 0.98675203 0.98997974 0.993695 0.9952968 0.9920021 0.9943923 0.99642754 0.9936312 0.9969972 0.9956361 0.993512 0.99499536 0.99558294 0.9948175 0.9962834 0.99518675 0.99453026 0.9955606 0.9941857 0.9946607 0.991234 0.9952609 0.9796474 0.9858806 0.9940275 0.99310017 0.9881642 0.99176496 0.9938178 0.9821652 0.9911548 0.9945776 0.99121064 0.9819597 0.9884533 0.9892078 0.99032617 0.992105 0.99069405 0.9884881 0.97959024 0.9926094 0.9941591 0.99433786 0.98825413 0.9819319 0.9891143 0.98942035 0.9932762 0.98921216 0.98452944 0.98712176 0.9875432 0.9898379 0.9847989 0.98958087 0.991455 0.9920059 0.9894951 0.9875825 0.99441636 0.9928944 0.9949441 0.9920562 0.9953807 0.9895391 0.9907025 0.9892413 0.99192035 0.9941762 0.99412906 0.995834 0.9887014 0.986496 0.9950055 0.9945235 0.98788315 0.9830513 0.98606455 0.9866848 0.9852172 0.9893282 0.99090433 0.9907662 0.99408966 0.98765826 0.99044645 0.9913487 0.99153066 0.99187547 0.9891131 0.98840314 0.98994666 0.9886857 0.98835874 0.9897536 0.98995364 0.98943377 0.9878535 0.9914976 0.99394804 0.99254453 0.989362 0.992073 0.99253494 0.99087995 0.99283546 0.9895807 0.99267125 0.99090993 0.9927583 0.9947937 0.9948947 0.9942325 0.99602294 0.9967751 0.9964471 0.99646294 0.99547666 0.994981 0.9942957 0.9942875 0.9963613 0.99647045 0.995825 0.99519825 0.99318063 0.9933816 0.99209183 0.9941009 0.9946276 0.9953595 0.99582464 0.99536824 0.9964221 0.9926337 0.99437535 0.995597 0.9950132 0.9926387 0.994712 0.99330074 0.9932119 0.9923696 0.99404836 0.9930033 0.9935886 0.99151057 0.99245316 0.99154377 0.99270654 0.9918148 0.9896634 0.99370015 0.99106306 0.9912137 0.99034107 0.98681504 0.98814476 0.9897277 0.99128836 0.99306035 0.9938425 0.9945726 0.9945717 0.99262017 0.9935168 0.9932297 0.99472123 0.99485207 0.9930281 0.9939108 0.99298894 0.99298906 0.9943832 0.9950446 0.99207664 0.99281615 0.99334157 0.99214417 0.99285585 0.9932698 0.99388295 0.9930832 0.99361 0.99424165 0.99218285 0.9920562 0.9920585 0.9945369 0.99637485 0.99057484 0.9879159 0.9876513 0.9885295 0.9909142 0.9887732 0.9895118 0.99156207 0.9912847 0.99424064 0.9931616 0.99227434 0.99374104 0.99349034 0.9908627 0.9895235 0.9900227 0.9923732 0.99389577 0.9937812 0.9933915 0.99337095 0.9895227 0.9898195 0.9908485 0.9861867 0.98443127 0.9835139 0.99524254 0.99209636 0.99243855 0.99283856 0.99409544 0.9912449 0.9914389 0.99264777 0.9940411 0.99433565 0.9890998 0.9878944 0.9915937 0.99199325 0.99141455 0.9925163 0.98989886 0.99009526 0.98949 0.9904177 0.9910283 0.9911057 0.99253833 0.9892901 0.9873986 0.9896097 0.98625493 0.99237686 0.99163425 0.98966205 0.9901576 0.9900983 0.9887396 0.99116534 0.9935297 0.9937256 0.9923907 0.99254304 0.9918362 0.9869355 0.99232167 0.9900882 0.9932156 0.99343735 0.98927915 0.9933914 0.9949433 0.9929528 0.9937896 0.9934526 0.99515176 0.992876 0.9944241 0.9946921 0.9885907 0.99333686 0.9964553 0.9917152 0.9884589 0.99450886 0.9962017 0.9961444 0.99475527 0.9957081 0.99588585 0.9954534 0.99599373 0.9964271 0.9958587 0.99399316 0.9924728 0.9935173 0.9944881 0.9941951 0.99328923 0.9911433 0.9842499 0.98636824 0.98912036 0.9921932 0.99431586 0.99233603 0.99061257 0.9940021 0.99270076 0.9852031 0.9855146 0.9857722 0.9878404 0.9899983 0.98929745 0.9895712 0.99326664 0.99176383 0.9897241 0.98638654 0.9915577 0.99206924 0.9928031 0.9917021 0.9916601 0.99447703 0.9924546 0.99096376 0.9919454 0.9927693 0.99208176 0.99239784 0.9910206 0.9893406 0.99164975 0.99129856 0.99375135 0.9880236 0.9882721 0.9887501
AtanackovicxBogoboj_SRP18520BogobojADvaIdola-L2_5 0.9969821 0.99629277 0.997802 0.9991626 0.9999999 0.9916558 0.9902347 0.9858406 0.9923553 0.99467117 0.9948952 0.9939305 0.99400103 0.9941141 0.9949149 0.9955363 0.9947581 0.995147 0.9942353 0.9948764 0.9936755 0.99508953 0.99125403 0.9931253 0.9938365 0.99394244 0.99442047 0.9935008 0.9947127 0.99371326 0.9942283 0.99310744 0.9940491 0.99162155 0.990332 0.9927794 0.9925628 0.9930108 0.9947841 0.9957305 0.99623525 0.99634194 0.995692 0.9968167 0.99431473 0.99402285 0.9965644 0.9968695 0.9954825 0.9967684 0.99471 0.99358237 0.9939817 0.99390745 0.9903757 0.9955418 0.99443924 0.99030477 0.9946532 0.9961377 0.99563485 0.99485224 0.9942621 0.99380744 0.9903066 0.99114454 0.9949977 0.9916654 0.99298686 0.99263805 0.9940328 0.98826545 0.9910968 0.9938525 0.9932379 0.99474984 0.9904227 0.990403 0.99450296 0.9936991 0.9910077 0.99419874 0.99453783 0.9940188 0.9954238 0.9941807 0.99498695 0.9951843 0.9960944 0.9945999 0.99440587 0.9949164 0.9922876 0.991123 0.9906005 0.9932394 0.9911406 0.9930417 0.9909254 0.9927145 0.9899326 0.9924757 0.99239993 0.9922338 0.9936582 0.99351233 0.99484986 0.9944294 0.9940135 0.99345255 0.99365973 0.99516606 0.99502265 0.9956281 0.99436295 0.99524057 0.99198806 0.99036294 0.9887744 0.98974043 0.99028766 0.98789805 0.9929278 0.99202216 0.99340326 0.9918606 0.9947319 0.9914275 0.9896147 0.9915687 0.9933779 0.9923047 0.99446315 0.99489015 0.99264854 0.9948329 0.99473596 0.9949986 0.99577063 0.9935621 0.9943329 0.99186754 0.9937106 0.99334705 0.99137557 0.99316317 0.9912187 0.9897535 0.99268955 0.9920625 0.98931086 0.9862392 0.9855472 0.9824227 0.9953734 0.9954725 0.9955661 0.9962435 0.99595374 0.9918053 0.99486 0.99069697 0.9930097 0.991596 0.99330425 0.9947807 0.9958543 0.9950055 0.99425405 0.993999 0.99445033 0.99342746 0.994086 0.9947096 0.99334383 0.9954722 0.99357194 0.9941412 0.9944918 0.99551845 0.99497896 0.9957773 0.99549127 0.9952965 0.9919872 0.9899999 0.9944892 0.9955872 0.9942115 0.99581766 0.99433434 0.992471 0.9933603 0.9938636 0.99508977 0.9939939 0.9929537 0.99290824 0.9917432 0.99516356 0.9933046 0.9940516 0.9950695 0.9951598 0.9941554 0.9913974 0.9925481 0.9926743 0.9894443 0.9866438 0.9894014 0.9934304 0.9966532 0.9941079 0.99608386 0.997405 0.99559456 0.9976917 0.99683595 0.99532044 0.9961842 0.9959252 0.995088 0.9968606 0.99601245 0.9953824 0.9957733 0.99537927 0.9951104 0.9924034 0.99572307 0.98268265 0.9879979 0.99497956 0.9933054 0.9887543 0.9919587 0.993641 0.9836728 0.9910577 0.9952274 0.9911854 0.9823211 0.9887361 0.98977727 0.9909328 0.99259615 0.9920493 0.9905527 0.9814843 0.99293137 0.9944364 0.9948248 0.98928887 0.9846019 0.99062955 0.99126214 0.9940403 0.9909516 0.9868255 0.98934776 0.9892018 0.99044746 0.9863524 0.99027634 0.9922786 0.9926501 0.9901013 0.9877769 0.9952722 0.9941063 0.9958035 0.9940922 0.9962167 0.9909113 0.9923145 0.99101704 0.99380547 0.9949847 0.99531865 0.9963597 0.99040663 0.988587 0.9960454 0.9950626 0.98966545 0.9850287 0.98842615 0.98887897 0.98762697 0.99141395 0.9923916 0.9923484 0.9951608 0.9891576 0.9915529 0.99193335 0.99290234 0.9927258 0.9900027 0.9895386 0.9909083 0.9896311 0.98994416 0.9907203 0.99077207 0.99039704 0.9891081 0.9925102 0.9942253 0.99243325 0.9907501 0.99339986 0.9937324 0.9919583 0.9940193 0.9906251 0.99354494 0.99278456 0.9942106 0.9954916 0.9956673 0.99489474 0.99623877 0.9967274 0.9958135 0.9959385 0.9968691 0.99645245 0.9959986 0.99597585 0.99553066 0.99546444 0.9944774 0.9946769 0.99283427 0.9925376 0.993995 0.9954872 0.995824 0.9961516 0.9967111 0.9963701 0.9967943 0.9937295 0.9956291 0.99591315 0.99559414 0.99410886 0.995432 0.9938538 0.99363226 0.9941851 0.99510515 0.9942119 0.9944594 0.993028 0.9934041 0.9924526 0.9920703 0.99318945 0.99154854 0.99502397 0.9924955 0.9926456 0.9916569 0.9878537 0.9886199 0.99056184 0.9920206 0.9932765 0.9944689 0.995332 0.99505347 0.9940517 0.994825 0.99461114 0.99547946 0.9957659 0.9931094 0.99515426 0.99284244 0.99326044 0.9949668 0.994843 0.9917159 0.99257195 0.99324834 0.99382824 0.9933963 0.99477094 0.9947569 0.9946785 0.99468637 0.9939394 0.99258405 0.992299 0.99255997 0.99503726 0.99637854 0.9916299 0.9890396 0.98903674 0.9903134 0.9920224 0.9903918 0.99113476 0.99290234 0.992383 0.99555093 0.9937636 0.9924797 0.99451745 0.99425364 0.99161094 0.99023247 0.99025005 0.99316263 0.9946667 0.9944023 0.9946749 0.9944209 0.99086946 0.9914006 0.9920148 0.98762536 0.9860683 0.9852205 0.99564725 0.99319386 0.9933185 0.99403393 0.99544936 0.9925005 0.9926198 0.9933371 0.99461806 0.9944516 0.9906308 0.9897971 0.9927754 0.9930989 0.9922135 0.9931724 0.9910176 0.9902903 0.99140394 0.99167675 0.9925825 0.99243087 0.99348646 0.99129045 0.98977375 0.9917726 0.9886832 0.9933153 0.99289346 0.9911649 0.9911613 0.9913052 0.9902506 0.99242806 0.99477005 0.9948194 0.99384487 0.99355936 0.9932615 0.9883408 0.9940823 0.9918963 0.99435335 0.99410444 0.99082977 0.99468386 0.9963108 0.99434817 0.99464875 0.99479395 0.9960408 0.9939784 0.9950137 0.9952593 0.98926014 0.99334836 0.9965262 0.9924972 0.99028116 0.99509454 0.9966361 0.99672633 0.995705 0.9961223 0.99629194 0.9961275 0.99602544 0.99688864 0.9963621 0.9948433 0.9933017 0.99438787 0.9951061 0.99480855 0.9939735 0.99178034 0.98666066 0.9885678 0.9908437 0.99338984 0.9946235 0.99303186 0.9917757 0.9946028 0.993752 0.9877124 0.9877116 0.98802143 0.9896906 0.99143636 0.99116755 0.99076855 0.9938328 0.99166155 0.9896989 0.98614746 0.99270445 0.9929685 0.9932211 0.99237794 0.99173236 0.9949016 0.9930889 0.9909274 0.9922354 0.992822 0.9925463 0.9925506 0.99030876 0.9892097 0.9915243 0.991483 0.9941858 0.98950636 0.9894222 0.99012446
BaruncyicxKosta_SRP18791KostaBPastirKralj-L2_1 0.9931358 0.9965828 0.9962779 0.9904685 0.9916558 0.9999998 0.9987518 0.99574107 0.99197406 0.99115646 0.9919656 0.99412185 0.99019265 0.98979104 0.9937509 0.9905152 0.991313 0.9930097 0.99410456 0.9916033 0.9874835 0.9891795 0.99261963 0.9910973 0.991189 0.98794395 0.99059063 0.98512185 0.99104726 0.98813707 0.9885118 0.99106306 0.989263 0.9818894 0.978951 0.99252367 0.9916018 0.9885394 0.99307036 0.9922948 0.9914261 0.98932517 0.99304163 0.9883103 0.9922885 0.9928847 0.9907317 0.991282 0.99161047 0.991283 0.9937956 0.9932087 0.9927316 0.9947554 0.9935403 0.994004 0.9948002 0.9913726 0.9922992 0.9953398 0.9957457 0.9925068 0.99478734 0.9943939 0.99503374 0.9949347 0.9938636 0.9945069 0.9936603 0.99380666 0.9961236 0.99580383 0.99731624 0.99476594 0.9967757 0.99436843 0.9965408 0.9971995 0.9971144 0.99446505 0.9969 0.9911361 0.9934277 0.9894341 0.98764586 0.99080473 0.98899 0.99174935 0.9918241 0.9915515 0.9917854 0.98867315 0.9971102 0.9952389 0.99470335 0.99579835 0.9955622 0.9941654 0.995998 0.99500626 0.99544 0.99433357 0.9930893 0.98945415 0.98683023 0.992892 0.9871655 0.9881437 0.99128777 0.98987854 0.98962283 0.98946136 0.99047685 0.9911788 0.9921028 0.988447 0.99464166 0.9920383 0.99202985 0.9920685 0.99385226 0.9926918 0.99518836 0.9934286 0.9935317 0.9952626 0.9936956 0.994998 0.99580574 0.9948472 0.99432987 0.9950932 0.99375415 0.9942094 0.9954267 0.98860997 0.992053 0.9935233 0.99286264 0.9892193 0.98684955 0.98371506 0.9867727 0.9949581 0.99187195 0.99185324 0.99611783 0.996008 0.9966466 0.99537224 0.9955046 0.9948877 0.99367684 0.99280816 0.9943706 0.993046 0.9919081 0.98958004 0.9896331 0.9917804 0.9917995 0.9893905 0.98980325 0.99073786 0.99150014 0.98860264 0.99129534 0.99230677 0.9943707 0.9926991 0.99245816 0.9872119 0.9895824 0.98842424 0.98552984 0.9874198 0.992702 0.98864406 0.987395 0.99370265 0.9908459 0.988637 0.9881079 0.9873248 0.9844265 0.98155653 0.99369806 0.9932953 0.9921058 0.9941977 0.99106216 0.99090546 0.98694336 0.9914263 0.9893218 0.9921398 0.9934461 0.99648905 0.99618435 0.99503547 0.9940786 0.99214065 0.99366194 0.9931032 0.99647784 0.9915362 0.99068856 0.99000275 0.9907804 0.9895953 0.98991007 0.98983157 0.9936209 0.9943429 0.9947957 0.9905401 0.994014 0.99237865 0.9913565 0.99556065 0.9955632 0.99241865 0.99212885 0.9928882 0.9940426 0.99507487 0.99119925 0.9955632 0.9955874 0.9959538 0.9936696 0.9907001 0.99224323 0.9932645 0.99487585 0.99363 0.99314886 0.9934727 0.99241215 0.99308556 0.99180126 0.9832025 0.9739637 0.98209196 0.985666 0.993136 0.99258065 0.9976425 0.9967531 0.99319476 0.99606836 0.99469894 0.99630046 0.997416 0.99620515 0.99726206 0.99725187 0.9979175 0.99793947 0.9948597 0.9951627 0.99661696 0.99520993 0.9952525 0.9961581 0.9948043 0.9954186 0.9956286 0.99517757 0.9933645 0.9923435 0.9939522 0.99446267 0.99319947 0.9946777 0.9941959 0.99692947 0.99563175 0.99153745 0.99409527 0.9947781 0.9971158 0.99677545 0.9957648 0.9947323 0.996253 0.9943045 0.9956758 0.99563825 0.99403083 0.9961024 0.99673986 0.99693054 0.99564624 0.99768543 0.99690574 0.9962958 0.9964732 0.99726254 0.9969489 0.9966034 0.99135035 0.9856962 0.9899336 0.98660064 0.98637867 0.98581076 0.98776406 0.9932518 0.99228555 0.9942353 0.99352556 0.99246174 0.99438775 0.9956601 0.9939286 0.9961149 0.99462795 0.99434555 0.9951056 0.993781 0.9946734 0.9941092 0.9908608 0.9888163 0.9868757 0.9889162 0.9945506 0.9933887 0.99345994 0.99383897 0.9901542 0.9870165 0.98640716 0.98915166 0.98580456 0.98525465 0.99557257 0.99260366 0.9926225 0.9933006 0.99159706 0.99300694 0.9893956 0.98526084 0.99395835 0.99176794 0.9922029 0.99101835 0.9893398 0.9887382 0.9863276 0.99278367 0.9929242 0.99452823 0.99244934 0.9938451 0.9923018 0.99101216 0.9817227 0.9923424 0.993166 0.9917118 0.9910659 0.99255395 0.9937781 0.99379563 0.992754 0.99326575 0.995166 0.99500394 0.9946623 0.9940165 0.98951656 0.99389994 0.9939395 0.99305964 0.98995143 0.99080664 0.984185 0.9939434 0.9843485 0.98559684 0.9917812 0.9869949 0.98107374 0.9835305 0.9850377 0.9950525 0.9846772 0.99292815 0.98785746 0.99323314 0.9938309 0.9867218 0.9871567 0.98677343 0.98604316 0.9897207 0.98866946 0.9917562 0.9948865 0.99244636 0.99313664 0.99220705 0.9933212 0.9932176 0.9933398 0.9934419 0.99313134 0.9915984 0.9907106 0.994444 0.98979956 0.99350417 0.99306756 0.9900796 0.99281496 0.99607784 0.99432456 0.99648863 0.99369425 0.99602544 0.9968846 0.9937126 0.9962195 0.9951838 0.994772 0.99071324 0.99347824 0.9937004 0.99381953 0.9943644 0.9962432 0.9956441 0.9955015 0.99444425 0.9899017 0.99608463 0.9925913 0.993391 0.9938648 0.9943964 0.99248534 0.9914593 0.98998016 0.9914313 0.9882388 0.99163276 0.99225736 0.99106276 0.9937163 0.9900422 0.9901843 0.99291277 0.99332964 0.99333525 0.9945717 0.99429333 0.9957408 0.99603903 0.993367 0.99566257 0.9968178 0.99538326 0.99545455 0.99721557 0.9961624 0.9954578 0.99621433 0.99386626 0.9936671 0.9970655 0.99582964 0.993703 0.99371153 0.99463713 0.9956638 0.99541146 0.9978686 0.99740475 0.9972664 0.9975193 0.99629164 0.9962324 0.9963176 0.99714404 0.99381304 0.9929551 0.9890051 0.9920512 0.99303114 0.9916406 0.99191076 0.9931751 0.9925388 0.98914844 0.98839563 0.9858394 0.98797476 0.9860664 0.9870455 0.98685986 0.9842379 0.994069 0.99439985 0.99492335 0.9942413 0.99200696 0.9936739 0.99515253 0.99492717 0.99421304 0.9945458 0.9944257 0.99440694 0.99403363 0.9926504 0.99206483 0.99194074 0.98833203 0.9830334 0.9793823 0.9748849 0.98307145 0.9856438 0.9843291 0.9844382 0.98187083 0.9886033 0.9848408 0.98028827 0.9848526 0.98269093 0.9829698 0.98331064 0.97819144 0.97705156 0.9802151 0.98162663 0.98685163 0.99544823 0.99322957 0.9937146
BaruncyicxKosta_SRP18791KostaBPastirKralj-L2_2 0.99132293 0.9945121 0.99566036 0.9893926 0.9902347 0.9987518 1.0000004 0.9964113 0.9890782 0.98875 0.9893551 0.99166036 0.9875329 0.98693174 0.99153364 0.98849237 0.9896053 0.991422 0.9920648 0.9884043 0.98439527 0.9864028 0.9897232 0.9881722 0.9885795 0.9856925 0.9880833 0.9827249 0.98867595 0.9859337 0.9867428 0.9886399 0.9870627 0.97936416 0.9765486 0.99072474 0.9898744 0.98723453 0.9904653 0.9900534 0.9893392 0.9868719 0.9907506 0.98654014 0.99066263 0.9905908 0.9886003 0.9889874 0.9888734 0.9892404 0.9913076 0.9907433 0.9911254 0.99328804 0.99240017 0.9928582 0.99348986 0.9915775 0.99159765 0.99447155 0.99513394 0.99183273 0.9925813 0.9924005 0.9939622 0.9935897 0.99166375 0.99211323 0.99118274 0.99121004 0.99356055 0.9933084 0.9951687 0.99256325 0.9946857 0.992433 0.9941072 0.9954104 0.995467 0.99196535 0.9952953 0.9897138 0.99189144 0.98721313 0.9856445 0.9886029 0.9866169 0.98970073 0.98952043 0.99020857 0.98997974 0.9865435 0.99594295 0.9945445 0.99381626 0.9945751 0.9952807 0.9931102 0.99530095 0.9943291 0.9952754 0.9932853 0.9915422 0.9866231 0.98395336 0.99022925 0.9849628 0.9856113 0.9888523 0.9874763 0.9868209 0.98704207 0.98824435 0.98891824 0.99013263 0.9862133 0.9915968 0.9892425 0.989069 0.9892513 0.9918706 0.99030024 0.99266094 0.99038255 0.99086815 0.9923983 0.9914904 0.99230456 0.9929965 0.9916792 0.9913873 0.99215233 0.9907252 0.99132276 0.99218005 0.98706275 0.99048054 0.9921315 0.9912926 0.98761785 0.98489136 0.98241353 0.9851166 0.99267894 0.98883533 0.9889968 0.9939773 0.99330235 0.9948724 0.9933258 0.993851 0.99303716 0.9920524 0.99140084 0.99231 0.9910524 0.9899859 0.9875043 0.98801285 0.98966664 0.98989946 0.98670435 0.98822874 0.98870146 0.9892771 0.98674136 0.9899563 0.98996246 0.99309695 0.99019444 0.990525 0.98520434 0.9869168 0.98612875 0.983557 0.9855813 0.99024314 0.98657393 0.9850078 0.9910246 0.98787886 0.9860399 0.9855574 0.98477614 0.98152065 0.97813404 0.9914529 0.9913009 0.9898744 0.9925916 0.9888417 0.9879372 0.9846705 0.9890887 0.98703784 0.98926663 0.9906998 0.9939766 0.99360925 0.9928461 0.99252003 0.9898235 0.99149656 0.9917128 0.9944523 0.9897384 0.9896366 0.98733634 0.9897235 0.9890986 0.98921096 0.98783106 0.9916892 0.99218017 0.99248254 0.98869526 0.9917868 0.991028 0.9891538 0.99369574 0.99433774 0.9921524 0.99212337 0.99202 0.9928738 0.99473476 0.98914 0.9937777 0.9946196 0.9949697 0.9928808 0.98780155 0.98942244 0.99096733 0.9937564 0.99160635 0.99144316 0.99278426 0.9902349 0.9920232 0.9898483 0.98119545 0.9710572 0.97958666 0.98331577 0.99139893 0.99092245 0.99626726 0.99480164 0.9905485 0.99474543 0.99300593 0.99494624 0.9962303 0.9936245 0.9952685 0.99491495 0.9972185 0.9958996 0.99367964 0.99270356 0.99507844 0.99350375 0.9927851 0.9938408 0.9919569 0.9932389 0.99463034 0.9945134 0.99102044 0.9896101 0.99175924 0.9914699 0.9905889 0.9916445 0.99152523 0.9952911 0.99352473 0.98987174 0.99222714 0.9930513 0.99605477 0.99484456 0.99437934 0.9935443 0.99548614 0.99318284 0.993625 0.99366295 0.99308145 0.9944158 0.99497235 0.99528277 0.99426514 0.99590695 0.99508226 0.9946215 0.99415565 0.99586475 0.99506533 0.9945966 0.989577 0.9825204 0.9880472 0.9837299 0.98392516 0.98291606 0.98576534 0.99086434 0.9903461 0.99245375 0.9908278 0.98970413 0.9917079 0.9929415 0.9910411 0.99363923 0.9920443 0.9910543 0.9929014 0.9914453 0.9922312 0.99199384 0.98846346 0.9869518 0.98512685 0.98721063 0.99222255 0.99038666 0.990671 0.9909649 0.9896219 0.98670524 0.9863307 0.9869437 0.98318195 0.98273224 0.9928508 0.9901661 0.99026346 0.9911776 0.9897284 0.99089587 0.9877129 0.9843951 0.9917809 0.99016905 0.99049926 0.98961574 0.988168 0.98805344 0.98562837 0.9906764 0.9912237 0.99265945 0.99084496 0.99274695 0.9912275 0.99023324 0.9803192 0.9897741 0.99034286 0.98960805 0.988928 0.9902886 0.99213195 0.9911075 0.9899438 0.9904159 0.99248576 0.9929929 0.9927405 0.9915136 0.9869326 0.99101615 0.99105823 0.98985374 0.9872744 0.9882901 0.98158294 0.991549 0.9818224 0.98312557 0.98924696 0.98457426 0.97859466 0.98123175 0.98258257 0.9923044 0.9822353 0.9905239 0.9852529 0.9904528 0.99138486 0.9842176 0.984283 0.9838848 0.9831464 0.98747283 0.98689175 0.98961043 0.9919933 0.98959434 0.9903887 0.98995936 0.9903061 0.99092126 0.9912854 0.99138063 0.9908437 0.9896124 0.98895085 0.9919854 0.987065 0.9911959 0.99064165 0.9880541 0.9909533 0.9950615 0.99267966 0.99460113 0.99143034 0.9942514 0.9953857 0.9914309 0.9959621 0.9946967 0.9939018 0.9883446 0.9909009 0.9913436 0.9915021 0.99220467 0.995487 0.99444866 0.99398404 0.9923304 0.9874259 0.993624 0.98956436 0.9911528 0.99121064 0.9919588 0.99037933 0.98867047 0.9874174 0.9877049 0.9850933 0.9884801 0.9888582 0.98797476 0.9904294 0.98627055 0.98671097 0.98923457 0.99120235 0.9913889 0.99324745 0.9921182 0.9939388 0.9933957 0.9907507 0.993589 0.9947941 0.9929766 0.99325424 0.99502397 0.99433374 0.99322486 0.99408174 0.99128073 0.99159163 0.9950718 0.99353385 0.9910484 0.99098116 0.9927686 0.9934205 0.9937784 0.99621654 0.99611324 0.99586755 0.9963666 0.99505526 0.9954066 0.9944798 0.99502563 0.9912716 0.99070436 0.9865953 0.98965305 0.9911991 0.9897474 0.9896806 0.99169934 0.9905982 0.98718184 0.98670435 0.9850345 0.98664665 0.9842249 0.985362 0.98550916 0.98334104 0.99056876 0.99136347 0.9922632 0.9919551 0.98960686 0.99108046 0.9923484 0.99284095 0.9919896 0.99084115 0.9910214 0.99107474 0.99076533 0.9895139 0.9889208 0.9891813 0.9852978 0.9803172 0.97649586 0.9717655 0.9804726 0.98298174 0.9814355 0.9816083 0.9792915 0.9868151 0.9831227 0.9787991 0.98330903 0.9809989 0.9808877 0.98101556 0.9761241 0.9747395 0.9779373 0.97957295 0.98532563 0.99466115 0.9930068 0.99323446
BaruncyicxKosta_SRP18791KostaBPastirKralj-L2_3 0.9894464 0.9914263 0.9923305 0.98559564 0.9858406 0.99574107 0.9964113 0.9999995 0.98398256 0.9833539 0.98456377 0.9872728 0.9825591 0.9819458 0.9868415 0.98334324 0.98556274 0.98767245 0.98840237 0.98369 0.9788034 0.981965 0.985159 0.9835582 0.9839755 0.98078394 0.98383474 0.9778589 0.9833626 0.9802002 0.98190546 0.9834759 0.9816806 0.97476256 0.9722829 0.9869856 0.98620313 0.98335683 0.987105 0.9859916 0.9850267 0.9826325 0.9878627 0.98282 0.98802125 0.98712116 0.98434556 0.9850801 0.984034 0.98542416 0.98757046 0.9881743 0.98953384 0.9938761 0.9939404 0.98994356 0.99095166 0.9888367 0.9888885 0.98985803 0.991555 0.98781383 0.9895113 0.990347 0.9911568 0.9911766 0.9902007 0.990282 0.9895999 0.9878787 0.9903466 0.9902306 0.9920094 0.98769975 0.9902722 0.98714435 0.99008125 0.99205226 0.99270785 0.9869997 0.9910892 0.9891279 0.99081814 0.984335 0.9822476 0.9853196 0.98286194 0.9866386 0.9852865 0.9895328 0.9880637 0.98281395 0.99322027 0.9905772 0.9900102 0.9920289 0.99272776 0.9900039 0.9917707 0.991343 0.9919509 0.9897586 0.98781693 0.9827716 0.98011374 0.98811704 0.9822556 0.98251504 0.98555523 0.9846294 0.9833897 0.98415387 0.98616403 0.98645043 0.9875026 0.98443836 0.9880599 0.9848456 0.9851961 0.9856271 0.98739105 0.9861839 0.9881117 0.9843225 0.985288 0.98773444 0.986683 0.9871346 0.99071753 0.98843104 0.9874656 0.9880584 0.9864762 0.9872345 0.9886692 0.9830319 0.98818934 0.99025184 0.98850507 0.9864517 0.9826911 0.9808093 0.98285186 0.9902787 0.98504156 0.9844035 0.9929216 0.99162257 0.99291474 0.9900584 0.9928316 0.99280685 0.9935083 0.99217135 0.98776716 0.98679477 0.98531115 0.9844735 0.9850323 0.98790586 0.9875941 0.98483175 0.9865538 0.98745793 0.98689383 0.9842354 0.98742247 0.9864965 0.99183613 0.98730373 0.98786664 0.98188263 0.98210305 0.9818602 0.979133 0.9814474 0.9877035 0.9837189 0.98121125 0.9874672 0.98362 0.9814869 0.9813765 0.98133224 0.976267 0.9732514 0.98741955 0.9881496 0.9863663 0.9904957 0.98411447 0.98282254 0.9790454 0.984583 0.9824386 0.9845937 0.98603654 0.99179584 0.9926673 0.99143076 0.9929203 0.9885229 0.98997045 0.99064136 0.9932385 0.9899404 0.9896908 0.9857391 0.9911568 0.99119544 0.9906815 0.9863996 0.98665535 0.98801327 0.9884721 0.9830172 0.98726773 0.9860576 0.9835079 0.99012506 0.9904402 0.9884919 0.98828924 0.9879303 0.9891281 0.9917644 0.98649925 0.99026936 0.9919265 0.99262494 0.9894319 0.9845346 0.98648477 0.98768336 0.9920471 0.9913277 0.98971426 0.9929958 0.9899546 0.99259704 0.9870549 0.97769207 0.9675122 0.9772709 0.9812946 0.9912659 0.99004376 0.9943227 0.9910685 0.98925143 0.9920326 0.98980474 0.9924238 0.9943434 0.99156535 0.99323106 0.9913784 0.9948616 0.9935897 0.9880561 0.9900332 0.9922507 0.9918431 0.9914873 0.9919044 0.98929816 0.9907527 0.9913991 0.99236387 0.9885592 0.9870182 0.98999727 0.9887248 0.9879422 0.99034023 0.9900562 0.9922999 0.9890567 0.98552006 0.987158 0.98896354 0.9937347 0.9919044 0.9901303 0.98961747 0.9935415 0.9923866 0.9906763 0.9902755 0.9883207 0.9915371 0.99108255 0.99194837 0.99126285 0.9942087 0.9942146 0.9943209 0.99113524 0.9937792 0.994408 0.9946121 0.9838563 0.9767225 0.98140466 0.9779909 0.9773298 0.97683364 0.9791651 0.9874297 0.9876356 0.9907613 0.9858231 0.9843111 0.98711663 0.989565 0.9871187 0.9912725 0.9890362 0.987447 0.98930925 0.98839396 0.98904544 0.9887523 0.98519355 0.98344713 0.9815922 0.98423207 0.98698413 0.98603433 0.98563623 0.9857481 0.9872604 0.9830884 0.98406005 0.9836518 0.9785619 0.9787413 0.9894935 0.9859381 0.9856745 0.9873347 0.9856031 0.98726124 0.9836835 0.98033714 0.9889253 0.9873715 0.987589 0.9855924 0.98456794 0.98480636 0.9817141 0.98671687 0.9887129 0.99046236 0.98870444 0.99064785 0.98932225 0.98797935 0.9747011 0.9853156 0.986338 0.98441803 0.98392844 0.9853808 0.98741925 0.98839307 0.98727345 0.9867767 0.9891567 0.98964065 0.9887928 0.9888178 0.9837651 0.98775846 0.987858 0.98664844 0.98377615 0.98388076 0.9777759 0.9883588 0.9779031 0.97897655 0.98563516 0.98100424 0.9732833 0.9775713 0.97801256 0.9895752 0.9786512 0.98732215 0.98119336 0.9879094 0.98928344 0.9796017 0.97924894 0.97866946 0.97802544 0.9826542 0.9826246 0.98591894 0.9894474 0.98621035 0.9863098 0.9857207 0.9859115 0.98695654 0.9868445 0.987172 0.9876682 0.98891735 0.98873484 0.98934114 0.9840126 0.99043334 0.98976356 0.9877508 0.9884513 0.9908224 0.9882005 0.99122745 0.98745644 0.9912489 0.99201316 0.98944086 0.99516827 0.99292713 0.9924765 0.9843867 0.98884887 0.9894518 0.9885412 0.9895001 0.99112767 0.98954177 0.990372 0.9898457 0.9834905 0.99105704 0.98547494 0.98779017 0.9886416 0.9894619 0.9870817 0.9855886 0.9853474 0.98322505 0.9793467 0.98375285 0.98433244 0.9834001 0.98631525 0.98107255 0.9816541 0.9862853 0.9860253 0.9859012 0.987352 0.9877727 0.98964536 0.98926765 0.98630965 0.9910655 0.992692 0.98964494 0.9919626 0.99265856 0.9941186 0.9898925 0.9906829 0.98728836 0.9897954 0.9940531 0.9908227 0.9866048 0.98684084 0.9902492 0.989923 0.9891958 0.9930212 0.993226 0.99283934 0.99460524 0.99338055 0.99200946 0.9915699 0.9914111 0.9873488 0.9869923 0.98203015 0.9857561 0.9882381 0.9872091 0.9856175 0.98963594 0.98657554 0.98448384 0.98457843 0.98366684 0.98467416 0.9810272 0.9834695 0.98324275 0.9821283 0.98873067 0.987509 0.98884416 0.9885313 0.98576236 0.98798305 0.9895704 0.99044687 0.9885465 0.9880382 0.98924077 0.9886517 0.98823494 0.98615307 0.98497266 0.9864683 0.981518 0.9762 0.9714802 0.96672827 0.9740587 0.9777325 0.9762195 0.97576565 0.97380006 0.9819447 0.9773061 0.97241545 0.977631 0.97546166 0.97488064 0.975185 0.97094285 0.96854836 0.97237337 0.9735983 0.9794772 0.9930032 0.9919768 0.9908753
CxipikoIvo_SRP19041IvoCZaKruhom-L2_1 0.9890698 0.9942461 0.99376106 0.9910591 0.9923553 0.99197406 0.9890782 0.98398256 1.0000001 0.9983863 0.99860644 0.99869454 0.99836296 0.99801725 0.9971752 0.99579674 0.9944761 0.99466234 0.9957204 0.99736595 0.99623114 0.99632317 0.9952122 0.9950165 0.9950815 0.99504733 0.9950246 0.99336636 0.9965715 0.9961041 0.9949873 0.9970573 0.9959239 0.9883746 0.9857244 0.9924349 0.99112 0.99009764 0.9946589 0.99456596 0.99473614 0.99454075 0.99333453 0.9922304 0.99084216 0.99323523 0.99440825 0.99509406 0.9964825 0.99540997 0.9971758 0.99550927 0.9939163 0.9924097 0.99101096 0.9928148 0.99209315 0.98562324 0.9892932 0.99442667 0.99328667 0.9912734 0.99455893 0.992866 0.9881953 0.9892656 0.9937723 0.9934898 0.9939071 0.9954898 0.99488854 0.9942571 0.99430954 0.99714154 0.996108 0.9975836 0.99487615 0.9938988 0.99578404 0.99703664 0.9939005 0.99148136 0.9925546 0.99492985 0.99222803 0.9946787 0.9944994 0.9951663 0.99634874 0.9920025 0.9940055 0.9937047 0.99294037 0.992594 0.9931018 0.9939041 0.99066395 0.99312663 0.9922128 0.99242306 0.99023145 0.99253225 0.9931318 0.9947781 0.99332017 0.99379396 0.99255764 0.99401385 0.9950535 0.9942204 0.995148 0.9940976 0.9939817 0.9939742 0.9945021 0.992142 0.9950306 0.995057 0.9939094 0.99392974 0.99483055 0.99336255 0.9966131 0.9975315 0.9970328 0.9963652 0.9965953 0.99679226 0.99233085 0.994153 0.9949064 0.9952846 0.99669194 0.9962645 0.9958405 0.99069965 0.9909944 0.9914341 0.99283004 0.9906453 0.99090356 0.9867021 0.9898967 0.9959207 0.9961663 0.9966962 0.9936111 0.99273247 0.99453354 0.99531204 0.9891392 0.988815 0.9860308 0.98331255 0.9957963 0.9955662 0.99550045 0.9915125 0.9908648 0.99435234 0.99428606 0.9931035 0.99274224 0.99266833 0.9944798 0.99290776 0.9936032 0.9959889 0.9937902 0.9957081 0.9948193 0.99372876 0.996168 0.9950885 0.99355096 0.9934143 0.9948405 0.9931248 0.99243885 0.99631387 0.9964118 0.9957305 0.99560416 0.9942279 0.99329215 0.9912065 0.9961592 0.99568725 0.9964691 0.99478287 0.99571854 0.99710315 0.99510026 0.99646544 0.99521065 0.9973645 0.9973934 0.99619687 0.9939068 0.99565285 0.9919573 0.99345374 0.99467885 0.9922003 0.99377257 0.9924881 0.9916663 0.9938957 0.99036443 0.9875424 0.9887692 0.9934383 0.99516165 0.9936564 0.99540395 0.9946927 0.9947492 0.9936757 0.9950457 0.993265 0.9936415 0.98906225 0.9884159 0.99196243 0.99434006 0.99266136 0.9954177 0.9953245 0.99388134 0.9925146 0.9937355 0.98828447 0.991462 0.9948765 0.9922882 0.98976266 0.99166113 0.9907422 0.9880807 0.98952764 0.9942511 0.99064374 0.9855592 0.989376 0.9913673 0.9914864 0.99160063 0.99157196 0.9942124 0.987603 0.99433464 0.9950385 0.99414045 0.9917742 0.9894447 0.9931045 0.99534476 0.993311 0.9933411 0.9923446 0.99402493 0.99346596 0.9917725 0.9904269 0.99305683 0.9951831 0.9945875 0.99271363 0.98942053 0.9938271 0.9950413 0.99332505 0.99490166 0.99509 0.99311423 0.9938542 0.9934341 0.9948977 0.99276793 0.99631375 0.9950496 0.99240464 0.99257284 0.9950338 0.99413365 0.9912537 0.9878211 0.99225694 0.993291 0.9917256 0.99266267 0.99420685 0.9946948 0.99456143 0.99282676 0.9939791 0.9930415 0.9963604 0.995201 0.9933877 0.9918872 0.99699455 0.99564457 0.99656457 0.9965033 0.99608135 0.9961036 0.9955526 0.9918132 0.98984754 0.9909665 0.9962451 0.9969861 0.9966861 0.9946172 0.9960257 0.9944181 0.995205 0.9967467 0.9959149 0.99643654 0.99658024 0.99691576 0.9953465 0.99445623 0.9932305 0.99377584 0.99679667 0.9964029 0.9972569 0.9971181 0.9882256 0.9870715 0.9848021 0.99486554 0.9947574 0.9931319 0.9966686 0.997174 0.9975064 0.9965092 0.9956652 0.9959212 0.99437284 0.9894965 0.99652684 0.995551 0.99601644 0.9938258 0.99361646 0.9910057 0.9902253 0.9950361 0.9939962 0.99459213 0.99364406 0.9920866 0.9910617 0.9914539 0.9893819 0.9957982 0.9943071 0.9953066 0.9938891 0.9947459 0.99419206 0.9940284 0.99430615 0.995306 0.9958288 0.9955118 0.9959004 0.9945097 0.99311 0.994892 0.9952608 0.994904 0.9934091 0.9941279 0.9897531 0.99486446 0.9900464 0.9914268 0.9954161 0.99187744 0.98939794 0.9891254 0.99138606 0.99462163 0.9888965 0.99403274 0.9927476 0.9942469 0.9934201 0.99428964 0.9957829 0.99517524 0.9945455 0.99575406 0.9947217 0.9927463 0.99236095 0.99238724 0.993853 0.99364626 0.9942152 0.9943085 0.994126 0.9937126 0.99597305 0.9926058 0.99238276 0.9956935 0.995194 0.99352497 0.9938529 0.99194294 0.9942695 0.9955305 0.9959252 0.996461 0.9965013 0.99362695 0.9943303 0.9947844 0.989345 0.9887012 0.98856384 0.99527264 0.9937965 0.9935621 0.99508774 0.9947549 0.99447066 0.9960439 0.9955063 0.9966347 0.9963434 0.9947104 0.995967 0.9956572 0.9952384 0.994617 0.9954888 0.9952949 0.99299043 0.9961612 0.9958624 0.9971043 0.99617016 0.9966006 0.9961426 0.9960263 0.99661654 0.9939152 0.99688035 0.99573195 0.99455065 0.9951395 0.9946249 0.99479675 0.9959575 0.99538916 0.9954407 0.9960217 0.99468905 0.99586165 0.99120945 0.9964717 0.9955746 0.9971449 0.99466556 0.99370605 0.99584275 0.99671555 0.9978764 0.9958038 0.9970432 0.9966309 0.9953573 0.9954517 0.9947473 0.9906019 0.99208075 0.99440455 0.9936008 0.9936144 0.9951804 0.99492896 0.9936233 0.9954789 0.9947823 0.99362165 0.99586827 0.9936061 0.99571526 0.99243426 0.98990893 0.98567384 0.98850906 0.99051327 0.9891422 0.98767716 0.9840611 0.9921074 0.99414426 0.99529964 0.9960887 0.99549127 0.9956683 0.99520725 0.99474645 0.99577 0.99372584 0.99286234 0.9942526 0.99489343 0.99643654 0.997146 0.99561846 0.9959128 0.9913888 0.99116296 0.9877184 0.99341476 0.9942196 0.993557 0.9940202 0.99181175 0.9945875 0.99225634 0.989488 0.9928561 0.99037653 0.9923367 0.9926316 0.987091 0.988011 0.9900409 0.99133927 0.99329966 0.9871602 0.9841061 0.98720217
CxipikoIvo_SRP19041IvoCZaKruhom-L2_2 0.99204457 0.99433255 0.9950512 0.9934051 0.99467117 0.99115646 0.98875 0.9833539 0.9983863 0.9999996 0.9995295 0.99881554 0.9987865 0.9985522 0.99844354 0.9984484 0.997487 0.99732846 0.9973581 0.99817353 0.9979908 0.99814516 0.99499285 0.9960622 0.99637645 0.996928 0.99699825 0.9958952 0.9979679 0.998001 0.9972935 0.9978745 0.9978411 0.99261856 0.990613 0.9940045 0.9932975 0.99341655 0.9948624 0.99510616 0.99571824 0.9954599 0.99379694 0.9945701 0.9926134 0.99413884 0.9958589 0.99598426 0.9966343 0.99669546 0.99650174 0.9947986 0.99360406 0.9920231 0.98980904 0.99518013 0.9939354 0.9892475 0.9928312 0.99626154 0.9951517 0.99449384 0.9953914 0.9940096 0.9894673 0.99079317 0.9933409 0.99226576 0.99286443 0.9937782 0.9943129 0.9917115 0.9921483 0.9960817 0.9947297 0.9970478 0.99337554 0.9923571 0.99482536 0.9957823 0.9925809 0.9933189 0.99392307 0.99388236 0.99193114 0.99389076 0.9946822 0.9946736 0.9961242 0.9916072 0.9934622 0.9965511 0.99272907 0.99240303 0.9923696 0.99378014 0.9896824 0.99247 0.99091923 0.99189425 0.9898254 0.9933718 0.9936647 0.9937425 0.9936104 0.9931012 0.9930781 0.99379057 0.9941585 0.9931072 0.99382025 0.9935456 0.9935545 0.99422 0.9936479 0.99260247 0.99314183 0.9926165 0.99146485 0.9915744 0.9924006 0.99035805 0.99608517 0.9965388 0.99625665 0.99495244 0.9969111 0.9953236 0.9916674 0.99353427 0.99505335 0.9948051 0.9964653 0.9962084 0.99499667 0.99481446 0.9938702 0.99389666 0.9952829 0.9894833 0.9903761 0.98571885 0.9889882 0.99454224 0.99427736 0.99545985 0.99167967 0.9906296 0.99257135 0.9932149 0.9895209 0.987225 0.98505944 0.98226064 0.99584657 0.9962585 0.9966103 0.99339646 0.9926616 0.9928202 0.9945361 0.99197763 0.99318033 0.99222463 0.9941066 0.9944038 0.99539685 0.9965166 0.9942648 0.99555874 0.99544704 0.9943961 0.99580526 0.99535275 0.9940028 0.9945399 0.99580425 0.9958525 0.99578893 0.99680287 0.99708986 0.9975866 0.99705 0.9940511 0.9927897 0.99031335 0.99642074 0.996056 0.9957473 0.9951736 0.9970204 0.99685 0.9965911 0.9971688 0.99697006 0.9975312 0.9967627 0.99469185 0.9918271 0.9948824 0.9907557 0.99281603 0.9939767 0.9921936 0.99251676 0.9907262 0.9910788 0.99262977 0.9887231 0.98574793 0.98750347 0.99311393 0.99615735 0.9941621 0.9959666 0.9963564 0.99537134 0.995569 0.9959462 0.99452746 0.9950787 0.99169517 0.99122196 0.99417305 0.99599236 0.99418867 0.9953471 0.99607414 0.99470663 0.99280185 0.99543 0.9869725 0.9903784 0.9951301 0.99234194 0.98861426 0.99107933 0.9908773 0.98573387 0.9889905 0.9946279 0.9909952 0.98508096 0.98905915 0.99058235 0.99040693 0.991459 0.9911644 0.99265134 0.98390687 0.9929285 0.9941329 0.9936209 0.9896501 0.9871886 0.990978 0.9939649 0.99328893 0.9919053 0.9901494 0.9915822 0.99103975 0.98949397 0.98765343 0.99033654 0.9930108 0.99295723 0.9905775 0.98691094 0.99512744 0.99578565 0.99422574 0.99447745 0.99519795 0.9915086 0.99343616 0.9924085 0.9947628 0.992972 0.9963362 0.995015 0.9912618 0.9908267 0.99555147 0.99441165 0.9901587 0.9856956 0.9909056 0.9915435 0.9900831 0.99239683 0.9935109 0.99383247 0.9948101 0.9905048 0.99251914 0.991762 0.9951283 0.99386257 0.99100035 0.989739 0.99462795 0.9942782 0.99481726 0.9952397 0.9949522 0.9949476 0.994027 0.9933471 0.9925295 0.99148023 0.99413794 0.99654573 0.995873 0.99350864 0.9957258 0.992375 0.9943856 0.9960467 0.9961467 0.9964721 0.9964356 0.996403 0.9955155 0.9959556 0.99417806 0.9943264 0.997365 0.9965563 0.9976221 0.997542 0.99077725 0.99025667 0.9884688 0.9942585 0.9941121 0.9920374 0.9963833 0.99763423 0.99816865 0.99718636 0.9977261 0.9973234 0.99689543 0.9935056 0.9971392 0.9962668 0.99650896 0.9953984 0.99574244 0.99336386 0.9933111 0.99639726 0.99564266 0.9958398 0.9956007 0.9938682 0.9934881 0.99347246 0.99113137 0.99457073 0.99292886 0.9956119 0.99335974 0.99384165 0.99312145 0.9903057 0.99047166 0.99220675 0.99342316 0.99347854 0.99487716 0.9958422 0.9957986 0.99570644 0.99642134 0.9957843 0.99593604 0.9969428 0.993564 0.99678165 0.99405336 0.9949043 0.99649113 0.9947263 0.9925822 0.99297357 0.9941392 0.99520123 0.99325156 0.9958655 0.99612665 0.9958006 0.9951668 0.99512774 0.9954751 0.99474293 0.99534994 0.9968434 0.996107 0.9925935 0.9906265 0.9911097 0.9930316 0.9935497 0.9931952 0.99379706 0.9947246 0.9937589 0.9964325 0.99342525 0.99257296 0.9951375 0.9946995 0.9924193 0.9921054 0.99079454 0.99296784 0.99460405 0.9950597 0.9954213 0.99590683 0.9917013 0.9925511 0.9929599 0.9873445 0.9860139 0.9860607 0.9948993 0.9922027 0.99237454 0.99440324 0.99453413 0.99355817 0.994432 0.9936379 0.99547166 0.9956377 0.992742 0.992956 0.99331 0.9937137 0.99276507 0.9941472 0.9924015 0.99002004 0.99417365 0.99440706 0.9954205 0.99451774 0.99492204 0.99379426 0.9937252 0.99497753 0.9913211 0.99637675 0.99548686 0.99379694 0.9939353 0.9936214 0.99273473 0.9943497 0.9950096 0.99487466 0.994818 0.99324983 0.9943651 0.9888885 0.9954831 0.9940005 0.9955432 0.9934149 0.991844 0.9951813 0.99715036 0.9968911 0.99452317 0.9961104 0.99682987 0.994857 0.9949882 0.9948315 0.98872983 0.99154234 0.99487007 0.99250835 0.99232644 0.9944713 0.9951516 0.9942248 0.9948296 0.9945717 0.99397886 0.9954553 0.9936727 0.99577665 0.99543816 0.99360806 0.9909327 0.9926326 0.99459404 0.99333626 0.99233747 0.98923844 0.98845005 0.9910411 0.99235964 0.99386704 0.9937188 0.99293315 0.99232274 0.9931205 0.99365544 0.9907167 0.9895039 0.9908685 0.9916314 0.993472 0.994723 0.9924999 0.9959867 0.99313813 0.9921327 0.98839194 0.9957775 0.9959944 0.9956424 0.9956709 0.99384975 0.9960191 0.99501693 0.9924047 0.99455523 0.99354684 0.9946772 0.9941255 0.9900899 0.99072045 0.9925003 0.99358106 0.99550116 0.988354 0.9868063 0.9893508
CxipikoIvo_SRP19041IvoCZaKruhom-L2_3 0.9923117 0.99473476 0.99525917 0.99372673 0.9948952 0.9919656 0.9893551 0.98456377 0.99860644 0.9995295 1.0000004 0.9991158 0.9992012 0.9990548 0.9983889 0.99828184 0.99735147 0.99703234 0.99733245 0.99862254 0.99835527 0.99856424 0.99497855 0.996047 0.99623835 0.9968794 0.9970348 0.9959545 0.9976637 0.99793553 0.99726176 0.99769837 0.99786174 0.992294 0.9903848 0.9936623 0.99284834 0.9929746 0.9952726 0.9956947 0.996215 0.9960182 0.9946513 0.99511373 0.99261457 0.9943513 0.99634886 0.9967393 0.99727714 0.99735785 0.9975295 0.9961071 0.99515605 0.99341536 0.991736 0.99513865 0.99391544 0.9885397 0.9924057 0.9964221 0.9954793 0.9942071 0.9957105 0.99436843 0.98958844 0.9908867 0.99464786 0.99379045 0.9946157 0.9948724 0.9950027 0.99238193 0.99348 0.9970393 0.99578613 0.99774647 0.9937752 0.9928962 0.99566734 0.9965934 0.9933424 0.9944671 0.99479765 0.9952353 0.99305266 0.99538815 0.99610937 0.99608207 0.9972539 0.9930952 0.99489444 0.9970613 0.9936064 0.993117 0.99309975 0.99490607 0.99117464 0.9939667 0.9921423 0.99315923 0.99081385 0.9940945 0.9944458 0.9954264 0.99511755 0.9942864 0.99423456 0.995036 0.9952825 0.9946549 0.9952486 0.9949305 0.9949601 0.9953675 0.99499446 0.9941617 0.9944651 0.9939109 0.9929532 0.9930112 0.9937903 0.99213946 0.99659574 0.99688655 0.99689406 0.9955431 0.99755514 0.9956437 0.99255097 0.9944246 0.9956096 0.9954699 0.9972213 0.9969944 0.9959645 0.99462694 0.99424684 0.9942627 0.9954764 0.99088144 0.9916535 0.98724884 0.99035084 0.9956278 0.9953446 0.9964938 0.9930727 0.99217963 0.9939941 0.99448454 0.9897893 0.9883469 0.98656005 0.9836184 0.99632 0.9965798 0.9969512 0.99452466 0.99388736 0.9946277 0.9958696 0.9939302 0.99470735 0.994038 0.99560326 0.99561757 0.99605954 0.9974477 0.99540246 0.99681026 0.9965317 0.9956394 0.99676126 0.9963856 0.9949974 0.9954106 0.9965953 0.99632674 0.99604243 0.99727976 0.9976791 0.9978655 0.99751437 0.99522156 0.99386346 0.99178165 0.997062 0.99698466 0.9968321 0.996325 0.99727565 0.99724805 0.9969774 0.997639 0.9974262 0.99785906 0.997127 0.9957026 0.99347687 0.99615204 0.99258447 0.99464744 0.99553674 0.99358207 0.99381465 0.99277085 0.9928595 0.9946212 0.9907385 0.98794204 0.9895759 0.9950463 0.99582857 0.99394447 0.99616635 0.99624705 0.99532914 0.9952583 0.9962406 0.9943672 0.9950082 0.9917863 0.99115074 0.99412745 0.9962628 0.9944658 0.99655557 0.99648744 0.99501866 0.99323136 0.99546397 0.98637843 0.99012166 0.99563134 0.9931025 0.9896581 0.99198383 0.99232435 0.9868038 0.98988163 0.99529606 0.99210787 0.9866818 0.99045616 0.9918454 0.9915255 0.9924424 0.99173224 0.9932987 0.9855527 0.9939918 0.99517024 0.9944931 0.99105316 0.9881672 0.9923107 0.994618 0.9938621 0.9928403 0.99100286 0.9927021 0.9923017 0.9910803 0.9890013 0.99199593 0.9944404 0.9942688 0.9919202 0.98853886 0.9960504 0.9967835 0.99521536 0.9953157 0.9963059 0.9932193 0.9948224 0.99286383 0.9950117 0.99319047 0.99657035 0.9954657 0.9918469 0.9913166 0.99590206 0.9944104 0.99101675 0.987267 0.9917876 0.9923948 0.9907783 0.9927218 0.99410367 0.9942978 0.99536914 0.99165857 0.9937629 0.9929898 0.9957866 0.9948016 0.9925606 0.9913934 0.99550354 0.9955609 0.995371 0.99634206 0.99570996 0.99604577 0.9950035 0.993326 0.9925574 0.9923058 0.99492 0.99711496 0.9965071 0.9943394 0.99654555 0.99373674 0.99562025 0.99650747 0.99621767 0.99722195 0.9971086 0.9972923 0.9961908 0.99628294 0.99477345 0.9949446 0.9975708 0.9971766 0.9978131 0.9977511 0.99071133 0.9900646 0.98835015 0.99562216 0.9954246 0.9935899 0.99681324 0.99811697 0.99855614 0.99781996 0.9980119 0.9977116 0.99721265 0.9933085 0.9975316 0.99686104 0.9971014 0.9952168 0.9959827 0.99363744 0.99322325 0.9960546 0.99573696 0.996113 0.99591845 0.9937508 0.9934638 0.99355143 0.9920474 0.9953997 0.9939264 0.9960112 0.9940879 0.9947168 0.9935649 0.99136513 0.9918497 0.993369 0.99449897 0.99448365 0.99547136 0.9964614 0.9966151 0.9965068 0.99699825 0.996641 0.99665433 0.99694425 0.99435437 0.9971662 0.994469 0.9954126 0.99715906 0.99538743 0.9930378 0.9933713 0.9947008 0.99565154 0.9935069 0.9963609 0.99654245 0.99640703 0.99596107 0.9961902 0.9965127 0.9959568 0.9964206 0.99749386 0.99610114 0.9930363 0.99167573 0.9917731 0.99328 0.9937161 0.99368346 0.9938631 0.9947628 0.99382406 0.9970608 0.9947023 0.994075 0.9961493 0.99602944 0.99397373 0.99367213 0.9927284 0.9945778 0.9956413 0.9962545 0.99646026 0.9969789 0.99291766 0.99368304 0.9944223 0.98868704 0.9875782 0.98766845 0.9961116 0.9938675 0.9939991 0.99575496 0.9956368 0.9945752 0.9954885 0.99497724 0.99629986 0.99683636 0.99384815 0.99376136 0.9944261 0.99525625 0.99456 0.9957604 0.993908 0.9920277 0.99496025 0.99501157 0.9959886 0.9952184 0.9958956 0.9946967 0.99430794 0.99548906 0.99228656 0.9972866 0.9963318 0.99469423 0.9950169 0.994614 0.99358743 0.9954755 0.9962673 0.99600035 0.99586904 0.99481153 0.99524826 0.99048084 0.99611795 0.9949332 0.9965405 0.9948442 0.99313873 0.99612933 0.99766016 0.9978515 0.9957536 0.99694526 0.9972427 0.99559444 0.9957223 0.9953459 0.9902914 0.99281895 0.995492 0.99358594 0.9927171 0.9952979 0.9959125 0.9951231 0.9958579 0.99562585 0.9950149 0.99621916 0.99473166 0.9965182 0.9954435 0.99358916 0.99103767 0.9926626 0.9950268 0.99368906 0.9922742 0.98935324 0.9900776 0.9919301 0.9933465 0.99484587 0.9949668 0.9941291 0.9933855 0.99419254 0.99462473 0.9918744 0.99099886 0.9920738 0.99315727 0.99491537 0.9957724 0.9941859 0.99717355 0.9945164 0.9934024 0.9901127 0.996121 0.9967282 0.9964366 0.9964076 0.99487424 0.9967387 0.9955155 0.99304575 0.9954404 0.99405444 0.9952649 0.995119 0.99134153 0.9918168 0.99351144 0.99444723 0.99608356 0.9885305 0.98671347 0.9891242
CxipikoIvo_SRP19041IvoCZaKruhom-L2_4 0.9922431 0.9960304 0.99556047 0.9922791 0.9939305 0.99412185 0.99166036 0.9872728 0.99869454 0.99881554 0.9991158 0.9999997 0.9982753 0.99793327 0.99865806 0.9974316 0.9971107 0.99734235 0.99823165 0.9981448 0.996633 0.9972279 0.9966016 0.9966605 0.9966253 0.99568266 0.99670124 0.9940088 0.99735266 0.9965738 0.9960017 0.9978367 0.9967784 0.9899294 0.98729104 0.99489933 0.9941347 0.99273944 0.99626756 0.99615616 0.9961003 0.99505687 0.9951802 0.9938763 0.9938788 0.99585235 0.9960498 0.99628544 0.9971839 0.9961271 0.9977922 0.9962113 0.99480355 0.99408215 0.9926571 0.9958233 0.99512905 0.99007416 0.99295735 0.99662554 0.9959579 0.9947752 0.9968243 0.9954235 0.9922635 0.99340874 0.99505085 0.99517614 0.9950863 0.99618256 0.99647003 0.9952272 0.99496627 0.99730974 0.9967104 0.9976125 0.99614334 0.9951884 0.9967359 0.9975153 0.99546325 0.99395996 0.9951959 0.99400014 0.9914558 0.9943435 0.9942845 0.99523747 0.9962084 0.9928076 0.99462205 0.9951983 0.99452066 0.99419314 0.9941833 0.9952633 0.9917349 0.9939265 0.9929178 0.99292904 0.9920014 0.9945948 0.9944417 0.99462634 0.9931947 0.9946472 0.9924748 0.9936389 0.99534136 0.9940433 0.99480945 0.9939601 0.9941313 0.9947693 0.9946791 0.99258786 0.99570245 0.99521184 0.9948524 0.99472296 0.9954731 0.99354297 0.9976392 0.99767834 0.9974424 0.99712753 0.9972526 0.9972955 0.99516815 0.99623525 0.9968253 0.99702275 0.9976117 0.9974115 0.99722666 0.9933728 0.9943424 0.9947001 0.9952649 0.9905975 0.99053675 0.9858898 0.9894798 0.9965057 0.9959608 0.99662346 0.99523455 0.99474365 0.9956151 0.9960732 0.9928619 0.9919292 0.9899599 0.9877837 0.99687576 0.996743 0.99682194 0.992698 0.99212784 0.9938692 0.99450827 0.99286646 0.9933721 0.9932776 0.9945837 0.99370533 0.99477917 0.9966259 0.9950801 0.9962325 0.99554145 0.99320257 0.99516773 0.9943051 0.99233717 0.99294716 0.9963804 0.994998 0.99435073 0.99774086 0.9972106 0.9963716 0.99625856 0.993518 0.9917204 0.98915404 0.9973594 0.9965949 0.99654025 0.9960823 0.9962988 0.9970547 0.99492353 0.99707705 0.9958961 0.9980111 0.99802065 0.99745625 0.9952314 0.99664056 0.9931431 0.99440527 0.9955998 0.9936234 0.99525344 0.99298644 0.99273163 0.99422795 0.99124074 0.98885953 0.98985255 0.9939558 0.99585706 0.99494576 0.99655634 0.9951102 0.9958248 0.99464095 0.9953378 0.99522394 0.9954823 0.9910501 0.9905316 0.9933667 0.9961319 0.99473745 0.99546975 0.99682397 0.9954407 0.9944471 0.99510354 0.9905621 0.99343234 0.99639606 0.9944005 0.99227047 0.99357057 0.99281716 0.9901696 0.9916672 0.9952532 0.9899622 0.9837365 0.98891973 0.99105865 0.9932334 0.9937734 0.9939163 0.9958151 0.9896194 0.9950932 0.9957646 0.99562 0.9934839 0.9918117 0.9946635 0.9966104 0.9955218 0.99547714 0.9934164 0.99509877 0.99458486 0.9923144 0.99164885 0.993608 0.99544233 0.99512494 0.99325734 0.99021554 0.996155 0.9968336 0.9958667 0.9968272 0.99645793 0.9949906 0.9960458 0.99548656 0.9968021 0.99397653 0.99717057 0.9959408 0.99457115 0.99454015 0.99651974 0.99527955 0.9936788 0.9903113 0.9949026 0.99510837 0.9932409 0.9952346 0.9961907 0.996273 0.99660146 0.9945266 0.99588805 0.99482036 0.9976253 0.99642104 0.9948136 0.993756 0.99520004 0.9938907 0.99514383 0.9945581 0.9940499 0.99430424 0.9939283 0.9946951 0.9932726 0.9936152 0.9961801 0.99732065 0.99741673 0.9960873 0.99714875 0.9957077 0.9966501 0.99792045 0.9975099 0.9969069 0.99733657 0.99712586 0.995706 0.9950454 0.993191 0.99389 0.99797475 0.9972977 0.9980716 0.99814117 0.9903666 0.9888448 0.9872306 0.9941467 0.9931348 0.9914942 0.9982736 0.9981599 0.9984732 0.99794024 0.9972543 0.9977496 0.9958555 0.9923326 0.99816483 0.9967394 0.9972682 0.9961374 0.9955505 0.9936697 0.99264646 0.99716455 0.99632674 0.99711454 0.99608904 0.9953112 0.99430764 0.99401146 0.98842883 0.9963307 0.99575204 0.99647856 0.9953986 0.996086 0.99564576 0.99332345 0.993365 0.9946042 0.9957332 0.99525875 0.99625444 0.9965797 0.9949189 0.9970892 0.99732083 0.99678236 0.9953368 0.99615705 0.9913147 0.997243 0.9915253 0.99277043 0.99651 0.99296045 0.989536 0.9903875 0.99196255 0.996815 0.99134576 0.9965929 0.99475497 0.9968633 0.99643946 0.99363154 0.99470353 0.9939228 0.99405885 0.9959853 0.9944687 0.9945521 0.9939667 0.9940646 0.9955263 0.9951436 0.9957072 0.9957962 0.99588877 0.9953053 0.99697965 0.9941323 0.9932882 0.9961864 0.9948252 0.9939647 0.993915 0.9917873 0.9944653 0.9959368 0.9961575 0.99738055 0.99708277 0.99501634 0.9956242 0.99576664 0.99165213 0.9902969 0.9906115 0.99485743 0.9943127 0.9945284 0.9959192 0.9960189 0.9954273 0.99614364 0.995535 0.99673605 0.99551725 0.9958747 0.99548984 0.99539244 0.99595076 0.99534 0.99551195 0.9947038 0.99265665 0.99582946 0.99486053 0.99647325 0.99620855 0.9959836 0.99637806 0.99552304 0.9962884 0.9947389 0.9970285 0.99642575 0.9957136 0.99603236 0.99598753 0.99578214 0.99631596 0.9965226 0.99712074 0.99706984 0.9958749 0.9968927 0.99345815 0.99739236 0.9968497 0.9969454 0.9949778 0.99508524 0.9967152 0.9978115 0.997942 0.9961216 0.9976467 0.997267 0.99693143 0.99678344 0.9965412 0.9922301 0.9938153 0.9959777 0.99512684 0.9954009 0.99594605 0.99576515 0.99383044 0.99571776 0.995446 0.994286 0.9960896 0.9947506 0.9961817 0.9946375 0.99334854 0.99028665 0.99234855 0.99320185 0.9925636 0.99153876 0.98874986 0.99311686 0.99464476 0.9953633 0.9959045 0.994923 0.99511564 0.99525785 0.9951675 0.9956612 0.9946117 0.99376035 0.9946123 0.99505126 0.9958473 0.9963738 0.994757 0.9956944 0.9911161 0.98973626 0.98578376 0.9934317 0.99433106 0.9935388 0.9937123 0.991333 0.9947975 0.99286526 0.9894934 0.9926602 0.99103063 0.9923192 0.9919282 0.9870836 0.98757714 0.9898436 0.99103355 0.99370223 0.99090683 0.988781 0.99072057
CxipikoIvo_SRP19041IvoCZaKruhom-L2_5 0.9903674 0.993486 0.9940471 0.99296606 0.99400103 0.99019265 0.9875329 0.9825591 0.99836296 0.9987865 0.9992012 0.9982753 0.9999999 0.99970937 0.99764246 0.997607 0.99624026 0.9958152 0.9960341 0.9980874 0.9982295 0.99835354 0.9935607 0.9946417 0.99504924 0.99619323 0.9957646 0.99537647 0.9970697 0.9977464 0.9967203 0.99680096 0.99748063 0.9907487 0.9889781 0.9917201 0.9907001 0.9911834 0.9940271 0.9947327 0.995413 0.99561346 0.99329877 0.9942223 0.9905343 0.9927541 0.9953154 0.99588764 0.9968018 0.9968269 0.9968878 0.9953148 0.9947218 0.99277306 0.9913356 0.99325275 0.99181783 0.985392 0.99032253 0.9951033 0.9941373 0.9920837 0.99400955 0.99253654 0.9874127 0.9885681 0.9937286 0.9927308 0.9940729 0.99426305 0.9935255 0.99121743 0.9926732 0.9969405 0.9951906 0.9978055 0.9926925 0.99181855 0.9949161 0.99632394 0.99260527 0.99309593 0.99329835 0.995038 0.9926598 0.99523574 0.99626136 0.9960346 0.9970951 0.99229205 0.9940293 0.9963006 0.99216354 0.99208003 0.99234754 0.9940122 0.9900507 0.99321973 0.9909911 0.9923831 0.9895625 0.9931652 0.9937519 0.9953715 0.9954426 0.99278533 0.9940397 0.9948066 0.99470294 0.99440473 0.99519646 0.9949393 0.99454784 0.994781 0.99438334 0.9937241 0.99335945 0.99325997 0.99234337 0.9924901 0.99323726 0.9916693 0.9959671 0.99664605 0.99668294 0.995022 0.9974794 0.995114 0.990746 0.99325556 0.99481744 0.9945197 0.9967571 0.99644583 0.9952826 0.9931761 0.9922184 0.99250734 0.99400604 0.9906096 0.9917602 0.9873395 0.99022144 0.99434686 0.9944038 0.9959811 0.9919735 0.99072653 0.99310744 0.9938491 0.98720133 0.9863299 0.98481756 0.9813906 0.9951672 0.9951865 0.9958698 0.99351966 0.9933446 0.99391174 0.99501663 0.9932171 0.9938236 0.99292016 0.9945542 0.99471575 0.99471855 0.9964869 0.99411964 0.9959934 0.9956135 0.9953797 0.99670976 0.9962331 0.995022 0.9951858 0.99564254 0.9956849 0.9952126 0.9962789 0.99723727 0.99752533 0.9973638 0.99538815 0.9938085 0.9922455 0.99583614 0.99639463 0.99689925 0.995461 0.9965403 0.996907 0.9969756 0.997125 0.997089 0.99745584 0.99642795 0.994635 0.9922719 0.9953922 0.9917562 0.9944332 0.9951857 0.99330807 0.9925395 0.9919337 0.9922724 0.9945434 0.99008447 0.98698616 0.9888669 0.99482816 0.9948998 0.99259645 0.9953259 0.99587965 0.99467874 0.99459416 0.99606425 0.9931597 0.9939052 0.9909077 0.990301 0.9935028 0.99545413 0.9932322 0.99645054 0.9954055 0.9941245 0.9917985 0.99449974 0.9841522 0.9887383 0.9946174 0.99149144 0.9874027 0.9901544 0.99155754 0.9841605 0.9883039 0.99458987 0.9922044 0.98754185 0.9903902 0.9916054 0.9899312 0.99084425 0.98996085 0.9920534 0.9839216 0.99327445 0.99451786 0.99343264 0.9897579 0.9861668 0.9909344 0.9932147 0.99232715 0.99120927 0.98977065 0.99157643 0.9910768 0.99011 0.9872689 0.99074465 0.9937987 0.99345225 0.99108285 0.98732793 0.9953276 0.9966845 0.9943598 0.99474967 0.99599844 0.9923721 0.9939765 0.9913939 0.99369735 0.9920182 0.9955777 0.99427146 0.99043524 0.98981047 0.99488103 0.9933359 0.98977077 0.98606193 0.9903013 0.99133897 0.9902241 0.99079233 0.9927786 0.9931266 0.994202 0.99029404 0.9926997 0.99239427 0.9950829 0.9938067 0.9917363 0.9906603 0.9957613 0.99636054 0.9958129 0.996975 0.99667615 0.9969747 0.99561536 0.9913367 0.9905878 0.9905938 0.9939562 0.996472 0.9955257 0.99301684 0.99569553 0.99221295 0.9948604 0.9956123 0.9949898 0.9966235 0.9963373 0.99692386 0.99564004 0.99568117 0.9947318 0.9947134 0.99669665 0.9964087 0.9972075 0.9970669 0.9892288 0.98891884 0.9868155 0.99617547 0.99648565 0.99461955 0.9957278 0.9977753 0.9982403 0.997469 0.99737465 0.9965934 0.9963655 0.99175155 0.99641854 0.9962508 0.99639976 0.9939836 0.9951267 0.9920859 0.9918637 0.99468046 0.99429023 0.99453515 0.9946033 0.9919408 0.99165076 0.9916095 0.9930296 0.9949346 0.99294126 0.9954563 0.99370867 0.994338 0.992775 0.9907006 0.99160707 0.99304295 0.99391276 0.9938788 0.9947264 0.99534553 0.9958916 0.9952074 0.99579144 0.9955707 0.9959142 0.9960274 0.9938098 0.995743 0.9940213 0.99489146 0.9965022 0.99502397 0.99324465 0.9930014 0.9946489 0.9940404 0.99217916 0.9946208 0.9954431 0.99504596 0.99437183 0.9959098 0.99663883 0.99632317 0.99656004 0.99655086 0.99523216 0.99146616 0.98970693 0.99026954 0.9919754 0.9929766 0.9924056 0.9925468 0.99358565 0.99256164 0.9964628 0.99396425 0.99333346 0.9951662 0.9958001 0.99317163 0.9929652 0.9924803 0.99449265 0.9950478 0.9960845 0.9956733 0.9966912 0.9919749 0.9927963 0.9941507 0.9875549 0.9865466 0.98660964 0.9962452 0.99344516 0.99348897 0.99531937 0.99484086 0.9938165 0.9950399 0.99452245 0.9957818 0.99712366 0.99242216 0.9933198 0.9939817 0.99476546 0.9938941 0.99552244 0.9935416 0.9918087 0.9944258 0.99505633 0.9957503 0.9948661 0.995992 0.99427634 0.9944095 0.99568325 0.991514 0.996601 0.99598914 0.9938579 0.9943955 0.9936167 0.9924401 0.99493074 0.9954207 0.99511945 0.99528503 0.993939 0.9943219 0.9891641 0.99570537 0.9940438 0.9960645 0.9943233 0.99196476 0.99547696 0.99693465 0.99783504 0.99562204 0.9963349 0.99664634 0.9943155 0.9948825 0.99416935 0.9888358 0.99191225 0.99444723 0.99294525 0.9916024 0.99427927 0.99534345 0.9948884 0.99562335 0.99498403 0.9945748 0.99610806 0.9938107 0.99593544 0.99385226 0.991429 0.98840475 0.990252 0.99366796 0.9919436 0.9899451 0.9865694 0.98878074 0.99085295 0.9923751 0.9942141 0.9945354 0.993456 0.99243516 0.9932612 0.994089 0.9902313 0.9894725 0.99055976 0.99219596 0.9943847 0.99519044 0.9936942 0.9967983 0.9949119 0.9940482 0.9914797 0.995944 0.9963505 0.99634343 0.99628735 0.9950699 0.99608016 0.99483246 0.99279153 0.9951699 0.9935767 0.99509513 0.9954578 0.9915209 0.99234444 0.99383754 0.99457115 0.99549246 0.98581165 0.9839027 0.98692185
CxipikoIvo_SRP19041IvoCZaKruhom-L2_6 0.9905745 0.99345267 0.993927 0.9929318 0.9941141 0.98979104 0.98693174 0.9819458 0.99801725 0.9985522 0.9990548 0.99793327 0.99970937 1.0000011 0.9975868 0.9976079 0.99611586 0.9955996 0.99592566 0.9983419 0.9986445 0.99862987 0.99324536 0.9944374 0.99488235 0.99617344 0.99571455 0.9954716 0.9970304 0.9978239 0.9967755 0.9966674 0.9975889 0.99128914 0.98961884 0.9916384 0.99056906 0.99128515 0.9942045 0.9947115 0.99563026 0.9962176 0.9935368 0.9946388 0.9904463 0.99268 0.99557596 0.9961863 0.99706966 0.99736875 0.9970661 0.99582565 0.9951814 0.992892 0.9915032 0.99310976 0.9915214 0.9849363 0.9900125 0.9951722 0.99418426 0.9918182 0.994399 0.99293053 0.98724425 0.98837596 0.9943925 0.99344265 0.99474895 0.99429536 0.993472 0.9910781 0.9924948 0.99696654 0.9952143 0.99782085 0.9926874 0.9916727 0.9946724 0.99642015 0.9923965 0.9931011 0.9931059 0.99542207 0.9927446 0.9954907 0.9966006 0.996065 0.9972882 0.99236876 0.9941211 0.99692 0.99199617 0.9919662 0.9922716 0.99380255 0.9900779 0.9932325 0.9908615 0.9923934 0.98953956 0.9932207 0.9939535 0.9959731 0.9962803 0.99295545 0.9947633 0.9955103 0.9950875 0.99490273 0.9956123 0.9953261 0.99500287 0.99523693 0.9946079 0.994356 0.9937559 0.9934623 0.9926654 0.99285483 0.9935401 0.9921656 0.9960277 0.99673384 0.99668884 0.9949451 0.99760354 0.9949857 0.99065596 0.99330425 0.99480987 0.99449295 0.9968663 0.9964897 0.99535114 0.99349266 0.9922672 0.9924674 0.99423707 0.9905962 0.99187386 0.98745966 0.9901931 0.99447376 0.99484444 0.99637425 0.99179274 0.99062616 0.9930714 0.99392176 0.9868723 0.98605436 0.9846797 0.9810857 0.9954225 0.99543303 0.996252 0.993972 0.993613 0.9943365 0.99551153 0.9939457 0.99432576 0.99337053 0.995019 0.99553335 0.99517107 0.9971114 0.99455816 0.99646187 0.99602383 0.99604934 0.99740386 0.99685174 0.9956486 0.9956964 0.9960598 0.9960974 0.99561554 0.9966431 0.9977059 0.99806285 0.9977908 0.99589664 0.9944826 0.9932032 0.9961325 0.99657214 0.99705243 0.9955644 0.99707663 0.9974023 0.9975955 0.9976676 0.997667 0.9977714 0.99653846 0.99442077 0.9920211 0.9954848 0.9918276 0.9947577 0.99533135 0.9932172 0.99234617 0.99202096 0.992242 0.9947905 0.9901112 0.9869945 0.9889106 0.9951087 0.9952412 0.99288994 0.9957367 0.9964362 0.99517614 0.9950075 0.99666274 0.99342567 0.9940266 0.9911629 0.990468 0.99381566 0.99557537 0.99324816 0.99696624 0.99563926 0.9941357 0.99195355 0.99470913 0.9831372 0.9878237 0.9946443 0.9913836 0.98726505 0.9901453 0.9916502 0.98416495 0.9881041 0.9951179 0.9932239 0.9888873 0.99147815 0.99258554 0.9899856 0.9910412 0.9898301 0.9919661 0.9837985 0.9931308 0.9945741 0.9930986 0.9895427 0.98602086 0.9909283 0.9932952 0.992153 0.99112403 0.9897263 0.99177825 0.99116063 0.99013597 0.98727137 0.99071825 0.99397 0.99362725 0.99111044 0.9872107 0.99573743 0.9970729 0.9946901 0.9949972 0.996292 0.99259037 0.9944132 0.99116737 0.9937121 0.99190766 0.9955911 0.9941952 0.99034876 0.98957986 0.99501073 0.9932336 0.9897466 0.9862264 0.990259 0.9914125 0.99033946 0.990749 0.9928013 0.99301535 0.9943197 0.98995334 0.9923879 0.992098 0.99480104 0.9935766 0.99149823 0.9904833 0.995908 0.9969528 0.9961035 0.9973693 0.9970291 0.9974344 0.9960066 0.9913751 0.9904927 0.99044514 0.99402976 0.99681467 0.9954735 0.9928737 0.9959363 0.99214834 0.99495196 0.9955675 0.99485254 0.99688756 0.9964838 0.9970641 0.9958173 0.9957843 0.99487144 0.9948113 0.9966461 0.9967404 0.99731416 0.9972789 0.9889859 0.988788 0.9865978 0.99646616 0.9969026 0.99493825 0.9957155 0.9979605 0.9982234 0.99740916 0.9976107 0.99666667 0.9966057 0.9918568 0.99635863 0.99594843 0.99610204 0.993553 0.9949854 0.99169296 0.9916106 0.99450207 0.994016 0.9942453 0.99436307 0.9913765 0.9910941 0.99119836 0.9937139 0.9949397 0.99304014 0.9954733 0.9937624 0.99430627 0.992514 0.9903903 0.9913159 0.9928572 0.9937285 0.9937042 0.9944549 0.9956225 0.9964146 0.9955217 0.99613744 0.99605584 0.9963912 0.9963364 0.9945258 0.995824 0.9946903 0.9955125 0.9968803 0.995677 0.9940343 0.99368334 0.99536294 0.9942766 0.99280405 0.99490124 0.9959381 0.99531484 0.9945396 0.9965176 0.99724805 0.9969298 0.9972412 0.997005 0.9952017 0.99103755 0.98941284 0.9899985 0.99169827 0.99261236 0.99216115 0.9921007 0.99321204 0.9921702 0.99663657 0.99414945 0.9934373 0.9949412 0.996177 0.99325705 0.9929701 0.99278146 0.99494886 0.99524367 0.9962387 0.9957727 0.9968999 0.9917399 0.99281216 0.9942499 0.9873087 0.9865632 0.9865428 0.99665236 0.9938931 0.99390954 0.99578214 0.99531645 0.9939493 0.9950513 0.9946136 0.99577206 0.99738383 0.992508 0.9935739 0.9943086 0.9951393 0.9942512 0.9959373 0.99364144 0.9918433 0.99463135 0.9953394 0.9959359 0.9947977 0.9962094 0.9943038 0.9945809 0.9959353 0.9915931 0.99695027 0.9961966 0.993973 0.99453104 0.9937103 0.99246234 0.99517214 0.99569106 0.9950465 0.9953175 0.9942257 0.9943407 0.9891051 0.9956569 0.99417126 0.99622273 0.9947454 0.9919092 0.9956372 0.99726015 0.9980712 0.9958119 0.9963912 0.99686646 0.9943697 0.99474436 0.99415267 0.9888239 0.9919353 0.99436194 0.9928986 0.99145854 0.9943252 0.99555624 0.9954728 0.9958899 0.9952709 0.9949348 0.9962886 0.9939959 0.9960311 0.9940476 0.9915835 0.98856455 0.9904235 0.9941809 0.9922679 0.9901148 0.9867112 0.98879117 0.9907054 0.99231935 0.9943807 0.99485755 0.993631 0.9923919 0.9934097 0.99413025 0.9903023 0.98938274 0.9905124 0.9921426 0.9944898 0.9953564 0.993927 0.99720955 0.9957716 0.9949875 0.9926385 0.99663496 0.9969645 0.99688727 0.9968245 0.99578005 0.99662316 0.9954775 0.9935026 0.9959293 0.9941975 0.9957191 0.99630886 0.9924449 0.9933523 0.9946641 0.99540436 0.99607074 0.9856453 0.9835134 0.9866523
CxipikoIvo_SRP19090IvoCPauci-L2_1 0.993407 0.99566257 0.99597263 0.99343705 0.9949149 0.9937509 0.99153364 0.9868415 0.9971752 0.99844354 0.9983889 0.99865806 0.99764246 0.9975868 1.0000001 0.99873155 0.99869967 0.99889255 0.9992406 0.9981985 0.9969945 0.9976651 0.99550587 0.9959524 0.99623924 0.99523693 0.9965317 0.9940286 0.99780107 0.99728036 0.9967613 0.99770087 0.9974534 0.99247354 0.9903836 0.99624306 0.99564457 0.99510115 0.9960108 0.9961051 0.9963186 0.99542344 0.99514246 0.9949037 0.9941479 0.99580944 0.99631214 0.9964659 0.9973312 0.9966389 0.9970513 0.9956988 0.9942435 0.99333006 0.99140644 0.9962237 0.99529105 0.9911428 0.9940865 0.9973305 0.99655914 0.9953617 0.9964483 0.99511427 0.9924417 0.9933109 0.99459434 0.994042 0.9940842 0.9948249 0.99592596 0.9933908 0.993948 0.9968342 0.9961966 0.99747676 0.9956599 0.9948126 0.99618405 0.9965054 0.99507844 0.99323386 0.9943985 0.99274045 0.99052674 0.9935039 0.99373645 0.9944147 0.9957571 0.99188167 0.9937511 0.99671 0.9946607 0.99506044 0.994831 0.99501765 0.99177057 0.99362713 0.99284786 0.9932204 0.99298245 0.9957702 0.99556637 0.9943201 0.9932491 0.9942191 0.9927891 0.99355525 0.9952593 0.99374413 0.99433637 0.9936147 0.9937689 0.9949016 0.994128 0.9925756 0.9955373 0.9943316 0.9939158 0.9939641 0.9946229 0.99269044 0.99781084 0.9974338 0.99697965 0.9964171 0.997659 0.9963747 0.9946836 0.99601513 0.9969146 0.99667376 0.99732596 0.9973216 0.9969856 0.9960476 0.99564564 0.99581504 0.9965496 0.9887731 0.98935413 0.9844858 0.9879879 0.9951706 0.9949497 0.9958563 0.9940582 0.9931382 0.994368 0.99513984 0.9927645 0.9908531 0.9893713 0.9866099 0.9972239 0.9971033 0.9972273 0.9936028 0.99299663 0.9926105 0.99429196 0.9920243 0.992938 0.9923003 0.99377304 0.99402714 0.99507934 0.99702996 0.9952886 0.9962465 0.99600804 0.99342144 0.9953727 0.9943564 0.992573 0.9935464 0.9973567 0.9965328 0.9959789 0.9981991 0.9976212 0.99726766 0.9969223 0.9928364 0.9916213 0.9891099 0.99785835 0.9970629 0.99657273 0.99627167 0.99777275 0.99774575 0.99634504 0.9980343 0.9973865 0.9985737 0.99823874 0.99613535 0.993352 0.99573284 0.9916625 0.9934214 0.9945843 0.9930167 0.99407125 0.99078214 0.9909183 0.99244267 0.98892236 0.9863107 0.98763186 0.99248564 0.99721277 0.9963762 0.99735624 0.9962356 0.9966053 0.9959533 0.99641323 0.99675226 0.996709 0.9935156 0.99305534 0.99540913 0.99746037 0.9962583 0.9953748 0.9978377 0.9965247 0.995363 0.99660784 0.9889156 0.9916746 0.9964751 0.993944 0.991073 0.9927419 0.99261665 0.9884203 0.99089044 0.9955574 0.98994434 0.98314697 0.9883598 0.9903153 0.99199 0.9932675 0.9932264 0.99428743 0.98637056 0.9935854 0.9944009 0.9945817 0.9915544 0.9903536 0.993049 0.995546 0.99522275 0.994417 0.99162894 0.99313426 0.9926201 0.9916145 0.9905786 0.99230784 0.99461263 0.9945305 0.99241364 0.989112 0.9968724 0.99709165 0.9963093 0.9962951 0.99630284 0.99383444 0.99549925 0.994051 0.99587345 0.9926321 0.9959582 0.9950776 0.99336356 0.9929298 0.9963787 0.9944774 0.9920753 0.98839515 0.99309593 0.99349064 0.9920548 0.99395627 0.9952278 0.9948352 0.996037 0.9929347 0.99411726 0.9936697 0.9965004 0.9954205 0.9931233 0.992183 0.99423194 0.9933332 0.9945288 0.9939122 0.993742 0.9938089 0.99339885 0.99544966 0.9945612 0.9941123 0.99497426 0.99684983 0.9964899 0.99488294 0.9963801 0.993828 0.99579334 0.99742705 0.99789286 0.99739724 0.9973688 0.99735117 0.9952967 0.99494183 0.99288094 0.99359506 0.99785376 0.9971203 0.9978833 0.9980805 0.9907087 0.98950136 0.9880668 0.99329805 0.9922679 0.9901606 0.997926 0.99816597 0.9983986 0.99802464 0.9978525 0.99773204 0.9966229 0.9935484 0.997838 0.9963509 0.99682367 0.99609953 0.9959222 0.99377394 0.99325603 0.9974471 0.99663126 0.99758136 0.9967701 0.99580413 0.99532574 0.99438846 0.98921734 0.9951486 0.99441123 0.99628294 0.9948638 0.99521756 0.9944013 0.99076337 0.9906136 0.9924406 0.99394876 0.9937753 0.9951255 0.99754155 0.99596465 0.99708784 0.9977621 0.9968178 0.99591297 0.9972047 0.9928607 0.9976916 0.99362236 0.99442977 0.9973284 0.99464905 0.99159455 0.99264866 0.9939959 0.9972522 0.9935482 0.9971681 0.9959168 0.99711776 0.9968242 0.99395674 0.9943375 0.9936488 0.9942431 0.99620163 0.99436194 0.99364966 0.9926089 0.99236363 0.9946476 0.9947233 0.99464047 0.99466103 0.99566346 0.99489295 0.997253 0.994667 0.9931439 0.99548197 0.99447477 0.99359614 0.9930658 0.99150056 0.9938807 0.9955425 0.9958212 0.996705 0.99641967 0.9937777 0.9946508 0.9944571 0.9898225 0.9884441 0.9887164 0.9946352 0.99354374 0.9936444 0.99561584 0.9957868 0.994926 0.99524254 0.9946534 0.99552524 0.9945098 0.9941781 0.9935789 0.9936444 0.99447685 0.9939058 0.99414486 0.9924872 0.9903243 0.99441856 0.99349374 0.99541336 0.9948513 0.9947827 0.9951217 0.99443567 0.995534 0.99333644 0.9966959 0.9965238 0.9952638 0.99554735 0.9951736 0.9940225 0.9945951 0.99604434 0.99617326 0.99582213 0.99452555 0.99569917 0.99171036 0.99652565 0.9958623 0.9955385 0.9937294 0.99361736 0.9962827 0.9978352 0.9971867 0.9952631 0.99695367 0.9977365 0.9965839 0.9963529 0.9966116 0.9912382 0.9936542 0.9954848 0.9946386 0.9948062 0.99565166 0.9963208 0.9944447 0.9955746 0.9955056 0.9946552 0.99599767 0.99456966 0.9960218 0.9951123 0.9943158 0.9917188 0.9932204 0.9941728 0.99356604 0.99302495 0.9902625 0.99061227 0.99215907 0.993135 0.99436986 0.9935843 0.99349785 0.9932027 0.9941312 0.99399567 0.9925185 0.991195 0.9921655 0.9925143 0.9935185 0.9943905 0.992133 0.99539125 0.99201703 0.9895864 0.9857707 0.99415183 0.9947248 0.993816 0.99420464 0.99186414 0.99556285 0.9940156 0.990653 0.99302906 0.992627 0.99331796 0.99268854 0.988822 0.9889768 0.9911581 0.9921509 0.99477005 0.99237645 0.9905963 0.9927316
CxipikoIvo_SRP19090IvoCPauci-L2_2 0.99304664 0.994037 0.9953598 0.99444646 0.9955363 0.9905152 0.98849237 0.98334324 0.99579674 0.9984484 0.99828184 0.9974316 0.997607 0.9976079 0.99873155 0.9999995 0.99911183 0.9987725 0.9983008 0.9976827 0.99752605 0.9981699 0.99362904 0.9956952 0.99584484 0.9962092 0.9966544 0.996115 0.99765426 0.9979854 0.9977773 0.9968725 0.99787617 0.9944344 0.992797 0.9949308 0.99483156 0.9953797 0.99516946 0.9960385 0.9964958 0.9960214 0.9946842 0.9966763 0.99382794 0.9951026 0.99693996 0.9966109 0.9968173 0.99666417 0.9951304 0.99339205 0.9926444 0.99177593 0.9891496 0.995983 0.994625 0.9905884 0.9944509 0.9965811 0.9957228 0.9959548 0.99489254 0.9937547 0.9901146 0.9912993 0.9929686 0.9911113 0.9920815 0.99299955 0.9934205 0.989768 0.99106914 0.9949032 0.99358726 0.9961306 0.9922142 0.99099946 0.993954 0.9946046 0.99181896 0.99360687 0.9941977 0.99286866 0.99161613 0.99354607 0.99459606 0.99445194 0.9957135 0.99174994 0.99325866 0.9973542 0.99210477 0.9918902 0.99167275 0.9927823 0.9890895 0.99208647 0.9896573 0.99109364 0.98971236 0.9934041 0.99323523 0.9930417 0.9935101 0.992165 0.9929381 0.99305975 0.993458 0.9923867 0.99302316 0.99325746 0.9931972 0.9943361 0.99305135 0.9929306 0.99231607 0.99144715 0.99039876 0.9908314 0.9914572 0.9890324 0.99517226 0.9951383 0.99555385 0.99376005 0.99648374 0.9937077 0.9916204 0.99351543 0.9952928 0.994607 0.99627894 0.99620193 0.9944405 0.99739814 0.9961053 0.9957342 0.9968392 0.9889279 0.99015373 0.9854495 0.9886432 0.99274695 0.99195653 0.9935118 0.9909223 0.98987997 0.99180895 0.9925124 0.9902934 0.9870698 0.9853389 0.9826013 0.99582875 0.9964134 0.9970895 0.99484205 0.9939535 0.99166435 0.9943767 0.99118096 0.9934523 0.9917881 0.99322903 0.99460006 0.9955379 0.9963651 0.9941753 0.9952111 0.9953219 0.99419385 0.9949624 0.99504393 0.99392325 0.99488574 0.99636954 0.9969144 0.997023 0.9969027 0.99682224 0.9978665 0.9975688 0.99342763 0.99163884 0.9891264 0.99675244 0.9967401 0.9954692 0.99574775 0.99732804 0.9959786 0.9966769 0.9969247 0.99757403 0.99740195 0.9959917 0.9935703 0.99083143 0.99414057 0.9902561 0.992759 0.9938511 0.9926245 0.99217165 0.9897517 0.9907236 0.9918083 0.98757553 0.98461306 0.98662865 0.9927836 0.9960946 0.9940792 0.9959744 0.9966681 0.99537694 0.99610966 0.9963568 0.9949384 0.99543285 0.99303263 0.9925282 0.99494505 0.9966341 0.99497014 0.9950534 0.9965895 0.9952435 0.99302566 0.9960768 0.98524785 0.9892635 0.994948 0.99221385 0.98801386 0.9905387 0.9911056 0.9838138 0.9887025 0.9944086 0.990659 0.9839259 0.98830384 0.9896361 0.98948085 0.99110353 0.990865 0.9909613 0.98160374 0.99201286 0.9933902 0.9934433 0.98828804 0.98542804 0.98972994 0.99217486 0.992801 0.99093956 0.98749524 0.9895686 0.98890465 0.98820776 0.9856914 0.9888434 0.9916575 0.9914858 0.98908335 0.9852656 0.99592084 0.9959282 0.99518704 0.99433655 0.9954721 0.991187 0.9933107 0.99134433 0.9939154 0.99224937 0.9950724 0.9943075 0.9901806 0.9894031 0.9949236 0.9936442 0.9891495 0.98451936 0.9896792 0.9901631 0.98869497 0.99141306 0.9924475 0.9925084 0.9943657 0.989384 0.9916157 0.99138063 0.9941684 0.99262285 0.9897366 0.9889633 0.99209195 0.9923849 0.9924114 0.9932027 0.9930351 0.9933258 0.99186116 0.99355733 0.9938443 0.99195516 0.992086 0.9951913 0.9947162 0.99254155 0.9951007 0.99051076 0.9938682 0.9951474 0.9956251 0.9962051 0.99608874 0.9960691 0.9952733 0.99623126 0.99432844 0.99456644 0.9968711 0.99577945 0.9966902 0.9968453 0.9918603 0.99187964 0.9904739 0.99373305 0.99305505 0.99111104 0.9957115 0.9975033 0.99786067 0.9972588 0.9982066 0.9979699 0.9980351 0.9960007 0.99707645 0.9967548 0.99692136 0.9966232 0.99731314 0.99547493 0.99573326 0.99695194 0.99661946 0.99635494 0.9968014 0.99481136 0.995177 0.9947389 0.9919835 0.9937251 0.9923098 0.9958178 0.99360925 0.99381995 0.9926779 0.98767424 0.9880126 0.99001294 0.9916308 0.992296 0.9943045 0.9963681 0.9967069 0.99602425 0.9966736 0.99588144 0.9969723 0.99783134 0.995196 0.9972647 0.99543345 0.99577886 0.9967254 0.99574655 0.993629 0.99441254 0.99529433 0.9953902 0.9957984 0.99709046 0.9976556 0.9964885 0.99638814 0.9950656 0.99400574 0.99338865 0.9946787 0.99674046 0.99564743 0.9929942 0.98963886 0.9907093 0.9926271 0.99402183 0.99266213 0.9930944 0.9949185 0.9938618 0.9957194 0.99328107 0.991715 0.99413764 0.99364823 0.9909494 0.99000114 0.9894051 0.9928131 0.9939241 0.9945856 0.99466974 0.99532974 0.991192 0.9917863 0.99230194 0.9865413 0.9846765 0.9850038 0.994863 0.9918882 0.9924145 0.9942355 0.994737 0.99304545 0.9933498 0.9926571 0.99413544 0.99480754 0.9908731 0.990529 0.9915437 0.9929211 0.9917158 0.99334455 0.99060607 0.98875177 0.992367 0.992772 0.99348176 0.99304855 0.9934959 0.9921634 0.99156183 0.99322236 0.98952717 0.9953416 0.9948453 0.99259824 0.9930961 0.99253255 0.99083126 0.99218804 0.9945066 0.99454856 0.9941966 0.99230164 0.9931505 0.987566 0.9941794 0.9926475 0.9941494 0.9921383 0.99035573 0.99401313 0.9971625 0.9956164 0.99334013 0.9951622 0.99627006 0.99414897 0.9941113 0.9947515 0.98780584 0.9914087 0.99460685 0.99184686 0.9913501 0.99411297 0.9951546 0.9943439 0.99432623 0.9941953 0.9936604 0.9951461 0.9933337 0.9955198 0.9959624 0.995107 0.99329334 0.99420226 0.99621254 0.9951763 0.9943894 0.99223375 0.9867546 0.98900056 0.99037087 0.9924243 0.9928632 0.99150544 0.9905372 0.9924527 0.9924139 0.9885766 0.987584 0.98837614 0.98957866 0.99149656 0.9924823 0.99008906 0.99541116 0.99343777 0.9917225 0.9879379 0.995923 0.9957665 0.9954772 0.99531066 0.99403036 0.99661195 0.99606043 0.9938256 0.99459517 0.995403 0.995531 0.9946011 0.9921082 0.9922733 0.99389124 0.9943356 0.99632317 0.98963886 0.9889523 0.99079776
CxipikoIvo_SRP19090IvoCPauci-L2_3 0.9936268 0.99395657 0.9951403 0.9935026 0.9947581 0.991313 0.9896053 0.98556274 0.9944761 0.997487 0.99735147 0.9971107 0.99624026 0.99611586 0.99869967 0.99911183 0.9999994 0.9993619 0.9988175 0.99669003 0.9963306 0.9974188 0.9929093 0.99491644 0.99519676 0.99508846 0.9962821 0.9946195 0.99700814 0.9971726 0.9972108 0.9964235 0.99731034 0.99396133 0.9923758 0.99581116 0.9956734 0.9962188 0.9947015 0.99531925 0.9956818 0.9945489 0.99420524 0.9958209 0.9942691 0.99511796 0.9961648 0.99576634 0.9956892 0.99563485 0.99444646 0.9929583 0.9923128 0.9921964 0.98975474 0.9965364 0.9952993 0.9924076 0.99538535 0.99670464 0.99633723 0.99652046 0.9951114 0.9942794 0.9915284 0.9928049 0.99289614 0.99125844 0.99191254 0.9916817 0.9936273 0.98969036 0.9908476 0.9940821 0.99324244 0.9952727 0.99232775 0.99145883 0.99386084 0.9934786 0.9920903 0.9935273 0.9943487 0.9906418 0.98917085 0.99129194 0.9921913 0.99263126 0.99380016 0.9906687 0.9920493 0.9972466 0.9926844 0.99279875 0.99228567 0.9929934 0.9892647 0.9912928 0.98996395 0.9910362 0.99072707 0.99429834 0.9937004 0.9916464 0.9914964 0.9918898 0.99160206 0.99159735 0.99277514 0.9911832 0.99178886 0.9917162 0.9921602 0.9935443 0.9920432 0.99164814 0.99235153 0.9903801 0.99005747 0.99047285 0.99097455 0.9887836 0.9949316 0.9940776 0.9940096 0.99295354 0.99552494 0.9926808 0.99221766 0.99344933 0.9947988 0.9942463 0.9950532 0.99511355 0.9941744 0.9977623 0.9967704 0.9964929 0.9966236 0.9872067 0.9879281 0.98294485 0.98642904 0.99213594 0.99104875 0.9925606 0.9912925 0.9898901 0.9915135 0.992011 0.9919474 0.98874474 0.9877662 0.9847908 0.9954798 0.99596757 0.9966174 0.99357235 0.99276805 0.99081403 0.99357337 0.9906933 0.99285555 0.9916272 0.9928227 0.99394774 0.9953308 0.995808 0.9945918 0.99476725 0.99527377 0.9928163 0.9932783 0.9931747 0.9918098 0.9931067 0.99696296 0.99742603 0.9970921 0.9966056 0.99604553 0.9969405 0.9965439 0.99131775 0.9889467 0.98626924 0.99636924 0.996074 0.9946077 0.99552405 0.996702 0.9952619 0.99546605 0.99656206 0.9967345 0.99670476 0.9956907 0.99348575 0.9907645 0.9939393 0.9902897 0.99189144 0.9930778 0.99221116 0.9922727 0.98920083 0.99024445 0.99081147 0.98737085 0.98461014 0.98632616 0.99142075 0.9955064 0.99402654 0.99548966 0.9952335 0.9945074 0.995037 0.9949615 0.9952657 0.99561197 0.9935457 0.99325514 0.994943 0.9969583 0.9959042 0.9938998 0.99671507 0.9959855 0.99419975 0.99635243 0.98601776 0.9892641 0.9947801 0.99237967 0.9885391 0.9905857 0.99157274 0.984548 0.9893902 0.9938229 0.9886627 0.9812064 0.9865825 0.9880905 0.98953843 0.9914259 0.99127126 0.99097776 0.98181504 0.99126697 0.9922192 0.99291706 0.98850125 0.98643446 0.99004143 0.9921876 0.9933232 0.9914768 0.98728997 0.9892684 0.98874074 0.9882973 0.98631907 0.9886 0.9911369 0.9912279 0.9891179 0.98574007 0.9959156 0.9957326 0.9953176 0.99428785 0.99492234 0.9913671 0.99355525 0.99157417 0.99356955 0.9910938 0.9940733 0.99329704 0.9908288 0.98991454 0.99477154 0.9929666 0.9897743 0.98576224 0.9902528 0.9904221 0.9890885 0.9918528 0.9926717 0.9924533 0.9945209 0.9899531 0.9919834 0.99188167 0.9938241 0.99286044 0.9902566 0.98968476 0.9907908 0.9905551 0.99130064 0.9911978 0.99092615 0.99135214 0.9905194 0.99382585 0.99421537 0.99238896 0.99098825 0.9938774 0.9939232 0.9922398 0.99420327 0.9904723 0.99337274 0.99505013 0.99599886 0.99591184 0.99576694 0.99571943 0.99404377 0.9947927 0.9924917 0.9931426 0.9964281 0.9952542 0.9961029 0.99621105 0.9915448 0.99078727 0.9900228 0.99149793 0.99018633 0.9879463 0.9957763 0.9969691 0.99714184 0.99691105 0.99779063 0.99768335 0.997532 0.996319 0.99690104 0.99620605 0.99649245 0.99666184 0.9971357 0.9958303 0.99561 0.997104 0.997298 0.997626 0.9977447 0.99642426 0.99684614 0.9960754 0.9893825 0.99247265 0.9915108 0.99462855 0.99271315 0.9927654 0.9917214 0.9864861 0.98641574 0.9883455 0.99047405 0.9910508 0.9930742 0.9966258 0.99639595 0.99578124 0.996651 0.995355 0.99607253 0.99706674 0.9941685 0.9972512 0.99474907 0.9951159 0.99623483 0.99482465 0.99190634 0.9936816 0.99408484 0.9957293 0.9954603 0.9972912 0.99699795 0.99662626 0.99676824 0.9928758 0.9921116 0.9912785 0.99298507 0.99551404 0.9939311 0.9920967 0.989197 0.98958474 0.99177045 0.9928841 0.99161273 0.9921779 0.9940014 0.9930204 0.99574584 0.99413645 0.99221915 0.99389684 0.99275804 0.99163055 0.9905836 0.9895828 0.99202025 0.9932763 0.9936178 0.9944444 0.9944349 0.9909957 0.99190646 0.99195814 0.9874504 0.98527247 0.9856964 0.99308085 0.9912043 0.991766 0.993761 0.9943257 0.99280775 0.9924506 0.99188185 0.99353254 0.99296415 0.99090135 0.9894242 0.990349 0.99247557 0.9911447 0.99199104 0.9889158 0.9870386 0.9906039 0.9899174 0.991817 0.991297 0.9913981 0.9912205 0.99010533 0.9917234 0.9889886 0.99473155 0.99461097 0.9927374 0.99302286 0.99267167 0.99035245 0.9912257 0.99444026 0.9942486 0.9931076 0.9920222 0.992913 0.9883864 0.9938427 0.9926986 0.99260527 0.9913492 0.99074835 0.9937476 0.99603015 0.99457175 0.99281967 0.9947303 0.9956562 0.9941318 0.9939746 0.9947881 0.98823804 0.9914641 0.99415696 0.9919904 0.9916954 0.9932195 0.9946396 0.99289966 0.9933907 0.9936692 0.99327886 0.99404263 0.9930468 0.9944084 0.9961239 0.99614716 0.9949769 0.99558145 0.99630135 0.9960941 0.9957516 0.9940425 0.9864487 0.9879282 0.98925906 0.99115705 0.9908981 0.990119 0.98947036 0.9915403 0.9908782 0.9884994 0.98734415 0.9879147 0.9886287 0.98988307 0.99089783 0.98852164 0.9943162 0.99190617 0.98897946 0.98499167 0.9940489 0.99437475 0.99371004 0.9936118 0.9918846 0.9955218 0.9950585 0.9920757 0.9930843 0.9943198 0.9940055 0.992399 0.99023414 0.9899856 0.99207735 0.99260056 0.99525565 0.9919465 0.99178416 0.9929998
CxipikoIvo_SRP19090IvoCPauci-L2_4 0.99460447 0.995304 0.9963321 0.9939134 0.995147 0.9930097 0.991422 0.98767245 0.99466234 0.99732846 0.99703234 0.99734235 0.9958152 0.9955996 0.99889255 0.9987725 0.9993619 0.9999999 0.9992648 0.9963622 0.9951396 0.9964452 0.99413013 0.9952483 0.99557143 0.99459267 0.99601275 0.99359024 0.9969135 0.9962588 0.9964592 0.99636865 0.99642205 0.9933733 0.9915041 0.99676174 0.9967803 0.9963823 0.9956456 0.9958754 0.9958547 0.99471766 0.9951631 0.9956896 0.99547464 0.9963106 0.9963368 0.9958985 0.9960494 0.99559593 0.994766 0.99328876 0.99248844 0.9929682 0.9904479 0.99752724 0.99678427 0.99417746 0.99653524 0.99725467 0.9968462 0.9973471 0.996156 0.99532616 0.9934562 0.99454427 0.9932739 0.991962 0.9921962 0.99296224 0.9944873 0.99129206 0.9916911 0.9942409 0.9936419 0.9951801 0.99353105 0.9927762 0.9948 0.9941023 0.9930383 0.99383 0.99523735 0.9909886 0.98948324 0.99177796 0.9921946 0.9931358 0.9940076 0.99164337 0.99282193 0.99632174 0.9932602 0.9932392 0.99265563 0.9933555 0.98987657 0.99168634 0.99054205 0.9913452 0.99126637 0.9943469 0.99350727 0.991216 0.9908716 0.9923942 0.9911328 0.99125063 0.99273896 0.99108773 0.99156237 0.99161583 0.9920848 0.9936025 0.9923396 0.9913551 0.9929484 0.99114496 0.99079394 0.991359 0.99176186 0.98926526 0.99566203 0.9945356 0.9947236 0.9941071 0.9957903 0.9939917 0.99406904 0.9947177 0.9959127 0.9954476 0.9958357 0.9959046 0.9950685 0.9973586 0.9973483 0.99738246 0.9975232 0.9882593 0.9883937 0.98366696 0.9870849 0.99314797 0.9914905 0.9925828 0.99266315 0.99147016 0.9927025 0.9929104 0.9937307 0.99039 0.98909825 0.9869705 0.99571466 0.9961842 0.99650776 0.9933073 0.992668 0.99062747 0.993332 0.98983175 0.99232405 0.9910339 0.9922949 0.9931265 0.9950347 0.9955239 0.99475634 0.9944718 0.9948772 0.99179333 0.99264884 0.99256426 0.9908869 0.99246293 0.9964745 0.99634486 0.9960543 0.9969658 0.9958341 0.9962555 0.9958855 0.9908636 0.98863137 0.98546135 0.99679214 0.9963368 0.99474096 0.99606895 0.9967267 0.9952775 0.9948067 0.9964553 0.9964132 0.99696755 0.99620676 0.99440026 0.9918988 0.9943438 0.9909203 0.9917679 0.993378 0.99255306 0.99341464 0.98940295 0.99037194 0.9903403 0.9880776 0.9856896 0.9871053 0.99115014 0.99642825 0.99530774 0.99636966 0.995589 0.99556327 0.99585426 0.9952746 0.9964454 0.9967614 0.9940235 0.9937068 0.99551564 0.9973355 0.99632376 0.9939338 0.9971599 0.99649376 0.99479765 0.99656963 0.98864794 0.9915772 0.9955122 0.9935981 0.9903539 0.9918299 0.9922723 0.98654836 0.9910337 0.99425244 0.9881127 0.9798723 0.986177 0.9879729 0.9910096 0.9923295 0.99323964 0.992404 0.9839765 0.99269444 0.99335456 0.9944061 0.9903475 0.98843706 0.99126613 0.9933817 0.9949091 0.99300396 0.9884275 0.99061644 0.9901256 0.9889028 0.9875274 0.9897266 0.9917074 0.991813 0.9896397 0.9864719 0.9963355 0.9957412 0.99583197 0.9950417 0.9952927 0.9921628 0.99412256 0.9932691 0.9948436 0.9920228 0.9946982 0.9942402 0.9922837 0.9916042 0.9951649 0.9942541 0.9909996 0.98671734 0.9915366 0.9915229 0.9896702 0.9935537 0.9936974 0.9937746 0.9953656 0.99168724 0.9933125 0.993175 0.99510026 0.99406564 0.99146736 0.99084604 0.9906887 0.9892646 0.9908582 0.9902784 0.9902126 0.9901575 0.989573 0.995468 0.9955587 0.99390787 0.9919013 0.99436915 0.99482214 0.9936239 0.9948297 0.99177027 0.99413115 0.9960201 0.9971221 0.99616486 0.9962667 0.9958706 0.9942618 0.994772 0.9923497 0.99329233 0.99682677 0.9954077 0.9963201 0.9965325 0.9926867 0.99166554 0.9910264 0.99158263 0.98965913 0.9877396 0.9965974 0.9968377 0.9969934 0.99695027 0.99744576 0.9977271 0.9968152 0.9956027 0.99738485 0.9964469 0.99671507 0.9972445 0.9968281 0.99580747 0.99544305 0.99778694 0.9976562 0.9979932 0.997803 0.9973437 0.9972116 0.9962168 0.9882258 0.9931219 0.992532 0.9950321 0.9931595 0.99345815 0.99334383 0.98811877 0.98787856 0.98950875 0.99170774 0.9922707 0.9941855 0.99720025 0.9958464 0.9964439 0.99724567 0.9959118 0.9959943 0.997389 0.9930497 0.99783236 0.99368334 0.99416226 0.9964191 0.9943801 0.990847 0.9928012 0.993349 0.9967698 0.9949194 0.997685 0.99645185 0.99725556 0.9973935 0.99195325 0.9911422 0.99028516 0.9915869 0.9947817 0.99402654 0.9933748 0.9909732 0.99145913 0.99350727 0.99442333 0.9931692 0.99407905 0.9955237 0.99458665 0.99576795 0.9938864 0.99198014 0.99443275 0.99214804 0.9915913 0.99049616 0.98905635 0.9918424 0.9935895 0.9934826 0.9950394 0.9943222 0.99201 0.9925436 0.992312 0.98885864 0.98628044 0.98665017 0.99269235 0.9914163 0.9921584 0.9938748 0.9947322 0.99309874 0.99290574 0.99231434 0.9940815 0.9925309 0.992155 0.9904128 0.9910445 0.99269366 0.99164027 0.99209887 0.98944116 0.9873766 0.9911567 0.99036 0.9923468 0.99221504 0.99184847 0.99221027 0.9905808 0.99216 0.99034053 0.99436355 0.9941604 0.9926704 0.99316025 0.99321616 0.9916449 0.99153686 0.9945681 0.99534523 0.99428815 0.99286264 0.9941469 0.989918 0.9946608 0.9935623 0.9932257 0.99202776 0.9921955 0.99436355 0.99661565 0.99468243 0.9931511 0.9953376 0.99610245 0.9954221 0.99520755 0.9960356 0.98950577 0.99235 0.9950487 0.99258995 0.9929387 0.9940751 0.99510807 0.99268275 0.9935522 0.9940727 0.99356645 0.994371 0.9936634 0.99479705 0.99565476 0.995589 0.99433506 0.9949302 0.9949922 0.9949943 0.9949374 0.9931874 0.9880292 0.98957884 0.9906483 0.9921589 0.9913542 0.99092525 0.9909604 0.9926005 0.9920234 0.9897144 0.98872185 0.98925906 0.98964345 0.9904553 0.9911914 0.98890525 0.9933531 0.990173 0.9873162 0.98275095 0.9927914 0.99306333 0.9922576 0.99223506 0.990213 0.99468434 0.9935179 0.9902848 0.9916051 0.9927999 0.9923951 0.9909229 0.98810893 0.9876919 0.99003756 0.9907452 0.99402815 0.9933131 0.9932327 0.9941373
CxipikoIvo_SRP19090IvoCPauci-L2_5 0.9937835 0.99585736 0.99585176 0.9925887 0.9942353 0.99410456 0.9920648 0.98840237 0.9957204 0.9973581 0.99733245 0.99823165 0.9960341 0.99592566 0.9992406 0.9983008 0.9988175 0.9992648 0.9999997 0.9969256 0.99508625 0.9963477 0.99517876 0.9958032 0.9956749 0.99406064 0.9959058 0.9928266 0.99671555 0.99575806 0.99568295 0.99660206 0.99608374 0.9919215 0.9896563 0.9967787 0.99651396 0.9954033 0.9962694 0.99637777 0.9960534 0.9946019 0.9955058 0.9947805 0.9954167 0.99665433 0.9962677 0.99594754 0.9964952 0.99558496 0.995996 0.9945916 0.9932009 0.99348456 0.99154806 0.9971665 0.9964596 0.9932102 0.99552125 0.9972898 0.9968235 0.99662405 0.9968916 0.9958532 0.99400854 0.9949552 0.99431473 0.99380505 0.9936072 0.99448925 0.9957862 0.993511 0.9933806 0.9953855 0.9951799 0.9959276 0.9955711 0.9944989 0.9958359 0.9955647 0.99483436 0.99402237 0.9955234 0.99145424 0.9894039 0.992424 0.99234164 0.9934759 0.9944868 0.99195296 0.99345976 0.99559265 0.994249 0.9942282 0.99382937 0.99418926 0.99085647 0.99263555 0.99160486 0.9916946 0.99228203 0.99501663 0.9942356 0.992671 0.9914068 0.9935731 0.99107 0.99174607 0.9939835 0.99214566 0.9927329 0.99222094 0.9926977 0.99401593 0.9932295 0.99146396 0.99468267 0.99331546 0.9932222 0.9932889 0.9938538 0.991454 0.9968018 0.99600667 0.99582547 0.9956304 0.99625695 0.9955182 0.9956942 0.9962251 0.9969464 0.99680567 0.996799 0.99680215 0.9964834 0.9959999 0.99682593 0.99683714 0.9970621 0.9883328 0.9882394 0.98332417 0.98710907 0.994547 0.99351364 0.99421895 0.99426234 0.9936577 0.99422014 0.994633 0.99489117 0.9926014 0.991177 0.989087 0.9967293 0.99677026 0.99676085 0.99294585 0.9920367 0.99138546 0.9931523 0.99066126 0.99208087 0.99169225 0.9926594 0.9926718 0.99440384 0.99590784 0.9947487 0.9950342 0.99473315 0.99139494 0.9931296 0.9923026 0.9902646 0.99168026 0.99676484 0.9956821 0.99510586 0.99770015 0.9963042 0.99584305 0.995669 0.9910438 0.98863614 0.98564166 0.9974967 0.99646044 0.99529624 0.99590856 0.996394 0.996125 0.99427617 0.9966783 0.9960047 0.9976439 0.99747694 0.99628586 0.9936834 0.9953133 0.9917771 0.99293005 0.9943546 0.993053 0.9945459 0.9904953 0.9906677 0.9914866 0.98887944 0.98660755 0.9876187 0.9916655 0.9962949 0.9958274 0.99684006 0.9951068 0.99590766 0.99529773 0.9952037 0.996678 0.99656236 0.9929458 0.9925546 0.99459755 0.9967843 0.99600637 0.99415505 0.99752927 0.9963442 0.99541676 0.99616045 0.99028146 0.99278265 0.99599767 0.99425447 0.9920603 0.9930316 0.9925447 0.98924196 0.99156857 0.99472266 0.9878835 0.9800406 0.98643917 0.988601 0.99224204 0.99352086 0.99412596 0.99435955 0.9871429 0.9933648 0.99389297 0.994862 0.9918636 0.99092555 0.9933077 0.9951994 0.99538624 0.9949655 0.99085397 0.992959 0.9923381 0.9907556 0.9902437 0.991716 0.9934828 0.99335593 0.99141216 0.9883149 0.99661434 0.9964788 0.99650234 0.99636906 0.99592245 0.99420464 0.99570227 0.99477255 0.996076 0.9927306 0.99561644 0.9949573 0.99387103 0.99359506 0.99587905 0.9944918 0.99278855 0.989263 0.9939811 0.99377406 0.9920973 0.99483705 0.99536407 0.9950871 0.99624026 0.99353087 0.99460965 0.9940535 0.9965407 0.9951416 0.99323803 0.9926572 0.9917921 0.99034053 0.9920111 0.9910244 0.99058235 0.99095166 0.99055445 0.99592936 0.9953195 0.99458385 0.9938645 0.99560386 0.9960223 0.9951534 0.9961277 0.9937459 0.99557346 0.99716014 0.99764067 0.9964131 0.99676013 0.9962505 0.99458 0.9943289 0.99186873 0.9928607 0.9971847 0.99621785 0.9969255 0.99726796 0.9915174 0.9899675 0.9889825 0.9915833 0.98969555 0.98779804 0.99781257 0.9974087 0.9975462 0.99741626 0.99715596 0.997761 0.99606967 0.99407506 0.9980217 0.99626416 0.99686533 0.9969849 0.9960731 0.99475807 0.9939758 0.9978853 0.997244 0.9979363 0.99709266 0.996804 0.99632645 0.99523246 0.9866725 0.9948216 0.9946282 0.9959968 0.9947904 0.99510145 0.99477524 0.989996 0.98955876 0.991108 0.9929727 0.99300426 0.9946516 0.997226 0.99513495 0.9971897 0.9976636 0.99643123 0.9955143 0.9968029 0.991918 0.99781334 0.99234164 0.9930713 0.99638027 0.9933102 0.98952675 0.99137735 0.99231625 0.99751705 0.99353707 0.99768037 0.99548894 0.9974668 0.99748075 0.99173135 0.9916954 0.99076235 0.99169135 0.9946572 0.99334854 0.99419254 0.9928964 0.9931182 0.99509645 0.9949824 0.9947461 0.99498695 0.9956788 0.99518853 0.9963858 0.99400806 0.99224675 0.9949284 0.9929787 0.99266845 0.9920181 0.98992485 0.99280024 0.9946633 0.9946499 0.9961153 0.995566 0.9940184 0.99450177 0.9941084 0.99061215 0.98863554 0.98917496 0.9930972 0.9927376 0.9933461 0.9947925 0.9954432 0.99449116 0.99442136 0.9938372 0.99495137 0.99289864 0.9941473 0.99272394 0.99277925 0.99405307 0.993209 0.9930618 0.99159837 0.9895922 0.99312055 0.9916269 0.9936272 0.9937748 0.99308604 0.9941079 0.99271154 0.9937649 0.9928523 0.99528056 0.99525326 0.99425066 0.9947676 0.99476546 0.9936591 0.9933808 0.9952415 0.9962466 0.9955891 0.9943746 0.9955057 0.99211663 0.995866 0.9955008 0.99443144 0.99291027 0.9936614 0.9952566 0.9971959 0.9958644 0.9941156 0.99613607 0.9964964 0.996351 0.9958241 0.99653316 0.9911179 0.9931987 0.99519813 0.99399996 0.99477935 0.9949838 0.9952029 0.99274206 0.99421513 0.99432117 0.99326897 0.9946848 0.9938022 0.99483615 0.99527705 0.9952284 0.9928839 0.99421674 0.99410415 0.9941652 0.9939366 0.9919822 0.9909244 0.9919684 0.9926333 0.9936155 0.9924098 0.99266064 0.9928547 0.9936981 0.99327654 0.99254256 0.9915665 0.9919804 0.9921182 0.99247766 0.99319464 0.9908868 0.9937875 0.98953485 0.98676276 0.98221207 0.99207026 0.9928077 0.99178225 0.99195 0.9894316 0.9939238 0.9923832 0.98863804 0.9908781 0.99105775 0.9911664 0.99014294 0.98640454 0.986318 0.9887292 0.9896125 0.99301475 0.9937414 0.9923538 0.9935082
CxorovicxSvetozar_SRP19051SvetozarCZenidbaPK-L2_1 0.99236184 0.9950019 0.9946524 0.9933731 0.9948764 0.9916033 0.9884043 0.98369 0.99736595 0.99817353 0.99862254 0.9981448 0.9980874 0.9983419 0.9981985 0.9976827 0.99669003 0.9963622 0.9969256 1.0 0.998739 0.9990597 0.99634784 0.9975289 0.9975169 0.99694395 0.997785 0.9963331 0.9983151 0.9979835 0.9974439 0.9982174 0.9981101 0.9915284 0.9892607 0.9940374 0.9933494 0.9928171 0.9959818 0.9963339 0.9966715 0.996541 0.9950562 0.99516416 0.99292475 0.99501324 0.99673855 0.9971616 0.99783236 0.99721706 0.99772805 0.9964015 0.99491245 0.99310815 0.9911729 0.994705 0.9933528 0.9872564 0.99165815 0.99616253 0.9951944 0.9936133 0.99586123 0.994151 0.98987013 0.99097514 0.99542475 0.9946223 0.99500465 0.99570006 0.99574375 0.9930292 0.99337375 0.99676144 0.9958214 0.99733824 0.9943405 0.9926335 0.9950005 0.9969618 0.99343973 0.99360466 0.994153 0.9946453 0.99265045 0.9948996 0.99553716 0.9955634 0.99681205 0.9924701 0.9942807 0.9967488 0.9933813 0.9934342 0.99309003 0.994566 0.99106675 0.9937371 0.991855 0.9924496 0.99082875 0.994282 0.995061 0.9958089 0.99562156 0.995023 0.9945559 0.9953603 0.9961705 0.99517655 0.9957966 0.99525905 0.9951658 0.9957056 0.9950711 0.99438256 0.9955949 0.99494493 0.9945112 0.9945612 0.99471647 0.9933269 0.99736047 0.9976349 0.9976288 0.9965247 0.99794793 0.9964083 0.9935233 0.9958122 0.9968413 0.9964451 0.9979676 0.99773866 0.9969295 0.9941794 0.9941082 0.9942013 0.9952785 0.9906008 0.9917553 0.9872302 0.9902022 0.9955584 0.9958664 0.9969054 0.9935245 0.9929578 0.9943909 0.99508977 0.9900504 0.9891799 0.9876692 0.98451316 0.9968959 0.99694926 0.99727714 0.9946421 0.9937096 0.9938015 0.99504995 0.99355596 0.9938582 0.99340504 0.9948424 0.99536437 0.9952685 0.99749064 0.99485505 0.9969011 0.9960514 0.99481815 0.99663746 0.9959663 0.99413073 0.994796 0.9968816 0.99618167 0.995911 0.99806285 0.99817145 0.99793833 0.9980016 0.9957722 0.9941021 0.992349 0.99700594 0.99682814 0.9968407 0.9958238 0.9970803 0.9975653 0.9964531 0.9976084 0.9971472 0.998372 0.9973594 0.99586654 0.9938083 0.99636644 0.9924656 0.99499655 0.9956704 0.9935611 0.99403524 0.9926963 0.9924082 0.9951114 0.99013466 0.9869238 0.9886801 0.9946349 0.9959943 0.994794 0.9966072 0.99606144 0.9961855 0.9949489 0.9962341 0.99474645 0.99460983 0.9910792 0.9902381 0.99358606 0.99580616 0.9939178 0.99615085 0.99654394 0.99434996 0.99311084 0.9946627 0.98709536 0.9908844 0.9961463 0.9928273 0.9903898 0.99241775 0.9922922 0.9874312 0.9897766 0.9956192 0.9917095 0.9865419 0.99068165 0.992326 0.99210054 0.99289685 0.99154466 0.9938756 0.98655474 0.9936753 0.99519044 0.9943978 0.99093807 0.9890709 0.99285424 0.9949345 0.9937369 0.99360603 0.9916426 0.9936618 0.9926047 0.9913586 0.9898035 0.9924379 0.9953643 0.99490905 0.9920977 0.98886 0.99687284 0.99772906 0.9962924 0.9966048 0.99717635 0.99410015 0.9956447 0.992741 0.9956685 0.9936934 0.9964346 0.99540275 0.99195236 0.9915668 0.9962459 0.99379086 0.99129623 0.98787147 0.9922089 0.99304116 0.99144375 0.9928571 0.9944391 0.9941836 0.9958129 0.99172074 0.99360687 0.9931519 0.995983 0.9943981 0.99264514 0.99186456 0.9948224 0.9954468 0.9948818 0.9957317 0.9948657 0.99568707 0.99435914 0.9935441 0.99261785 0.9922513 0.9951032 0.9972565 0.9964609 0.9941929 0.9965357 0.9938497 0.99597085 0.9970407 0.9964545 0.996997 0.9971664 0.99709886 0.9964023 0.9959672 0.9946002 0.99468815 0.9976966 0.99768907 0.99816567 0.9983103 0.98956174 0.98868996 0.9867378 0.9951712 0.9949069 0.99326813 0.9975966 0.9987632 0.9987266 0.9980733 0.9981081 0.99775505 0.99693847 0.99301594 0.99736214 0.9962007 0.9967356 0.99504334 0.9955952 0.9928962 0.9923309 0.99635714 0.9954964 0.9961788 0.9955542 0.99348545 0.9928796 0.9923615 0.9908405 0.9962224 0.9952317 0.99679416 0.9953345 0.9956582 0.99417377 0.9915936 0.99212205 0.99402875 0.9948668 0.99417 0.995538 0.99685353 0.9966334 0.99709314 0.9975013 0.99741286 0.9966612 0.9970584 0.99372095 0.99712527 0.9940472 0.99486023 0.9971012 0.99492013 0.9920889 0.9924374 0.9942119 0.99670494 0.9930834 0.9967837 0.99626404 0.99704415 0.99633527 0.99575335 0.99658144 0.9959295 0.99626034 0.99699146 0.99521905 0.993816 0.99286807 0.9928056 0.9944382 0.99467766 0.99494034 0.994493 0.9952887 0.99472874 0.997276 0.99457735 0.9933746 0.99545264 0.9956801 0.9934525 0.9930751 0.99221325 0.9949598 0.9955946 0.9964083 0.9966497 0.99736685 0.99380386 0.9942918 0.9953961 0.9888086 0.9881706 0.98814785 0.9961959 0.994922 0.9946425 0.99630404 0.996277 0.99438137 0.99523264 0.99468803 0.9955984 0.99618423 0.9937248 0.99495614 0.9951488 0.9954588 0.99484295 0.9954515 0.9945815 0.9927518 0.9967734 0.99616534 0.9970769 0.9965283 0.99700856 0.99628496 0.9962276 0.9972013 0.99434865 0.99723136 0.99676085 0.9950876 0.99550873 0.99490774 0.9942364 0.99589425 0.9965478 0.99625725 0.99638796 0.99532044 0.9954206 0.9911175 0.9966278 0.9957304 0.9970379 0.99499094 0.99312794 0.9963411 0.9983098 0.99798226 0.9961431 0.9974343 0.9974729 0.99565434 0.9958761 0.99582595 0.99050134 0.99348575 0.99522436 0.9943459 0.9936941 0.99613476 0.9966307 0.9959236 0.99630046 0.99587286 0.9950734 0.9968224 0.9949082 0.9967838 0.9955089 0.99399775 0.9907576 0.992819 0.99481857 0.99384445 0.9925267 0.9893313 0.9912634 0.9927945 0.9937515 0.9949932 0.9952415 0.9946039 0.99378616 0.99463487 0.99490625 0.99305487 0.99183875 0.99272764 0.9940315 0.99542385 0.9957791 0.99431527 0.99709404 0.99410343 0.9926859 0.98945993 0.9954336 0.99618244 0.9956802 0.9957572 0.9940932 0.9964252 0.9947911 0.99174714 0.9944648 0.9933175 0.9945632 0.994596 0.99082625 0.9911971 0.99315524 0.9938051 0.99541616 0.9885499 0.9859999 0.98841375
CxorovicxSvetozar_SRP19051SvetozarCZenidbaPK-L2_2 0.9903158 0.9917432 0.99248636 0.9922399 0.9936755 0.9874835 0.98439527 0.9788034 0.99623114 0.9979908 0.99835527 0.996633 0.9982295 0.9986445 0.9969945 0.99752605 0.9963306 0.9951396 0.99508625 0.998739 0.9999998 0.9994481 0.9930738 0.9950996 0.99560463 0.9970044 0.99689066 0.996917 0.997575 0.99867284 0.9975698 0.9971951 0.9984359 0.9929797 0.9912783 0.9918481 0.9910157 0.9923612 0.993466 0.99373376 0.99521434 0.995923 0.99268645 0.9947841 0.99011105 0.992331 0.99544704 0.99587196 0.99653745 0.996952 0.99596024 0.9946675 0.9937131 0.990669 0.98866254 0.99228543 0.9902033 0.9843323 0.9892558 0.99441195 0.9932357 0.9915427 0.9933473 0.9918417 0.98592836 0.98721933 0.9931508 0.9920637 0.9929515 0.9918514 0.9920036 0.98854345 0.9898827 0.9950784 0.99336773 0.9963876 0.99084944 0.9894729 0.99214816 0.99447644 0.99004763 0.9917597 0.9912718 0.99342096 0.99086666 0.9930893 0.9948107 0.9937326 0.9955176 0.9898419 0.9917937 0.99764466 0.9903166 0.99102443 0.9909644 0.99188745 0.98792374 0.99112535 0.9890153 0.99065727 0.9883085 0.9926467 0.9935994 0.9945573 0.9953227 0.99176186 0.99396384 0.99454373 0.9938544 0.9932987 0.9940511 0.993547 0.9934503 0.99398637 0.99258024 0.99321437 0.9923335 0.99136364 0.9907462 0.99079376 0.9914866 0.99031913 0.99511653 0.9955695 0.9951853 0.9931506 0.9964868 0.9932163 0.9890645 0.9919523 0.99354666 0.99293375 0.9954454 0.99503815 0.9940172 0.9942832 0.99210435 0.99171036 0.9935253 0.98782825 0.98992 0.9849298 0.98765206 0.992958 0.9936616 0.99524033 0.98915625 0.98822117 0.9904447 0.9914913 0.9853599 0.9840234 0.98256296 0.9785053 0.9944709 0.99505144 0.99598956 0.9938554 0.99300563 0.9927197 0.99460816 0.9931267 0.99372715 0.9923616 0.9941304 0.9957069 0.9950814 0.9967863 0.9935832 0.99570024 0.9955101 0.9958385 0.99671304 0.9962879 0.9952486 0.9952123 0.99630326 0.99711597 0.9970451 0.99623054 0.997583 0.9984925 0.9981836 0.9951888 0.99389523 0.9925804 0.9952161 0.9953342 0.99534327 0.99420553 0.99708396 0.9968355 0.9976686 0.9972875 0.99752903 0.9969732 0.99515456 0.9922576 0.98959726 0.9938544 0.98943394 0.9929264 0.9933496 0.99104613 0.9901056 0.98981 0.99029875 0.9932083 0.98742765 0.9840107 0.98616064 0.99342096 0.99441695 0.9924107 0.9945929 0.9956734 0.9943163 0.99394834 0.9957722 0.9925188 0.9927435 0.9902168 0.9895468 0.99277955 0.99486655 0.9925608 0.99538463 0.9946968 0.99256754 0.9908335 0.99388134 0.9817053 0.9858388 0.9935031 0.98955774 0.98539037 0.98845583 0.9896553 0.9822035 0.98587203 0.99407077 0.9923183 0.988365 0.9907717 0.991552 0.9879953 0.98961794 0.98780185 0.9898765 0.98066884 0.9903431 0.99229044 0.9908292 0.98666215 0.9840935 0.9885616 0.99163157 0.9902487 0.9892222 0.9879396 0.98972297 0.9887209 0.98803777 0.98539275 0.9883861 0.99215657 0.99193436 0.98917997 0.9850235 0.9947548 0.9962209 0.99358803 0.9934739 0.9948935 0.9901624 0.99290407 0.98905826 0.9925967 0.9906384 0.99431944 0.99270767 0.98841125 0.9875694 0.994153 0.9915672 0.98765045 0.98372656 0.9884043 0.98974633 0.9882633 0.98946804 0.9912706 0.991136 0.9931785 0.98717755 0.98971605 0.98914856 0.99225044 0.9913128 0.9885558 0.9874989 0.9943659 0.9963777 0.99503547 0.9966658 0.99612284 0.9967776 0.99516237 0.990409 0.9897777 0.9886846 0.9918257 0.9953861 0.9935143 0.9903304 0.9940933 0.9898685 0.9927351 0.9945074 0.9938711 0.9961362 0.9955292 0.9960776 0.9948215 0.9953024 0.99389416 0.99370164 0.99565315 0.99576986 0.99638295 0.99644214 0.9873385 0.9875507 0.9854723 0.9944336 0.9953178 0.9928683 0.99452984 0.9973835 0.9974891 0.99639994 0.9976864 0.99642825 0.99701154 0.99328166 0.9952947 0.99460715 0.994877 0.99303126 0.99490386 0.99163616 0.9918716 0.99410087 0.9935268 0.99400234 0.99424785 0.9909676 0.9909097 0.9911015 0.99332964 0.9930391 0.9913588 0.9944558 0.9921514 0.99254924 0.99020547 0.9873233 0.98802245 0.9903255 0.99146444 0.99127644 0.99272376 0.9950578 0.9968714 0.9948575 0.99554884 0.9956616 0.9963947 0.99634755 0.9954196 0.9955542 0.9957133 0.9964986 0.99661475 0.99590755 0.99470985 0.9945707 0.9958108 0.99374425 0.9940556 0.9949953 0.99700236 0.9952093 0.9941708 0.99644417 0.99688005 0.9964161 0.9975511 0.9971838 0.9950363 0.9899383 0.98785204 0.98826605 0.99028236 0.991142 0.9908504 0.9907466 0.99242586 0.99098855 0.99591196 0.9934308 0.9923741 0.993467 0.9950674 0.99157774 0.99123096 0.9913275 0.9933768 0.9934255 0.9945498 0.9940679 0.9954552 0.98919016 0.99068636 0.9919327 0.98439884 0.98380715 0.9837461 0.9954661 0.9921957 0.9920164 0.9944085 0.9941161 0.9922214 0.9928339 0.9920024 0.99378806 0.99604386 0.99050844 0.9914692 0.99205464 0.9933473 0.9921885 0.9941902 0.99132764 0.989195 0.9936746 0.9942401 0.9948939 0.99336785 0.99484545 0.9927662 0.9933598 0.994992 0.9898912 0.99626 0.99534595 0.99293953 0.9929033 0.99208426 0.9902617 0.99339116 0.99466246 0.99316174 0.9931732 0.99204135 0.9920249 0.9863111 0.99380827 0.9921758 0.9943965 0.99277174 0.9893993 0.99401367 0.996307 0.9964365 0.9939301 0.9949991 0.9957495 0.99268293 0.9928621 0.9924596 0.98651016 0.9897171 0.9926818 0.99076205 0.9894314 0.9927387 0.9944963 0.9947742 0.99442446 0.9939545 0.9940052 0.99482775 0.9926664 0.9948339 0.99470276 0.9928276 0.990615 0.9919827 0.99563754 0.99375063 0.9919693 0.9885448 0.9862277 0.9882154 0.98988265 0.9921431 0.99298984 0.99137497 0.98987573 0.9914033 0.99178547 0.98863643 0.9870211 0.9884523 0.98994654 0.9925737 0.99368984 0.9918941 0.99693274 0.9962229 0.9951571 0.99285156 0.99753064 0.9976844 0.99732745 0.99739724 0.99628556 0.99694884 0.9967269 0.9947781 0.99648315 0.99532455 0.99683964 0.99662143 0.9935657 0.99457496 0.99573505 0.99650294 0.9969127 0.98448116 0.9827491 0.9859443
CxorovicxSvetozar_SRP19051SvetozarCZenidbaPK-L2_3 0.9922881 0.99333787 0.993994 0.9939691 0.99508953 0.9891795 0.9864028 0.981965 0.99632317 0.99814516 0.99856424 0.9972279 0.99835354 0.99862987 0.9976651 0.9981699 0.9974188 0.9964452 0.9963477 0.9990597 0.9994481 1.0000005 0.99381757 0.9959556 0.99639016 0.99739045 0.9975379 0.99723005 0.99788845 0.99862605 0.99805695 0.9974146 0.99859947 0.9932046 0.9916374 0.9928745 0.99222136 0.9933061 0.9944712 0.9950582 0.99611145 0.9965184 0.9941406 0.9958877 0.99185145 0.99358267 0.99644715 0.9968151 0.997014 0.9976625 0.9966438 0.9954995 0.99486774 0.99275196 0.99065137 0.9941164 0.99230874 0.98680437 0.9916109 0.9957946 0.99498045 0.99343175 0.99456465 0.9932996 0.98791784 0.98928624 0.9946453 0.9930625 0.994221 0.9930208 0.99347234 0.9895857 0.99120283 0.9956664 0.99419886 0.9968249 0.9916499 0.99041516 0.9936626 0.9951389 0.9912605 0.9938844 0.99356425 0.99424165 0.99226815 0.99410796 0.99559474 0.994891 0.99622685 0.99198097 0.9934723 0.9980889 0.99179304 0.99225515 0.99200404 0.99344796 0.98971665 0.9925958 0.9902666 0.9918829 0.98965025 0.99393785 0.99459255 0.9951268 0.99589664 0.9931448 0.9950186 0.995404 0.9949963 0.99441737 0.9949766 0.9948977 0.99488866 0.9953981 0.99401957 0.9946929 0.99314904 0.99213195 0.99154603 0.9917892 0.99226606 0.99087024 0.99555063 0.9955734 0.995596 0.9938628 0.99700975 0.99359506 0.9905124 0.99313587 0.99467355 0.99395955 0.99629754 0.996042 0.99490803 0.99528676 0.9939203 0.9937269 0.99493396 0.9899662 0.9916899 0.98714924 0.9897863 0.9939363 0.9940099 0.9956434 0.9909857 0.9897842 0.9920802 0.9926915 0.9876161 0.98593235 0.98501754 0.98101497 0.99539894 0.99579614 0.99664855 0.99513674 0.99437785 0.9932753 0.99532044 0.99349284 0.99443054 0.9932562 0.9947873 0.9963661 0.9959793 0.99726534 0.9947655 0.99634475 0.9961972 0.99593526 0.9965893 0.9964171 0.99522626 0.9957705 0.99700326 0.99763566 0.9975489 0.99703914 0.99790746 0.9987082 0.99857837 0.99587655 0.9936152 0.9922891 0.9959758 0.99642396 0.99615484 0.9956542 0.99710065 0.9967048 0.99727726 0.9974014 0.9977754 0.9974277 0.9957709 0.99362314 0.9915018 0.99546385 0.9917338 0.9944793 0.9950304 0.99330187 0.99224824 0.99171805 0.9923112 0.9944729 0.9894952 0.98619664 0.9883508 0.9947285 0.99509263 0.9930774 0.9954568 0.9961726 0.99477726 0.9948462 0.9961252 0.9935914 0.9939342 0.9917371 0.99108046 0.99395806 0.99587536 0.99393654 0.9963111 0.9957948 0.99413705 0.9922553 0.99505794 0.9831925 0.98759156 0.99467784 0.9912357 0.98739696 0.99025446 0.991729 0.98363334 0.98817724 0.99494845 0.9924468 0.9874556 0.99090576 0.991863 0.98984486 0.99140483 0.9895396 0.99087065 0.9821194 0.99174505 0.99354655 0.9926437 0.98837596 0.9852036 0.9901113 0.99239534 0.9920396 0.99077904 0.9884303 0.99060184 0.989681 0.98940545 0.9865344 0.9897019 0.9931587 0.9930243 0.9902506 0.9866014 0.9960905 0.997152 0.99541277 0.994739 0.9963103 0.99181813 0.99416256 0.990474 0.99364424 0.99212235 0.9951278 0.994013 0.9898257 0.9887643 0.9952307 0.9928669 0.9893319 0.98564655 0.9895939 0.99069107 0.98934406 0.99081904 0.9924191 0.99228996 0.99471927 0.98892766 0.9916487 0.99146724 0.9937209 0.99282134 0.9904469 0.9897045 0.99415076 0.99570686 0.9944853 0.99598354 0.99529815 0.9961118 0.9945622 0.9918426 0.9917218 0.9906767 0.99226767 0.99567705 0.99451053 0.9917558 0.9950193 0.99106973 0.9941932 0.99516433 0.9949178 0.9968638 0.9964676 0.99679965 0.9959299 0.99641573 0.99510336 0.9950319 0.99660224 0.9966182 0.997046 0.9970651 0.9898275 0.9896109 0.9879982 0.99512917 0.99526936 0.9932887 0.99559534 0.998184 0.99828076 0.9976771 0.9985461 0.9976124 0.99806255 0.99447215 0.9965509 0.9961525 0.9963748 0.9944841 0.99624753 0.9934136 0.99333984 0.9952793 0.9950972 0.99547637 0.9957094 0.9928478 0.992888 0.99270636 0.9931192 0.9940983 0.9924858 0.9955208 0.9934246 0.99361837 0.99151725 0.9882287 0.9890821 0.99104804 0.99240124 0.99237585 0.9938377 0.9961351 0.9974078 0.9956749 0.9964303 0.9963302 0.9970484 0.99691045 0.99560946 0.99643815 0.99592286 0.99648273 0.9970573 0.9963842 0.9943748 0.9948181 0.9958266 0.99488944 0.99466246 0.9960372 0.9973275 0.99622494 0.9956065 0.9964611 0.9966186 0.99608696 0.99717605 0.99728316 0.99575114 0.99116653 0.9890836 0.98942226 0.99122584 0.9922651 0.99165857 0.99166155 0.9931963 0.99211663 0.99662656 0.99477804 0.993574 0.99444443 0.9956051 0.9926183 0.9921804 0.9921706 0.99442744 0.99450994 0.9955255 0.9951972 0.99638796 0.9909505 0.99211526 0.9935075 0.98655236 0.98557013 0.9855117 0.99616593 0.9934625 0.993476 0.99542314 0.9953752 0.9932644 0.99364334 0.99321365 0.9948802 0.9964045 0.99153155 0.9920502 0.99309534 0.9944001 0.9932727 0.9947554 0.9922143 0.99058163 0.993886 0.9940274 0.99491185 0.99385035 0.9951731 0.9933205 0.9933674 0.99506915 0.9906517 0.99639416 0.9957632 0.99347085 0.9937204 0.99299467 0.99115634 0.994158 0.99547446 0.9946314 0.9942232 0.99355376 0.9932448 0.988184 0.99462044 0.9932103 0.9949939 0.99401456 0.990784 0.99482477 0.9970362 0.99679065 0.99509084 0.99586666 0.99643326 0.99382854 0.99423426 0.994079 0.98811823 0.99174654 0.9943056 0.9923208 0.99069065 0.9940115 0.99568534 0.9956128 0.9953005 0.9951291 0.9950552 0.99577093 0.9942505 0.9958538 0.9961958 0.9945704 0.9926848 0.99383944 0.99671507 0.99546117 0.99389863 0.9908643 0.9874406 0.98902494 0.9907217 0.99302757 0.9938586 0.99243426 0.9910626 0.9928881 0.99276704 0.9895031 0.98828137 0.9893196 0.9908836 0.99316347 0.99385285 0.99246204 0.9971148 0.9959005 0.9944238 0.99180007 0.99676234 0.9972641 0.9970437 0.9968403 0.99571335 0.9970684 0.99651253 0.99429697 0.9961821 0.9953438 0.9963913 0.9961559 0.99339354 0.9938831 0.99539053 0.9959399 0.996829 0.9868224 0.9854615 0.9878596
CxorovicxSvetozar_SRP19132SvetozarCJarani-L2_1 0.9906826 0.99471945 0.99318254 0.9892468 0.99125403 0.99261963 0.9897232 0.985159 0.9952122 0.99499285 0.99497855 0.9966016 0.9935607 0.99324536 0.99550587 0.99362904 0.9929093 0.99413013 0.99517876 0.99634784 0.9930738 0.99381757 0.9999993 0.9986452 0.998497 0.99545616 0.9971668 0.99280906 0.9959523 0.99335444 0.99310225 0.99688256 0.9933994 0.98662317 0.9829026 0.9938663 0.994086 0.99038255 0.99534005 0.99446756 0.9934181 0.9927382 0.9935864 0.9906845 0.9930523 0.9955701 0.9937471 0.99383056 0.9952136 0.9921634 0.9948617 0.99294305 0.9905742 0.9911812 0.988243 0.9938245 0.9933208 0.9884433 0.99072695 0.99389416 0.99314874 0.9926614 0.99530995 0.99318177 0.9914898 0.99236983 0.9919088 0.99289215 0.9907892 0.99508697 0.99463016 0.9949988 0.9915006 0.9929123 0.993475 0.9932186 0.9945212 0.9925823 0.9932943 0.9949619 0.9922338 0.9899857 0.9922539 0.9907774 0.98912394 0.99068326 0.99015737 0.99182904 0.99244875 0.990146 0.9917064 0.9904083 0.990863 0.9914021 0.9904157 0.991387 0.9879456 0.99006706 0.98926646 0.9882164 0.98850137 0.99073315 0.99071634 0.98966694 0.9882421 0.9931009 0.98904353 0.9902948 0.9925645 0.9908546 0.99134165 0.9904976 0.9906599 0.9914109 0.991199 0.9891306 0.99322957 0.99307483 0.99311787 0.9928766 0.9930244 0.9909676 0.9957268 0.99572015 0.9957631 0.99638736 0.99447227 0.99679136 0.99524987 0.9955589 0.9961543 0.9961257 0.99578017 0.9956883 0.9952953 0.98933166 0.99212587 0.99251574 0.99307215 0.98868877 0.98881006 0.98420215 0.9873041 0.99492085 0.99397826 0.9934786 0.9932529 0.9938872 0.9936664 0.99348015 0.9925038 0.99150026 0.9890267 0.9879278 0.9941215 0.9937529 0.99374783 0.98868465 0.987672 0.98878294 0.9898062 0.9874793 0.98827946 0.98784256 0.9893912 0.9890816 0.9905994 0.9925168 0.9908216 0.9917197 0.99065375 0.9880244 0.9910623 0.99005735 0.9875686 0.9886604 0.9923881 0.9898974 0.989673 0.9956127 0.9942237 0.9925931 0.9930381 0.99087745 0.9885947 0.985301 0.99417853 0.9927038 0.99236655 0.9927608 0.99298304 0.99363005 0.99030304 0.9933079 0.99162734 0.9952684 0.9952134 0.9955975 0.9939136 0.99405116 0.99008566 0.9903099 0.9923713 0.9899943 0.9938974 0.98966545 0.9893045 0.9908895 0.98759997 0.98513407 0.98623085 0.98970544 0.9935298 0.9940447 0.9945909 0.99225795 0.9945243 0.9919051 0.9918755 0.9934613 0.99286556 0.9869698 0.98625696 0.98971593 0.9921733 0.9907726 0.9914127 0.9936216 0.9916447 0.9913 0.9914555 0.9947964 0.9962751 0.99431 0.9922264 0.9924653 0.9925862 0.9895139 0.99032223 0.99046326 0.9925232 0.9861566 0.9793488 0.98595816 0.98849523 0.9925535 0.9921427 0.99314183 0.9954674 0.9906372 0.99337494 0.994358 0.99432665 0.99250025 0.9923675 0.9930675 0.9957272 0.99440706 0.9951974 0.9931291 0.99431276 0.9935062 0.9887638 0.99007154 0.9915905 0.9930486 0.9925665 0.99033636 0.9873571 0.9931495 0.9936036 0.99338603 0.99469346 0.993461 0.9916841 0.9929032 0.9953193 0.9973483 0.9949883 0.9960507 0.99482125 0.9939058 0.9945873 0.9949359 0.99458826 0.9930004 0.9888342 0.99475986 0.9949668 0.9915345 0.99567366 0.995473 0.99556416 0.9958516 0.9933405 0.9938295 0.9925966 0.9961068 0.9942246 0.9923941 0.9910308 0.9910621 0.9883869 0.9906416 0.9894023 0.98858696 0.9888137 0.9882396 0.9939896 0.99183476 0.9917648 0.993471 0.9941045 0.99455875 0.99345475 0.9937289 0.99399513 0.9934722 0.9967614 0.9959728 0.993513 0.99533266 0.9939266 0.9938994 0.992877 0.99087954 0.9918857 0.99585295 0.9947392 0.9957116 0.9959263 0.9880437 0.98599476 0.98443115 0.99029905 0.9890583 0.9878467 0.99674255 0.9953759 0.9951023 0.9948615 0.9939776 0.9952891 0.9917106 0.9889094 0.99544066 0.9931921 0.99407464 0.9941615 0.99190325 0.9904355 0.9892587 0.99584264 0.9936027 0.9944132 0.9925627 0.99331206 0.9910197 0.9904425 0.9821414 0.994723 0.9952588 0.9948492 0.99355346 0.99438864 0.99539673 0.9919811 0.9920879 0.99316674 0.9942409 0.9932601 0.99520206 0.99398386 0.9908374 0.99501395 0.99528706 0.99464786 0.9916868 0.99389434 0.9861559 0.9949792 0.98638433 0.9877615 0.9933586 0.9888673 0.9840599 0.9850547 0.9870296 0.99600667 0.98717606 0.9943707 0.9910288 0.99567366 0.9946 0.9885931 0.9900432 0.98889554 0.9885055 0.9912572 0.9927582 0.99567133 0.995974 0.99610126 0.9970853 0.996282 0.9971868 0.997463 0.99711245 0.99688244 0.99430263 0.9900399 0.98947364 0.99355334 0.9901413 0.98953295 0.989696 0.9867146 0.9902841 0.99270004 0.9922456 0.9946986 0.99345005 0.9931704 0.993161 0.99283266 0.9900953 0.9884711 0.98797536 0.99077207 0.9913805 0.9916529 0.9921321 0.99349874 0.9919268 0.9928085 0.9915145 0.99337333 0.9911339 0.99430275 0.9946477 0.9932194 0.9929511 0.99224514 0.99186516 0.9924555 0.99040234 0.9956419 0.9940273 0.9953906 0.9963087 0.9947343 0.99616694 0.9949467 0.99538195 0.99549437 0.9933573 0.9922033 0.992626 0.9927615 0.993466 0.9946974 0.99339294 0.993383 0.99572355 0.9954064 0.9938632 0.9954885 0.9924873 0.9954782 0.99533266 0.99490994 0.9924569 0.99306715 0.9940034 0.99583834 0.9946369 0.99291515 0.99539864 0.99478847 0.99534917 0.9954956 0.99554944 0.9901713 0.991522 0.9938767 0.99252 0.9941874 0.99412715 0.99343896 0.9907466 0.99224854 0.99225986 0.990656 0.99327993 0.99207747 0.9933799 0.9922112 0.99120796 0.98702675 0.98974925 0.9892894 0.98935306 0.9891634 0.98563784 0.9930171 0.99497014 0.9944256 0.9937874 0.9926585 0.99322355 0.9947083 0.9933622 0.9939437 0.9945682 0.993229 0.9940923 0.9941536 0.9938465 0.993506 0.9922468 0.99116874 0.9851508 0.9840872 0.9789787 0.98823017 0.9888218 0.98786354 0.98798335 0.9853811 0.99044687 0.98739994 0.98317164 0.98701924 0.9854809 0.98685616 0.98634607 0.980853 0.98102427 0.9837194 0.9849611 0.98859334 0.98828155 0.9859049 0.9870256
CxorovicxSvetozar_SRP19132SvetozarCJarani-L2_2 0.9913241 0.99434096 0.9935964 0.9912097 0.9931253 0.9910973 0.9881722 0.9835582 0.9950165 0.9960622 0.996047 0.9966605 0.9946417 0.9944374 0.9959524 0.9956952 0.99491644 0.9952483 0.9958032 0.9975289 0.9950996 0.9959556 0.9986452 1.0 0.9993653 0.997474 0.99879414 0.99649715 0.99756444 0.9958087 0.9959983 0.9978147 0.995901 0.9889966 0.98594016 0.99429005 0.9946084 0.9924263 0.99574614 0.99591637 0.99529135 0.99428093 0.9940871 0.99348927 0.99418885 0.9959198 0.9956483 0.9952726 0.9959011 0.99327964 0.99442756 0.99216455 0.99038714 0.99124575 0.9879619 0.9947856 0.9937745 0.989306 0.9924292 0.99454355 0.9937481 0.9945914 0.9952086 0.9932301 0.9910949 0.9922758 0.99235135 0.99187064 0.9910472 0.9941186 0.9943543 0.9930151 0.9905844 0.9927001 0.9926689 0.99345493 0.9929922 0.9905501 0.99258095 0.9945132 0.99118 0.99149865 0.9932662 0.99121314 0.99059963 0.99124324 0.9915717 0.9925729 0.9935069 0.9904106 0.99159825 0.99260336 0.9901965 0.99040353 0.98927706 0.99084306 0.98702526 0.98976487 0.987917 0.9877504 0.9872246 0.9904585 0.990647 0.9900433 0.9896712 0.99242103 0.989971 0.99070287 0.99242634 0.99066997 0.99134165 0.99133253 0.99122494 0.9918961 0.991429 0.99037737 0.9922829 0.9917221 0.99149024 0.99162835 0.9916067 0.98944616 0.99475056 0.9948412 0.99543613 0.9949819 0.9946897 0.9953896 0.99373007 0.9946982 0.996038 0.99569935 0.9959995 0.99582434 0.994715 0.99197775 0.9938435 0.9936919 0.9942366 0.9891023 0.9896883 0.985061 0.9881271 0.9936211 0.99251705 0.99297017 0.9917664 0.9918858 0.9924733 0.9924549 0.9917596 0.98979145 0.9874885 0.9858509 0.9945939 0.9950596 0.995566 0.99082506 0.989358 0.9899982 0.9914837 0.98924106 0.990768 0.990033 0.99127173 0.9911547 0.992662 0.99355406 0.9915501 0.9925608 0.9917788 0.9901447 0.9918599 0.991624 0.9896396 0.9908104 0.99347687 0.9923635 0.9923439 0.9958039 0.9947931 0.99455076 0.9951484 0.99240404 0.98901296 0.9859966 0.99438155 0.9935813 0.99255514 0.99317086 0.99357396 0.9934218 0.9916973 0.99370646 0.9930085 0.9955266 0.99457264 0.9946994 0.9928797 0.9941384 0.99025816 0.9913321 0.99316764 0.9913335 0.99345577 0.9899558 0.9901375 0.9916655 0.98732233 0.9846027 0.98611426 0.9909344 0.9938797 0.9935743 0.9947709 0.99361324 0.9945796 0.9928857 0.9931243 0.99338174 0.9930687 0.9880068 0.98731744 0.99075747 0.9927114 0.99133146 0.992297 0.99401927 0.99161106 0.9907021 0.9919832 0.992014 0.99473417 0.9939155 0.991221 0.9902009 0.99103785 0.9893658 0.98676324 0.98902243 0.9922246 0.9875449 0.9811473 0.98684657 0.98888654 0.9908522 0.9909802 0.9919289 0.99383116 0.9870821 0.992833 0.994152 0.99438846 0.990458 0.98926127 0.99161434 0.9936662 0.99291706 0.99335974 0.99045366 0.99233806 0.99116886 0.9876882 0.9872923 0.98971015 0.99186665 0.99137425 0.988774 0.9856596 0.99357575 0.99417657 0.9938657 0.99488324 0.9943636 0.9913651 0.99262094 0.993578 0.99623644 0.9950062 0.995959 0.99498886 0.9919523 0.9923341 0.99475706 0.9940258 0.9913509 0.9868225 0.99249876 0.992729 0.99011236 0.9939365 0.99372363 0.9942075 0.99511915 0.99113536 0.99242485 0.99164814 0.9949335 0.9924642 0.99066466 0.9899337 0.99049205 0.9892968 0.9902842 0.9903741 0.9892668 0.99007446 0.98843074 0.9927922 0.9917721 0.9903475 0.9918255 0.99365306 0.99415594 0.9924667 0.9937997 0.99209225 0.9931425 0.9958667 0.9950693 0.99359095 0.9951027 0.99392474 0.99454427 0.9945599 0.992698 0.9932109 0.99653465 0.9952358 0.99629855 0.9965254 0.9895 0.9883423 0.9868516 0.99120075 0.9903956 0.989003 0.9962872 0.99632066 0.9961125 0.9955671 0.99568564 0.99674857 0.9944414 0.9928999 0.99604607 0.9947061 0.99547076 0.99601984 0.9947165 0.99335366 0.99260443 0.99681556 0.9952848 0.99531007 0.9946244 0.99429196 0.99302626 0.99270624 0.9855477 0.9947901 0.994545 0.99556816 0.99391276 0.9943645 0.994524 0.990225 0.990586 0.9920077 0.9930916 0.9926833 0.995161 0.99406195 0.9930054 0.99522376 0.99540174 0.9948324 0.9937052 0.99531627 0.9894664 0.9956468 0.9892567 0.99017704 0.9936938 0.99064887 0.9865374 0.98774016 0.98916465 0.9957565 0.99041593 0.9957653 0.9937757 0.9962218 0.9954599 0.990455 0.99108493 0.98997694 0.99029315 0.99296343 0.99442005 0.9954452 0.99378264 0.9946834 0.9957297 0.9961007 0.99582195 0.99609095 0.9966082 0.9965455 0.9945978 0.9909855 0.9901674 0.9936408 0.99104357 0.98925084 0.9891646 0.987077 0.9906458 0.9926681 0.9926856 0.9941621 0.9942085 0.99271905 0.99236614 0.9928493 0.9883643 0.9866152 0.9862951 0.992158 0.99129707 0.99148005 0.9923341 0.99369526 0.99145377 0.9924108 0.991359 0.99336076 0.9926089 0.99251187 0.993474 0.9929942 0.9932641 0.992131 0.99257964 0.99189454 0.99006146 0.9951591 0.994141 0.9948051 0.9955917 0.9945457 0.9949811 0.99404657 0.99477124 0.99350715 0.9936718 0.9929208 0.9919404 0.99225336 0.9927056 0.9930722 0.99268377 0.9939872 0.99545324 0.9950414 0.99317145 0.9944603 0.9898895 0.9950184 0.993924 0.9950091 0.99210393 0.9915166 0.99354005 0.9963758 0.9947672 0.9931406 0.9955053 0.99471706 0.9939753 0.99437183 0.9948472 0.988245 0.99087673 0.99379086 0.99163693 0.99258447 0.99391997 0.9936609 0.9918913 0.99249184 0.9921853 0.99092674 0.99368083 0.99190605 0.9940617 0.9945323 0.9938674 0.99042207 0.9926163 0.99287605 0.992835 0.99235845 0.98967004 0.9907932 0.9929051 0.9928381 0.99297166 0.9926942 0.9923797 0.9929678 0.99289626 0.9933546 0.9924263 0.99147385 0.99198955 0.992931 0.9932648 0.9930194 0.99159837 0.9929412 0.98806834 0.98717904 0.98226565 0.9910518 0.99134034 0.99079984 0.99060786 0.9887534 0.9927381 0.9907893 0.98718166 0.989553 0.9895729 0.9901707 0.9891874 0.9850693 0.98534405 0.9877766 0.98832166 0.9913907 0.98798233 0.98624057 0.98730165
CxorovicxSvetozar_SRP19132SvetozarCJarani-L2_3 0.9923587 0.994556 0.9943266 0.99208707 0.9938365 0.991189 0.9885795 0.9839755 0.9950815 0.99637645 0.99623835 0.9966253 0.99504924 0.99488235 0.99623924 0.99584484 0.99519676 0.99557143 0.9956749 0.9975169 0.99560463 0.99639016 0.998497 0.9993653 1.0000004 0.9984026 0.99930704 0.9969432 0.9978179 0.9962222 0.9964591 0.99798524 0.9962483 0.9900932 0.9873223 0.994565 0.99482995 0.99338365 0.99538606 0.99508953 0.9949583 0.9945545 0.993829 0.9937382 0.99393076 0.9954574 0.99538094 0.99540234 0.99589 0.9939785 0.9946934 0.99265856 0.99124056 0.99193347 0.9884795 0.9952101 0.9939564 0.9899701 0.9929471 0.99526906 0.99467504 0.9946649 0.99553156 0.99364024 0.99109757 0.9922118 0.9926949 0.9921386 0.9910703 0.9933183 0.9942701 0.99253476 0.9901172 0.9927597 0.9926308 0.99383503 0.9926734 0.9907133 0.99277043 0.9942687 0.9908146 0.99142146 0.99287647 0.9914251 0.99057144 0.99095905 0.991587 0.9924109 0.9933705 0.99050367 0.99161774 0.9937401 0.99032557 0.9911349 0.98987097 0.99109274 0.98755044 0.9896431 0.9884497 0.98860884 0.98782265 0.9911891 0.9914627 0.9900495 0.9901248 0.99266446 0.9911487 0.99171036 0.9926438 0.9911597 0.99159265 0.9915198 0.991751 0.99239814 0.99148595 0.99099666 0.9920368 0.99095356 0.99094254 0.9911018 0.99121904 0.9892778 0.99503356 0.99476254 0.994887 0.99466944 0.9951125 0.99510956 0.9929304 0.993837 0.9953818 0.994937 0.9954435 0.99533224 0.99445236 0.99292034 0.99376553 0.9938192 0.9944335 0.98941696 0.9901932 0.98576343 0.9884365 0.99380237 0.99270636 0.99311227 0.991484 0.99105644 0.99222535 0.99194324 0.990997 0.9885983 0.9867242 0.9844267 0.99454397 0.9948092 0.9957181 0.9909826 0.9898134 0.9900443 0.99212795 0.98934895 0.9911617 0.98985314 0.9914647 0.99233186 0.9936094 0.99400353 0.9923891 0.9927609 0.99255115 0.99120253 0.992601 0.9924391 0.99069035 0.99177426 0.9941467 0.99339247 0.99337 0.9960822 0.99547327 0.9955022 0.9957624 0.99296904 0.98991895 0.987035 0.9943158 0.9936547 0.992788 0.9937721 0.9946387 0.9939467 0.99293375 0.9944761 0.99394596 0.9956562 0.9945227 0.9940834 0.9922528 0.99436164 0.9904308 0.9908996 0.99290156 0.9909805 0.9931023 0.98987603 0.9904258 0.9915083 0.9877031 0.9849924 0.9865586 0.9909732 0.9944646 0.9940653 0.9953598 0.99470115 0.9950958 0.99395746 0.9937575 0.99402076 0.99383646 0.9896231 0.98911566 0.9922751 0.9939015 0.99237084 0.9931471 0.99454427 0.99252194 0.9914176 0.99313664 0.9913009 0.9939712 0.99431866 0.99152666 0.9899216 0.9911253 0.9901881 0.98638946 0.9896573 0.99319756 0.9890845 0.98297936 0.98832166 0.990103 0.9912112 0.9914603 0.99188924 0.9936334 0.9862974 0.99287343 0.9943657 0.9940686 0.9904055 0.98872757 0.99112034 0.9938068 0.9936693 0.99316716 0.990769 0.9919162 0.99107236 0.9875551 0.9869685 0.9893733 0.9916874 0.9915246 0.9890262 0.9857854 0.99386585 0.9943645 0.99384713 0.9943445 0.99429286 0.9904726 0.9922049 0.9934369 0.99626607 0.994897 0.9959328 0.9948131 0.99211544 0.99203515 0.9953412 0.9946002 0.99159735 0.98668015 0.9922026 0.99281555 0.9902957 0.9940459 0.9938324 0.99436814 0.9957062 0.99100477 0.9923959 0.99178684 0.99458915 0.99295855 0.99060476 0.98970497 0.9911716 0.9898961 0.99128294 0.99102855 0.99020463 0.99064213 0.9894042 0.9930577 0.991986 0.99052364 0.9915044 0.9936105 0.99365985 0.99175614 0.9932148 0.9917391 0.99257356 0.99579144 0.9953962 0.9944002 0.9956144 0.9945681 0.99496853 0.99513984 0.9934183 0.993944 0.9967887 0.99547684 0.9965401 0.99659985 0.99036837 0.9892467 0.98801595 0.9918761 0.9912494 0.9895742 0.9961392 0.99660414 0.9961869 0.99577326 0.9963577 0.996878 0.99506736 0.993369 0.9960127 0.9948281 0.9953391 0.99563944 0.9948972 0.99345416 0.99280244 0.99682707 0.99542797 0.9954239 0.9949241 0.99449944 0.99319875 0.9931104 0.98701775 0.9936768 0.99322146 0.994755 0.9928 0.9931916 0.99349445 0.9892607 0.98977715 0.99115086 0.9925709 0.99238557 0.9946707 0.9945165 0.9936707 0.9948343 0.99560666 0.9947998 0.99389476 0.9958323 0.9901874 0.99576294 0.9905114 0.9914666 0.99454826 0.9921157 0.988151 0.9893284 0.9905694 0.99581206 0.9911898 0.99567825 0.99427724 0.99643797 0.9953961 0.99101406 0.9916525 0.99051476 0.99101275 0.9933766 0.9951461 0.99418 0.9927497 0.9931988 0.99443823 0.99511623 0.99460405 0.9953167 0.9961252 0.9955957 0.9950901 0.9915622 0.99101305 0.99358666 0.9912373 0.98967254 0.98943055 0.9877149 0.9909361 0.9929797 0.99267167 0.9943173 0.9939834 0.99165857 0.9920081 0.99231434 0.9883992 0.98652464 0.9857476 0.9923529 0.99123645 0.9914026 0.99252236 0.99395555 0.99157745 0.99219334 0.99110585 0.9936146 0.99291575 0.9924398 0.9929169 0.99263924 0.99301916 0.9919485 0.9926351 0.99097025 0.9890719 0.99426156 0.9934189 0.99468607 0.99485636 0.9942593 0.99440974 0.99346477 0.99457395 0.9926047 0.9942087 0.9932008 0.99241114 0.99239415 0.9928807 0.99268657 0.9927573 0.9942548 0.99533767 0.9944071 0.9932002 0.994519 0.98984647 0.9950583 0.9938436 0.99460495 0.99251086 0.9916189 0.9940033 0.9962631 0.99488634 0.9934625 0.99552935 0.99550503 0.99432147 0.99495065 0.9952205 0.98833215 0.9911378 0.9943797 0.9917443 0.99227136 0.9933466 0.99409205 0.99228835 0.99250364 0.99265814 0.9918074 0.99377334 0.9925712 0.99414486 0.9952252 0.9942655 0.9912908 0.99333924 0.993718 0.993639 0.99322903 0.9902046 0.9897206 0.9919054 0.99223024 0.99275446 0.992613 0.9921318 0.99265933 0.99290454 0.99303 0.9916081 0.99033874 0.9912297 0.99193215 0.9925896 0.9924445 0.99125797 0.9933429 0.9893877 0.98835254 0.9837896 0.9917009 0.99184155 0.9913299 0.9910728 0.9894593 0.99374837 0.99196666 0.98852354 0.99100494 0.9907684 0.9915187 0.99041045 0.9865391 0.98661995 0.98896265 0.98973876 0.9926411 0.98792166 0.9865886 0.9877031
CxorovicxSvetozar_SRP19132SvetozarCJarani-L2_4 0.9911799 0.99231744 0.9933962 0.9928322 0.99394244 0.98794395 0.9856925 0.98078394 0.99504733 0.996928 0.9968794 0.99568266 0.99619323 0.99617344 0.99523693 0.9962092 0.99508846 0.99459267 0.99406064 0.99694395 0.9970044 0.99739045 0.99545616 0.997474 0.9984026 1.0 0.99900454 0.9988853 0.9977244 0.99747914 0.9975379 0.99726754 0.99710494 0.99184614 0.98988616 0.9920348 0.992003 0.9926682 0.9933767 0.993519 0.99425036 0.994828 0.99219155 0.99444556 0.9915909 0.9927668 0.9949273 0.9950157 0.9949665 0.9948727 0.9938563 0.9919694 0.9915918 0.9914634 0.98805153 0.9938949 0.9919532 0.9876697 0.9917676 0.99436545 0.99374354 0.99345547 0.9938999 0.99225974 0.9874636 0.98886067 0.9919843 0.9902966 0.99039215 0.9909202 0.99157584 0.989086 0.9880936 0.99220246 0.9912232 0.9938753 0.98949367 0.9878879 0.9913835 0.9927484 0.98807764 0.9916229 0.99189645 0.9925688 0.99172956 0.9915077 0.9930226 0.9928213 0.9939253 0.9904241 0.9913249 0.9953332 0.9885504 0.98899657 0.98810875 0.9900309 0.98608935 0.9888811 0.98690933 0.9884399 0.9858912 0.9898013 0.9903735 0.99015814 0.9914326 0.9910523 0.9926783 0.9928153 0.9919083 0.9911663 0.9914643 0.9920429 0.9922453 0.9923603 0.9911638 0.99217665 0.9895458 0.98838544 0.98764825 0.9881672 0.9887065 0.9871333 0.992928 0.99302554 0.99325013 0.99187845 0.994531 0.9924351 0.9887942 0.9903232 0.9925608 0.9920236 0.9938939 0.9935543 0.99175704 0.9936858 0.9928596 0.99258786 0.9937914 0.9896102 0.9911593 0.9869934 0.98902845 0.9921642 0.9912378 0.99226457 0.9887366 0.9873877 0.9900099 0.989843 0.98693824 0.9841018 0.98245806 0.97912216 0.9931139 0.9937209 0.9953982 0.99187523 0.99080455 0.99125385 0.99365556 0.9910077 0.9929719 0.9909784 0.9927954 0.99443066 0.99510914 0.9945631 0.9927033 0.99294496 0.9935464 0.9942116 0.9942901 0.9947907 0.9940436 0.9944838 0.9939525 0.9946027 0.99462044 0.9946537 0.9952458 0.9967167 0.9966037 0.99459285 0.9913892 0.9891148 0.99338734 0.9936517 0.9927813 0.99374115 0.99510586 0.99349475 0.99492514 0.994692 0.99507916 0.99478275 0.99278677 0.9916821 0.9897655 0.99351996 0.98984313 0.99090576 0.99265844 0.9907246 0.99106157 0.9897304 0.990993 0.9918426 0.9876205 0.9846285 0.98680204 0.99211025 0.9936612 0.9915558 0.99404925 0.9954202 0.9937304 0.99408793 0.99422485 0.9922073 0.9927842 0.98992294 0.98949814 0.9926925 0.9937545 0.99171627 0.99442285 0.9933824 0.99194473 0.9898355 0.99348474 0.9856352 0.98932123 0.99247754 0.9895654 0.98570484 0.98840505 0.9892508 0.9815467 0.9870911 0.9927109 0.9920542 0.9874409 0.9906545 0.9915625 0.9884414 0.9892466 0.9889098 0.9902977 0.98130196 0.9915292 0.99328643 0.99216753 0.98750335 0.98374474 0.98804414 0.99089855 0.99118245 0.9893178 0.98739773 0.988716 0.9881408 0.9855187 0.9829589 0.986616 0.98961395 0.9896954 0.98713976 0.9833816 0.99271244 0.9936453 0.99234676 0.99214184 0.9934801 0.98795307 0.9903094 0.99035835 0.9936476 0.9933742 0.99510103 0.99369943 0.9891092 0.9883488 0.99412334 0.99370545 0.98875916 0.98355013 0.98857725 0.98970467 0.9876296 0.9909655 0.9911202 0.99219894 0.99398714 0.987332 0.9898204 0.98946667 0.99188906 0.99093896 0.98788404 0.98674285 0.991837 0.99186015 0.992017 0.9930833 0.9924164 0.9928683 0.9910656 0.9899391 0.98959106 0.98778534 0.98928934 0.99260265 0.991789 0.9890375 0.9917927 0.98882407 0.9905977 0.99358046 0.9933112 0.9944798 0.9950371 0.99464154 0.99531436 0.9964203 0.99526775 0.99538517 0.9958091 0.9946643 0.9957956 0.99557436 0.9907399 0.990617 0.9892471 0.9933407 0.9937534 0.9916453 0.99366826 0.99606216 0.99589396 0.995137 0.99683976 0.99647945 0.9963406 0.994357 0.9949931 0.9950529 0.9951101 0.9945905 0.99555445 0.99361575 0.9935889 0.9951511 0.9945932 0.9939109 0.99458474 0.9925779 0.9922044 0.9930678 0.9916419 0.9918847 0.9902376 0.9935365 0.9906122 0.991039 0.9906152 0.9866432 0.98771554 0.98913443 0.9906305 0.9912391 0.99334884 0.9933653 0.99475896 0.99299276 0.99411607 0.9934571 0.9944016 0.9955823 0.9928392 0.994635 0.9929572 0.99373543 0.99457616 0.9940524 0.99152654 0.9921027 0.99285257 0.9929906 0.99246055 0.9943335 0.9953533 0.9947835 0.99374473 0.9933663 0.9933451 0.9924165 0.99337876 0.994819 0.9967964 0.9913016 0.98853445 0.98937327 0.9906618 0.9924575 0.99093187 0.9921433 0.9938007 0.9927465 0.99456275 0.9916033 0.9919237 0.99296355 0.9921881 0.9893501 0.989109 0.98862314 0.99091655 0.9924492 0.9925902 0.99304783 0.9935486 0.98869824 0.98970306 0.99066263 0.98557305 0.98356557 0.9826462 0.9933758 0.99007833 0.9904315 0.991856 0.993012 0.990639 0.9914458 0.99038744 0.9933921 0.9946588 0.9900295 0.9905345 0.9913776 0.992397 0.9907808 0.99307346 0.98951733 0.9878423 0.9919826 0.99259984 0.9933616 0.9925429 0.9933114 0.991432 0.9909411 0.9927125 0.9884551 0.9943517 0.9926623 0.9910056 0.99100125 0.99103063 0.98954964 0.99125785 0.9936795 0.9935231 0.9924096 0.9916357 0.9924637 0.98611903 0.99331796 0.99125147 0.9934799 0.9922107 0.98918676 0.9927937 0.9950094 0.9945229 0.9929244 0.9943304 0.9948567 0.99215865 0.9931446 0.9931139 0.98566735 0.9891109 0.9935043 0.9894731 0.98871183 0.99135405 0.9930722 0.99263835 0.99187547 0.99210453 0.99197847 0.9931515 0.9918639 0.9936391 0.9958459 0.9940516 0.99167824 0.9933965 0.9956763 0.99464875 0.99354047 0.99054503 0.98562986 0.9883969 0.9896433 0.9914811 0.9924427 0.99078417 0.99017984 0.9913736 0.99159914 0.9877384 0.9864399 0.9876779 0.9890116 0.9910829 0.99140453 0.9904517 0.9944758 0.9929551 0.9927818 0.989117 0.9943999 0.99413395 0.9940823 0.99353546 0.9930794 0.99549043 0.9948581 0.99279326 0.99436045 0.9939908 0.99473035 0.9938168 0.990951 0.99133503 0.99292994 0.9935591 0.9952142 0.98427576 0.9836061 0.9853425
CxorovicxSvetozar_SRP19132SvetozarCJarani-L2_5 0.99279547 0.9938982 0.9943998 0.9928299 0.99442047 0.99059063 0.9880833 0.98383474 0.9950246 0.99699825 0.9970348 0.99670124 0.9957646 0.99571455 0.9965317 0.9966544 0.9962821 0.99601275 0.9959058 0.997785 0.99689066 0.9975379 0.9971668 0.99879414 0.99930704 0.99900454 0.9999998 0.99813145 0.99802583 0.9972507 0.99744356 0.998161 0.99723566 0.9919095 0.989553 0.994583 0.9945936 0.9943523 0.99519974 0.9949953 0.9955529 0.99526286 0.9940794 0.9948906 0.9939412 0.9950985 0.99607337 0.99606913 0.9960593 0.9949719 0.9949085 0.9931972 0.9923169 0.99247354 0.98926425 0.9952189 0.99362326 0.989944 0.99312747 0.9956101 0.99510616 0.994827 0.9952905 0.99377555 0.99022555 0.9914516 0.99329966 0.9923115 0.99176896 0.9923568 0.9936877 0.9911288 0.98989916 0.9930677 0.9926811 0.9942801 0.99166423 0.9900756 0.99263954 0.9937538 0.99023366 0.99249506 0.99320203 0.99200535 0.99109894 0.9913708 0.9924478 0.9927694 0.9938874 0.9909109 0.9919945 0.99554133 0.9906495 0.9914107 0.99009395 0.9916098 0.9878187 0.99005276 0.9887411 0.98938406 0.9882071 0.99192685 0.9922734 0.99084604 0.9913321 0.99283516 0.99228334 0.99255943 0.9929461 0.9916768 0.992033 0.99212635 0.9924646 0.9931271 0.9917975 0.99219394 0.9917696 0.99021035 0.9901655 0.9903472 0.990675 0.98904145 0.9948017 0.9942534 0.99425876 0.9936178 0.9953162 0.9938934 0.9918406 0.99300516 0.9946031 0.9940302 0.9949671 0.99493134 0.9939384 0.99437094 0.99446815 0.9942393 0.99487424 0.98933965 0.9904799 0.98592484 0.9884716 0.9935526 0.99257773 0.99330336 0.9908085 0.99006766 0.991639 0.99141914 0.99020094 0.98782885 0.98652494 0.98354864 0.9948084 0.9953639 0.9963198 0.9924106 0.9912507 0.99136037 0.9936356 0.99126977 0.9929565 0.99160975 0.99312234 0.99423826 0.9952445 0.9952193 0.99354815 0.9938315 0.9940505 0.99323714 0.9937838 0.99385756 0.992463 0.99344784 0.995325 0.9953356 0.9951996 0.9961374 0.99613136 0.99667 0.9966786 0.99390614 0.9906608 0.98805624 0.99457574 0.9942948 0.99316806 0.9942377 0.9954316 0.99435484 0.99432105 0.9953676 0.99512744 0.99569505 0.9943328 0.9936644 0.99169904 0.99466056 0.99090797 0.9919192 0.9933671 0.99158126 0.99274737 0.9903716 0.99116397 0.9922562 0.98815334 0.98518 0.9869834 0.99199724 0.994429 0.9937764 0.9951657 0.99497133 0.9946225 0.99403167 0.99417865 0.99380493 0.9938858 0.9905748 0.9900407 0.9929171 0.99472326 0.9933431 0.99411523 0.9950876 0.99327356 0.99202865 0.99415994 0.98870087 0.99164385 0.994072 0.9915007 0.98895 0.9906565 0.99074644 0.9852783 0.9891039 0.9935599 0.9904811 0.98485637 0.9895646 0.99084395 0.99052644 0.99134547 0.99121743 0.99262327 0.9844096 0.9922089 0.9937884 0.993435 0.9894867 0.98758274 0.99054706 0.9931948 0.99312985 0.99232936 0.98978275 0.9911557 0.99041563 0.98789126 0.9865613 0.9890317 0.99154943 0.99162936 0.98909664 0.9856986 0.99422604 0.9948647 0.9940838 0.99408484 0.99456304 0.99023783 0.99246985 0.9925618 0.995438 0.9944315 0.9958611 0.99469376 0.99144775 0.9908409 0.99558437 0.99424326 0.99115145 0.986421 0.9913625 0.9920157 0.98970443 0.9933347 0.9933421 0.9937064 0.9954593 0.98990285 0.9918301 0.9912407 0.9936933 0.9925524 0.99010897 0.98927927 0.9915365 0.9911643 0.9918058 0.9921585 0.9912388 0.9918656 0.9904658 0.99222845 0.9917931 0.9901165 0.99081516 0.9935154 0.99320686 0.9910526 0.9932062 0.99101216 0.9924173 0.99521154 0.9949781 0.99509 0.9958793 0.9950425 0.99529904 0.99584585 0.99404204 0.9944197 0.99653834 0.99557275 0.9964249 0.9964305 0.990735 0.9898549 0.9887571 0.99232674 0.9920467 0.9901046 0.99557734 0.9966729 0.99648315 0.99596626 0.9971698 0.99722457 0.9962942 0.9946438 0.99617547 0.99526995 0.9956714 0.99537665 0.9957088 0.99404883 0.99353904 0.99638414 0.99579144 0.9958418 0.9957637 0.9945613 0.99388516 0.9938916 0.9891242 0.99320954 0.99241227 0.9946573 0.9922805 0.99267644 0.9921729 0.9881969 0.98860824 0.9903135 0.99187183 0.99186325 0.99404126 0.99495214 0.9952701 0.9950236 0.99572104 0.99512506 0.9950125 0.9962628 0.9925589 0.9962101 0.9926009 0.993492 0.9952999 0.9937086 0.99029505 0.99155056 0.99231035 0.99552345 0.99297357 0.9961074 0.9957399 0.9966025 0.9958259 0.9927087 0.9929854 0.9919847 0.99302375 0.99494946 0.9959727 0.99313015 0.99134785 0.9914851 0.99293315 0.99370253 0.9931587 0.99380994 0.99512273 0.9942442 0.99551755 0.9928853 0.99242955 0.9938264 0.9923792 0.99077994 0.9903724 0.9892052 0.9917413 0.9932911 0.99319816 0.9943961 0.99441326 0.9908582 0.9917682 0.9921443 0.987879 0.98625416 0.9855057 0.9933599 0.99152094 0.99177736 0.9931141 0.9942864 0.9920268 0.9923354 0.9913785 0.99391377 0.99392813 0.9920485 0.9917401 0.99219406 0.9934039 0.992114 0.9932582 0.9906106 0.98886645 0.9934745 0.99286795 0.994194 0.99382913 0.993781 0.9933204 0.9924671 0.9938848 0.9911884 0.99477154 0.9937253 0.9925727 0.9922414 0.99263626 0.9915403 0.9926419 0.99474996 0.994943 0.99380684 0.9931439 0.99383235 0.9890255 0.9946042 0.9932159 0.99417853 0.9927744 0.99111617 0.99410987 0.9960528 0.9951238 0.99367 0.9953435 0.9955913 0.9939555 0.9945187 0.9946146 0.98804367 0.9909864 0.994314 0.99140525 0.99115306 0.99288994 0.99412 0.9929534 0.9928319 0.99311036 0.9927007 0.99382466 0.99295604 0.9943693 0.99641293 0.9955423 0.99316067 0.9948039 0.9957745 0.99546635 0.99477595 0.99207795 0.9885003 0.9904207 0.9912816 0.9923661 0.99261105 0.9917363 0.99166304 0.9925756 0.99246573 0.9905735 0.98934597 0.99031526 0.9910733 0.9922786 0.9924949 0.9912821 0.9946397 0.99185497 0.99058944 0.9865463 0.99362737 0.99387443 0.993409 0.99304795 0.9918181 0.99506754 0.99416065 0.9910692 0.9931391 0.99281996 0.99353534 0.9923947 0.98927253 0.989366 0.99135035 0.992108 0.9945111 0.9877156 0.9867331 0.9880031
CxorovicxSvetozar_SRP19132SvetozarCJarani-L2_6 0.9894742 0.990163 0.9920284 0.99243444 0.9935008 0.98512185 0.9827249 0.9778589 0.99336636 0.9958952 0.9959545 0.9940088 0.99537647 0.9954716 0.9940286 0.996115 0.9946195 0.99359024 0.9928266 0.9963331 0.996917 0.99723005 0.99280906 0.99649715 0.9969432 0.9988853 0.99813145 0.99999994 0.996779 0.99746686 0.9976263 0.99606854 0.9971292 0.991791 0.9901818 0.9908308 0.9908096 0.9924662 0.9924232 0.9935359 0.9945941 0.99469817 0.9913552 0.9951674 0.9907243 0.9917609 0.9950668 0.99485064 0.9945659 0.9943797 0.9923104 0.9902228 0.990029 0.9894327 0.9861702 0.9923547 0.9900578 0.985611 0.99032056 0.9927131 0.991809 0.99243665 0.9915144 0.9898026 0.9846831 0.98616236 0.9905412 0.9879894 0.9891491 0.9893049 0.98965883 0.9856682 0.986013 0.99071306 0.9890849 0.9926005 0.9868435 0.9848695 0.9893669 0.9911587 0.9859591 0.99099606 0.9909038 0.99195683 0.9915177 0.99128723 0.99326795 0.9924896 0.99373573 0.98944795 0.99027884 0.9951981 0.98650736 0.9867082 0.98593366 0.9881642 0.98421746 0.98779625 0.98459214 0.9866808 0.9833951 0.9879705 0.9888431 0.98976505 0.9915542 0.98915094 0.9916744 0.9915083 0.99035275 0.9899102 0.99046516 0.99146146 0.9912442 0.99131215 0.9901215 0.9916384 0.98785776 0.98685586 0.9856399 0.9862937 0.9866848 0.9850287 0.99088836 0.9910795 0.99199235 0.98945 0.99333733 0.98992515 0.98627937 0.98850524 0.9911511 0.9902264 0.99281824 0.9924783 0.99024665 0.99341416 0.99197614 0.9913355 0.9927993 0.98846143 0.99041396 0.9862598 0.98834354 0.99032164 0.9894264 0.99095786 0.9862036 0.98471826 0.98777056 0.98786634 0.9845352 0.98144263 0.9796816 0.9761519 0.9921442 0.9936876 0.99520403 0.9926322 0.991196 0.9910289 0.99347883 0.99105036 0.9936289 0.9913539 0.99282664 0.99424726 0.9946229 0.9939108 0.99140495 0.99239355 0.99288255 0.99439013 0.9934542 0.99445987 0.99419636 0.994394 0.99324524 0.994779 0.99490905 0.993705 0.9944981 0.99667656 0.9969227 0.9942176 0.99088335 0.98883027 0.99233633 0.99305886 0.99186975 0.99254334 0.9940741 0.9921393 0.99442685 0.9934422 0.99458015 0.9934541 0.99098176 0.98967564 0.98750705 0.9918391 0.9881669 0.9905535 0.9918711 0.99020314 0.98889863 0.98854256 0.989997 0.99106795 0.9859998 0.9829903 0.9852703 0.99192154 0.9922512 0.989867 0.9924641 0.99452674 0.99206805 0.99276507 0.99356204 0.99013674 0.9907276 0.9883747 0.98770684 0.9910676 0.9924777 0.99046206 0.993876 0.9921608 0.99000263 0.9875375 0.99165124 0.9811825 0.98615634 0.99095297 0.98759437 0.9831336 0.98608565 0.9878467 0.9783263 0.98482835 0.991179 0.99205923 0.98799163 0.99038893 0.99075913 0.9859591 0.9870183 0.9863584 0.9872396 0.977027 0.98935 0.99150777 0.99071467 0.9841913 0.979939 0.9854109 0.9877208 0.98817474 0.9864095 0.9836511 0.9860183 0.9850078 0.9839921 0.98023856 0.98449004 0.98780143 0.98781186 0.9848227 0.980864 0.9916035 0.9926257 0.9911859 0.9907231 0.9926517 0.9864932 0.98891085 0.9870153 0.99078774 0.9912701 0.99304956 0.9920383 0.98570776 0.98468006 0.9919086 0.99096376 0.98541254 0.9798915 0.9850427 0.98615956 0.9845279 0.9875123 0.98797935 0.9890312 0.9912496 0.98418474 0.9871099 0.98699486 0.9896223 0.9879749 0.98509437 0.9843176 0.9902123 0.99162716 0.99022925 0.9928863 0.99192655 0.992869 0.98992926 0.9874312 0.9878946 0.98556125 0.987224 0.9910511 0.9901438 0.9870331 0.99070746 0.9861765 0.9892241 0.99124575 0.9908377 0.99291366 0.99298507 0.99292004 0.99398494 0.9957355 0.994605 0.994377 0.99423075 0.9931533 0.9942104 0.99407995 0.9891045 0.9897877 0.988354 0.992839 0.99359983 0.99167395 0.9917322 0.9949628 0.9950641 0.99394417 0.99613965 0.9957414 0.99645734 0.9951255 0.9937475 0.9945017 0.994533 0.993961 0.9956691 0.9936561 0.99411964 0.99378896 0.99373305 0.99269706 0.99412215 0.99112695 0.9914871 0.9922708 0.9927293 0.9907816 0.9886176 0.99269885 0.98964685 0.98985296 0.9886657 0.9845351 0.98575914 0.9875062 0.9886881 0.9896406 0.9919578 0.991972 0.99467236 0.9919752 0.99274933 0.9923016 0.9944914 0.99495476 0.99376595 0.9936511 0.993339 0.9938573 0.9933837 0.99368685 0.9918871 0.99238497 0.99298906 0.9915297 0.99326026 0.99384654 0.9958545 0.9935944 0.9927559 0.993915 0.99302506 0.992307 0.9936196 0.994847 0.99617386 0.99027115 0.98602486 0.98745465 0.9886548 0.99104583 0.9889745 0.9898858 0.9920011 0.99114096 0.9931135 0.99061346 0.9909453 0.9914804 0.9916279 0.98765624 0.9873326 0.9877212 0.990014 0.9908438 0.99145526 0.9911954 0.9927523 0.9871168 0.98754126 0.9894217 0.98225963 0.98056346 0.97991073 0.9932888 0.9888525 0.98896796 0.9908088 0.99162424 0.9888238 0.98980886 0.98904055 0.99152863 0.9943739 0.98698497 0.9883219 0.98969436 0.99085784 0.9893599 0.9924014 0.98844326 0.9869645 0.9908343 0.99203193 0.99194205 0.99102145 0.99224925 0.9894669 0.98935795 0.9912568 0.98601526 0.99298745 0.99165314 0.988729 0.98900163 0.9886137 0.9868359 0.9892646 0.9924104 0.99169236 0.9909598 0.98953104 0.9897579 0.9825623 0.99110615 0.9884303 0.9924575 0.9905855 0.98644334 0.99082845 0.9941344 0.99325585 0.99149567 0.99264413 0.9929591 0.98949075 0.99046576 0.9906626 0.9827235 0.98703045 0.9913246 0.98707664 0.9856769 0.9901723 0.99189895 0.99226505 0.99112785 0.99082965 0.99094284 0.99228853 0.990284 0.993029 0.99499977 0.9934848 0.99150336 0.9925413 0.9958547 0.9945292 0.99289185 0.99067295 0.9828404 0.9854039 0.9871851 0.989588 0.99118745 0.98890567 0.9874946 0.9895874 0.98987824 0.9848224 0.984135 0.985045 0.98718923 0.9898766 0.990221 0.9890138 0.9948882 0.9940368 0.994241 0.99081814 0.99563 0.9952168 0.99544895 0.99479634 0.9948137 0.9957346 0.99563307 0.99421096 0.99456614 0.995191 0.9956696 0.99471307 0.9927524 0.99327433 0.9945406 0.9946119 0.9954845 0.98217475 0.981665 0.9836391
CxorovicxSvetozar_SRP19192SvetozarCUcelijama-L2_1 0.9916143 0.99418515 0.9946421 0.99282527 0.9947127 0.99104726 0.98867595 0.9833626 0.9965715 0.9979679 0.9976637 0.99735266 0.9970697 0.9970304 0.99780107 0.99765426 0.99700814 0.9969135 0.99671555 0.9983151 0.997575 0.99788845 0.9959523 0.99756444 0.9978179 0.9977244 0.99802583 0.996779 1.0000001 0.99899584 0.99879366 0.99922943 0.99901384 0.9913694 0.9889923 0.9946458 0.99393684 0.9937604 0.99509484 0.99511874 0.9956372 0.9953313 0.993696 0.9945202 0.9933269 0.9947504 0.9959574 0.9954677 0.99624294 0.9953078 0.995078 0.9930658 0.9919628 0.99203736 0.98928326 0.9949109 0.9933753 0.989508 0.9930457 0.99591625 0.99487346 0.99459887 0.99530196 0.9936719 0.9904929 0.9916124 0.99359405 0.99240685 0.99249405 0.99272263 0.9939369 0.9920702 0.991545 0.9948572 0.99385566 0.99591386 0.99361086 0.991947 0.9936271 0.99484104 0.99216115 0.9913637 0.992705 0.99190557 0.9905032 0.99181867 0.99266464 0.9929872 0.9946408 0.9900967 0.99119776 0.99552 0.99153113 0.9917642 0.9910856 0.99202573 0.98807114 0.9903883 0.98938423 0.99016917 0.989115 0.99237984 0.99247855 0.9915218 0.99152166 0.99148154 0.99147457 0.9919092 0.99277604 0.99111414 0.99195874 0.99187833 0.99200946 0.992714 0.991963 0.9909929 0.9925093 0.99110794 0.99064493 0.9910208 0.9916557 0.98973185 0.99605495 0.9958981 0.9956051 0.99460757 0.9962734 0.99540544 0.9921703 0.9934299 0.9951767 0.9948636 0.9959111 0.99551463 0.9946728 0.9948906 0.9943845 0.99423873 0.9952083 0.9883521 0.98898065 0.98432505 0.98726135 0.99292976 0.9924349 0.9936997 0.9914769 0.99031293 0.9922593 0.99278414 0.990168 0.98819065 0.9861025 0.98327225 0.9955995 0.99599546 0.99680996 0.99184865 0.99082583 0.9920342 0.9935584 0.99146694 0.992819 0.99176395 0.99337584 0.993496 0.99488634 0.99562335 0.99386805 0.9942874 0.9944598 0.9932548 0.99469614 0.99405587 0.99271834 0.9934448 0.9958733 0.9955463 0.9951838 0.9962057 0.99602115 0.9969066 0.99655515 0.9934392 0.9904585 0.98807967 0.99527675 0.9951325 0.99432063 0.994238 0.99652785 0.99623924 0.9955906 0.9967209 0.99612856 0.99708974 0.9959229 0.993976 0.991411 0.9943076 0.9904576 0.9919302 0.9934993 0.99201614 0.99250716 0.9895267 0.9899985 0.99146086 0.9872848 0.98427016 0.9860183 0.99128526 0.99656475 0.9952214 0.9965935 0.9962562 0.99654526 0.9954195 0.99611187 0.9955293 0.99540854 0.99186146 0.99154526 0.99445987 0.9955667 0.99422044 0.9940386 0.9958688 0.99424547 0.9927141 0.99483407 0.9886482 0.9913882 0.99409205 0.990787 0.98711395 0.9892814 0.9897485 0.9840044 0.98751575 0.9932775 0.989292 0.98315954 0.98737043 0.98926777 0.98907757 0.99005467 0.9912962 0.99299794 0.9838872 0.9925664 0.9935474 0.9934621 0.9895672 0.987878 0.99084944 0.99348235 0.9928162 0.9919754 0.9899871 0.99162114 0.9906055 0.9887496 0.98702234 0.9893569 0.9921305 0.9919586 0.9896642 0.98609847 0.9942928 0.9951231 0.9938378 0.9950123 0.9948766 0.99095285 0.9926812 0.9922285 0.9948965 0.99265665 0.99547637 0.99424547 0.99141544 0.9911549 0.99507356 0.99362725 0.9905045 0.98599654 0.9906987 0.9916358 0.9906065 0.99256194 0.9928853 0.9936144 0.99462116 0.9903714 0.9917055 0.9914315 0.9942827 0.99282265 0.99038404 0.98984706 0.9933915 0.99266356 0.99397016 0.99369216 0.99331 0.9935571 0.9925701 0.9916195 0.99074453 0.9892992 0.99192965 0.9946582 0.9940862 0.9915903 0.99375325 0.9906759 0.9927432 0.9959613 0.9958371 0.99585485 0.99599046 0.9960265 0.99466664 0.99510103 0.99333817 0.9937715 0.9973 0.99611163 0.9974321 0.99735326 0.9899775 0.9893819 0.9876556 0.9924278 0.99222344 0.98990804 0.99638116 0.9974972 0.9973551 0.996497 0.99735713 0.99708223 0.99623245 0.9943794 0.99654424 0.9954958 0.9958951 0.9961341 0.9960209 0.9939307 0.99342555 0.9971001 0.996108 0.9963676 0.9962699 0.99529827 0.9946461 0.99445003 0.9900874 0.99382335 0.9925578 0.99521947 0.99286914 0.99339646 0.99284416 0.98974526 0.98949176 0.9915128 0.9929374 0.9928648 0.99466467 0.994888 0.9948325 0.9948621 0.9956378 0.99483013 0.9946608 0.995954 0.99187165 0.9957924 0.9922017 0.9931134 0.99535334 0.99306667 0.99035496 0.9910209 0.992439 0.99522656 0.99235666 0.99590313 0.9953201 0.99568367 0.99491775 0.9928764 0.9934432 0.99278015 0.99348664 0.99526125 0.9951842 0.9921212 0.99018466 0.990845 0.99308324 0.99396986 0.992946 0.9938342 0.99509937 0.9941915 0.9959953 0.9932673 0.99175537 0.99450094 0.9933667 0.99153763 0.9912381 0.98994756 0.9924739 0.99427974 0.9944539 0.99509674 0.9950776 0.9918951 0.9925982 0.99281824 0.98816067 0.98651886 0.98611623 0.9940038 0.9920447 0.9919073 0.99374473 0.9945283 0.9931337 0.9940465 0.99283606 0.99418664 0.9941747 0.9919932 0.992884 0.9930393 0.99343276 0.9921336 0.993477 0.99126166 0.9885868 0.9941134 0.9936005 0.994948 0.9940088 0.9942937 0.9941936 0.99383557 0.9950579 0.99168634 0.9955454 0.99510944 0.993446 0.993162 0.99316746 0.99201095 0.99272525 0.9951503 0.9950212 0.9946165 0.992851 0.99438643 0.9885012 0.9956743 0.9938951 0.99486715 0.9926925 0.991567 0.9946744 0.99660945 0.9961304 0.994392 0.9965291 0.996799 0.99439144 0.9947329 0.9948095 0.98817754 0.9909544 0.994086 0.99216044 0.9926085 0.99337685 0.9944661 0.9933291 0.9937511 0.9934214 0.9931265 0.99467725 0.9924612 0.9947913 0.9949681 0.9937627 0.990998 0.99288064 0.9943122 0.99362946 0.9927796 0.98991305 0.9889272 0.9912384 0.99214315 0.9933914 0.99298024 0.99232745 0.99193025 0.9929358 0.9933781 0.9907693 0.9893296 0.9905152 0.9913273 0.99273604 0.9934486 0.99134225 0.99434364 0.9915002 0.9901146 0.9864121 0.9941484 0.99414736 0.9931978 0.99340373 0.9917691 0.9955276 0.9945684 0.99174803 0.99341947 0.9933714 0.993998 0.9930198 0.98920894 0.9899717 0.9918872 0.9926838 0.99513113 0.9889863 0.98760265 0.99014133
CxorovicxSvetozar_SRP19192SvetozarCUcelijama-L2_2 0.9894163 0.9914293 0.99292254 0.99222803 0.99371326 0.98813707 0.9859337 0.9802002 0.9961041 0.998001 0.99793553 0.9965738 0.9977464 0.9978239 0.99728036 0.9979854 0.9971726 0.9962588 0.99575806 0.9979835 0.99867284 0.99862605 0.99335444 0.9958087 0.9962222 0.99747914 0.9972507 0.99746686 0.99899584 0.9999999 0.999422 0.99858147 0.9996704 0.99221206 0.990505 0.9926854 0.99185723 0.9932376 0.9931076 0.9939729 0.9950404 0.9950615 0.99211013 0.9946931 0.99078876 0.99247473 0.9953841 0.99511963 0.9958848 0.99562633 0.9945917 0.9927717 0.9920693 0.9904105 0.98837495 0.99323475 0.9911541 0.9867552 0.9909457 0.9948657 0.9936702 0.9930536 0.9930791 0.9913573 0.98683614 0.98810965 0.9921215 0.99064684 0.991595 0.9910944 0.9918189 0.98875284 0.98969704 0.9944659 0.9926971 0.995819 0.99084353 0.9894731 0.99212927 0.99369097 0.99032074 0.9907832 0.99129677 0.99198055 0.9900082 0.9919488 0.9934853 0.9930219 0.9948089 0.98928225 0.9908089 0.99688333 0.99000156 0.9907536 0.9903089 0.9913591 0.9871948 0.99015087 0.9883547 0.9899268 0.98791873 0.99183774 0.9923295 0.99225473 0.9927412 0.98994875 0.9919692 0.9922276 0.9922207 0.99116194 0.99207246 0.9919793 0.99183035 0.99250484 0.9915139 0.99135745 0.9910897 0.989987 0.9893005 0.98967946 0.9904067 0.9888349 0.99473804 0.99486107 0.99468464 0.9926447 0.9961069 0.9931639 0.9890525 0.9912721 0.99335253 0.9927929 0.99485886 0.9944857 0.9931843 0.99511015 0.9931621 0.992686 0.9939753 0.98695594 0.98845506 0.98370934 0.9864986 0.99156106 0.99164087 0.9934911 0.9890451 0.9874606 0.99022233 0.99113417 0.98643434 0.9845906 0.9829709 0.97936726 0.99458337 0.99533653 0.9965861 0.99234974 0.99154806 0.9923062 0.9940471 0.99225235 0.9938228 0.99227166 0.9938229 0.99462056 0.99502075 0.9958702 0.99350405 0.9945919 0.9951075 0.99500215 0.9953652 0.9951203 0.99444073 0.9945929 0.99585235 0.9966513 0.9961988 0.99539024 0.99629176 0.99772644 0.99746233 0.9936033 0.9916198 0.989696 0.9947742 0.99507964 0.9945707 0.99384135 0.9968794 0.9962865 0.997223 0.9970713 0.99710095 0.99668473 0.9950287 0.99187106 0.9889225 0.99306834 0.9889286 0.99159145 0.9926875 0.9910785 0.9899944 0.9887444 0.9896589 0.9914814 0.9864829 0.98331213 0.9853163 0.99189603 0.99508506 0.99281293 0.99491733 0.9959184 0.99456775 0.9943311 0.99578893 0.99325633 0.99365157 0.9913161 0.9909536 0.99378455 0.995276 0.9934635 0.9944123 0.9948746 0.99325264 0.99112713 0.99420124 0.98313946 0.9869546 0.99298006 0.9891547 0.98432297 0.9873467 0.9891033 0.98079294 0.985397 0.9927623 0.99096906 0.98590064 0.9885155 0.9897344 0.98695433 0.98847705 0.9879846 0.99000067 0.97969127 0.99066347 0.99214137 0.9913635 0.9867501 0.9837814 0.98804355 0.9910144 0.9904134 0.9890058 0.987586 0.98893577 0.9882138 0.98743474 0.9845184 0.98750055 0.99092734 0.99091053 0.9885951 0.9845116 0.9938113 0.994941 0.9926204 0.9930425 0.99396116 0.98930645 0.9916053 0.9889582 0.9921217 0.9902526 0.9938257 0.99226505 0.9883075 0.98750293 0.99354696 0.9912797 0.9876525 0.98309624 0.987734 0.9889358 0.98845285 0.98911655 0.9906144 0.9908526 0.9926144 0.9873525 0.9895351 0.98937184 0.9921905 0.990894 0.98821723 0.9874923 0.9935835 0.9945273 0.9944416 0.99536103 0.99492913 0.9954015 0.9939875 0.9892951 0.98883957 0.98758304 0.9906074 0.9940844 0.9926979 0.9893807 0.9927289 0.9885905 0.9915992 0.9940158 0.9938772 0.99529827 0.99473304 0.9955532 0.9937842 0.9948651 0.99336344 0.9933243 0.9959849 0.99506915 0.9962943 0.9960846 0.98795414 0.9880925 0.9862588 0.99301875 0.99368286 0.9909943 0.9945166 0.9970047 0.9970983 0.9960758 0.9974912 0.9964626 0.9969004 0.9948526 0.9954048 0.9952355 0.99552906 0.994834 0.9962793 0.99368805 0.9937133 0.99533224 0.9948944 0.9951986 0.9958109 0.99337673 0.9933692 0.9935868 0.99254745 0.99252087 0.99047995 0.9942174 0.99174696 0.9920642 0.99052316 0.9873494 0.9875144 0.9896721 0.99096954 0.9911808 0.9928693 0.994185 0.9955743 0.9938265 0.9946281 0.99392956 0.9949493 0.9955994 0.9937531 0.9949317 0.9940186 0.99477154 0.9954618 0.99436927 0.99282044 0.9929279 0.99426764 0.99337745 0.9934215 0.99507374 0.9962253 0.99453163 0.9938637 0.9946073 0.994843 0.9943668 0.9954456 0.9961913 0.9948893 0.9900732 0.9871735 0.98783714 0.99023706 0.9916668 0.9904263 0.99105793 0.99290186 0.9916481 0.9954403 0.99344164 0.99218225 0.9933711 0.99395865 0.9911681 0.9907795 0.9906303 0.99234945 0.9934185 0.99412477 0.99379253 0.994689 0.98974776 0.99066365 0.9916627 0.9851525 0.98389703 0.9837335 0.99436533 0.9910578 0.99082434 0.99339306 0.9934267 0.992099 0.9930687 0.9919742 0.9930037 0.994852 0.98963183 0.99072415 0.9913641 0.9923929 0.99124813 0.9935025 0.9901821 0.9876598 0.9924053 0.9929457 0.9937334 0.9922308 0.99342054 0.99204797 0.9923595 0.9938374 0.9887835 0.9956506 0.9952105 0.99271536 0.99244416 0.99181443 0.9895541 0.9917718 0.9943098 0.993147 0.99288285 0.99121386 0.9919779 0.9857942 0.99385196 0.99190676 0.99382615 0.99180126 0.9891862 0.9934983 0.9956492 0.99571574 0.99348676 0.99506 0.9958444 0.9923739 0.99290437 0.9927622 0.98586345 0.9894091 0.99249923 0.99051285 0.98955584 0.99202955 0.9938321 0.99357325 0.9934985 0.993079 0.9930918 0.9943135 0.99179655 0.9944281 0.9941942 0.99285984 0.99072987 0.9919768 0.9951165 0.99359757 0.99211544 0.9892817 0.985486 0.9878871 0.98943913 0.9916138 0.99201715 0.99043524 0.9890012 0.9909034 0.99144465 0.98749405 0.98611087 0.98748696 0.9889576 0.99135655 0.99246335 0.99029815 0.9955767 0.99439156 0.99313325 0.9903688 0.9964036 0.99622124 0.99555147 0.9957707 0.9948167 0.99697644 0.99679315 0.9948608 0.995869 0.99585825 0.99655783 0.99574053 0.99290437 0.99384147 0.9950899 0.99572676 0.9970025 0.9860903 0.98488486 0.9879463
CxorovicxSvetozar_SRP19192SvetozarCUcelijama-L2_3 0.9901685 0.99177617 0.99365085 0.99297476 0.9942283 0.9885118 0.9867428 0.98190546 0.9949873 0.9972935 0.99726176 0.9960017 0.9967203 0.9967755 0.9967613 0.9977773 0.9972108 0.9964592 0.99568295 0.9974439 0.9975698 0.99805695 0.99310225 0.9959983 0.9964591 0.9975379 0.99744356 0.9976263 0.99879366 0.999422 0.99999994 0.9983401 0.9993943 0.99171656 0.9901776 0.9929836 0.9923124 0.9938088 0.99330485 0.99444026 0.9952908 0.99488336 0.9924159 0.995366 0.9919151 0.9927296 0.9956355 0.995326 0.99537295 0.9952858 0.9938788 0.99210113 0.99182546 0.99126685 0.98904294 0.9944133 0.99233073 0.9887602 0.99266493 0.99532914 0.9944409 0.99436796 0.99347574 0.991995 0.98781306 0.9892235 0.99265987 0.9906201 0.9915626 0.9910268 0.99218285 0.98888576 0.9893715 0.9935811 0.9919828 0.99485826 0.9900507 0.98871833 0.99204046 0.9929828 0.98970306 0.99159706 0.99229246 0.99188286 0.990538 0.9918245 0.9931601 0.99303466 0.9944856 0.9901778 0.9911282 0.99671775 0.9901325 0.9902446 0.9894496 0.991358 0.9875074 0.9900609 0.9881933 0.9897847 0.9874362 0.99123085 0.991647 0.9913705 0.9921559 0.99024653 0.99197143 0.99182177 0.9919243 0.99076456 0.9914483 0.99178267 0.9919567 0.9924657 0.9916774 0.99165624 0.9905878 0.98922414 0.98856 0.9891938 0.98968476 0.9879775 0.9939425 0.99358827 0.9938757 0.99197906 0.9955718 0.9924191 0.9890839 0.9909886 0.9932845 0.9926719 0.9945081 0.9942794 0.99254125 0.9958545 0.9944081 0.9940453 0.9948584 0.98811567 0.989172 0.9849108 0.98747504 0.99114275 0.99049646 0.9923274 0.98954177 0.98751485 0.99049455 0.9909774 0.98753345 0.9851086 0.9838567 0.9803587 0.9946719 0.9955042 0.9969766 0.99268407 0.9916847 0.9923136 0.99443686 0.99214625 0.99432254 0.99274194 0.994053 0.99489677 0.9956487 0.9955905 0.993982 0.99429977 0.99504656 0.99468184 0.9944018 0.9947504 0.99403965 0.994666 0.9954265 0.9963224 0.9956606 0.995134 0.99566007 0.9973265 0.99715775 0.9934324 0.9907501 0.9885008 0.99445546 0.99498194 0.99400073 0.9941177 0.9961683 0.9949684 0.99626034 0.9963377 0.9965229 0.9959354 0.99417216 0.9918449 0.9893955 0.9935522 0.99005234 0.99186105 0.9931624 0.991961 0.99083245 0.989732 0.99094915 0.9916869 0.98753256 0.9844241 0.986462 0.9922827 0.9948178 0.99256015 0.99487567 0.99572974 0.9943667 0.99453396 0.995294 0.9933085 0.99391997 0.9918579 0.99153215 0.99415183 0.9954364 0.9939833 0.99441004 0.99505967 0.9935543 0.9914102 0.9944797 0.98335063 0.9875079 0.9930642 0.98983395 0.98504436 0.98794943 0.9900558 0.98097104 0.98650926 0.99275565 0.9907445 0.98493737 0.98832124 0.98964405 0.98774403 0.9889822 0.9885707 0.9902428 0.97981584 0.9914678 0.99280685 0.99223316 0.9872257 0.98366356 0.9883414 0.99061584 0.991092 0.9892607 0.9871929 0.9888038 0.9881306 0.9872677 0.98407114 0.9873397 0.99049354 0.9906415 0.9882544 0.9846621 0.993905 0.99441785 0.9930157 0.99302053 0.99417776 0.98939395 0.9913364 0.9890648 0.9920481 0.990882 0.9938417 0.99260217 0.9885024 0.9873076 0.9936461 0.9915828 0.9882751 0.9835636 0.987595 0.988502 0.98814523 0.9893461 0.9902852 0.99086666 0.9929489 0.98752177 0.989927 0.9902535 0.9920952 0.9908217 0.9883461 0.987933 0.9920559 0.99253815 0.99259925 0.99358654 0.9928415 0.9935369 0.9919771 0.9890204 0.98910296 0.9875542 0.9897148 0.99319345 0.9923201 0.9891639 0.99219394 0.9883807 0.9914815 0.9933794 0.9936168 0.99481285 0.99448514 0.9950392 0.99389815 0.9953056 0.99388516 0.9937831 0.99592036 0.9947192 0.99588203 0.9955893 0.9896641 0.989623 0.9882467 0.9928849 0.99289036 0.990638 0.9944317 0.9968525 0.9967409 0.9960022 0.99767876 0.99693304 0.9974259 0.9963074 0.99560845 0.99595547 0.99617475 0.99576914 0.9973139 0.99540824 0.9952536 0.9959475 0.9960822 0.99583995 0.9968896 0.99468136 0.99487686 0.9952995 0.99204874 0.9922236 0.99027085 0.99404067 0.99157375 0.991747 0.99062616 0.9870601 0.98731923 0.98921406 0.99066293 0.99120927 0.99301726 0.99408984 0.99545467 0.993593 0.99445313 0.9935411 0.994835 0.995564 0.9934075 0.9949719 0.9937518 0.99422115 0.9949241 0.99406964 0.9918097 0.9923978 0.99349654 0.9936476 0.9936663 0.995596 0.9961637 0.99471444 0.9943972 0.9938835 0.99362177 0.99303496 0.9942008 0.9957653 0.99512863 0.9905578 0.98737866 0.98776066 0.99001074 0.9918817 0.99006057 0.99102634 0.9929258 0.99199474 0.99492735 0.993412 0.992124 0.9929249 0.9930146 0.99082685 0.99001557 0.99009806 0.9921959 0.9935287 0.99388194 0.99365884 0.99439186 0.9901916 0.9906256 0.9918872 0.9860147 0.9842784 0.98397297 0.99402314 0.99108136 0.9910113 0.9932108 0.99359745 0.9917999 0.9927644 0.99184215 0.99287814 0.994295 0.9893103 0.9901549 0.99140936 0.9923052 0.9911841 0.9933111 0.98988235 0.98768264 0.9918153 0.9921326 0.99305755 0.9917178 0.99277264 0.99157834 0.99126816 0.9927273 0.9882688 0.9950892 0.99474174 0.99234915 0.99214745 0.99177265 0.9892789 0.99111533 0.9943996 0.99352777 0.9927372 0.9916313 0.9921423 0.98618144 0.9939075 0.99177074 0.99360037 0.9920116 0.989574 0.9932909 0.9953783 0.995059 0.9935177 0.9950955 0.995816 0.9923514 0.9931769 0.9934274 0.98617786 0.9901756 0.9932887 0.9907275 0.98944837 0.99204636 0.9938051 0.9932653 0.9930466 0.99293077 0.99281967 0.9940703 0.9922216 0.99442583 0.99515057 0.99413574 0.9922799 0.9935854 0.9958989 0.9949182 0.9936103 0.99154896 0.9854479 0.9876232 0.9893015 0.99148613 0.99203616 0.99039394 0.9889176 0.9913843 0.99159217 0.98703164 0.98605835 0.98716563 0.98867995 0.99085456 0.9915216 0.9898112 0.99508846 0.99357325 0.9920879 0.9888965 0.9952271 0.9950567 0.9945442 0.9945159 0.993936 0.997147 0.99677414 0.994715 0.99552506 0.99628913 0.99621415 0.99510074 0.9929915 0.9933237 0.99488187 0.99509186 0.996951 0.9869615 0.9860157 0.9882479
CxorovicxSvetozar_SRP19192SvetozarCUcelijama-L2_4 0.98991644 0.9933076 0.9934977 0.9909866 0.99310744 0.99106306 0.9886399 0.9834759 0.9970573 0.9978745 0.99769837 0.9978367 0.99680096 0.9966674 0.99770087 0.9968725 0.9964235 0.99636865 0.99660206 0.9982174 0.9971951 0.9974146 0.99688256 0.9978147 0.99798524 0.99726754 0.998161 0.99606854 0.99922943 0.99858147 0.9983401 0.9999998 0.9986294 0.98999274 0.9873227 0.99454916 0.99371916 0.99313253 0.9948407 0.9947054 0.9951268 0.9945199 0.9932867 0.993303 0.99277407 0.9944731 0.9953625 0.9951146 0.9962139 0.99446636 0.9955556 0.9936681 0.9920864 0.99135864 0.9893525 0.9942158 0.9926551 0.9887924 0.99154985 0.9953117 0.9942437 0.9936079 0.9949499 0.99308187 0.98975325 0.9909563 0.9931079 0.9929475 0.9923382 0.99319255 0.99428797 0.9926926 0.99149626 0.99486774 0.99393886 0.99551165 0.9936419 0.9921676 0.9933816 0.9949158 0.9922967 0.9905131 0.9920043 0.9915263 0.9893307 0.9912913 0.99181557 0.99241346 0.99411786 0.9895774 0.991236 0.9948912 0.991577 0.9923653 0.9915699 0.99224824 0.98828673 0.99049515 0.99002975 0.9901078 0.98942 0.9923987 0.9926921 0.99189246 0.9910411 0.99180794 0.9908328 0.9915756 0.9930228 0.99127924 0.99221337 0.9912646 0.9915773 0.99230945 0.9918011 0.99029654 0.993153 0.99217796 0.9920144 0.9920234 0.9925706 0.9909007 0.996457 0.9962467 0.9956179 0.9949818 0.99598736 0.99564016 0.99244565 0.99364626 0.9949704 0.99479514 0.9956356 0.9953431 0.9948323 0.99343336 0.99334854 0.9932382 0.9939967 0.98740476 0.98797286 0.98312855 0.986339 0.99367577 0.99371105 0.9946177 0.9919206 0.99095756 0.99245614 0.9930734 0.99001515 0.98876524 0.98688775 0.98406523 0.9956569 0.9960633 0.9966406 0.9905302 0.98954946 0.9919621 0.99292207 0.9915206 0.9924344 0.9918152 0.993205 0.99296314 0.99402493 0.9953537 0.9935509 0.9942837 0.99417436 0.99260306 0.9941493 0.99323994 0.99173 0.9922412 0.9955978 0.99487823 0.99419785 0.9962708 0.99635404 0.99640065 0.9962452 0.9925462 0.99066925 0.9880366 0.99527127 0.9945098 0.994134 0.9934865 0.99614245 0.99653167 0.9951516 0.9967284 0.99549234 0.99706995 0.99646187 0.99440664 0.99162203 0.9942449 0.9900505 0.9915337 0.99297255 0.99095243 0.99216396 0.989712 0.98982596 0.9916137 0.987476 0.98454 0.9858679 0.99099034 0.99543786 0.9947603 0.99584246 0.9948368 0.9954886 0.993697 0.99470896 0.9944771 0.99426275 0.9902797 0.98979735 0.99290186 0.9950644 0.99373627 0.99360037 0.99555296 0.99360967 0.99268514 0.99392855 0.98947483 0.99168795 0.99427897 0.9909853 0.9882834 0.98998547 0.98972255 0.9860357 0.98775584 0.9932134 0.9890321 0.98333377 0.98763764 0.98970157 0.98998743 0.9906603 0.9908471 0.99360484 0.9851532 0.99218893 0.993296 0.99294066 0.9899867 0.98898023 0.9912725 0.994224 0.99291676 0.99272656 0.9915774 0.9926425 0.99171793 0.9894372 0.9886274 0.99029386 0.9928453 0.99277973 0.9906157 0.98700356 0.993924 0.9948669 0.9932433 0.99468523 0.9941541 0.9912652 0.99297345 0.99234533 0.9948835 0.9923249 0.9952445 0.9936015 0.9917031 0.9914967 0.99486965 0.99268526 0.9910188 0.9866776 0.9915651 0.9923361 0.991068 0.9927851 0.9933297 0.99354184 0.99448234 0.9910228 0.9923115 0.99159425 0.9946255 0.99326575 0.99108386 0.9902578 0.9937601 0.99292123 0.99437964 0.9938936 0.993144 0.99352074 0.9929258 0.9913116 0.98978686 0.98917985 0.99293333 0.99504083 0.9943431 0.9916525 0.99364597 0.99171335 0.9930101 0.99606943 0.99577314 0.9952596 0.995504 0.9955541 0.9938848 0.9940691 0.99202526 0.992416 0.99683493 0.995864 0.99711084 0.9968816 0.987714 0.9866318 0.9849544 0.9916764 0.9916165 0.9892563 0.99659014 0.9971007 0.9970722 0.9962019 0.9966762 0.99654174 0.9952795 0.9933084 0.99636513 0.9950295 0.9957385 0.9954478 0.9953058 0.99316925 0.9923662 0.9966513 0.9954556 0.99629116 0.9957478 0.99499923 0.9938396 0.99384147 0.98792017 0.9940453 0.9931046 0.9950057 0.99298686 0.99351305 0.9928715 0.9904178 0.99001354 0.9919847 0.99311846 0.9925244 0.9942008 0.99460375 0.99387974 0.9948347 0.9954557 0.9946969 0.99357504 0.99492705 0.9902684 0.995434 0.99068344 0.9919623 0.99512726 0.99192905 0.9889213 0.9894488 0.99115765 0.9954343 0.9908698 0.99561626 0.9943037 0.9954732 0.9946078 0.99232936 0.9935978 0.9927827 0.9932753 0.9950451 0.99417996 0.99244285 0.99123514 0.99113345 0.9934779 0.9934685 0.9935576 0.9941227 0.99480283 0.99385947 0.9957913 0.9931537 0.99188554 0.9940332 0.99314624 0.9919013 0.99171793 0.9901986 0.99228406 0.99407685 0.99406415 0.9951676 0.9948701 0.9922125 0.9928952 0.99318355 0.9884548 0.98723906 0.98703885 0.9932657 0.99204683 0.9917233 0.99377763 0.994212 0.9930251 0.99399465 0.99272925 0.99385524 0.9935298 0.9927263 0.9933795 0.9930862 0.9932783 0.9925219 0.9934466 0.99205446 0.9892409 0.99479395 0.9939447 0.99552584 0.9944107 0.9944516 0.9950268 0.99488616 0.99573416 0.992826 0.9956689 0.99518776 0.99407756 0.9935155 0.99351 0.992559 0.99349546 0.99495196 0.9948546 0.99457866 0.99311954 0.9943637 0.9897486 0.9957995 0.9946197 0.99508417 0.9926553 0.9920781 0.99480534 0.9962645 0.9962245 0.99421954 0.99638987 0.99642277 0.9944504 0.994735 0.99455583 0.98863685 0.99096113 0.99353784 0.99245405 0.99276286 0.9933729 0.99410844 0.99273026 0.99370486 0.99339145 0.9927281 0.99445045 0.99249125 0.99454474 0.99391234 0.9929996 0.9900298 0.99201405 0.9931796 0.9924107 0.9915638 0.9886246 0.9900385 0.9920263 0.9927841 0.9935479 0.9927394 0.9924592 0.9921713 0.99273276 0.9933705 0.99194974 0.9904508 0.9918716 0.9923187 0.99349153 0.994322 0.99220383 0.99451995 0.9907083 0.9893799 0.98558766 0.9936778 0.9938437 0.99260676 0.9930877 0.9910594 0.9951436 0.9938926 0.9905557 0.9930535 0.9921316 0.99328417 0.9922911 0.9879721 0.98871404 0.99070776 0.991875 0.99443734 0.98866606 0.986625 0.98916966
CxorovicxSvetozar_SRP19192SvetozarCUcelijama-L2_5 0.9900943 0.99206156 0.9935093 0.99253297 0.9940491 0.989263 0.9870627 0.9816806 0.9959239 0.9978411 0.99786174 0.9967784 0.99748063 0.9975889 0.9974534 0.99787617 0.99731034 0.99642205 0.99608374 0.9981101 0.9984359 0.99859947 0.9933994 0.995901 0.9962483 0.99710494 0.99723566 0.9971292 0.99901384 0.9996704 0.9993943 0.9986294 0.9999999 0.9917183 0.99008256 0.9929143 0.991989 0.99326074 0.99321294 0.9940896 0.99515194 0.9947707 0.99229777 0.99455637 0.9911144 0.9926348 0.9953348 0.9951781 0.99572027 0.9956917 0.9949523 0.9931899 0.9925585 0.99094135 0.9890594 0.9937685 0.9918137 0.9876092 0.9915571 0.9953921 0.9943503 0.9935218 0.9934876 0.991835 0.98788303 0.98912567 0.9928688 0.9913616 0.9923739 0.991385 0.992906 0.98924583 0.9906976 0.99495876 0.9933466 0.99606407 0.99163926 0.9903022 0.9928655 0.9941274 0.99141055 0.9914296 0.9919654 0.99181026 0.98999816 0.9919587 0.9933613 0.9930631 0.9946943 0.9894207 0.9908529 0.99682593 0.9911609 0.99156374 0.99105394 0.9922485 0.98834616 0.9908759 0.98932683 0.99072754 0.98899966 0.9927131 0.9930777 0.99262357 0.9928434 0.99049664 0.9918703 0.99218196 0.9925219 0.99134064 0.9921603 0.9920996 0.992057 0.9927475 0.9918781 0.99147195 0.99184525 0.99041736 0.98980397 0.9902085 0.9909082 0.98948425 0.99511564 0.99501705 0.99484503 0.99303627 0.9962603 0.9933663 0.9898301 0.9918965 0.99389386 0.993324 0.9952102 0.99490166 0.9939017 0.9950533 0.9933237 0.9930502 0.994055 0.9872488 0.98853004 0.9838804 0.9867651 0.9920838 0.9920462 0.99393666 0.9898584 0.98829406 0.9908887 0.99171144 0.9874033 0.9857341 0.9843987 0.9807871 0.9951112 0.9957061 0.9967614 0.9926919 0.9919881 0.99263644 0.994158 0.9926775 0.9939439 0.9928737 0.99427223 0.9946751 0.9951324 0.9960964 0.99402964 0.9950532 0.99542886 0.99473053 0.9951675 0.9948399 0.99395394 0.99428034 0.9961922 0.9967558 0.9962926 0.99588287 0.9965002 0.9976625 0.9973339 0.993389 0.9911399 0.9893363 0.99499464 0.9952928 0.9946817 0.99403816 0.996735 0.99622905 0.996684 0.9969499 0.9969287 0.99674106 0.9952911 0.99243814 0.9897292 0.9935819 0.9896955 0.9922206 0.9932455 0.9917028 0.9907552 0.9893365 0.9900712 0.99183196 0.9869956 0.98390734 0.9858295 0.9920594 0.99533296 0.9932177 0.9952317 0.9957111 0.9947844 0.9943102 0.99564344 0.99372053 0.9939628 0.9917065 0.99138564 0.9940231 0.9956261 0.99405074 0.9944885 0.99540097 0.99374795 0.9918299 0.99433523 0.9835867 0.9874324 0.99343747 0.9898155 0.9852852 0.98797816 0.9897708 0.9818326 0.9860426 0.9929084 0.9905466 0.9853044 0.9882876 0.9897125 0.987627 0.98916495 0.98872423 0.9907259 0.9807807 0.99109846 0.9924085 0.9918408 0.9875389 0.9848335 0.98900944 0.9916064 0.99109364 0.98990655 0.9882244 0.9896047 0.98893255 0.98846924 0.9856961 0.9884704 0.99165493 0.99173266 0.9895059 0.9857529 0.99434173 0.99528307 0.99326277 0.9936405 0.99444073 0.99035484 0.9922655 0.9895423 0.99256593 0.9904361 0.9940066 0.9927523 0.98908484 0.9882471 0.994024 0.9913783 0.9886323 0.98429304 0.9884707 0.98951554 0.9892504 0.98976403 0.9912454 0.99140054 0.99307024 0.9884293 0.9904754 0.9903303 0.99283737 0.9915987 0.98933107 0.9887552 0.9935667 0.99442893 0.99435747 0.9951039 0.99453646 0.99518365 0.9939981 0.98990905 0.9895554 0.98835456 0.99110687 0.9943639 0.9932048 0.99029845 0.993225 0.9895428 0.9922917 0.9941376 0.9940649 0.99534357 0.99484605 0.9955735 0.9937136 0.9945481 0.9930277 0.9930412 0.99642396 0.9955663 0.9966357 0.99648213 0.98829716 0.98808324 0.9864021 0.9929093 0.99332607 0.99077016 0.9949233 0.99704593 0.99717706 0.9963023 0.99743235 0.99654424 0.9968732 0.9946714 0.99553245 0.9951444 0.9955089 0.99481666 0.9961318 0.9937292 0.99339086 0.9953746 0.9951124 0.99562174 0.99608135 0.99383825 0.9938309 0.99378645 0.99203855 0.99257535 0.99077344 0.9941205 0.9918569 0.9921935 0.9906415 0.9878042 0.987888 0.9900394 0.99145293 0.99150825 0.99302775 0.9945024 0.995671 0.9942321 0.9949713 0.994265 0.99501693 0.99558884 0.9934524 0.9952214 0.9938184 0.99453825 0.99545157 0.9941204 0.9922388 0.99256545 0.9938816 0.993846 0.9932364 0.99541634 0.99608684 0.99473476 0.99424547 0.99449223 0.9948771 0.99444586 0.9954565 0.9963007 0.9944436 0.99012065 0.987712 0.9879901 0.9903693 0.99150854 0.99054027 0.9909543 0.9927038 0.9916944 0.99560213 0.99391687 0.99247974 0.99366874 0.99401057 0.991787 0.9915456 0.9911096 0.9928444 0.99405396 0.9946618 0.99432766 0.99514234 0.9907984 0.9916177 0.9924893 0.98627806 0.9851184 0.9850599 0.99451506 0.9916864 0.9913974 0.9939226 0.9939068 0.9927514 0.9935366 0.9926753 0.99304086 0.99456894 0.9900858 0.9909525 0.99169207 0.99273044 0.99180853 0.99357665 0.99056435 0.98827255 0.99261093 0.9926548 0.9937261 0.9922764 0.99342436 0.9923981 0.99247915 0.993811 0.9892304 0.9958196 0.9956845 0.9932982 0.99305683 0.9924714 0.9902999 0.992415 0.99483347 0.9936084 0.99323475 0.9918348 0.99250513 0.9867471 0.99415356 0.99261194 0.99404013 0.9920617 0.98988205 0.99391603 0.99582773 0.99587053 0.9939988 0.99545026 0.996141 0.99298733 0.99338686 0.99338096 0.98706394 0.9905504 0.99309605 0.9916014 0.9906336 0.9924517 0.9940659 0.9935308 0.9936688 0.9932658 0.99328065 0.9943573 0.9921509 0.9945623 0.99446976 0.9932593 0.99105895 0.99246687 0.9950726 0.99395245 0.9924847 0.989868 0.98638606 0.98838717 0.98986477 0.99190927 0.9921644 0.99085295 0.98950565 0.99144095 0.99174064 0.9882529 0.9869516 0.9881526 0.98955715 0.9917153 0.9926563 0.9906092 0.99567527 0.99415755 0.99259144 0.98982847 0.99594367 0.99618113 0.9954446 0.99568844 0.99445856 0.9968356 0.99656415 0.9943141 0.9955851 0.9955289 0.9961202 0.9953523 0.9924484 0.9933074 0.9947608 0.9953537 0.99681264 0.9875782 0.9861964 0.98896605
DimitrijevicxJelena_SRP19012JelenaDDjulMarika-L2_1 0.990293 0.9875384 0.9897588 0.9910633 0.99162155 0.9818894 0.97936416 0.97476256 0.9883746 0.99261856 0.992294 0.9899294 0.9907487 0.99128914 0.99247354 0.9944344 0.99396133 0.9933733 0.9919215 0.9915284 0.9929797 0.9932046 0.98662317 0.9889966 0.9900932 0.99184614 0.9919095 0.991791 0.9913694 0.99221206 0.99171656 0.98999274 0.9917183 1.0000002 0.9993409 0.99215734 0.99231917 0.9949475 0.990408 0.98980105 0.9915586 0.9934881 0.99087024 0.99436474 0.9898154 0.9902142 0.9930267 0.99277925 0.99204993 0.99328125 0.9891522 0.98783565 0.9875361 0.98555017 0.9816166 0.99112904 0.9892352 0.98661524 0.99020004 0.99131 0.9902414 0.9909398 0.9901044 0.98904276 0.98346794 0.98451465 0.98753816 0.9841799 0.9854846 0.9845288 0.9856746 0.9790608 0.9817038 0.98687464 0.9853185 0.9892129 0.98399353 0.9829052 0.9866852 0.986475 0.9825657 0.98959935 0.9889282 0.9882421 0.98726326 0.98737943 0.98959225 0.9879575 0.989849 0.9866434 0.9884216 0.99557793 0.98542297 0.985683 0.98506546 0.9856051 0.98132294 0.9848266 0.9821353 0.98478705 0.9831952 0.987934 0.98815703 0.9874291 0.9897829 0.9879876 0.99057823 0.99012464 0.9886411 0.9879261 0.9878324 0.98846173 0.9891602 0.9907501 0.9872596 0.99009734 0.9856327 0.9834285 0.98182684 0.9824099 0.9830039 0.9808831 0.9884258 0.9874594 0.9874457 0.98485017 0.98992085 0.98472244 0.9845953 0.98622286 0.9879993 0.98704356 0.98950505 0.98919106 0.9867703 0.99594384 0.9929521 0.9919357 0.99359256 0.9828176 0.9855479 0.98057663 0.9829388 0.98665255 0.98604655 0.9873464 0.98202294 0.9809742 0.9828783 0.98335296 0.9830019 0.97778547 0.97642565 0.9724883 0.9898554 0.9910922 0.9913234 0.9921869 0.99103135 0.98548603 0.98974276 0.98623407 0.98856235 0.9858767 0.9878315 0.9919425 0.99272007 0.99277765 0.9902215 0.99024177 0.99130905 0.9915812 0.99151975 0.9916492 0.9914164 0.9925305 0.99316657 0.99499905 0.9962569 0.99197143 0.9923794 0.9947068 0.99309105 0.9901166 0.9882077 0.9855054 0.99255973 0.9925866 0.99013305 0.99130696 0.99512124 0.9916241 0.9944878 0.9930682 0.995291 0.9918325 0.9895646 0.98531514 0.9820329 0.9870481 0.98271024 0.9858292 0.98692954 0.9847859 0.984936 0.9812228 0.98260784 0.9838845 0.9789649 0.97527647 0.9780865 0.98592687 0.9924331 0.99025387 0.99177516 0.9940498 0.990538 0.9926096 0.99300843 0.9906004 0.9909803 0.990275 0.9897292 0.99176985 0.99273795 0.9908577 0.9907577 0.99143904 0.9902051 0.98736477 0.9924467 0.9758276 0.97932434 0.9895726 0.9862471 0.9810645 0.9840863 0.98480797 0.9759687 0.982082 0.9903844 0.9877472 0.98174757 0.985133 0.9848717 0.982233 0.98560303 0.98368895 0.98095226 0.9695366 0.98296416 0.9850149 0.98538226 0.97844905 0.97600967 0.98073125 0.98431003 0.9859809 0.9822834 0.97726035 0.9800202 0.9791864 0.97993696 0.97692317 0.98043215 0.9836915 0.9836895 0.9804281 0.97560114 0.99110234 0.9905754 0.98995876 0.9871416 0.9897915 0.98258 0.98725426 0.98335075 0.98718363 0.9865503 0.98879445 0.9886395 0.9819224 0.9803043 0.98904425 0.9876073 0.98009384 0.9749661 0.9810683 0.98199576 0.9790243 0.98525727 0.9851461 0.98464304 0.98850167 0.9803287 0.98330504 0.98244727 0.9852025 0.98498213 0.98053247 0.9794644 0.98513114 0.98674315 0.9858211 0.98756593 0.9875736 0.98768485 0.98584074 0.98977757 0.99103034 0.9876585 0.9847411 0.9896576 0.98791355 0.98511446 0.989095 0.98253477 0.9862902 0.98931766 0.9907838 0.99297374 0.9920084 0.9915902 0.99181676 0.99323606 0.9908088 0.9912486 0.9904396 0.99004626 0.9904766 0.99071217 0.9889933 0.9898759 0.9889901 0.9883948 0.9882946 0.98543274 0.98823446 0.990716 0.99108046 0.99037737 0.992872 0.99212205 0.9938006 0.9919676 0.9912136 0.99058735 0.99021196 0.98970467 0.99136394 0.9895025 0.99063325 0.9902672 0.99066556 0.99020505 0.9908959 0.9878812 0.98910046 0.9888739 0.989857 0.98551327 0.98366886 0.989248 0.98492557 0.98481953 0.98302716 0.9772075 0.9772787 0.98013407 0.9826296 0.98415816 0.98686755 0.9933905 0.99538845 0.99192303 0.99323136 0.992476 0.99497133 0.9956537 0.9961707 0.9939184 0.9960828 0.9965314 0.9951259 0.9963181 0.9960388 0.99676913 0.9965365 0.99104726 0.9977939 0.99370086 0.9968704 0.9931768 0.9925423 0.9924002 0.98951226 0.9887966 0.9915239 0.99347854 0.9936094 0.98553306 0.98130447 0.9826328 0.9846007 0.9862617 0.98468184 0.9858185 0.9885029 0.9862851 0.9910586 0.989019 0.9871422 0.9886243 0.98932236 0.985642 0.9839193 0.98442197 0.9865284 0.9867494 0.9873929 0.9879004 0.98843145 0.980847 0.9828272 0.9832026 0.9764516 0.9745752 0.97443706 0.98964787 0.9849867 0.98587143 0.98790157 0.9887942 0.98608446 0.98547286 0.98494136 0.98782796 0.98958516 0.98268545 0.9811569 0.98293805 0.98541737 0.9827478 0.98597616 0.9817782 0.9797538 0.9836347 0.9844982 0.98551136 0.9840546 0.98532236 0.98257303 0.98191047 0.98538005 0.979645 0.9898675 0.98816997 0.98478895 0.9855831 0.98462033 0.9809521 0.98416317 0.9878504 0.98721796 0.9861826 0.9851429 0.98492706 0.9780882 0.9856455 0.98385984 0.9861344 0.9854541 0.9818999 0.98751456 0.9920128 0.98888826 0.9856658 0.98771346 0.99039996 0.9876429 0.9868654 0.9873257 0.9795472 0.9833759 0.98819697 0.9827737 0.98187 0.98672193 0.98899895 0.98949176 0.9876175 0.98843294 0.9892726 0.98839897 0.98741746 0.98896384 0.9936088 0.99296266 0.9917281 0.99162096 0.9943443 0.99303246 0.99268955 0.99083585 0.97662723 0.97861516 0.9809308 0.9847206 0.98629194 0.98413193 0.9823026 0.9850091 0.983888 0.97963136 0.97776467 0.97873133 0.97962695 0.98258644 0.9846294 0.9813715 0.9909932 0.99171716 0.9897713 0.9863132 0.99438 0.9935928 0.99316585 0.9929474 0.9919733 0.99274576 0.993745 0.9920649 0.9913482 0.9928216 0.9929958 0.9917659 0.9905927 0.9903407 0.9911335 0.9920338 0.9930852 0.9837587 0.9841916 0.98617375
DimitrijevicxJelena_SRP19012JelenaDDjulMarika-L2_2 0.9887373 0.98483986 0.9878104 0.99026865 0.990332 0.978951 0.9765486 0.9722829 0.9857244 0.990613 0.9903848 0.98729104 0.9889781 0.98961884 0.9903836 0.992797 0.9923758 0.9915041 0.9896563 0.9892607 0.9912783 0.9916374 0.9829026 0.98594016 0.9873223 0.98988616 0.989553 0.9901818 0.9889923 0.990505 0.9901776 0.9873227 0.99008256 0.9993409 1.0000006 0.9892918 0.98950446 0.99328864 0.98738265 0.9873146 0.98931247 0.99151933 0.98826635 0.99297047 0.98693144 0.98689115 0.9907446 0.9907066 0.989553 0.99201185 0.9868622 0.9857953 0.98603183 0.98351645 0.97949624 0.9892602 0.9872483 0.98469967 0.98881334 0.98956203 0.9884854 0.98905426 0.987568 0.9866083 0.98050195 0.981601 0.9854423 0.98122627 0.9833499 0.9816109 0.98314434 0.9750967 0.9789696 0.9846357 0.9827654 0.9871237 0.9804784 0.9796305 0.9844718 0.9837805 0.97970456 0.9884138 0.9872167 0.9864925 0.9858809 0.9858261 0.98843384 0.9864423 0.9881922 0.9850934 0.9866827 0.99483305 0.9832677 0.9834525 0.9826734 0.98393375 0.97961336 0.98317206 0.9799595 0.9832967 0.9809203 0.9861858 0.9865575 0.9857311 0.9888121 0.98573524 0.98964214 0.9888367 0.9866381 0.98630464 0.9859294 0.9871409 0.9877875 0.9893188 0.98561966 0.98915374 0.98285115 0.980423 0.9786267 0.97945905 0.979873 0.97795445 0.98564225 0.9846113 0.9848472 0.9816815 0.9881383 0.98132676 0.98115903 0.9832533 0.9854661 0.9842212 0.9873118 0.9870165 0.9840955 0.99507 0.9911644 0.9901854 0.991953 0.9811293 0.9843076 0.979642 0.98168683 0.98380464 0.9831186 0.9849384 0.97903234 0.9774432 0.9800056 0.9803566 0.9795104 0.9737309 0.9730316 0.96854925 0.9874218 0.9885454 0.98917603 0.9913952 0.9903751 0.9835917 0.9883566 0.9845515 0.98704535 0.98415345 0.9862042 0.9909499 0.99140453 0.9910656 0.988694 0.9885535 0.9899772 0.9905968 0.9899581 0.9903735 0.99037904 0.991693 0.9913623 0.9939542 0.9952386 0.98973686 0.9905305 0.9934278 0.9917351 0.9885758 0.9866931 0.9843613 0.99039054 0.9909631 0.9884137 0.98979753 0.99348706 0.98938936 0.99333256 0.99122536 0.9942376 0.9896233 0.98700684 0.9822446 0.97904867 0.9848228 0.98071843 0.98394763 0.98508143 0.98322296 0.9823249 0.9790188 0.9808222 0.98192704 0.9767984 0.9730298 0.9762588 0.98447 0.99036837 0.9874164 0.9896347 0.9926941 0.9880159 0.9911766 0.9913929 0.9883615 0.98908067 0.98955023 0.9890178 0.99082553 0.9910822 0.9890696 0.98951745 0.989369 0.9883671 0.98477674 0.9908589 0.97091335 0.9752795 0.9871961 0.9836117 0.9775913 0.9811209 0.98320955 0.9716977 0.9794778 0.988224 0.98649883 0.9803701 0.98329186 0.98274094 0.97919655 0.98299176 0.9803802 0.9772846 0.9648784 0.9805214 0.9826639 0.9829247 0.97511137 0.9714793 0.9772856 0.9808253 0.9833008 0.9787461 0.9732665 0.97612405 0.9755555 0.977165 0.97317225 0.97748613 0.9810879 0.9812799 0.9776099 0.9727383 0.98952985 0.98873705 0.9880466 0.984331 0.9879223 0.9800244 0.9847082 0.97968525 0.98390335 0.98377633 0.9860453 0.98625535 0.9782534 0.9762095 0.9865646 0.9850269 0.97672546 0.97139096 0.9771545 0.97812504 0.97568333 0.9816672 0.98184687 0.9813061 0.9859385 0.976854 0.98044765 0.9801028 0.9823202 0.98226523 0.9776899 0.97676086 0.98258716 0.98503715 0.983282 0.9857872 0.9857321 0.98592407 0.98375857 0.9875478 0.98950934 0.98583794 0.9816862 0.98732066 0.98541135 0.9823623 0.9867919 0.97946423 0.9840501 0.986235 0.9880682 0.991066 0.9897884 0.98954713 0.9899404 0.9918011 0.9896791 0.9898733 0.98824126 0.9880082 0.98831797 0.98841316 0.9877841 0.98879516 0.98819304 0.9871628 0.98711604 0.98427486 0.98537946 0.9885711 0.98903245 0.9885121 0.99136776 0.9900823 0.9926757 0.9905368 0.9888616 0.9888625 0.9881919 0.9871448 0.98977804 0.98771 0.9891392 0.9876101 0.9885819 0.9878673 0.98916507 0.9852847 0.98709834 0.98687315 0.98950636 0.98249906 0.9800929 0.9865903 0.982019 0.98169315 0.97956276 0.97348917 0.9740027 0.976754 0.9794755 0.98141503 0.9839527 0.9915502 0.9944604 0.9894905 0.99115574 0.99015707 0.99366105 0.9941642 0.99596024 0.9918433 0.9961235 0.99616534 0.9935261 0.996104 0.99627066 0.9970991 0.9963486 0.98835796 0.99743664 0.9915933 0.9959009 0.99095917 0.9905584 0.9914033 0.9880256 0.98745155 0.9903305 0.99178624 0.99205947 0.9821697 0.97744226 0.9785553 0.98064417 0.9830366 0.9808212 0.9820037 0.9852891 0.9831069 0.9891523 0.98783624 0.9859911 0.9865824 0.98789763 0.98386705 0.98191243 0.98304766 0.98446393 0.9846432 0.98551285 0.9852655 0.9863498 0.97775656 0.9796654 0.98059493 0.9729977 0.9709359 0.97080123 0.9880371 0.9825938 0.98350513 0.9856802 0.9864782 0.98350763 0.98297596 0.98282194 0.98549 0.9879531 0.9792733 0.9775565 0.98001224 0.9828487 0.9802692 0.9837468 0.9787291 0.9770602 0.98011565 0.9813995 0.98237085 0.9807462 0.9825347 0.97901905 0.97839165 0.9821723 0.9755751 0.98766935 0.98616123 0.98211324 0.9831351 0.9818863 0.9774186 0.98145694 0.9855844 0.98462117 0.9832221 0.982669 0.98197305 0.9747447 0.9827684 0.980825 0.98348325 0.98323613 0.97876316 0.98518777 0.98974025 0.9866225 0.98353785 0.98507094 0.9883909 0.98490715 0.9844515 0.9850204 0.97665024 0.98153234 0.9861557 0.98039335 0.97843134 0.98423225 0.9872041 0.98807156 0.98561907 0.9865054 0.98769194 0.9863774 0.98556316 0.9869963 0.9922474 0.9912292 0.990439 0.9900193 0.9932778 0.9918801 0.99143475 0.98951954 0.9723968 0.9744157 0.9772005 0.9817796 0.9839583 0.9811724 0.97882676 0.98234594 0.98095095 0.9753774 0.9736494 0.97454035 0.9759088 0.9793128 0.9813357 0.9782748 0.9894225 0.99138844 0.98902607 0.985921 0.99314064 0.9922388 0.9923416 0.99179316 0.9913251 0.99150753 0.99272436 0.99143213 0.9902498 0.9924089 0.9920825 0.99102175 0.9908773 0.9902507 0.99087745 0.9914511 0.992014 0.98120236 0.9820107 0.983804
DimitrijevicxJelena_SRP19070JelenaDFatiSultan-L2_1 0.9929176 0.9947218 0.9948087 0.99071825 0.9927794 0.99252367 0.99072474 0.9869856 0.9924349 0.9940045 0.9936623 0.99489933 0.9917201 0.9916384 0.99624306 0.9949308 0.99581116 0.99676174 0.9967787 0.9940374 0.9918481 0.9928745 0.9938663 0.99429005 0.994565 0.9920348 0.994583 0.9908308 0.9946458 0.9926854 0.9929836 0.99454916 0.9929143 0.99215734 0.9892918 1.0 0.9993847 0.9982656 0.99730396 0.995832 0.9963346 0.99468887 0.9963441 0.9948509 0.9977482 0.9979945 0.99627507 0.99568224 0.9959324 0.9930389 0.9929034 0.9910858 0.9896109 0.9911254 0.9882816 0.9961362 0.99559444 0.99459 0.99502206 0.99556655 0.9949668 0.99585295 0.9959342 0.9951406 0.9940556 0.9948132 0.9923362 0.9918395 0.9907161 0.9920107 0.99317944 0.9913661 0.9905359 0.9917323 0.9920042 0.9928114 0.9936213 0.99258906 0.9932374 0.9926143 0.99197507 0.99112874 0.9932031 0.98912734 0.98722184 0.9893694 0.9889903 0.9903164 0.9916586 0.98979396 0.9909096 0.99297583 0.99260306 0.99317545 0.9923444 0.9909297 0.9885369 0.9897454 0.9900484 0.98954856 0.9908228 0.99294126 0.99233735 0.9893379 0.9880777 0.9920259 0.98872554 0.9889987 0.9915164 0.9892347 0.98994553 0.98901945 0.99024993 0.9919116 0.9907165 0.9890026 0.99311495 0.9908836 0.9904755 0.9907515 0.99161553 0.9890639 0.9951026 0.9932896 0.9928277 0.9930576 0.9933925 0.9934289 0.99488986 0.9944877 0.99454045 0.9947755 0.99377996 0.9937605 0.9940135 0.99483067 0.9960947 0.99617 0.99612343 0.9865862 0.985901 0.98097545 0.98451686 0.9925025 0.9908374 0.9909009 0.9917456 0.9911032 0.99134856 0.9915216 0.99490166 0.99138355 0.9888743 0.9874458 0.99533737 0.9962084 0.99505186 0.99055517 0.9893456 0.98894596 0.9909966 0.98816484 0.98994917 0.98923904 0.99033606 0.99006414 0.99297726 0.9937803 0.9933603 0.9924421 0.992226 0.9887462 0.9906728 0.9898021 0.987807 0.9893347 0.99502337 0.99376416 0.99299306 0.99531263 0.99323124 0.9932116 0.9925493 0.9887651 0.9863324 0.9822578 0.9959421 0.99431217 0.9923689 0.9937791 0.99486095 0.99362355 0.99152094 0.9943779 0.99333143 0.9946685 0.99472487 0.99401695 0.9909317 0.9925956 0.98911655 0.9897293 0.99143344 0.9898054 0.9928282 0.9869561 0.9872302 0.98731375 0.9854549 0.9828439 0.98391485 0.98765725 0.9956472 0.997144 0.996231 0.9937144 0.9952243 0.99409944 0.99376345 0.9961832 0.9957768 0.9915991 0.9911982 0.9930765 0.99537766 0.9956159 0.9914115 0.99654216 0.9944741 0.99478734 0.9949248 0.99073654 0.99190843 0.9938685 0.99237317 0.9903339 0.9908739 0.9897834 0.987897 0.98999786 0.9927336 0.98520917 0.9767338 0.98401505 0.98596007 0.99005985 0.99091566 0.99417526 0.9927254 0.98433393 0.9910405 0.9913506 0.9934368 0.9900844 0.9902716 0.99184716 0.9936048 0.994393 0.9935187 0.98902106 0.99136883 0.9902071 0.98900163 0.98832273 0.989616 0.9906343 0.99063003 0.9892453 0.9860308 0.9936838 0.9929343 0.9940731 0.9941036 0.993128 0.99081373 0.9930137 0.99364287 0.9945879 0.99162555 0.99383533 0.99348235 0.992926 0.9922771 0.9939077 0.9931408 0.99058276 0.98676753 0.9917897 0.9919381 0.98867965 0.9945048 0.99311197 0.9935088 0.99412775 0.99178356 0.9919436 0.9912225 0.993607 0.9927385 0.9902146 0.9896322 0.98941624 0.9863715 0.9892627 0.9874403 0.98716164 0.9872092 0.98698455 0.994408 0.9939177 0.9923508 0.99168795 0.9929055 0.9938167 0.99292064 0.993745 0.991084 0.9923971 0.9956254 0.99677444 0.9949901 0.9953717 0.9945843 0.99276924 0.99247015 0.9893941 0.99106735 0.99474084 0.9935175 0.99436736 0.9949229 0.9904775 0.98885965 0.98826206 0.9882695 0.9858775 0.9839543 0.99543726 0.9942735 0.99412596 0.9936541 0.99417955 0.99544877 0.99326086 0.9928435 0.99563867 0.9935352 0.99409825 0.9954077 0.99351937 0.992991 0.9923929 0.9967278 0.9958188 0.9962982 0.9951108 0.9961587 0.99514496 0.99469864 0.98368883 0.99204654 0.99220085 0.99364424 0.99165606 0.9921236 0.9925987 0.9881191 0.98680854 0.988782 0.9909682 0.9914128 0.99354774 0.99587363 0.99302095 0.9957559 0.9961382 0.9950004 0.99384373 0.99540335 0.98976153 0.9967022 0.98979187 0.990869 0.99481595 0.99104476 0.9870827 0.98944366 0.9902898 0.997481 0.9928112 0.997041 0.99424064 0.9965008 0.99653447 0.98877686 0.9881114 0.98713017 0.9882985 0.9924942 0.99229324 0.9933089 0.99173176 0.9920813 0.9938375 0.9938653 0.9934913 0.9943302 0.99503124 0.99425054 0.99384916 0.990926 0.9890185 0.9927749 0.9898189 0.9898629 0.9885988 0.98646444 0.9902353 0.9921119 0.9912054 0.9938828 0.9924519 0.9910049 0.9919847 0.9904685 0.98853004 0.9864619 0.98618245 0.990261 0.9902818 0.99079674 0.9921638 0.99336684 0.9920415 0.99172986 0.99077666 0.99299085 0.9898918 0.99194384 0.9901142 0.99031377 0.9912381 0.9898194 0.99012536 0.9888362 0.985785 0.99087334 0.98911023 0.9917371 0.9912559 0.99019384 0.9919297 0.9898184 0.9913382 0.9906306 0.9928433 0.99242264 0.9913564 0.99121666 0.99238455 0.9913829 0.99028856 0.99319816 0.9941617 0.99339694 0.9918279 0.99353963 0.98945296 0.9936601 0.9925727 0.99218446 0.9905679 0.9920849 0.9929217 0.99533844 0.9930394 0.9912997 0.9943667 0.9943695 0.9950278 0.9937149 0.9943828 0.98898375 0.9902288 0.9932686 0.990747 0.9925387 0.99254096 0.99271697 0.9899065 0.9915267 0.9920063 0.9914139 0.9921313 0.99139833 0.99259865 0.9933684 0.993888 0.99181163 0.99290204 0.9916453 0.9919995 0.9923697 0.9909695 0.9887937 0.9900124 0.99081516 0.9917489 0.989779 0.99065936 0.99113226 0.99166816 0.99109834 0.991229 0.98997736 0.9905259 0.9898423 0.98994386 0.9909085 0.9883349 0.99070543 0.98569274 0.9833347 0.97793394 0.98963463 0.99003017 0.98852485 0.9888892 0.9859767 0.9917922 0.9901506 0.98607635 0.9880295 0.98859465 0.98869604 0.9869813 0.98265725 0.9824026 0.9850902 0.98644066 0.99051017 0.9939153 0.9929409 0.99402416
DimitrijevicxJelena_SRP19070JelenaDFatiSultan-L2_2 0.99335134 0.9945885 0.994517 0.9906394 0.9925628 0.9916018 0.9898744 0.98620313 0.99112 0.9932975 0.99284834 0.9941347 0.9907001 0.99056906 0.99564457 0.99483156 0.9956734 0.9967803 0.99651396 0.9933494 0.9910157 0.99222136 0.994086 0.9946084 0.99482995 0.992003 0.9945936 0.9908096 0.99393684 0.99185723 0.9923124 0.99371916 0.991989 0.99231917 0.98950446 0.9993847 1.0000007 0.9981089 0.9969483 0.995628 0.9957563 0.9940665 0.99587226 0.9948691 0.99773747 0.9981239 0.9958889 0.9952275 0.9953524 0.9921315 0.991754 0.9898627 0.98820746 0.99022156 0.9867219 0.9962493 0.99586034 0.99494785 0.9954215 0.9948661 0.99441713 0.9963314 0.99552345 0.9947115 0.9940916 0.99496794 0.9909658 0.9903148 0.9889876 0.99148375 0.9923287 0.9905459 0.98880154 0.990055 0.99048704 0.99126554 0.99237674 0.9910693 0.9919768 0.9915334 0.9904438 0.9905532 0.99283034 0.9881745 0.9868307 0.98847413 0.9881977 0.9895876 0.9907243 0.9893 0.9902732 0.99226564 0.99106276 0.9917233 0.9907545 0.9895681 0.9869737 0.98852015 0.98817444 0.9878049 0.989308 0.9917387 0.9909258 0.98757666 0.98665696 0.9912704 0.98789716 0.9880585 0.9904952 0.9882542 0.9887902 0.98831075 0.98922795 0.9911054 0.98950183 0.988367 0.9917099 0.989704 0.989361 0.9898425 0.99030805 0.98755515 0.99373496 0.99209803 0.9921193 0.99234366 0.9923851 0.9926197 0.9945384 0.9942035 0.994455 0.9943604 0.9933416 0.99342966 0.9932529 0.9947276 0.9961978 0.9960803 0.99601495 0.98610973 0.9857964 0.98084456 0.9841535 0.9915396 0.9894588 0.989342 0.9906133 0.99035543 0.990338 0.9903531 0.99478734 0.99076873 0.9881695 0.9872335 0.9941194 0.9952297 0.9943514 0.99005014 0.9887875 0.98723435 0.98994166 0.98638904 0.9890116 0.9877223 0.98886395 0.9891917 0.99226755 0.9926573 0.99209094 0.99120665 0.99094033 0.9876064 0.98924834 0.9888607 0.9869003 0.9885119 0.993863 0.9928472 0.99243915 0.9947114 0.9923407 0.99255383 0.9921869 0.9880041 0.9854096 0.9810726 0.99518627 0.9934917 0.991275 0.9933764 0.9940361 0.99224615 0.99046046 0.99322176 0.9925872 0.9939608 0.9935452 0.99312997 0.9902334 0.9917054 0.9879888 0.98841214 0.99045414 0.989032 0.992258 0.98593116 0.9866281 0.9863031 0.98439586 0.98207587 0.9832968 0.9868057 0.99473745 0.9961559 0.99525595 0.99308264 0.99453723 0.99363667 0.99275905 0.9954095 0.9949729 0.99053556 0.9901688 0.9921706 0.99421537 0.99423975 0.9902755 0.99530023 0.9933249 0.9932781 0.99391323 0.99120057 0.9926081 0.9932569 0.9917393 0.9902601 0.99053663 0.988921 0.9869353 0.98988414 0.9918987 0.984441 0.97564 0.9833721 0.9853056 0.9897541 0.9904902 0.99370915 0.9918656 0.98394525 0.9905964 0.99120307 0.993237 0.98927885 0.98918027 0.99065113 0.99255 0.9939198 0.9926722 0.98749167 0.9901509 0.988906 0.9868838 0.98653156 0.9881493 0.98927766 0.98917776 0.98736984 0.98414516 0.9931442 0.9921465 0.99356616 0.99325997 0.9924658 0.98961 0.99186814 0.9933718 0.9945315 0.9918132 0.99333 0.993198 0.9921696 0.99171436 0.99321663 0.99322796 0.9897649 0.98555315 0.99122036 0.99114114 0.9872706 0.9942513 0.99246275 0.9929574 0.9938399 0.9905679 0.9909998 0.9903164 0.99291223 0.99165905 0.9888824 0.98807406 0.98731625 0.9841932 0.9869362 0.98547405 0.9852481 0.98523164 0.9845492 0.99511045 0.994854 0.99264944 0.9901845 0.99161434 0.9928624 0.99220514 0.9928018 0.99011177 0.9914314 0.9948952 0.99610335 0.99384356 0.9945899 0.9934497 0.992397 0.9924531 0.9893676 0.99109405 0.9942843 0.9927257 0.9936924 0.9943147 0.99064875 0.98922515 0.9889715 0.9873985 0.98484194 0.98308635 0.9947991 0.9936792 0.9933614 0.99306047 0.99382025 0.99539363 0.9930794 0.9934701 0.9951192 0.993206 0.99372 0.9957167 0.99358946 0.99341583 0.9931712 0.99683833 0.9956604 0.9958817 0.99495435 0.9960146 0.99506885 0.9944662 0.98257434 0.9912421 0.99157083 0.9930379 0.99115944 0.9915218 0.9925043 0.98676676 0.9859413 0.98773694 0.9900232 0.99061775 0.9932866 0.9953405 0.99248415 0.9953315 0.9957247 0.9945245 0.99350214 0.99551976 0.9893132 0.9964428 0.9893489 0.99018043 0.9940411 0.9907023 0.98637354 0.9890759 0.98966163 0.9969204 0.9928879 0.9967938 0.994223 0.9964235 0.99652815 0.98770636 0.98662996 0.9854715 0.98678285 0.9914642 0.991991 0.99395573 0.9915855 0.9925115 0.9939018 0.9943253 0.9935093 0.9944804 0.99538845 0.99470687 0.9931551 0.98993003 0.98809886 0.9921787 0.9883372 0.98798144 0.9866522 0.9844842 0.98858505 0.9905041 0.98958206 0.99258983 0.9911666 0.98988855 0.9904954 0.98917305 0.98733246 0.98464656 0.98435706 0.9890505 0.9889034 0.9895977 0.9908176 0.9925295 0.9903153 0.9899384 0.9890018 0.9920313 0.9889776 0.99105686 0.9891143 0.9891188 0.9904076 0.9888632 0.9891524 0.98724174 0.9846122 0.99003637 0.9885365 0.99084675 0.9909218 0.9895663 0.9910702 0.9886932 0.99032974 0.9900077 0.9912764 0.99057233 0.9894946 0.9896918 0.9909434 0.9904459 0.9887827 0.9921223 0.993586 0.99265534 0.9908278 0.9927492 0.98845404 0.9926449 0.9915016 0.9913151 0.9894583 0.99088925 0.99174637 0.99494076 0.9917178 0.9899896 0.9933331 0.9932622 0.9941432 0.99297214 0.99409103 0.98765177 0.9893711 0.99271256 0.9894974 0.9915817 0.9920765 0.9923085 0.9892391 0.9903799 0.991055 0.9904613 0.9914088 0.9908285 0.9920703 0.9934321 0.9942631 0.99248946 0.9932947 0.9917549 0.99232817 0.99305373 0.99161637 0.98772806 0.98924035 0.9897608 0.99067605 0.9889653 0.9894442 0.9903189 0.9909677 0.9902705 0.99009633 0.9887675 0.98923427 0.9887676 0.9886796 0.9893155 0.9868411 0.9896227 0.984538 0.9822318 0.9764245 0.9887436 0.988864 0.98756456 0.98773944 0.98498017 0.9910413 0.989312 0.9853333 0.98685145 0.9882574 0.98798394 0.985838 0.9820552 0.9815285 0.9843421 0.98541665 0.9896934 0.9931575 0.9928722 0.99325764
DimitrijevicxJelena_SRP19070JelenaDFatiSultan-L2_3 0.99232614 0.9919206 0.99368316 0.9915951 0.9930108 0.9885394 0.98723453 0.98335683 0.99009764 0.99341655 0.9929746 0.99273944 0.9911834 0.99128515 0.99510115 0.9953797 0.9962188 0.9963823 0.9954033 0.9928171 0.9923612 0.9933061 0.99038255 0.9924263 0.99338365 0.9926682 0.9943523 0.9924662 0.9937604 0.9932376 0.9938088 0.99313253 0.99326074 0.9949475 0.99328864 0.9982656 0.9981089 1.0000006 0.9950931 0.9941172 0.99564177 0.9946942 0.9944565 0.99612594 0.9961942 0.9955198 0.99584645 0.99539804 0.99469334 0.99325544 0.99085236 0.98915046 0.9885868 0.9894902 0.98620903 0.9951398 0.99368566 0.993676 0.9947202 0.9946509 0.99419326 0.9953338 0.99362737 0.99301904 0.9907765 0.9916956 0.9905036 0.9885572 0.9884793 0.9880182 0.9900007 0.98597026 0.9864093 0.98932743 0.9888952 0.99126625 0.9890017 0.98832774 0.99047333 0.9895445 0.98806447 0.99059474 0.9914985 0.98821247 0.9869796 0.98807204 0.988878 0.98920655 0.99078834 0.98852885 0.98942894 0.9947406 0.9896918 0.99088055 0.9899106 0.9885853 0.98600686 0.987561 0.98719966 0.9880059 0.9882066 0.9914736 0.9911125 0.98789346 0.98828626 0.98969734 0.98927593 0.9887918 0.98975295 0.9879736 0.9883533 0.98827785 0.98942006 0.9912063 0.9889279 0.9890758 0.989537 0.9867625 0.986111 0.9866612 0.98764735 0.9852389 0.99228406 0.99013996 0.9899049 0.9890161 0.9920605 0.9892937 0.9902851 0.99047875 0.99150157 0.99133134 0.99138105 0.9913591 0.990803 0.996858 0.99584186 0.99546254 0.995836 0.98515874 0.9856915 0.98084605 0.98378414 0.9895162 0.9876194 0.9884208 0.9873599 0.9858579 0.9874386 0.98754734 0.9908241 0.9855486 0.98378533 0.9812194 0.99339765 0.9948329 0.9945589 0.99129134 0.9901039 0.98765296 0.9911977 0.98758173 0.99045575 0.9885204 0.9898163 0.99126947 0.99374115 0.9932054 0.99258024 0.9912401 0.9919701 0.9901251 0.9902819 0.9903437 0.98929673 0.9907677 0.99472797 0.9955061 0.9949745 0.99388564 0.9928177 0.99433357 0.99347836 0.9888101 0.9862562 0.9823774 0.9944198 0.9933985 0.9910009 0.99304503 0.99507433 0.99221325 0.9929076 0.9938635 0.9943235 0.9931914 0.9921216 0.9901028 0.9866652 0.99046725 0.98686475 0.9879953 0.989697 0.9884275 0.9895294 0.9847373 0.9861813 0.9856266 0.9832579 0.9806507 0.9822572 0.9870535 0.9942319 0.994609 0.9944345 0.99415874 0.9931479 0.9940784 0.99363416 0.9941926 0.9943455 0.9922595 0.99200636 0.9934429 0.99525416 0.9952814 0.9913408 0.99519825 0.99337816 0.9927187 0.99493635 0.984346 0.9867057 0.9918821 0.98995364 0.98594326 0.98767537 0.9886996 0.9819976 0.9874114 0.99171144 0.98656535 0.9785258 0.9845004 0.9854915 0.986644 0.9885931 0.99028873 0.9880246 0.9772402 0.9881146 0.9890392 0.9906429 0.9854095 0.9838998 0.9871773 0.9892894 0.9913995 0.98880905 0.98400444 0.98613095 0.98531723 0.9854051 0.98287165 0.9851768 0.98694247 0.98749024 0.98580647 0.9819513 0.99235886 0.99165195 0.9924695 0.9910183 0.9916621 0.98704803 0.99023145 0.98943615 0.99127525 0.9894819 0.9916847 0.9914092 0.9887007 0.98706615 0.99223447 0.9911976 0.9866693 0.9819269 0.98707056 0.9875056 0.98480755 0.990731 0.9894551 0.9898936 0.9919786 0.9869051 0.9881773 0.98785263 0.98969245 0.98933405 0.9858982 0.9853674 0.98750055 0.9860257 0.9878032 0.9872198 0.98714685 0.98709756 0.98619425 0.9917988 0.99259377 0.9897633 0.98740345 0.99032867 0.9904547 0.98872536 0.99103105 0.9866166 0.98920786 0.99242693 0.9942489 0.99410486 0.9938428 0.9933043 0.99200493 0.9929485 0.99014616 0.9913856 0.99307984 0.99165916 0.9925487 0.993013 0.990693 0.9902516 0.99009454 0.9881683 0.9863721 0.9839591 0.9923924 0.9931039 0.99295926 0.9925358 0.9945545 0.9948172 0.99462456 0.9951714 0.99406165 0.9932115 0.9932401 0.9944905 0.9943332 0.9937363 0.99397403 0.9950091 0.9951359 0.99485457 0.9950532 0.9946443 0.99477315 0.99484164 0.98706734 0.98880875 0.98795384 0.991607 0.9887625 0.9888572 0.988554 0.98261225 0.981969 0.9842062 0.9867777 0.9882983 0.9908724 0.9945253 0.9939568 0.99365544 0.99453026 0.9932387 0.99422884 0.9955117 0.99257505 0.99550855 0.9925895 0.99334604 0.99459666 0.9933104 0.9906739 0.99309677 0.9930466 0.99503577 0.9955793 0.99613535 0.9958911 0.99526083 0.9953218 0.9896812 0.98779714 0.9868536 0.98908305 0.9928541 0.99326134 0.989892 0.986447 0.98705167 0.9890454 0.99049467 0.9888595 0.99019843 0.9920548 0.9908163 0.99260837 0.99036753 0.98847836 0.990554 0.98882097 0.9877247 0.9859892 0.9851965 0.9887823 0.9900197 0.9893637 0.9911807 0.9907021 0.9866267 0.98810333 0.9871875 0.9840585 0.9816276 0.98114157 0.9899289 0.9877371 0.98834836 0.99041003 0.9916171 0.9894687 0.988774 0.987991 0.99112606 0.98973864 0.98788047 0.98559505 0.98696935 0.98879737 0.98699254 0.9885629 0.9849614 0.98232913 0.98685986 0.98637044 0.98872554 0.9875716 0.98757106 0.98757255 0.98573047 0.9881976 0.9851803 0.99141127 0.99100155 0.98866403 0.9884648 0.9892391 0.9865772 0.98725045 0.9914837 0.9913944 0.98991203 0.98881274 0.98991734 0.98440427 0.990441 0.98851484 0.98941725 0.9883293 0.9879978 0.9905657 0.9936101 0.99098533 0.98934466 0.99166214 0.99291533 0.99181086 0.99104476 0.991775 0.98497254 0.9876112 0.9916958 0.9875079 0.9877955 0.9895474 0.9912392 0.98938215 0.9895427 0.99047345 0.9906138 0.9903561 0.9900779 0.99111664 0.99435747 0.9947809 0.9940459 0.9941418 0.994083 0.9939563 0.99425 0.9932195 0.9827167 0.9842614 0.98608553 0.98851925 0.9877844 0.9872684 0.9867182 0.988973 0.98791635 0.9853447 0.9842711 0.984942 0.9849288 0.98621523 0.98748744 0.984958 0.9908981 0.9884399 0.98592377 0.98123795 0.99162585 0.9914398 0.9903023 0.9903662 0.98853016 0.9931732 0.9929536 0.9900125 0.99037385 0.992044 0.99168044 0.989438 0.987013 0.9865757 0.98866844 0.98963296 0.9927414 0.99087614 0.99110806 0.99214137
DimitrijevicxJelena_SRP19120JelenaD-Nove-L2_1 0.9936311 0.9970789 0.9959276 0.9928895 0.9947841 0.99307036 0.9904653 0.987105 0.9946589 0.9948624 0.9952726 0.99626756 0.9940271 0.9942045 0.9960108 0.99516946 0.9947015 0.9956456 0.9962694 0.9959818 0.993466 0.9944712 0.99534005 0.99574614 0.99538606 0.9933767 0.99519974 0.9924232 0.99509484 0.9931076 0.99330485 0.9948407 0.99321294 0.990408 0.98738265 0.99730396 0.9969483 0.9950931 0.99999994 0.9984921 0.99874926 0.9978723 0.99901426 0.99692446 0.9985918 0.9991555 0.9985245 0.9981497 0.9982468 0.99541384 0.99564207 0.99415934 0.9929495 0.9942503 0.9916116 0.99614924 0.99548113 0.9915765 0.9938486 0.99552286 0.99497306 0.9950003 0.9973338 0.9967229 0.99380565 0.99463135 0.99594945 0.995501 0.9950074 0.99619406 0.9949299 0.9941598 0.99320203 0.9943593 0.9944149 0.9948683 0.99455565 0.9934882 0.99529344 0.9959396 0.99334526 0.99359995 0.99514806 0.99416625 0.99239385 0.9943502 0.99375457 0.99484813 0.99571115 0.99449456 0.9951369 0.99307555 0.992898 0.9922583 0.9922948 0.9923214 0.99019194 0.9925866 0.9912374 0.990935 0.99033475 0.99226624 0.99212474 0.9930653 0.9924628 0.9945655 0.9921956 0.9927327 0.9944945 0.9931793 0.99398166 0.9934155 0.9940085 0.99494576 0.9939972 0.99307734 0.99539566 0.99434716 0.99373174 0.99413574 0.9946593 0.9922699 0.9957093 0.99493575 0.99543065 0.99535567 0.9948608 0.99539965 0.9959661 0.99631274 0.9964199 0.99649405 0.9965507 0.996449 0.99581677 0.99330306 0.9958971 0.9962161 0.9966556 0.99275064 0.99197686 0.9879114 0.9908189 0.9954597 0.9936751 0.9938594 0.9945947 0.99454975 0.9949476 0.99478656 0.99483055 0.99223995 0.98967636 0.9884278 0.996629 0.9971287 0.99624944 0.9936468 0.9924183 0.9926048 0.9939627 0.99156606 0.99269044 0.99221754 0.9931139 0.9925499 0.99431586 0.9953739 0.9944186 0.99445546 0.9934184 0.9913664 0.9934006 0.99313676 0.99092615 0.9922087 0.9948361 0.9932839 0.9926816 0.9969358 0.99528676 0.9945856 0.99463695 0.99377275 0.9902369 0.98697317 0.997011 0.99615115 0.9950701 0.9958823 0.99474925 0.99444616 0.99224365 0.995004 0.99405646 0.9959398 0.9957781 0.99690956 0.9949489 0.99608827 0.9936702 0.9946429 0.9956725 0.99408215 0.9962126 0.9923897 0.9923048 0.993115 0.990712 0.9882538 0.98959875 0.99311036 0.9960422 0.996424 0.9970726 0.99518806 0.9964637 0.99534124 0.99580884 0.99578404 0.9957351 0.9909613 0.989911 0.99289775 0.99531233 0.9948306 0.99484503 0.9967159 0.9946463 0.9946652 0.995033 0.9904776 0.9935935 0.99562144 0.99463683 0.99309623 0.99406165 0.99273944 0.99042207 0.9928816 0.9952906 0.989593 0.9816866 0.98879963 0.9903989 0.9934677 0.9938077 0.9957186 0.9947291 0.98867923 0.99457693 0.99534875 0.99613166 0.9932804 0.9920682 0.995266 0.99536955 0.9953399 0.99514484 0.9909689 0.99471253 0.9933145 0.9920765 0.99064547 0.9931959 0.9942097 0.9935652 0.9916487 0.98882675 0.99526995 0.99512047 0.9963981 0.99723804 0.99661815 0.9946286 0.9957775 0.9957463 0.9967119 0.9952838 0.9967083 0.9963104 0.99451 0.9941208 0.99573404 0.9956404 0.99277645 0.9899807 0.9942249 0.9942012 0.9905919 0.9959101 0.99504316 0.9957002 0.9961616 0.9935901 0.9945677 0.9940427 0.995935 0.9948075 0.9930515 0.9926189 0.99204123 0.98964095 0.99099743 0.9905286 0.99008226 0.9903421 0.98913616 0.9939147 0.9935839 0.99317724 0.99417335 0.9951643 0.995939 0.99523556 0.99651325 0.9940233 0.99553263 0.9972093 0.9972239 0.9966099 0.99741393 0.99616814 0.99628025 0.9953786 0.99336934 0.99452454 0.9960815 0.99562806 0.99600214 0.99641013 0.99217033 0.99097365 0.9897388 0.99336016 0.99087 0.99036074 0.9970203 0.9963302 0.9962391 0.9959803 0.99579215 0.99726456 0.9946921 0.99263006 0.997591 0.9961268 0.9964247 0.9961776 0.9948222 0.99373835 0.9931177 0.99704874 0.99632645 0.9959991 0.9950047 0.9951403 0.9940274 0.9938924 0.98739135 0.99642664 0.9965005 0.9970582 0.99579746 0.9963722 0.99608827 0.99276847 0.99243766 0.9939669 0.99506676 0.99537134 0.9967849 0.9964793 0.9939453 0.99741477 0.9970684 0.99733216 0.99575734 0.9958064 0.9910419 0.9970165 0.98988676 0.9911279 0.995713 0.9920976 0.98819375 0.9896139 0.9911176 0.99787086 0.992572 0.99749464 0.99468267 0.9974819 0.99739563 0.9917958 0.9912386 0.9904955 0.9908355 0.9942878 0.99460053 0.9960838 0.9946742 0.99573076 0.9962669 0.99631035 0.9963544 0.99664205 0.99665004 0.9961815 0.9953896 0.9922567 0.9910268 0.99498373 0.99323016 0.9917518 0.99054414 0.98924965 0.99390197 0.9945941 0.99417347 0.996207 0.9955901 0.99399626 0.9942941 0.99434644 0.9911732 0.9894565 0.9892087 0.9943206 0.9945041 0.99504936 0.9954789 0.99631953 0.99391586 0.9942169 0.99395263 0.99650145 0.99426746 0.9951386 0.9944573 0.9952511 0.9957807 0.9945463 0.99482274 0.9944888 0.99223846 0.9952427 0.9942085 0.99546164 0.9958068 0.9951663 0.99547446 0.9936956 0.9949743 0.9943461 0.99462485 0.99375975 0.99277705 0.9932918 0.9941464 0.9945327 0.9940795 0.99561554 0.99697584 0.99702007 0.99573135 0.9961724 0.99229884 0.9961725 0.9947105 0.9963825 0.99485755 0.99485165 0.99508023 0.99759173 0.9959216 0.9946749 0.9964438 0.99547136 0.9961367 0.99560297 0.9957026 0.99169797 0.9926317 0.99554104 0.99315166 0.9935968 0.995866 0.9952047 0.99357164 0.9950692 0.99499995 0.99428785 0.99549943 0.99462914 0.9956967 0.9945118 0.99376035 0.9910202 0.9927795 0.99261606 0.9923108 0.9915813 0.98989457 0.99329454 0.99438953 0.99540967 0.9962262 0.99499285 0.9953157 0.995588 0.9958129 0.9959144 0.99466074 0.9944333 0.9944222 0.99486 0.9951328 0.9950999 0.99392086 0.99358296 0.9882818 0.9873127 0.982455 0.9913155 0.9918139 0.99085677 0.99074817 0.9887943 0.99316984 0.9907144 0.9874077 0.9897803 0.98925155 0.9898519 0.98953027 0.98502696 0.9847742 0.98728085 0.9879799 0.9913602 0.9915792 0.9899471 0.9909481
DimitrijevicxJelena_SRP19120JelenaD-Nove-L2_10 0.9929263 0.9963482 0.99594784 0.9943834 0.9957305 0.9922948 0.9900534 0.9859916 0.99456596 0.99510616 0.9956947 0.99615616 0.9947327 0.9947115 0.9961051 0.9960385 0.99531925 0.9958754 0.99637777 0.9963339 0.99373376 0.9950582 0.99446756 0.99591637 0.99508953 0.993519 0.9949953 0.9935359 0.99511874 0.9939729 0.99444026 0.9947054 0.9940896 0.98980105 0.9873146 0.995832 0.995628 0.9941172 0.9984921 1.0000002 0.9990462 0.9974391 0.9982292 0.99754465 0.9971573 0.99809045 0.9989046 0.99853104 0.9984558 0.9955738 0.9957084 0.9939561 0.9928905 0.99356806 0.99124837 0.9960701 0.99541533 0.99034655 0.99391997 0.9954879 0.99475527 0.9955355 0.9956296 0.99457747 0.9917899 0.9929878 0.995004 0.9935038 0.99423057 0.99684095 0.9950786 0.9929251 0.99289584 0.9947537 0.994331 0.99513763 0.9932254 0.9917889 0.9951819 0.9962487 0.9931854 0.9942104 0.9959717 0.9948295 0.99415183 0.99577963 0.9954259 0.9965625 0.9970039 0.9952711 0.99602926 0.99344546 0.992567 0.9917859 0.9914494 0.9930728 0.9906988 0.9939077 0.9911022 0.9910373 0.98948526 0.9919446 0.9921096 0.9938565 0.99338704 0.9945468 0.9929388 0.993247 0.995015 0.9940183 0.99501115 0.9950908 0.99478185 0.99542713 0.99525565 0.9941817 0.99507374 0.99510074 0.99391574 0.9945641 0.9945599 0.99203485 0.99505174 0.9948477 0.9964721 0.9953571 0.99562943 0.99493164 0.99469036 0.99626666 0.99695987 0.9966453 0.9972784 0.9973973 0.99570096 0.993528 0.99604225 0.99609876 0.9963444 0.993542 0.9932598 0.9897274 0.9927006 0.99477625 0.9932532 0.99416924 0.99441916 0.99401087 0.9950806 0.99534744 0.99341017 0.991464 0.98930323 0.9879076 0.99687874 0.9975196 0.9970003 0.99479437 0.9936892 0.9928354 0.9942488 0.99172807 0.99330866 0.99289155 0.9936483 0.99278224 0.99410015 0.99527204 0.99378294 0.9949905 0.993761 0.9920337 0.9934796 0.99366534 0.9917432 0.9932176 0.99396116 0.9930449 0.992394 0.9966297 0.9951933 0.9948507 0.995572 0.9943589 0.9912114 0.9882304 0.99679285 0.99670404 0.99589586 0.9961388 0.9939804 0.99375457 0.9924089 0.9945224 0.99428993 0.9960283 0.9955797 0.9965035 0.9949017 0.9961597 0.9937786 0.99540234 0.99641967 0.9955497 0.99605125 0.9932468 0.9935038 0.9944318 0.9909998 0.9884771 0.99025863 0.99459416 0.9955287 0.99472797 0.9960218 0.9951103 0.99527794 0.99495184 0.9955559 0.9942693 0.9947148 0.99080783 0.98973954 0.9926859 0.9948794 0.9941164 0.9953523 0.9961202 0.9940433 0.99299496 0.9941765 0.98778 0.9925453 0.9958569 0.994207 0.9921571 0.9937959 0.9932185 0.98815316 0.99227935 0.9947877 0.9899335 0.98174995 0.9885607 0.9900571 0.9928322 0.9931989 0.99380344 0.9937942 0.9870505 0.99481 0.9959031 0.9966952 0.99212795 0.98919797 0.9939835 0.9935906 0.99427515 0.99388784 0.9897798 0.9933979 0.99209523 0.99158645 0.98892975 0.99257684 0.9942782 0.993561 0.9911875 0.98865694 0.99579686 0.9953492 0.9966738 0.996784 0.9973038 0.9947588 0.9953381 0.99362147 0.995462 0.99529207 0.9963687 0.9964501 0.9923518 0.99170256 0.99507636 0.99455553 0.9912052 0.9880469 0.992243 0.9920955 0.98973316 0.9931872 0.99383 0.99397814 0.99534273 0.99217385 0.9938434 0.9939932 0.9959723 0.9937819 0.9924161 0.9919523 0.9917832 0.99027693 0.9903634 0.9911985 0.99044394 0.99120975 0.98905504 0.99327344 0.99364746 0.99322295 0.99389327 0.9950234 0.996142 0.9950018 0.99632657 0.9933853 0.99605846 0.9958897 0.99591506 0.99544847 0.9962995 0.99555 0.9964448 0.99610364 0.9947671 0.99527085 0.9967477 0.99613047 0.99632233 0.99662054 0.9923213 0.99152493 0.9901421 0.9944955 0.9921775 0.9921937 0.99676746 0.99699795 0.99729884 0.997089 0.99646693 0.997761 0.99584055 0.9938942 0.99758095 0.99737376 0.9977825 0.99713624 0.9964394 0.99529046 0.9948179 0.9968264 0.99659073 0.99611 0.99562836 0.99481785 0.99451137 0.99393094 0.9883308 0.99744755 0.9967982 0.99790055 0.99709743 0.9973195 0.9967457 0.9923254 0.9928838 0.9941742 0.99484444 0.9953026 0.9968877 0.9959936 0.9940706 0.99680054 0.9964156 0.9963025 0.995706 0.99574596 0.9913899 0.9964832 0.9904094 0.9910176 0.99501973 0.9923549 0.9883095 0.9894268 0.99109924 0.99673986 0.99259526 0.9971453 0.99478006 0.9967401 0.997068 0.9928748 0.9921988 0.9915682 0.9914647 0.9946687 0.99476224 0.9970526 0.9943044 0.99547094 0.99607897 0.99706835 0.9962345 0.9960695 0.99654233 0.99679285 0.9955072 0.9928112 0.9917324 0.99514025 0.9939908 0.99163115 0.99047697 0.98960376 0.99389356 0.99470013 0.99505734 0.9959236 0.9964208 0.99511653 0.9940528 0.99540347 0.9900065 0.9883572 0.98838156 0.9952189 0.9946034 0.99497944 0.99543345 0.9961271 0.9934706 0.99449426 0.9945749 0.99559736 0.9948846 0.9933787 0.994205 0.9953127 0.9954429 0.9945193 0.9949987 0.9950378 0.993821 0.9955289 0.99519134 0.9953892 0.9963895 0.9959751 0.9954346 0.9940385 0.9949847 0.9938346 0.9945151 0.9944314 0.99265665 0.99354994 0.9938178 0.99383986 0.9938851 0.9953183 0.9967732 0.99710655 0.99539495 0.99522674 0.99128973 0.9959875 0.9944521 0.99694806 0.994845 0.99350107 0.99468195 0.99777365 0.9960636 0.99505496 0.9964473 0.99526906 0.9950749 0.99530643 0.9958133 0.99045527 0.99328923 0.9956528 0.9934056 0.99288315 0.9971668 0.996403 0.9951413 0.9962502 0.9957109 0.9945541 0.99688953 0.99522775 0.9971739 0.99479604 0.9940071 0.9909321 0.99267167 0.9931091 0.9929018 0.99177647 0.9903574 0.9920564 0.993271 0.9943243 0.9956088 0.9954093 0.9949719 0.9943081 0.9954512 0.9957733 0.99271137 0.99312663 0.9926682 0.99436754 0.9950289 0.9944725 0.99354464 0.99456644 0.9893422 0.98843855 0.9837371 0.99189264 0.99237525 0.9922187 0.9918973 0.9904111 0.9941624 0.99150467 0.9885628 0.9904757 0.9909926 0.9909431 0.9907784 0.9872136 0.9867469 0.9893575 0.98924357 0.9922171 0.99011886 0.9884633 0.98921216
DimitrijevicxJelena_SRP19120JelenaD-Nove-L2_11 0.99313486 0.99585545 0.9960114 0.9948126 0.99623525 0.9914261 0.9893392 0.9850267 0.99473614 0.99571824 0.996215 0.9961003 0.995413 0.99563026 0.9963186 0.9964958 0.9956818 0.9958547 0.9960534 0.9966715 0.99521434 0.99611145 0.9934181 0.99529135 0.9949583 0.99425036 0.9955529 0.9945941 0.9956372 0.9950404 0.9952908 0.9951268 0.99515194 0.9915586 0.98931247 0.9963346 0.9957563 0.99564177 0.99874926 0.9990462 1.0000001 0.9987614 0.9985417 0.9985379 0.9974127 0.99786025 0.99947006 0.99923706 0.9988963 0.99677336 0.996009 0.99442023 0.9937955 0.9937165 0.9913573 0.9957464 0.99455965 0.99029213 0.993539 0.99587303 0.9951365 0.99512935 0.99587387 0.9951354 0.9914684 0.9924779 0.99576676 0.9941701 0.99500495 0.99551725 0.9942771 0.9915754 0.99250185 0.9951249 0.994298 0.99581534 0.9926046 0.99161077 0.9949962 0.99596435 0.9926968 0.99424833 0.9951399 0.9953012 0.99421215 0.99574065 0.99587417 0.9962359 0.9971843 0.9949177 0.9956783 0.99499464 0.99257684 0.9924352 0.9923396 0.99294925 0.9907767 0.993769 0.9914293 0.9918744 0.9901696 0.9928892 0.9932077 0.9946238 0.9947265 0.9943077 0.99404466 0.9942082 0.99523675 0.9944565 0.995265 0.99528074 0.9952074 0.99600893 0.9950791 0.994893 0.994874 0.9942391 0.99307114 0.9937148 0.9942752 0.99196374 0.99520725 0.9946899 0.99571246 0.99437964 0.99587494 0.99415535 0.99339676 0.9950966 0.9958496 0.9955791 0.99661565 0.9966668 0.995331 0.9945338 0.9956918 0.9957049 0.9965054 0.99327123 0.9933909 0.9896937 0.9923352 0.99477226 0.9934744 0.9945048 0.99299675 0.9923655 0.9939643 0.994309 0.99197125 0.9895499 0.987534 0.98543 0.99709564 0.9979505 0.99749887 0.9956742 0.99475867 0.99380064 0.9955031 0.99320805 0.9946055 0.9938731 0.99480873 0.9944635 0.9955881 0.9964302 0.99475 0.9956644 0.9948115 0.99387956 0.99487543 0.9951511 0.99363625 0.9947741 0.9950844 0.9948999 0.9942666 0.996834 0.9960557 0.99624246 0.99644613 0.9954787 0.9923517 0.98961 0.9970927 0.9969959 0.9960461 0.9963008 0.99544245 0.9948048 0.99427 0.99580795 0.9957448 0.99620724 0.9955137 0.9955813 0.993505 0.9960859 0.99350005 0.99561423 0.99621874 0.9951123 0.9950876 0.99276143 0.9931586 0.99421155 0.99064726 0.9878471 0.9897947 0.99470687 0.99609274 0.99539596 0.996518 0.99621415 0.99565434 0.9958629 0.99681914 0.9945836 0.99519193 0.9918883 0.9909042 0.99371976 0.9958565 0.99522674 0.99625474 0.9968897 0.9946578 0.99385226 0.99543315 0.98557127 0.9902586 0.99545276 0.99383676 0.9907299 0.99290615 0.99309033 0.9869876 0.99134636 0.9954343 0.99166167 0.98414665 0.9900727 0.9911017 0.99191856 0.9928394 0.9933599 0.9929701 0.9850013 0.9940285 0.9952987 0.99572575 0.9911989 0.98822355 0.993413 0.9934156 0.9939462 0.992996 0.989371 0.99277335 0.99164146 0.9918747 0.988455 0.99207175 0.9939291 0.9935825 0.9914698 0.9884819 0.9956638 0.99558103 0.9964161 0.99638736 0.9971533 0.9938289 0.9951931 0.9931376 0.99494267 0.99482954 0.9964622 0.9962264 0.99209917 0.9909749 0.9955156 0.99458116 0.990831 0.98753023 0.99146664 0.9917493 0.9892597 0.99300945 0.99344146 0.99374723 0.99520653 0.9911395 0.99290097 0.99284863 0.9948255 0.99352264 0.9916027 0.9911126 0.9929691 0.9920242 0.99199057 0.99280274 0.9923504 0.9928839 0.9909837 0.9925621 0.99307036 0.9923486 0.9935736 0.99531406 0.9956576 0.9940376 0.9963896 0.9925632 0.995503 0.9955217 0.9958199 0.9965482 0.99683255 0.99627537 0.99670076 0.99657714 0.9952249 0.9956441 0.9963863 0.9961043 0.9962653 0.99662805 0.9923086 0.9919822 0.99060935 0.9950013 0.9932446 0.9927083 0.99596566 0.9969048 0.99713963 0.9967436 0.996991 0.9976266 0.9966153 0.9944476 0.9972279 0.996923 0.9971302 0.99610114 0.9963623 0.99482745 0.99464357 0.9962132 0.9962061 0.9956856 0.9955772 0.9942661 0.9941512 0.994045 0.99102414 0.99651694 0.9954781 0.99747366 0.9961392 0.9963572 0.99519855 0.99125344 0.9915539 0.9933668 0.99426657 0.9949694 0.9963823 0.99626493 0.99541014 0.9970061 0.9964954 0.9968564 0.9968081 0.9963298 0.9935155 0.9967912 0.99232644 0.9931387 0.9960368 0.9939321 0.9909617 0.9918281 0.9932959 0.9966085 0.9941197 0.99725986 0.9961238 0.9967612 0.9970451 0.9944742 0.9936288 0.993102 0.9935587 0.99619055 0.9957084 0.9950516 0.9923098 0.9933889 0.9942772 0.99525046 0.99455374 0.9944872 0.9952964 0.9949911 0.99577457 0.9933616 0.9921427 0.9948369 0.99472237 0.9919959 0.9907821 0.9904462 0.9946698 0.9951237 0.99530977 0.99591005 0.9966221 0.99347734 0.9936094 0.99456304 0.98922867 0.9879154 0.9876923 0.9960993 0.9946266 0.9948809 0.9958813 0.9963387 0.9938368 0.99449587 0.9945531 0.99621874 0.99597144 0.9932415 0.9933431 0.9951289 0.99570674 0.99461067 0.9957158 0.9944079 0.9928364 0.99476624 0.9949218 0.99534845 0.99527967 0.9956191 0.9944782 0.9932343 0.9947759 0.99231964 0.9953365 0.99498266 0.9929633 0.9932468 0.99372625 0.9930525 0.99425465 0.9957376 0.99610966 0.99639577 0.99503636 0.99469894 0.98998374 0.99549335 0.99367595 0.9965674 0.9949149 0.9929273 0.99477565 0.99771935 0.9963481 0.99523467 0.99620914 0.99576026 0.99496716 0.9948762 0.99501836 0.9900677 0.9927019 0.9956219 0.9928576 0.99180293 0.99618787 0.9961904 0.99560684 0.99618775 0.9959276 0.9954473 0.9966403 0.9953773 0.9970645 0.99542505 0.9944024 0.99193406 0.99338555 0.99457675 0.99375916 0.9925144 0.99100167 0.99046975 0.9918645 0.99359167 0.9954742 0.9954427 0.99471754 0.99363315 0.99523276 0.9953734 0.9916996 0.9918456 0.99188906 0.9932996 0.99471456 0.99470615 0.9936862 0.99553716 0.99169123 0.9908677 0.98679817 0.9940774 0.99450445 0.9940852 0.9938435 0.9925808 0.99546343 0.9937274 0.99136484 0.9929251 0.9928032 0.99315137 0.99305284 0.9895453 0.9894271 0.99152106 0.99179214 0.99417925 0.98992985 0.9884637 0.98981935
DimitrijevicxJelena_SRP19120JelenaD-Nove-L2_2 0.99293226 0.99468964 0.99512666 0.99520755 0.99634194 0.98932517 0.9868719 0.9826325 0.99454075 0.9954599 0.9960182 0.99505687 0.99561346 0.9962176 0.99542344 0.9960214 0.9945489 0.99471766 0.9946019 0.996541 0.995923 0.9965184 0.9927382 0.99428093 0.9945545 0.994828 0.99526286 0.99469817 0.9953313 0.9950615 0.99488336 0.9945199 0.9947707 0.9934881 0.99151933 0.99468887 0.9940665 0.9946942 0.9978723 0.9974391 0.9987614 0.99999994 0.9982191 0.99860895 0.99571776 0.9963575 0.99899703 0.9990903 0.99874085 0.9977107 0.9961014 0.9949705 0.99467903 0.99374515 0.9912334 0.99436045 0.9927662 0.9876144 0.99185914 0.9951674 0.99430716 0.9931663 0.9951813 0.9945131 0.9889412 0.9898138 0.99585074 0.9939229 0.99494123 0.9945471 0.9928069 0.989664 0.99111605 0.99462295 0.99357903 0.9956525 0.99113333 0.990401 0.9940233 0.99530226 0.9908343 0.9937884 0.993877 0.9964967 0.99505293 0.996076 0.9967262 0.9962555 0.99742514 0.9952854 0.9959985 0.99577546 0.9911522 0.9913285 0.9914069 0.99204767 0.9897866 0.9930676 0.9903874 0.9916279 0.9891493 0.9921971 0.9928384 0.9950506 0.9962979 0.99391294 0.9957716 0.99589133 0.9953964 0.99521315 0.9957243 0.9959033 0.99597466 0.99659157 0.9948987 0.9960769 0.99378276 0.99304265 0.9918525 0.99254435 0.99326193 0.9911883 0.9946036 0.99417394 0.99497676 0.9933803 0.9956794 0.99310863 0.99135137 0.9934325 0.9945002 0.9938885 0.99597853 0.99593765 0.9941309 0.9943911 0.99475366 0.99463177 0.9961877 0.9938073 0.9946816 0.99126905 0.9931619 0.9943943 0.9935433 0.9945618 0.9915089 0.9908053 0.99298537 0.99317944 0.9888934 0.9865585 0.98474735 0.9819413 0.9960324 0.99674135 0.99660134 0.99610853 0.99537677 0.9936403 0.9957462 0.9931581 0.99446154 0.9930267 0.9942903 0.99556375 0.99585575 0.99664587 0.99467826 0.995248 0.99476165 0.9951738 0.9961538 0.99645615 0.99522865 0.9962475 0.9950471 0.9952443 0.9951833 0.9965705 0.9967188 0.9971626 0.9970288 0.9972205 0.99416995 0.9919618 0.9964494 0.99678534 0.99615526 0.9962365 0.9963248 0.9953573 0.99583715 0.99633425 0.9968559 0.9962247 0.9949502 0.9941528 0.9922672 0.995714 0.993267 0.9955037 0.99595004 0.99446595 0.9940494 0.9923307 0.99287367 0.9942262 0.9904498 0.9874055 0.9897536 0.99499255 0.9961188 0.99474424 0.9966023 0.9974216 0.99576515 0.99653167 0.99772066 0.9941658 0.9949094 0.9924573 0.991323 0.9943863 0.9959247 0.99466014 0.9972284 0.9962821 0.9944375 0.99305636 0.9958163 0.9829344 0.9878728 0.99494046 0.99286574 0.9892522 0.99206436 0.99280137 0.9852339 0.9903702 0.99621147 0.9936933 0.9870444 0.992015 0.992543 0.9913616 0.99270725 0.9918813 0.9910884 0.9829363 0.9929536 0.994716 0.99427605 0.98987854 0.98616296 0.9918842 0.99256957 0.9931088 0.991333 0.98822176 0.991583 0.9905218 0.99095106 0.9871282 0.99119365 0.9934816 0.99314356 0.9908199 0.9872605 0.9954761 0.99572605 0.995917 0.99542254 0.99699664 0.9924335 0.9946586 0.99175215 0.9941627 0.99456215 0.9959714 0.9956641 0.99080825 0.98935753 0.99536675 0.9943603 0.9897195 0.9862859 0.9899758 0.99090904 0.9882313 0.99203485 0.9926716 0.9928529 0.99508375 0.9895237 0.9918456 0.99180216 0.9934494 0.99291605 0.9904333 0.9898296 0.9935549 0.9933007 0.99283856 0.99402624 0.9937918 0.99397945 0.9921846 0.9914558 0.99191535 0.99123925 0.9925015 0.9951687 0.99450636 0.9922197 0.9955196 0.99118656 0.99422455 0.99496275 0.995069 0.9972811 0.9972207 0.99677956 0.99736005 0.9973943 0.99635845 0.9966108 0.9955973 0.9958284 0.99578637 0.9960122 0.9923052 0.99251133 0.990979 0.99628246 0.9951867 0.9943869 0.99471235 0.996606 0.9966194 0.99626946 0.99696314 0.99682176 0.99659693 0.9934094 0.9964552 0.9962959 0.9961505 0.99421775 0.99534464 0.99308425 0.9933043 0.994609 0.9945869 0.9939007 0.99403805 0.9919258 0.99172765 0.9919306 0.9934551 0.9954881 0.99404436 0.9968661 0.9947125 0.9949564 0.99324596 0.9898335 0.9904855 0.99236554 0.9933093 0.9942167 0.9955098 0.9961348 0.9960976 0.9962856 0.99623173 0.99694234 0.9973187 0.9964761 0.99504143 0.9960876 0.9937545 0.99474216 0.9969603 0.995946 0.993919 0.99397415 0.9955083 0.99569446 0.9950506 0.9964005 0.9966231 0.9964062 0.99620456 0.9957831 0.99478596 0.9942905 0.9948454 0.9964901 0.9968523 0.9928718 0.9904198 0.99157757 0.9925021 0.99363697 0.992959 0.99305063 0.99405 0.99313056 0.9958068 0.9935355 0.9922835 0.9943875 0.9954666 0.9918592 0.9905017 0.99109054 0.9951266 0.99479824 0.9949885 0.99537975 0.99608076 0.9912028 0.9920983 0.9933715 0.98757523 0.98657197 0.9860589 0.9969676 0.9947468 0.9950818 0.9958739 0.9964172 0.9933473 0.99371994 0.99388385 0.9961478 0.99680895 0.99238276 0.9925453 0.99462706 0.9951978 0.993932 0.99569035 0.99396086 0.99233365 0.9940428 0.9948687 0.9950289 0.9945117 0.9957217 0.9933395 0.99262106 0.99476594 0.99100214 0.9951953 0.99423796 0.99194276 0.9923179 0.99240345 0.9913178 0.993967 0.99528146 0.9953634 0.9955953 0.9947995 0.993844 0.9886856 0.99465793 0.9926059 0.9960883 0.99531484 0.9918727 0.9946593 0.99759 0.99632317 0.99508435 0.9955942 0.99587756 0.9942679 0.99450386 0.9941064 0.98915845 0.991913 0.99528426 0.99174917 0.98992926 0.9951209 0.99591833 0.9963653 0.9960717 0.9961487 0.9962458 0.9965746 0.9955405 0.9966315 0.9954865 0.99370086 0.9914082 0.99262196 0.9950692 0.9934951 0.9919538 0.98974603 0.98900056 0.9905322 0.99267197 0.9952699 0.99595517 0.99459136 0.9931614 0.99495184 0.9949714 0.9903013 0.99009323 0.99052066 0.99214095 0.9942044 0.99452263 0.9936914 0.9957925 0.9935312 0.99313533 0.98982674 0.99532783 0.99539363 0.9950648 0.9946551 0.99396896 0.99595785 0.99458027 0.9927965 0.99438 0.99340427 0.9943019 0.9948398 0.99145555 0.9913982 0.9928548 0.99342453 0.9950024 0.9871578 0.9857939 0.9877032
DimitrijevicxJelena_SRP19120JelenaD-Nove-L2_3 0.994502 0.99661434 0.99611217 0.9944019 0.995692 0.99304163 0.9907506 0.9878627 0.99333453 0.99379694 0.9946513 0.9951802 0.99329877 0.9935368 0.99514246 0.9946842 0.99420524 0.9951631 0.9955058 0.9950562 0.99268645 0.9941406 0.9935864 0.9940871 0.993829 0.99219155 0.9940794 0.9913552 0.993696 0.99211013 0.9924159 0.9932867 0.99229777 0.99087024 0.98826635 0.9963441 0.99587226 0.9944565 0.99901426 0.9982292 0.9985417 0.9982191 0.9999993 0.9975179 0.998053 0.99848074 0.998694 0.99844426 0.9980525 0.9960193 0.99567354 0.99464077 0.9941298 0.9949387 0.9925533 0.99584615 0.99537176 0.99112546 0.9938619 0.995677 0.9952383 0.9947214 0.9963959 0.99627084 0.99286497 0.9936932 0.9964503 0.99529326 0.9955553 0.9958575 0.9943896 0.9922794 0.9934436 0.9943628 0.99449277 0.99467546 0.99327123 0.9928551 0.99558896 0.99550116 0.9930294 0.9947588 0.995833 0.99514955 0.9936996 0.99540365 0.99494255 0.99571013 0.99626935 0.99629897 0.99652594 0.99330884 0.99337155 0.9927662 0.99252975 0.9932785 0.9917573 0.9940623 0.9922574 0.99236166 0.99124384 0.9930976 0.9928616 0.99387 0.99375236 0.9948575 0.99347186 0.99379814 0.99481624 0.9941459 0.9946064 0.99459934 0.9952045 0.9961005 0.9949553 0.99480945 0.9949752 0.99398863 0.9930606 0.99360454 0.99438715 0.991946 0.99511325 0.9937932 0.99480563 0.9945233 0.99474865 0.9939531 0.995081 0.99575484 0.99576116 0.99548495 0.9960901 0.99623996 0.99533105 0.9932908 0.99618274 0.9963286 0.9966804 0.9941334 0.9934535 0.9901756 0.9926224 0.99538296 0.99326193 0.9937584 0.9944414 0.9944412 0.9951127 0.99467224 0.993681 0.9915438 0.989618 0.98819685 0.9962157 0.9966048 0.9955176 0.9953526 0.9945855 0.99300265 0.9946184 0.9918889 0.99317515 0.9926584 0.9934263 0.99335754 0.99471974 0.9955021 0.9948751 0.9946643 0.9938478 0.9920212 0.9934683 0.99358344 0.99149954 0.9932462 0.99447346 0.9931335 0.9928294 0.996274 0.9948172 0.9941039 0.9941207 0.9945165 0.9906172 0.9876951 0.9966279 0.9965985 0.9952558 0.996585 0.99439776 0.9936639 0.99203897 0.9946535 0.99425596 0.9951978 0.99493206 0.99620754 0.9951768 0.99640524 0.9949555 0.99586076 0.99645615 0.9954253 0.9966915 0.99317163 0.993241 0.9936743 0.99168086 0.98914313 0.9910249 0.99422854 0.99558204 0.99566936 0.99656755 0.9951155 0.9955303 0.99534714 0.99583334 0.99507123 0.9956368 0.9921292 0.9909259 0.9933887 0.9954984 0.99528664 0.99553317 0.9968979 0.995294 0.9949226 0.99561524 0.9874849 0.99125737 0.99524915 0.9947656 0.99287415 0.9942307 0.9938183 0.9895601 0.9930056 0.9953972 0.98980063 0.9811297 0.98868245 0.98995286 0.99345636 0.994082 0.9955329 0.9934418 0.98749495 0.9942854 0.99524146 0.9962887 0.9934183 0.99080867 0.99503493 0.99458253 0.99553907 0.9946217 0.9901233 0.9939271 0.99295324 0.99301684 0.9905489 0.9936972 0.9945208 0.9940784 0.99219245 0.98975587 0.99568397 0.9950606 0.9969099 0.99648464 0.9969523 0.99464166 0.9958847 0.99471796 0.9956921 0.99502546 0.9960573 0.9964352 0.99372685 0.9927441 0.9955791 0.99525166 0.99232453 0.98974013 0.99309915 0.9931296 0.98944724 0.9949214 0.99458426 0.994773 0.996108 0.9932904 0.994684 0.99439406 0.99535185 0.99502766 0.99334985 0.9930641 0.9915738 0.98941505 0.9901967 0.9902907 0.98978925 0.9899755 0.98886454 0.9937067 0.9940966 0.9941145 0.9934157 0.9946595 0.9955807 0.9948627 0.99627864 0.9937129 0.9957263 0.99593794 0.9962914 0.9967474 0.997318 0.9962877 0.9964395 0.9957304 0.9939967 0.9950621 0.9952888 0.9952674 0.9949846 0.99545383 0.99331325 0.9922286 0.9913043 0.99400496 0.99119836 0.99122876 0.9958436 0.99556434 0.9957009 0.9959363 0.99556965 0.99676955 0.99481386 0.9919376 0.9969577 0.99604577 0.99611056 0.9948051 0.99437577 0.99335194 0.992686 0.9952863 0.995366 0.995214 0.994406 0.99405664 0.9933848 0.9928941 0.9883719 0.9959515 0.99584246 0.99688584 0.9953525 0.99592197 0.99522513 0.9918844 0.99191976 0.99334943 0.99469805 0.9953919 0.99641436 0.9965938 0.99438685 0.997095 0.9966054 0.9971596 0.99614275 0.99533653 0.9919549 0.99669117 0.9904908 0.9915439 0.99579 0.99302596 0.9891331 0.9904221 0.99177676 0.9971571 0.9930931 0.9970151 0.99476784 0.996956 0.9975192 0.992733 0.99146837 0.9910089 0.9912552 0.9944843 0.9946399 0.99496186 0.99387646 0.99450445 0.9948815 0.99507654 0.9951198 0.99510586 0.9955491 0.9948484 0.9950595 0.99316645 0.991696 0.9950862 0.993887 0.99226624 0.9908772 0.99020714 0.9946681 0.994915 0.9945597 0.9962095 0.9956262 0.9937705 0.99412066 0.9942465 0.99125856 0.9897448 0.9893971 0.99504125 0.99514866 0.9958873 0.99580425 0.9966501 0.9941988 0.9941501 0.9944451 0.9963969 0.99457335 0.9946516 0.99298507 0.9948526 0.9957282 0.9947428 0.99503046 0.99435246 0.99282074 0.9939021 0.99310493 0.99409807 0.9946811 0.99463546 0.9941552 0.99190503 0.99357605 0.9928399 0.9941615 0.99340326 0.99236274 0.99273527 0.9937566 0.99359244 0.9941266 0.995361 0.9969311 0.9967546 0.99605054 0.9953823 0.9922897 0.9952206 0.99405855 0.9957961 0.9954345 0.9944298 0.99484336 0.9972347 0.9953051 0.9948452 0.9959296 0.9952758 0.9961982 0.9957143 0.9956454 0.99233043 0.99360013 0.9960792 0.9932418 0.9925442 0.99592185 0.9955913 0.9944104 0.99549186 0.99592334 0.99550563 0.99571806 0.9957558 0.9960687 0.9945615 0.99367476 0.99167097 0.9928256 0.9930502 0.992676 0.99176145 0.99018735 0.9923569 0.99291265 0.9944273 0.9958636 0.99538404 0.99524903 0.9950354 0.9960102 0.99560726 0.9932306 0.99340475 0.9931836 0.99403775 0.99459237 0.9942342 0.99369466 0.9932757 0.9888426 0.98751885 0.9830504 0.9909364 0.99177843 0.9911648 0.9906558 0.9891029 0.9930804 0.9906986 0.987814 0.9901673 0.9893483 0.9897246 0.9899889 0.9861089 0.9853523 0.98762935 0.9882745 0.9915427 0.9914505 0.9902587 0.99093735
DimitrijevicxJelena_SRP19120JelenaD-Nove-L2_4 0.99380845 0.9940144 0.995439 0.9961208 0.9968167 0.9883103 0.98654014 0.98282 0.9922304 0.9945701 0.99511373 0.9938763 0.9942223 0.9946388 0.9949037 0.9966763 0.9958209 0.9956896 0.9947805 0.99516416 0.9947841 0.9958877 0.9906845 0.99348927 0.9937382 0.99444556 0.9948906 0.9951674 0.9945202 0.9946931 0.995366 0.993303 0.99455637 0.99436474 0.99297047 0.9948509 0.9948691 0.99612594 0.99692446 0.99754465 0.9985379 0.99860895 0.9975179 1.0000002 0.9963098 0.9961669 0.9989294 0.9987467 0.99746114 0.9968961 0.9939048 0.99258655 0.9928247 0.9930196 0.9899218 0.99544454 0.9938441 0.9900324 0.9940057 0.99489355 0.9943618 0.99508584 0.99419355 0.99382013 0.98897016 0.9902218 0.99434584 0.99127525 0.99282926 0.9925648 0.9915899 0.9871425 0.9889608 0.9923613 0.99125606 0.99375737 0.9885355 0.9878109 0.99257505 0.9928 0.9886862 0.99434274 0.9944178 0.99506104 0.9946898 0.9949353 0.9958968 0.995545 0.9963125 0.99491614 0.9951233 0.99616235 0.99005145 0.9894266 0.9892694 0.9907687 0.9884178 0.99173033 0.9884294 0.9903044 0.98755497 0.9908134 0.99097395 0.9928604 0.9944741 0.99266493 0.99468374 0.99407935 0.9934983 0.9931936 0.99368215 0.99464667 0.99478984 0.9955713 0.99377674 0.99543065 0.9916129 0.9903946 0.9888437 0.9899571 0.9903529 0.9880756 0.9921466 0.9913223 0.9929235 0.9907181 0.9940677 0.9902843 0.9899409 0.9917831 0.99326783 0.9923909 0.99455625 0.99462223 0.99215084 0.99642396 0.99643445 0.9960237 0.99692035 0.9932154 0.9940003 0.99077266 0.99260557 0.99227786 0.9903459 0.9917219 0.99002504 0.98868656 0.9912076 0.99109346 0.9893469 0.9855776 0.9839628 0.9814189 0.99499744 0.99617314 0.9963944 0.9966463 0.99562025 0.99243927 0.99557924 0.99204946 0.99486476 0.99277675 0.99384165 0.9954599 0.9962718 0.9957367 0.99430823 0.9943446 0.9945388 0.99468887 0.99427104 0.9955595 0.9947542 0.9960051 0.9945946 0.9957096 0.9955494 0.9955566 0.99520963 0.99665374 0.9967906 0.9956339 0.9920817 0.9894688 0.99581254 0.9965687 0.99493515 0.996364 0.9952838 0.9928388 0.99464864 0.9947445 0.9960552 0.99451196 0.9927404 0.9924749 0.9907138 0.99447745 0.992405 0.99438435 0.99510527 0.9942669 0.9932043 0.9914209 0.99285054 0.9928501 0.9895576 0.98669803 0.98924065 0.99437666 0.9950412 0.992989 0.9951192 0.99656034 0.9941792 0.9960324 0.9963733 0.99327344 0.99431694 0.9927262 0.99172574 0.9941903 0.99555236 0.9945704 0.9961686 0.9953981 0.994062 0.99191374 0.9953686 0.9812078 0.98676383 0.99407774 0.99235773 0.9880881 0.99093527 0.9925253 0.9828143 0.99014926 0.9949025 0.9926945 0.98508316 0.9905883 0.9908448 0.990017 0.9914917 0.99085546 0.9887851 0.9795486 0.9919423 0.9936745 0.9939305 0.98779756 0.98303264 0.98956186 0.98968124 0.9920621 0.98924196 0.98440576 0.9884257 0.98740214 0.98846775 0.9838378 0.98856986 0.9908188 0.99064904 0.98800194 0.9847454 0.99498993 0.9942927 0.9955387 0.993824 0.9961738 0.99082816 0.992885 0.9900252 0.9924844 0.99356806 0.9946584 0.9949123 0.98890334 0.98698074 0.9939548 0.99351966 0.9877912 0.98379827 0.98763615 0.9880818 0.9855031 0.99041617 0.99050754 0.99099016 0.9938215 0.9875535 0.9903937 0.9907559 0.99174523 0.9910467 0.98827994 0.98788905 0.9902698 0.99024546 0.9892024 0.9912867 0.9908841 0.9912945 0.988871 0.9910701 0.99285316 0.99107754 0.98980105 0.9928303 0.9928943 0.99085635 0.9939846 0.9889738 0.9927479 0.99309045 0.9938275 0.99588406 0.995772 0.9953907 0.99644595 0.9974075 0.9962025 0.99650955 0.9948946 0.99446356 0.9944669 0.9946407 0.9937581 0.9942369 0.9934348 0.9950547 0.99330264 0.99276584 0.99336797 0.99564385 0.99574053 0.99557775 0.9970667 0.99731266 0.99774116 0.99654627 0.996131 0.99697655 0.9967097 0.9957658 0.9972273 0.9960778 0.9966148 0.99513686 0.9960339 0.9946495 0.99576426 0.9934383 0.994211 0.99450904 0.99340355 0.99344605 0.99182874 0.99542856 0.9930947 0.99312764 0.99178433 0.9869342 0.9878232 0.9895653 0.99100024 0.9927337 0.99450964 0.99559337 0.9961678 0.9952167 0.9954244 0.99551445 0.9972126 0.99654627 0.9956102 0.9960216 0.99441224 0.99479884 0.99589795 0.9958443 0.9934716 0.99445325 0.99509907 0.99468845 0.9965016 0.9968121 0.9973865 0.9959937 0.9963852 0.9949614 0.99250805 0.99201006 0.9932667 0.995996 0.99664617 0.9930211 0.98861665 0.9899944 0.99077547 0.9930244 0.99096376 0.99158245 0.99341905 0.9926563 0.9944593 0.992884 0.9916729 0.99340844 0.9936901 0.9901084 0.9882708 0.98910993 0.9934647 0.993106 0.9933095 0.99373525 0.99439985 0.9897699 0.9900706 0.99161327 0.98582786 0.9837996 0.98342574 0.995705 0.99276423 0.99342924 0.9943674 0.9952528 0.9914778 0.9917123 0.99199677 0.9944657 0.9953432 0.98964703 0.98905027 0.9919372 0.9933588 0.9917685 0.9939346 0.9912036 0.99003905 0.9911693 0.9921926 0.99236983 0.99204457 0.99316096 0.99053395 0.98897606 0.99139017 0.9877266 0.993496 0.9924046 0.98965275 0.99039835 0.9903356 0.9886802 0.9907672 0.9941663 0.9941753 0.9936064 0.99286306 0.99194866 0.9862993 0.99268913 0.99022794 0.99402136 0.9934985 0.98998034 0.9927765 0.9963294 0.9941488 0.9932406 0.9941171 0.9943837 0.99253684 0.9928723 0.9933498 0.9870138 0.990683 0.99463797 0.9898815 0.987753 0.99393815 0.99510133 0.9952574 0.9945144 0.9948626 0.9951246 0.9952531 0.99463433 0.9958838 0.99643695 0.9954476 0.99421805 0.9947634 0.9966225 0.9957141 0.9944325 0.99350005 0.9860312 0.9874239 0.9898367 0.9929572 0.99408597 0.99220586 0.9904913 0.9934733 0.9929692 0.9871459 0.98735714 0.98737395 0.98926836 0.9914628 0.99154305 0.9907038 0.99521863 0.99317586 0.9923316 0.9885082 0.99485695 0.9946911 0.99471045 0.9940104 0.9937833 0.99641216 0.995385 0.99399424 0.99412084 0.99536896 0.99497694 0.99441874 0.9928125 0.9921345 0.9938017 0.99361557 0.99554276 0.9877575 0.9877404 0.9885479
DimitrijevicxJelena_SRP19120JelenaD-Nove-L2_5 0.99428374 0.99616575 0.9956282 0.9923496 0.99431473 0.9922885 0.99066263 0.98802125 0.99084216 0.9926134 0.99261457 0.9938788 0.9905343 0.9904463 0.9941479 0.99382794 0.9942691 0.99547464 0.9954167 0.99292475 0.99011105 0.99185145 0.9930523 0.99418885 0.99393076 0.9915909 0.9939412 0.9907243 0.9933269 0.99078876 0.9919151 0.99277407 0.9911144 0.9898154 0.98693144 0.9977482 0.99773747 0.9961942 0.9985918 0.9971573 0.9974127 0.99571776 0.998053 0.9963098 0.9999997 0.99882126 0.9974489 0.9963834 0.995493 0.9930341 0.9922048 0.99045515 0.9897754 0.9930291 0.9896573 0.9967915 0.99626356 0.9951401 0.99608845 0.9950055 0.99482006 0.9964797 0.996395 0.99640375 0.99507207 0.9958941 0.9939724 0.9928475 0.99215245 0.99281764 0.9931038 0.99140114 0.99033827 0.99070334 0.99109745 0.99150884 0.9919366 0.9910838 0.9931077 0.9922597 0.99080896 0.9931449 0.9949872 0.99055356 0.989754 0.9908191 0.99026763 0.99172175 0.9925139 0.99278694 0.9926206 0.99129343 0.9914639 0.99013954 0.9895699 0.9899912 0.9878651 0.9895805 0.98860884 0.9883848 0.9884421 0.9903548 0.9894454 0.9884521 0.9882011 0.9919106 0.9888234 0.9887536 0.99086875 0.98896646 0.9895964 0.9896631 0.99080515 0.99216384 0.9908615 0.9901494 0.99176335 0.9898128 0.989188 0.9897947 0.99053556 0.98739934 0.992666 0.9908035 0.9915265 0.99177086 0.99157155 0.99190766 0.99456745 0.993751 0.9940673 0.9940529 0.99343264 0.9934742 0.9927183 0.9937615 0.99685377 0.9970039 0.99677056 0.9906551 0.9891259 0.9852377 0.98824364 0.9925369 0.98924494 0.9896239 0.9923875 0.99193966 0.9923093 0.9914536 0.99574476 0.9913243 0.9889774 0.98816824 0.99455523 0.9955237 0.99448586 0.9918437 0.9905038 0.98924905 0.9916221 0.9878717 0.9905111 0.9897545 0.99045277 0.9901016 0.99323577 0.9925264 0.9928374 0.9911405 0.99084604 0.9878554 0.9890762 0.98948413 0.98716575 0.9893128 0.9928777 0.99196994 0.9915145 0.99443996 0.99206334 0.9919856 0.9917896 0.99012536 0.98510164 0.98087555 0.994692 0.9938411 0.9913732 0.9940371 0.99216723 0.9905261 0.98875856 0.9919893 0.99133706 0.9927234 0.992544 0.9945655 0.9925307 0.99381286 0.99201417 0.9917759 0.9932832 0.9926595 0.9947834 0.9895302 0.9902266 0.98921037 0.9883136 0.98612666 0.9874422 0.98987865 0.99453425 0.9952739 0.9954737 0.99335116 0.9946861 0.99439913 0.99350256 0.9952768 0.99544734 0.9911564 0.9903729 0.9924405 0.9942911 0.99482805 0.99179536 0.9954188 0.99375725 0.9938601 0.9943505 0.9901744 0.99282646 0.9933658 0.9932845 0.9913903 0.99200875 0.9910808 0.9880365 0.9918587 0.99273753 0.9855329 0.97576976 0.9844892 0.9862473 0.991415 0.99186784 0.9953961 0.99250287 0.9854729 0.9924055 0.99276376 0.99500674 0.9913497 0.99009717 0.99308205 0.99269295 0.99450684 0.99338055 0.9877251 0.99158293 0.9902235 0.9891556 0.98754287 0.98984605 0.9902083 0.99002314 0.9883247 0.9858281 0.9931692 0.99212825 0.9949175 0.9950527 0.99425834 0.9918846 0.99322754 0.9944763 0.9950854 0.99388176 0.99460536 0.99474925 0.99319327 0.99242336 0.9940589 0.99450946 0.9914666 0.9879307 0.99215347 0.9915011 0.9879061 0.9952104 0.9928033 0.9939965 0.99473834 0.9916138 0.992744 0.99223703 0.9933903 0.99247485 0.99030656 0.99042195 0.9872652 0.9837591 0.9862342 0.9851706 0.98475367 0.9848198 0.9838662 0.9928927 0.9935259 0.9917434 0.9901404 0.99150693 0.99318993 0.99290544 0.9937551 0.9909152 0.99262935 0.99467856 0.9956898 0.9941282 0.99512595 0.9933875 0.9938671 0.9937546 0.9910188 0.9925188 0.99406886 0.9928232 0.9933933 0.99386454 0.9934714 0.99223655 0.9918228 0.98938346 0.98585856 0.9854133 0.9948877 0.9936888 0.99364614 0.99367434 0.9941834 0.9960458 0.9935477 0.99356735 0.99618137 0.9947879 0.9949386 0.99619174 0.9942923 0.99451834 0.9937758 0.99652696 0.9964338 0.99557555 0.99493575 0.99625915 0.9954592 0.9950771 0.984223 0.99316347 0.99350077 0.99476385 0.99287283 0.9933331 0.99381864 0.98895115 0.9880338 0.9896838 0.99154836 0.992559 0.99464864 0.9948183 0.9921905 0.9953796 0.9951895 0.9949211 0.99412 0.99444944 0.9892424 0.9959907 0.9881035 0.9891432 0.9932519 0.9899359 0.9852711 0.98801804 0.98856604 0.99662596 0.99239296 0.9969328 0.9935349 0.99634314 0.99668974 0.987918 0.98622847 0.98530495 0.9864368 0.9915071 0.99321395 0.9943085 0.99210703 0.99335605 0.993893 0.99440145 0.9935147 0.9948637 0.99521697 0.9946295 0.9928418 0.99023867 0.9884719 0.9926995 0.989465 0.9888066 0.98707724 0.98545504 0.9904308 0.9919946 0.99086785 0.9936317 0.9924315 0.9915575 0.99179465 0.9910417 0.9899582 0.98713636 0.98678046 0.99074805 0.99104434 0.9920671 0.9923536 0.99396765 0.9914784 0.9912007 0.9908211 0.9940863 0.99045247 0.9924611 0.9901418 0.99169594 0.99261165 0.9910549 0.9912288 0.99016976 0.9877064 0.9908415 0.98932457 0.9912226 0.9917809 0.9906391 0.9915656 0.9886984 0.99038416 0.99045604 0.9911727 0.990631 0.9898763 0.9899178 0.99154395 0.99142545 0.9902827 0.9931271 0.9952369 0.99432826 0.99307775 0.9938688 0.9899086 0.99353004 0.9917059 0.9927681 0.99183893 0.9928485 0.9922888 0.9950985 0.9921994 0.99161595 0.9938861 0.9930714 0.99421155 0.99357593 0.99421704 0.9894428 0.9904765 0.9943184 0.9904472 0.9913727 0.9929089 0.99246925 0.9902216 0.99158037 0.99216133 0.9917059 0.9921509 0.9924642 0.9930076 0.9943853 0.9946114 0.9933599 0.9942845 0.9924164 0.9929741 0.9931382 0.99263644 0.98991275 0.99102396 0.9921255 0.9930407 0.99131775 0.9917033 0.9924426 0.99341303 0.99284244 0.9913225 0.9914496 0.99107456 0.9911128 0.99085474 0.9908761 0.9895296 0.98979694 0.9842526 0.9825214 0.9766256 0.9880561 0.98846143 0.9874179 0.98700404 0.9848419 0.99067533 0.9887229 0.98503625 0.9866347 0.9874798 0.98703843 0.9856147 0.9818325 0.9810032 0.9838803 0.98452437 0.98907113 0.9929677 0.99283856 0.9926423
DimitrijevicxJelena_SRP19120JelenaD-Nove-L2_6 0.99376357 0.9966214 0.99555904 0.9919145 0.99402285 0.9928847 0.9905908 0.98712116 0.99323523 0.99413884 0.9943513 0.99585235 0.9927541 0.99268 0.99580944 0.9951026 0.99511796 0.9963106 0.99665433 0.99501324 0.992331 0.99358267 0.9955701 0.9959198 0.9954574 0.9927668 0.9950985 0.9917609 0.9947504 0.99247473 0.9927296 0.9944731 0.9926348 0.9902142 0.98689115 0.9979945 0.9981239 0.9955198 0.9991555 0.99809045 0.99786025 0.9963575 0.99848074 0.9961669 0.99882126 1.0 0.9979917 0.9971395 0.99743986 0.9939472 0.99427104 0.99239105 0.99095345 0.99289876 0.9899759 0.99635214 0.9960821 0.9929123 0.99463487 0.9951234 0.9946601 0.9959111 0.9967567 0.99605906 0.9945933 0.99552375 0.9940828 0.99384856 0.99294657 0.9950429 0.9940524 0.99333215 0.9918394 0.9927012 0.9929539 0.99334264 0.9941316 0.99277794 0.9941763 0.9947203 0.9927088 0.9927881 0.99492615 0.9917558 0.9901002 0.9922111 0.9916988 0.993134 0.9938201 0.99285334 0.9934389 0.9919839 0.99175936 0.99158376 0.9912212 0.99096435 0.9885305 0.99093074 0.98956454 0.9890625 0.9895532 0.9917409 0.9909944 0.9906664 0.9898108 0.9928064 0.98979944 0.9903141 0.9925031 0.9908356 0.9917396 0.9912925 0.9918227 0.9931799 0.99201137 0.9909385 0.9937662 0.9927765 0.9923847 0.9927733 0.9932873 0.9903881 0.9949483 0.99386674 0.99451184 0.9946685 0.99366486 0.9947397 0.9963928 0.9963009 0.9963995 0.9963002 0.9957365 0.9956821 0.9953468 0.99317044 0.99624956 0.9963121 0.9963106 0.99069524 0.9897687 0.98529285 0.9885909 0.99435014 0.99205256 0.99212503 0.9937228 0.9940587 0.993835 0.9936379 0.9956949 0.99304664 0.99016464 0.9896395 0.9954268 0.9962251 0.9953499 0.99217147 0.99105555 0.99033666 0.99203193 0.9890923 0.99112153 0.990286 0.99118906 0.99058974 0.99295694 0.9937803 0.9928771 0.99276906 0.99178576 0.9890845 0.9909447 0.9908173 0.98852754 0.9899612 0.9940054 0.9924881 0.99219716 0.9961169 0.9939151 0.99331397 0.9934805 0.9911947 0.98742837 0.983703 0.99605215 0.99493814 0.99330765 0.99495023 0.9937726 0.9930677 0.99057215 0.99376315 0.99281067 0.9951067 0.99483573 0.99597573 0.99406314 0.99465954 0.99200934 0.9926372 0.99412704 0.9928638 0.9953518 0.99028265 0.9905797 0.9908475 0.9888122 0.98664427 0.98795164 0.9910329 0.9952587 0.996141 0.99607396 0.99385965 0.99571383 0.99427426 0.9943677 0.9953724 0.9952775 0.9899857 0.98912793 0.99182016 0.99452645 0.99419636 0.9927328 0.99594927 0.9938453 0.99385715 0.99406177 0.9921041 0.9947125 0.9948336 0.99371153 0.9927254 0.99310386 0.99129146 0.98962957 0.99224687 0.9937062 0.9868757 0.9782997 0.98620594 0.9879726 0.99253607 0.9927705 0.99571186 0.9942128 0.988284 0.99349463 0.9942237 0.99577785 0.9926435 0.99176824 0.994 0.9944845 0.994949 0.9947941 0.98987436 0.9936658 0.9920574 0.9900699 0.9893258 0.99149674 0.9923504 0.99174464 0.9898594 0.9869428 0.99447674 0.99406946 0.9957123 0.9963208 0.9953304 0.99333835 0.99471176 0.99551 0.9965131 0.99427855 0.9955608 0.99528795 0.99415284 0.99408853 0.9946257 0.9950268 0.99222064 0.98881066 0.99404836 0.99368876 0.98952496 0.99592704 0.99452597 0.99513495 0.99552155 0.9931569 0.9938868 0.9931355 0.99536365 0.9938881 0.99198854 0.99148345 0.9897724 0.9869327 0.98888326 0.9880771 0.98772234 0.9879115 0.98669976 0.99468064 0.99425906 0.99326664 0.9925196 0.9935473 0.9948736 0.99456424 0.9952347 0.99293005 0.9942947 0.9966493 0.9967507 0.995154 0.9961927 0.99487513 0.9946593 0.9941611 0.9916296 0.99314886 0.9953989 0.99430853 0.99492675 0.99558175 0.99169165 0.99046576 0.98959565 0.9909018 0.98814374 0.9874784 0.9965107 0.99545145 0.9953876 0.9952552 0.9950315 0.9969631 0.9939313 0.9929537 0.9969414 0.9952954 0.9956929 0.9967183 0.9945439 0.994148 0.9935051 0.9973069 0.9962803 0.9962051 0.99514467 0.9960234 0.9948541 0.99417627 0.9847747 0.9949723 0.9955768 0.9960861 0.99478245 0.9954658 0.9958805 0.9911267 0.9906956 0.9921445 0.99375147 0.9940921 0.9961151 0.99590135 0.99305207 0.9969603 0.99654984 0.9963613 0.9948976 0.99548984 0.9897248 0.9969094 0.98879886 0.9898973 0.99466383 0.99076504 0.98635226 0.98834723 0.9895262 0.997633 0.9922495 0.9974392 0.9943739 0.9974477 0.99750185 0.9895823 0.9887891 0.9879624 0.98860544 0.99273765 0.99323905 0.9962843 0.99443036 0.996055 0.9966156 0.996743 0.9963989 0.9970423 0.997292 0.99660194 0.9942563 0.9910029 0.98948324 0.9941047 0.9909378 0.9897125 0.98869854 0.9867208 0.99170965 0.9928068 0.99229836 0.9949795 0.993971 0.9931702 0.9932556 0.9928888 0.9905414 0.9881575 0.98806924 0.9920614 0.9924115 0.9932458 0.9936359 0.9949866 0.9925446 0.9926116 0.9920297 0.9948206 0.99211526 0.99416435 0.99287426 0.99317205 0.9941811 0.9927759 0.9929544 0.9921288 0.9898671 0.9936102 0.992337 0.9937341 0.9945628 0.99336857 0.9942966 0.99204993 0.9934168 0.99342155 0.99290895 0.9922327 0.9914522 0.9918857 0.99319196 0.99367964 0.99231726 0.9941112 0.9963261 0.99619156 0.9941383 0.9950905 0.9915082 0.9950319 0.9937476 0.9945966 0.9929274 0.99369216 0.993548 0.99675643 0.99417293 0.9929043 0.9954318 0.9941689 0.9955876 0.99473584 0.9952775 0.9903244 0.9913341 0.9945277 0.9918296 0.99324805 0.99470216 0.99405056 0.991623 0.99335206 0.9934272 0.9927739 0.9940139 0.9932179 0.9944659 0.9937905 0.9938247 0.99178195 0.9928755 0.9920707 0.9922724 0.99192387 0.9904912 0.9922136 0.9933581 0.9938537 0.9944006 0.9928286 0.99322325 0.9941497 0.9942757 0.99423975 0.9935523 0.99309784 0.9930186 0.9932706 0.99317265 0.9929407 0.99143505 0.9915367 0.9858913 0.98456275 0.97915566 0.9898829 0.99024856 0.9891726 0.9890185 0.98661554 0.9915781 0.9892966 0.9857439 0.9877499 0.9880069 0.98827666 0.9872116 0.9827578 0.9826039 0.98526627 0.9860346 0.98990947 0.99213576 0.99148417 0.9919431
DimitrijevicxJelena_SRP19120JelenaD-Nove-L2_7 0.99356747 0.9955426 0.9957872 0.9951236 0.9965644 0.9907317 0.9886003 0.98434556 0.99440825 0.9958589 0.99634886 0.9960498 0.9953154 0.99557596 0.99631214 0.99693996 0.9961648 0.9963368 0.9962677 0.99673855 0.99544704 0.99644715 0.9937471 0.9956483 0.99538094 0.9949273 0.99607337 0.9950668 0.9959574 0.9953841 0.9956355 0.9953625 0.9953348 0.9930267 0.9907446 0.99627507 0.9958889 0.99584645 0.9985245 0.9989046 0.99947006 0.99899703 0.998694 0.9989294 0.9974489 0.9979917 1.000001 0.9993102 0.99882 0.99687076 0.9958326 0.9942196 0.9937437 0.99377257 0.99127114 0.9959918 0.9946976 0.99041957 0.9939127 0.9959194 0.99525833 0.9955815 0.99583983 0.9950915 0.9910393 0.9922066 0.9956074 0.9938552 0.9946465 0.9950188 0.9938609 0.9908087 0.99152535 0.99450755 0.99364823 0.9953376 0.99202937 0.99094504 0.99440366 0.99536365 0.99183816 0.99460757 0.99538714 0.99519306 0.99425215 0.99536276 0.9957386 0.9959215 0.9969436 0.9950057 0.9957145 0.9955722 0.99186456 0.99170667 0.99139583 0.99236995 0.98961484 0.99292207 0.99030465 0.9909848 0.98934543 0.9923954 0.99261934 0.99412704 0.9946039 0.9940714 0.9942943 0.99438024 0.9950796 0.9942128 0.9949654 0.99510074 0.9951617 0.9960829 0.99470484 0.99506617 0.9940919 0.99341375 0.99235183 0.99287605 0.9934131 0.9909045 0.9949486 0.9942825 0.99533045 0.99389017 0.9955425 0.99369437 0.99314857 0.99472946 0.9955733 0.995141 0.9963573 0.99639034 0.9947297 0.9954543 0.9966203 0.9963806 0.9969933 0.9929884 0.993372 0.9895983 0.99222887 0.9943237 0.99306303 0.9941729 0.9926805 0.99214786 0.99362385 0.9939159 0.99177504 0.98926157 0.9873711 0.9852213 0.9968343 0.997779 0.9975507 0.9957358 0.99474376 0.9931902 0.995247 0.9926684 0.9944545 0.99335736 0.9943028 0.9948386 0.995829 0.99644244 0.99467045 0.99535704 0.9947851 0.9940268 0.994847 0.995225 0.993781 0.99508035 0.9953402 0.99539906 0.99514556 0.99686086 0.99626863 0.99662316 0.9967402 0.9957303 0.9923284 0.9895599 0.9969374 0.99699783 0.9958274 0.9963243 0.9956374 0.99479276 0.9946267 0.99590474 0.9960372 0.9962834 0.9953772 0.9950872 0.9930912 0.99586 0.99327314 0.99539727 0.99597204 0.9948451 0.99487555 0.99241525 0.99302197 0.993932 0.9902842 0.9874393 0.9894248 0.99451184 0.9961851 0.99514246 0.996461 0.9965025 0.99558204 0.9959043 0.9968304 0.9945379 0.9952138 0.99222225 0.99116147 0.9939603 0.9960598 0.9951772 0.99618435 0.99662703 0.9947653 0.99362934 0.99562526 0.98540986 0.98992825 0.99562573 0.9938437 0.9905407 0.9929199 0.99302423 0.9865148 0.99112844 0.99569356 0.9918931 0.9843777 0.9902351 0.99110734 0.99181134 0.99311924 0.9928686 0.9922145 0.98418695 0.9932749 0.9947994 0.99521816 0.990521 0.9876215 0.99266154 0.9929396 0.99365515 0.9925011 0.9887359 0.99216145 0.99094665 0.9908284 0.987561 0.9910829 0.9931716 0.9928271 0.9905016 0.9873501 0.99594295 0.9958246 0.9966543 0.99637496 0.9972484 0.9933993 0.99527967 0.992695 0.99495816 0.9950423 0.99636364 0.9960376 0.99162674 0.9904222 0.995511 0.9944642 0.99052566 0.9870916 0.99128354 0.9914907 0.98889023 0.9930121 0.99333835 0.9933726 0.9954 0.99066484 0.9927475 0.9924816 0.9944365 0.9932315 0.99106693 0.9905946 0.99222314 0.99159145 0.99158007 0.9924295 0.9919551 0.99249196 0.9905868 0.9925581 0.9932298 0.992136 0.99272 0.9949734 0.9951573 0.993316 0.99591774 0.9918777 0.994891 0.9955706 0.99590826 0.9965747 0.9968804 0.9962195 0.99703604 0.9970924 0.9956328 0.9960017 0.99641025 0.9961007 0.99623036 0.99656457 0.9929185 0.9927669 0.9913606 0.9947742 0.9931 0.99239635 0.99591315 0.99706644 0.9972692 0.99690866 0.99733776 0.9978962 0.99709976 0.9953571 0.9975474 0.9972319 0.9973867 0.99662215 0.9969343 0.9955048 0.9953481 0.9964102 0.9965217 0.995943 0.995898 0.99452627 0.9945274 0.99431026 0.9912611 0.9962403 0.9952563 0.9976361 0.9959133 0.9960499 0.9947002 0.9902061 0.9904907 0.9924386 0.9934862 0.99418586 0.99593997 0.99648666 0.99590594 0.99702096 0.9967099 0.9970311 0.99719274 0.99676746 0.994204 0.9969721 0.99291897 0.9937948 0.996422 0.9946054 0.9916622 0.9925578 0.9938639 0.99654263 0.9951006 0.99760556 0.9967117 0.9971915 0.9973335 0.9944885 0.9934631 0.9927977 0.9936012 0.99631333 0.99626166 0.9949464 0.9918015 0.99316657 0.9941206 0.9951423 0.99438405 0.9945314 0.99545604 0.9948208 0.9958999 0.99364954 0.9922323 0.9947536 0.9947358 0.9917704 0.9903885 0.9901552 0.99441385 0.99460644 0.9949327 0.99581426 0.9962689 0.9928559 0.9931037 0.9941889 0.98883057 0.9873692 0.9872383 0.99600226 0.99433446 0.9948445 0.99571097 0.9964255 0.9935889 0.99397147 0.99389035 0.9957317 0.99568385 0.99265945 0.9926071 0.9944135 0.9951887 0.9937676 0.9950967 0.99377364 0.99218297 0.9942674 0.9944676 0.99480546 0.9948296 0.99517244 0.9938442 0.9927309 0.99454296 0.99177253 0.99507606 0.99459577 0.99261576 0.99291396 0.9931701 0.99210656 0.993679 0.99545807 0.99595356 0.99608374 0.9947812 0.994217 0.98966146 0.9951601 0.9933293 0.99597436 0.99458456 0.9923686 0.9946253 0.9978028 0.9960096 0.99482995 0.9959677 0.9956438 0.99464786 0.99468255 0.99477863 0.989386 0.992183 0.9955281 0.9922654 0.9912695 0.9957996 0.9959618 0.9956835 0.99591583 0.9958551 0.9954194 0.99646187 0.9953229 0.99684006 0.9962654 0.9955055 0.99333906 0.99444175 0.9957146 0.99486995 0.993731 0.99245155 0.98993415 0.991284 0.9929393 0.994947 0.9952116 0.99421436 0.9931512 0.9948359 0.99486804 0.9910626 0.9910848 0.9911027 0.9925504 0.99403507 0.99417067 0.992965 0.9954686 0.9919414 0.99112785 0.98701966 0.99457496 0.9947028 0.99419826 0.9939256 0.9927624 0.99565595 0.99436945 0.99199 0.99327576 0.99335515 0.9936542 0.9932895 0.9901049 0.9899816 0.99193305 0.9922699 0.9946524 0.9895194 0.98853683 0.98972964
DimitrijevicxJelena_SRP19120JelenaD-Nove-L2_8 0.99406016 0.9957813 0.996145 0.9960289 0.9968695 0.991282 0.9889874 0.9850801 0.99509406 0.99598426 0.9967393 0.99628544 0.99588764 0.9961863 0.9964659 0.9966109 0.99576634 0.9958985 0.99594754 0.9971616 0.99587196 0.9968151 0.99383056 0.9952726 0.99540234 0.9950157 0.99606913 0.99485064 0.9954677 0.99511963 0.995326 0.9951146 0.9951781 0.99277925 0.9907066 0.99568224 0.9952275 0.99539804 0.9981497 0.99853104 0.99923706 0.9990903 0.99844426 0.9987467 0.9963834 0.9971395 0.9993102 1.0 0.999178 0.9978294 0.997155 0.995996 0.99550843 0.9946139 0.9923553 0.9955911 0.9943521 0.98919433 0.99308574 0.9959531 0.9954286 0.99456376 0.99567634 0.994857 0.99020416 0.9913326 0.99632186 0.9945378 0.99529296 0.99571276 0.99483955 0.9912219 0.9923381 0.995447 0.99466026 0.9961287 0.9920824 0.99155545 0.9952101 0.99608153 0.99223375 0.9947386 0.9950748 0.9965227 0.9955455 0.9964115 0.99676746 0.99690485 0.9977047 0.9958641 0.99686694 0.99616647 0.99269927 0.99285936 0.99277925 0.99374485 0.9915631 0.9944578 0.99215305 0.9929285 0.9906313 0.99344814 0.9940604 0.9957684 0.9961107 0.9958861 0.9960963 0.9963117 0.9966296 0.9962504 0.99671376 0.9967062 0.99663955 0.9972555 0.9960544 0.99654317 0.99545395 0.9947093 0.99357855 0.99412286 0.9944813 0.9925395 0.99542904 0.9948347 0.99584174 0.9945593 0.99632865 0.9939771 0.99272335 0.99486494 0.99560755 0.99518275 0.99674255 0.99700546 0.99546254 0.9949585 0.9956676 0.99570394 0.9964924 0.9944562 0.99523014 0.9918386 0.9941195 0.9956508 0.9947193 0.99553984 0.9934109 0.9925411 0.9944212 0.99468887 0.9908285 0.9888117 0.9873227 0.9845947 0.9972094 0.99774885 0.99757916 0.9966024 0.99594057 0.9941741 0.99634415 0.99372745 0.9950775 0.9939572 0.99517936 0.9959508 0.99628454 0.99713063 0.9952626 0.9963907 0.99581516 0.99519265 0.9959893 0.996429 0.9949863 0.99617815 0.9956452 0.99556154 0.9951075 0.99762917 0.9973614 0.9972898 0.9975723 0.9969166 0.99457914 0.99215984 0.9973503 0.99744016 0.99696946 0.99720496 0.9961311 0.9953618 0.9954295 0.9963974 0.9966623 0.9966185 0.9957846 0.9955375 0.9940066 0.9969737 0.9943285 0.9961824 0.996666 0.9952935 0.9954651 0.99399894 0.99439377 0.995462 0.991839 0.9890244 0.9910868 0.9958058 0.9961969 0.9949697 0.99649525 0.99677813 0.995424 0.9961765 0.99696875 0.994307 0.99502873 0.9925655 0.991448 0.9942844 0.99651223 0.9954369 0.9975178 0.99691445 0.99526954 0.9939382 0.9959474 0.98469037 0.989625 0.9966171 0.99486756 0.9918874 0.9944155 0.9946339 0.98779684 0.9926602 0.997033 0.9936449 0.98657316 0.9923829 0.99314535 0.9934616 0.9946512 0.99285805 0.9927092 0.9852086 0.99419975 0.9958874 0.99563307 0.9913029 0.98775345 0.99327415 0.993628 0.9945753 0.9930638 0.98955846 0.9927595 0.9918953 0.99243647 0.9890086 0.9927244 0.99485064 0.9946351 0.9922214 0.9893542 0.9966754 0.9963996 0.99716157 0.99620533 0.99789214 0.9940862 0.99569404 0.99290746 0.99514586 0.99559975 0.99681574 0.99678344 0.9921104 0.99066925 0.9964109 0.9950746 0.9910871 0.98772746 0.99151987 0.9920206 0.98921275 0.9930442 0.99410075 0.99383426 0.99611247 0.9913151 0.99346834 0.9933763 0.9948819 0.9942969 0.9922522 0.9913533 0.9937365 0.99326104 0.9926832 0.99388355 0.9934006 0.9938077 0.9919733 0.9931681 0.99377596 0.99342376 0.99396986 0.99584824 0.995829 0.9939147 0.99638355 0.99328977 0.99575794 0.9958149 0.9960626 0.99738264 0.9976031 0.997101 0.9977498 0.99747175 0.9964709 0.99678165 0.996814 0.99695885 0.99659705 0.99689955 0.993009 0.9926768 0.99148434 0.9964741 0.99489284 0.99437886 0.9959989 0.997379 0.9974824 0.9974323 0.99760604 0.99789274 0.9973864 0.9945989 0.9975368 0.9974855 0.9975781 0.99568254 0.99666566 0.9949846 0.9947696 0.99584645 0.99626297 0.9958349 0.995781 0.9938421 0.9938351 0.99378395 0.9922161 0.9963935 0.99518716 0.9972055 0.9957453 0.99593234 0.9944655 0.99109787 0.99193585 0.9935729 0.9945047 0.9951506 0.9963201 0.9969949 0.99621505 0.9969558 0.99694955 0.99728745 0.997157 0.99670136 0.9943172 0.99684167 0.9934943 0.9943794 0.9972334 0.9956435 0.99274266 0.9932641 0.9946961 0.99665886 0.99467355 0.99715877 0.9965216 0.9970434 0.9972268 0.99584013 0.99510527 0.994475 0.9948164 0.99705184 0.99678284 0.9948558 0.99254525 0.99283624 0.9937153 0.99460936 0.99425155 0.9939902 0.9948138 0.9943869 0.99645 0.99440134 0.99336475 0.9951817 0.9955846 0.9929077 0.99163127 0.9916748 0.9956128 0.9954807 0.9956708 0.9964064 0.9968097 0.993072 0.9934783 0.9948649 0.98899245 0.9879147 0.98766214 0.9971267 0.9954798 0.99573547 0.9966492 0.99706286 0.99393743 0.9942978 0.9947429 0.9965959 0.9967375 0.9934184 0.99328315 0.9952214 0.9957824 0.9949244 0.9958949 0.9948878 0.9939111 0.9950485 0.99537516 0.99591804 0.9957277 0.99645627 0.994715 0.9936023 0.99531484 0.99257576 0.99590915 0.99511933 0.99316764 0.99371797 0.9937033 0.9929018 0.99503237 0.99631107 0.9963244 0.9962219 0.9957996 0.9948947 0.9908277 0.99573016 0.99409544 0.9968773 0.99588925 0.9932096 0.9956532 0.99802226 0.9968418 0.9960054 0.9965463 0.9964816 0.99538076 0.9956809 0.99563134 0.990731 0.9937415 0.9965453 0.9935341 0.9916108 0.9968507 0.9973624 0.9969695 0.99703467 0.99727464 0.9968626 0.99754566 0.996999 0.9978288 0.9964863 0.9953087 0.9927318 0.9942493 0.99563617 0.9948106 0.99344057 0.99171257 0.99063104 0.9917444 0.99370724 0.99587834 0.99658996 0.9955854 0.99423134 0.99607474 0.99576604 0.9918267 0.9918612 0.99206924 0.9935262 0.9951842 0.9951088 0.9945511 0.9969817 0.9934442 0.9925297 0.9889491 0.99478835 0.99535954 0.9951098 0.99480844 0.9937816 0.9966004 0.9947561 0.99255204 0.99434966 0.9938965 0.9944728 0.994476 0.99142337 0.9909768 0.9930235 0.9933135 0.9953682 0.98893195 0.9875077 0.9887122
DimitrijevicxJelena_SRP19120JelenaD-Nove-L2_9 0.9923277 0.99549735 0.99535316 0.9941183 0.9954825 0.99161047 0.9888734 0.984034 0.9964825 0.9966343 0.99727714 0.9971839 0.9968018 0.99706966 0.9973312 0.9968173 0.9956892 0.9960494 0.9964952 0.99783236 0.99653745 0.997014 0.9952136 0.9959011 0.99589 0.9949665 0.9960593 0.9945659 0.99624294 0.9958848 0.99537295 0.9962139 0.99572027 0.99204993 0.989553 0.9959324 0.9953524 0.99469334 0.9982468 0.9984558 0.9988963 0.99874085 0.9980525 0.99746114 0.995493 0.99743986 0.99882 0.999178 0.9999996 0.9972906 0.9975804 0.9961766 0.99491554 0.9934859 0.9916509 0.99486464 0.9937551 0.9879743 0.991731 0.99570316 0.99473727 0.99375445 0.99575007 0.9944029 0.99016213 0.9912435 0.99544317 0.994769 0.99518496 0.99658346 0.99483675 0.99264723 0.99308836 0.9963293 0.99544513 0.9969131 0.9938237 0.9928572 0.99545556 0.9972463 0.9935719 0.99312615 0.99416107 0.9960952 0.9940098 0.99625456 0.9964512 0.9967037 0.99778897 0.9945533 0.99611574 0.9956129 0.99257106 0.9935341 0.9935426 0.9936565 0.99116206 0.9944464 0.9922266 0.99251854 0.9908689 0.9937247 0.9943693 0.9961448 0.9957898 0.99494743 0.99491847 0.995631 0.9963884 0.9958688 0.9967357 0.99606466 0.9958365 0.99647635 0.99570864 0.99521965 0.99615675 0.99607563 0.99516016 0.99550825 0.9958918 0.99399704 0.9969473 0.99686986 0.99746794 0.9963198 0.997285 0.99601203 0.9941024 0.9962654 0.996878 0.9965668 0.99781024 0.9978483 0.9968717 0.9938082 0.9946027 0.9945838 0.99573857 0.9927235 0.9934797 0.9894054 0.99209565 0.9960464 0.9958515 0.9965073 0.9937301 0.9935079 0.9947531 0.99553883 0.9908518 0.98965985 0.98754096 0.98538446 0.997274 0.9977683 0.9975508 0.99506164 0.9944716 0.9941263 0.9954413 0.99353534 0.99439406 0.99344414 0.9947297 0.9946689 0.9949932 0.99706244 0.9946908 0.99645114 0.9953821 0.9946534 0.99628866 0.9959576 0.9944328 0.9950788 0.99570245 0.9950133 0.9945192 0.9978779 0.99763364 0.9971822 0.99743736 0.99595535 0.9946456 0.9923034 0.99772143 0.99731994 0.9973219 0.99666196 0.99682283 0.9969725 0.99603 0.9973274 0.99700415 0.9978769 0.9972023 0.9960433 0.9941112 0.99641585 0.99303067 0.9954512 0.99619853 0.9942283 0.99492556 0.99281746 0.9928245 0.9948071 0.9906979 0.9879777 0.98977524 0.9949585 0.99657434 0.9958055 0.9969714 0.9966806 0.99618083 0.99564797 0.99724174 0.99461013 0.9949758 0.9913386 0.9903077 0.99358994 0.99614584 0.9946749 0.9970064 0.99690366 0.9946432 0.9936437 0.9951309 0.9865795 0.99080116 0.99649185 0.9939703 0.9915339 0.99361724 0.993178 0.9882568 0.99147934 0.9964329 0.99304426 0.98672056 0.9918142 0.9928327 0.9928653 0.99375093 0.9930362 0.9938539 0.98674643 0.9943096 0.9959432 0.99550515 0.9919142 0.98932844 0.9935842 0.9948455 0.994397 0.9938215 0.9912074 0.99406123 0.99300015 0.9924398 0.9899523 0.9931848 0.9955147 0.995008 0.9927201 0.98934305 0.9964833 0.99681157 0.9964658 0.9965968 0.9974254 0.9943475 0.99598646 0.9935032 0.99564505 0.994583 0.99670446 0.9960783 0.99254954 0.99180186 0.99587107 0.9945482 0.991181 0.9879546 0.9925465 0.9931915 0.99040186 0.9932821 0.9946703 0.99426854 0.99573654 0.99204934 0.9935301 0.99327546 0.9958708 0.9945876 0.99266297 0.9915448 0.99512976 0.99458814 0.9943827 0.99523884 0.99483955 0.99518335 0.99352145 0.99361676 0.9930459 0.9931561 0.9952067 0.99685496 0.9965683 0.99459136 0.99685985 0.9939288 0.996168 0.9969462 0.9966081 0.9974334 0.99755496 0.99744934 0.9968488 0.99633837 0.9951135 0.9955643 0.997106 0.99708885 0.99716824 0.9975381 0.9904008 0.9900165 0.9883152 0.9960426 0.99508077 0.9940826 0.9968173 0.99778533 0.9979119 0.99751353 0.9971988 0.9975865 0.99627674 0.99301 0.99736506 0.9967692 0.99709517 0.9954923 0.9957136 0.9934788 0.99335694 0.9961135 0.99539524 0.99568343 0.9951561 0.99347144 0.9928412 0.9926704 0.9911688 0.9970946 0.9961964 0.9976021 0.9964676 0.99688995 0.99565065 0.99245995 0.9931041 0.99465877 0.99540454 0.9955287 0.99673176 0.9969389 0.9956693 0.99745864 0.99729156 0.99756813 0.9967301 0.99666685 0.99336743 0.99691457 0.9926486 0.99370956 0.99732155 0.9948612 0.9921814 0.9921954 0.994305 0.9970968 0.9936007 0.9970027 0.99618155 0.9972084 0.9970066 0.99547803 0.99551326 0.9949739 0.994981 0.99667346 0.9956431 0.99524254 0.9934899 0.99417186 0.99535584 0.99575406 0.9958788 0.9953165 0.99594027 0.99531806 0.9967951 0.9941473 0.99313885 0.9955705 0.9957442 0.9930132 0.9922159 0.9918696 0.99537325 0.9954955 0.9958884 0.9967081 0.9970939 0.9938105 0.9940633 0.99527824 0.9890632 0.98823714 0.98823273 0.9967362 0.99542373 0.9954836 0.9967083 0.9968297 0.99428463 0.995122 0.9950132 0.9963794 0.99672586 0.99427885 0.9949618 0.99561304 0.99607915 0.9953353 0.99633366 0.9954117 0.99382484 0.99639344 0.9966799 0.99706495 0.9968856 0.99735564 0.9962711 0.99563485 0.9969542 0.9942933 0.99648684 0.99587834 0.9939483 0.99451935 0.9945284 0.9941625 0.9956175 0.996238 0.9965603 0.99717754 0.9957316 0.9954757 0.9912818 0.99649775 0.99514884 0.9974799 0.99566543 0.9936401 0.9959452 0.9985862 0.99778616 0.99605197 0.99715 0.99676543 0.9959159 0.9959055 0.9956814 0.99074346 0.99328256 0.99560606 0.99376667 0.9927857 0.9970179 0.9972342 0.99650896 0.99727434 0.99689686 0.9963359 0.99771714 0.99600995 0.99766 0.9944805 0.99312633 0.99007493 0.9916463 0.99377006 0.9924412 0.99094117 0.9884151 0.991951 0.993278 0.9945849 0.9962744 0.9963197 0.99565333 0.9947802 0.9956427 0.9960276 0.993176 0.9926606 0.99322915 0.9944829 0.99600667 0.9961265 0.99492043 0.9966552 0.992933 0.99233836 0.9888173 0.99510694 0.9954472 0.99493635 0.99502516 0.9935555 0.9960812 0.99403745 0.99164855 0.9939074 0.99288297 0.9939892 0.99426854 0.9901674 0.99041635 0.99224895 0.99288595 0.9947564 0.988661 0.9866432 0.9887116
DinicxSreten_SRP19091SretenDPreporodjaj-L2_1 0.99461377 0.99502194 0.996346 0.99640214 0.9967684 0.991283 0.9892404 0.98542416 0.99540997 0.99669546 0.99735785 0.9961271 0.9968269 0.99736875 0.9966389 0.99666417 0.99563485 0.99559593 0.99558496 0.99721706 0.996952 0.9976625 0.9921634 0.99327964 0.9939785 0.9948727 0.9949719 0.9943797 0.9953078 0.99562633 0.9952858 0.99446636 0.9956917 0.99328125 0.99201185 0.9930389 0.9921315 0.99325544 0.99541384 0.9955738 0.99677336 0.9977107 0.9960193 0.9968961 0.9930341 0.9939472 0.99687076 0.9978294 0.9972906 0.99999994 0.9979951 0.99762905 0.9976336 0.9950574 0.9932419 0.99509376 0.99364835 0.98820853 0.99252224 0.9964794 0.9957786 0.9934409 0.9956144 0.99499303 0.9892667 0.99019414 0.99678504 0.9947903 0.99608946 0.99448824 0.9942394 0.9901515 0.99298936 0.99639434 0.995335 0.99733686 0.9920976 0.9919647 0.99575263 0.99577814 0.99236035 0.99577445 0.9950782 0.99714875 0.9951215 0.99693733 0.9975426 0.997068 0.99782115 0.9958123 0.99664676 0.9977437 0.9934452 0.99285465 0.99330044 0.9948761 0.99279416 0.99508363 0.99276334 0.99467885 0.99159324 0.9945678 0.994911 0.99651337 0.9973996 0.9950778 0.9966957 0.9970088 0.99605805 0.9962157 0.99621093 0.99661386 0.9968973 0.99712896 0.9961556 0.9966706 0.99442047 0.9933531 0.9917774 0.99239033 0.9933925 0.99172384 0.9953048 0.9948566 0.9955132 0.9937384 0.99700034 0.99340427 0.9911946 0.99333626 0.99442625 0.99386144 0.9965159 0.9964734 0.9950735 0.9950266 0.99436677 0.994682 0.9963178 0.9940988 0.9949079 0.99187136 0.99377364 0.9963451 0.99538153 0.9963598 0.99286395 0.9915013 0.99425995 0.99417824 0.9890193 0.98698723 0.9858904 0.9825879 0.9962101 0.9962352 0.9964053 0.99778676 0.9974545 0.9949334 0.99718463 0.99412024 0.9953848 0.994032 0.9956987 0.99720913 0.99705917 0.99784863 0.99625474 0.9969392 0.997002 0.99655217 0.99721843 0.99743754 0.9962037 0.9970656 0.9964947 0.99659485 0.9964204 0.9977813 0.9978497 0.9980586 0.99778324 0.99712193 0.9949651 0.99334925 0.9972543 0.9977789 0.997416 0.99784154 0.99720085 0.9961046 0.996799 0.9970415 0.9977889 0.9965519 0.9954157 0.99456125 0.9931911 0.99675846 0.9944892 0.9961195 0.99670994 0.99519986 0.9944533 0.9940311 0.9944521 0.9953314 0.99279976 0.990208 0.9921431 0.99658597 0.9964726 0.99403936 0.99667037 0.9978119 0.9958473 0.99738437 0.99770933 0.99487716 0.99582946 0.9944902 0.9935109 0.9960141 0.997173 0.99573344 0.9984305 0.9967309 0.99584466 0.9939312 0.9966391 0.9818934 0.9869844 0.99606985 0.9945181 0.9906192 0.9934819 0.99502575 0.9872079 0.9922582 0.9974277 0.9945223 0.98791474 0.99274015 0.99351144 0.99293095 0.9944366 0.99236995 0.9916565 0.983763 0.9941049 0.9955517 0.99479866 0.99100685 0.98622763 0.9921351 0.9934131 0.9945403 0.9920617 0.9890199 0.99187404 0.9916177 0.99242395 0.98889667 0.99270636 0.9947549 0.9949907 0.99260664 0.9896138 0.9971914 0.99710333 0.9970458 0.9952949 0.9976205 0.99355775 0.9955723 0.9920421 0.9943744 0.9938895 0.9963839 0.99628586 0.99173695 0.9899658 0.9964946 0.9952034 0.9908918 0.9873244 0.9905841 0.99150485 0.98961633 0.9923826 0.9937732 0.99372613 0.99621844 0.9909068 0.99337316 0.9931564 0.99440986 0.9947305 0.99221796 0.9913243 0.9949521 0.9949013 0.9941994 0.9953999 0.9951858 0.99521387 0.9941672 0.99313354 0.99349463 0.99349713 0.99406826 0.9965269 0.9955732 0.9936844 0.99656236 0.9932555 0.9956812 0.9951963 0.99557364 0.99822336 0.99763316 0.99762 0.9974158 0.997372 0.996409 0.99674404 0.9962602 0.99667203 0.9964092 0.9966085 0.99336886 0.993105 0.9917873 0.99735475 0.99614745 0.99529874 0.99535066 0.9973455 0.99754316 0.9975292 0.99812835 0.99741656 0.9977776 0.99321115 0.99690074 0.9967983 0.99656445 0.9936396 0.99549395 0.99317175 0.9931747 0.99437803 0.9949002 0.9947641 0.99489796 0.99229413 0.99236447 0.9923643 0.99469966 0.9947831 0.9931496 0.99578863 0.99356526 0.99406654 0.9926809 0.99040276 0.99117833 0.9926423 0.9940006 0.99493307 0.9953926 0.9973552 0.9975309 0.9963241 0.99699295 0.997 0.99779487 0.9971335 0.99604803 0.99693537 0.9960222 0.99670756 0.9979486 0.99752206 0.99541163 0.99563307 0.99671334 0.99562365 0.9951143 0.9962126 0.9969291 0.996271 0.9960601 0.99743676 0.99645966 0.99612486 0.9965967 0.99754417 0.99700785 0.99188125 0.9905156 0.9903404 0.9914994 0.99238974 0.99188185 0.99203646 0.9932663 0.9924507 0.9965839 0.99482214 0.9939511 0.99509674 0.9963056 0.9936478 0.9928353 0.9931636 0.9960723 0.99642164 0.9966168 0.996534 0.9968802 0.9918914 0.99315804 0.99414635 0.9887561 0.9877342 0.98736805 0.99749684 0.9951733 0.9955036 0.9967046 0.9968155 0.99493057 0.9951347 0.99541914 0.9966847 0.99726635 0.9931824 0.99248207 0.9947332 0.995194 0.99473023 0.9960865 0.9941687 0.9928782 0.99353606 0.9941274 0.9949596 0.9940073 0.9956983 0.99310815 0.99203086 0.99406874 0.9905524 0.99673116 0.9955526 0.9938021 0.9942895 0.9939852 0.9924761 0.9951378 0.99624616 0.9959122 0.99544245 0.99558187 0.9945537 0.9901699 0.9950299 0.99388474 0.99616843 0.9965877 0.993057 0.9959943 0.9975558 0.9970336 0.99636286 0.9961446 0.99740463 0.9955807 0.9958887 0.99557847 0.99109787 0.9938955 0.99664104 0.9933732 0.99105144 0.99562615 0.997006 0.9970214 0.9968132 0.997236 0.9973093 0.99690765 0.99685687 0.9971657 0.99620056 0.99405134 0.9922359 0.99332863 0.9958271 0.99445695 0.99283123 0.9902632 0.98864883 0.99003994 0.99252266 0.9954232 0.9962836 0.9949244 0.9933544 0.9955836 0.9949892 0.9903301 0.9898857 0.9906982 0.9920398 0.9943381 0.99466884 0.9942137 0.9970287 0.9956836 0.99432516 0.99153966 0.9958139 0.9967133 0.9965649 0.9961458 0.9953035 0.9970779 0.99546945 0.9937578 0.9958489 0.99439025 0.99525213 0.9959858 0.99300015 0.99267167 0.99425644 0.9949532 0.99629366 0.9884507 0.9870641 0.988914
DinicxSreten_SRP19091SretenDPreporodjaj-L2_2 0.99267524 0.9958835 0.99548966 0.99372745 0.99471 0.9937956 0.9913076 0.98757046 0.9971758 0.99650174 0.9975295 0.9977922 0.9968878 0.9970661 0.9970513 0.9951304 0.99444646 0.994766 0.995996 0.99772805 0.99596024 0.9966438 0.9948617 0.99442756 0.9946934 0.9938563 0.9949085 0.9923104 0.995078 0.9945917 0.9938788 0.9955556 0.9949523 0.9891522 0.9868622 0.9929034 0.991754 0.99085236 0.99564207 0.9957084 0.996009 0.9961014 0.99567354 0.9939048 0.9922048 0.99427104 0.9958326 0.997155 0.9975804 0.9979951 0.9999993 0.99926686 0.99823844 0.9951589 0.9945029 0.99415165 0.99327546 0.9863939 0.9902066 0.9959339 0.9954219 0.9918981 0.99578494 0.9945453 0.98985016 0.99080867 0.99686205 0.99671084 0.99695426 0.9971981 0.9969822 0.9943463 0.9958559 0.9983205 0.99778754 0.9982085 0.9953308 0.99509734 0.9973695 0.9981084 0.9956483 0.99450165 0.99471056 0.9964642 0.9938366 0.99659884 0.9962904 0.9969765 0.99749756 0.9950385 0.9968657 0.9953868 0.9952564 0.99529123 0.9956893 0.99673885 0.9944833 0.9964498 0.9952877 0.9954797 0.9937263 0.9957505 0.9962932 0.99770397 0.9964186 0.9968564 0.99575865 0.9969859 0.99788725 0.9974851 0.9978244 0.9968659 0.99713933 0.9972786 0.997218 0.99572873 0.9976135 0.99724936 0.9965152 0.99645406 0.9971479 0.99599355 0.9977129 0.9975619 0.99759793 0.99716157 0.99778336 0.9965501 0.99419874 0.99620664 0.99626935 0.99625814 0.9977563 0.997812 0.9975879 0.9916472 0.9925561 0.9933342 0.9941637 0.9933421 0.9936922 0.99022484 0.9928055 0.99829847 0.9983568 0.9987369 0.9963041 0.9956792 0.99712324 0.9975171 0.9908917 0.9912375 0.9902646 0.98724014 0.9974028 0.9968194 0.99651456 0.9949918 0.9951498 0.9955001 0.99581337 0.99468464 0.9941764 0.9943575 0.99559766 0.99541044 0.99504626 0.9976677 0.99593 0.99773955 0.9967503 0.9948513 0.99677694 0.99605346 0.9940738 0.99471056 0.99627733 0.9945872 0.9938132 0.9983913 0.9982726 0.9965731 0.9966488 0.99601984 0.99518263 0.9935431 0.9977631 0.99751335 0.9982828 0.99729174 0.9962477 0.9973485 0.9953839 0.99724567 0.99642384 0.9976819 0.9978316 0.99727666 0.9960683 0.99793047 0.99522656 0.996539 0.99702907 0.9948343 0.99597293 0.9954496 0.9947263 0.9967534 0.99386364 0.991505 0.99265504 0.99630564 0.99582297 0.99455243 0.99644923 0.99556136 0.99551284 0.99490196 0.99599254 0.9944875 0.9948308 0.9920684 0.9910451 0.99385947 0.9964905 0.9950498 0.9977259 0.9967542 0.99557465 0.9948534 0.9951517 0.98601174 0.9900743 0.9976961 0.9959041 0.9940851 0.99590516 0.99571407 0.9920707 0.99365246 0.9976174 0.99308646 0.98715395 0.99243605 0.9942345 0.9956437 0.99634886 0.99328727 0.9951722 0.9900435 0.99545425 0.9964843 0.99547595 0.9940569 0.99115366 0.99540746 0.99657243 0.99596536 0.99555993 0.9938971 0.9957044 0.995615 0.9951857 0.99373794 0.9962336 0.9979402 0.99778533 0.9959034 0.9934049 0.9975345 0.9979358 0.9972671 0.99710053 0.997915 0.9965144 0.9974421 0.9945209 0.99611294 0.9944511 0.997093 0.99649847 0.99438524 0.99342275 0.9973035 0.9949145 0.9938005 0.9913261 0.9944639 0.995149 0.99317014 0.99424064 0.9966187 0.9957468 0.9972047 0.994608 0.9962329 0.9954398 0.9972415 0.9970665 0.99596775 0.99459136 0.9968621 0.9960355 0.9961871 0.99614084 0.9955957 0.99587095 0.9957513 0.99405855 0.9930051 0.9949158 0.99738663 0.99811137 0.99748075 0.99608725 0.9975541 0.99705255 0.99769586 0.9971965 0.99695164 0.9978715 0.99790317 0.9979748 0.99685687 0.9953265 0.99440217 0.9948621 0.99730563 0.998022 0.99761605 0.997705 0.99015397 0.98863286 0.9868976 0.9964811 0.99530333 0.9944006 0.99751234 0.9978802 0.9981211 0.9981682 0.9969341 0.99680567 0.9954841 0.98993975 0.99732876 0.9963314 0.9967496 0.9932471 0.9940882 0.991519 0.99027205 0.9944861 0.9943606 0.99557954 0.99429315 0.9924776 0.9916175 0.991087 0.990124 0.99695647 0.9962139 0.9964468 0.9957558 0.99636465 0.9950303 0.99414957 0.99478996 0.9959285 0.99662596 0.996036 0.99616367 0.9972147 0.99520355 0.99708223 0.99712145 0.9973651 0.9954952 0.9952506 0.9917758 0.9964324 0.99184465 0.993173 0.99734855 0.99432683 0.9909804 0.990989 0.99317765 0.9964992 0.9907331 0.99568224 0.99399614 0.9963463 0.9959359 0.9958002 0.99699175 0.9964227 0.9958612 0.9967588 0.99450266 0.99364734 0.994396 0.9931558 0.9943801 0.9936131 0.99510473 0.99423397 0.9941437 0.9938117 0.9973799 0.9954334 0.99484843 0.9960706 0.9967586 0.99570155 0.99552387 0.99452496 0.9969968 0.9974061 0.99771166 0.99842286 0.998269 0.99555355 0.9964162 0.99728006 0.99215966 0.9918715 0.9920223 0.99710566 0.9970321 0.99690384 0.997921 0.9976558 0.9963295 0.9968673 0.9971963 0.99736583 0.99673605 0.99627787 0.9960399 0.99691737 0.9969021 0.99701685 0.99679106 0.9970617 0.99605584 0.9966276 0.99589276 0.9972623 0.99680924 0.99756646 0.99684095 0.9960669 0.99704266 0.99526703 0.9977809 0.9971511 0.9963989 0.99698937 0.9964054 0.9960257 0.9980109 0.9973934 0.99726415 0.9973782 0.9976928 0.99693155 0.9948131 0.99732465 0.9974641 0.9979478 0.9973822 0.9957766 0.9978789 0.99798465 0.9986149 0.9977689 0.99767506 0.99774724 0.9972629 0.99752927 0.996811 0.9941291 0.9959665 0.99687994 0.9965392 0.99487805 0.9975961 0.99783677 0.99677145 0.9981072 0.9981642 0.99721056 0.99798226 0.99757636 0.9977806 0.99413675 0.9921849 0.98885393 0.9910609 0.9925411 0.99155235 0.98997706 0.9868724 0.993805 0.9945899 0.99602616 0.99730843 0.99719995 0.9971337 0.9962396 0.99686354 0.99683154 0.9950106 0.99432766 0.995135 0.9960137 0.9972394 0.99732745 0.9968568 0.99695754 0.99305856 0.9916303 0.98879117 0.99338084 0.9951828 0.99444526 0.99458516 0.9925927 0.9953849 0.9926486 0.989589 0.9936954 0.99061865 0.99242014 0.99343395 0.98871523 0.98864186 0.9908239 0.9920545 0.99392414 0.9894921 0.9864301 0.9884957
DinicxSreten_SRP19091SretenDPreporodjaj-L2_3 0.99249417 0.9948429 0.9945212 0.99288774 0.99358237 0.9932087 0.9907433 0.9881743 0.99550927 0.9947986 0.9961071 0.9962113 0.9953148 0.99582565 0.9956988 0.99339205 0.9929583 0.99328876 0.9945916 0.9964015 0.9946675 0.9954995 0.99294305 0.99216455 0.99265856 0.9919694 0.9931972 0.9902228 0.9930658 0.9927717 0.99210113 0.9936681 0.9931899 0.98783565 0.9857953 0.9910858 0.9898627 0.98915046 0.99415934 0.9939561 0.99442023 0.9949705 0.99464077 0.99258655 0.99045515 0.99239105 0.9942196 0.995996 0.9961766 0.99762905 0.99926686 1.0000001 0.9989944 0.9954497 0.9954009 0.9928729 0.9919183 0.98477376 0.98858225 0.9949691 0.9947328 0.9900838 0.99510777 0.99424446 0.9884843 0.9894688 0.99702835 0.99704677 0.99727625 0.9960504 0.99624294 0.9933618 0.9951727 0.99748164 0.99718904 0.9971027 0.99422586 0.9944523 0.9966032 0.9969732 0.9946016 0.99413455 0.99390405 0.9959761 0.99274766 0.9959385 0.9954997 0.9960262 0.99652404 0.99492466 0.9965609 0.9949622 0.99489176 0.9950832 0.99542403 0.9966611 0.99495673 0.99632037 0.99540025 0.9957015 0.9937984 0.9956921 0.99635714 0.9975238 0.99632096 0.9966285 0.9958127 0.9970379 0.997507 0.9974852 0.997345 0.9964575 0.99695694 0.9969395 0.9967816 0.9957758 0.99721354 0.99639964 0.99604064 0.99596244 0.99662375 0.9960377 0.996824 0.9962842 0.9961932 0.99600375 0.99695706 0.99510866 0.9930457 0.99513936 0.9948357 0.9947579 0.99640965 0.9966336 0.996743 0.99039495 0.99123734 0.99215883 0.9929917 0.9928421 0.993088 0.9899516 0.99213576 0.9979963 0.9981743 0.99835306 0.99590975 0.99513304 0.9968101 0.9969123 0.9895559 0.99041057 0.9903641 0.98682016 0.9963843 0.9955908 0.9951628 0.9945904 0.9947377 0.9953704 0.9956647 0.99468166 0.9939392 0.9941781 0.9953161 0.99556357 0.99462867 0.9972202 0.9961151 0.99750715 0.9966006 0.9945632 0.9962863 0.9954625 0.9933867 0.99408036 0.9956704 0.99384934 0.9928476 0.9975703 0.9975062 0.99558 0.99562365 0.9954163 0.9947417 0.99359775 0.99673414 0.996616 0.9975533 0.9968763 0.9953708 0.99644315 0.99449384 0.99652034 0.9956174 0.9964531 0.99659866 0.9963866 0.9956324 0.99771476 0.9954848 0.99639285 0.9965359 0.99426985 0.995288 0.9957569 0.9948762 0.9966961 0.99465 0.9925868 0.9934629 0.99630386 0.99451184 0.99340147 0.99550396 0.9943632 0.99428475 0.9938209 0.99471307 0.9935132 0.99366236 0.99157035 0.99046636 0.9931263 0.9956467 0.9943632 0.99731326 0.9959159 0.9950928 0.99469376 0.99456674 0.9834242 0.9875728 0.99679613 0.9956565 0.99408025 0.99583954 0.9963198 0.99255496 0.9938023 0.9975094 0.99293536 0.9870522 0.9925712 0.9943384 0.9959568 0.9967107 0.9926454 0.99430823 0.98993367 0.99466795 0.9957771 0.99427694 0.9938936 0.9908759 0.99516326 0.9962262 0.99572176 0.9952047 0.9935413 0.99541116 0.9956274 0.9954594 0.9940764 0.9962616 0.99786454 0.9980252 0.99604803 0.99399644 0.997317 0.99756473 0.9969231 0.9960177 0.99726474 0.99622434 0.99740535 0.99365824 0.9949843 0.99301887 0.9958119 0.9953429 0.9939847 0.9925495 0.99679804 0.99401355 0.99368435 0.9919992 0.99386793 0.994695 0.99275124 0.993454 0.99615884 0.9949367 0.99687636 0.9940463 0.99577826 0.995203 0.99615765 0.99693 0.9959556 0.9946135 0.9959654 0.9952903 0.99522686 0.99517155 0.99444073 0.99474853 0.99497175 0.9931841 0.99207485 0.99459547 0.9964405 0.9971427 0.99619156 0.995022 0.99651563 0.99673694 0.99707186 0.99585235 0.99570477 0.9973412 0.99706554 0.99724793 0.99590045 0.99413747 0.9933008 0.99378645 0.9957745 0.9972071 0.9962853 0.99630183 0.98883295 0.98696065 0.9855566 0.9958711 0.9943984 0.99370396 0.99636793 0.9967841 0.99682117 0.99716413 0.9960383 0.9955127 0.99441904 0.9881729 0.9962086 0.99498963 0.9953343 0.9908755 0.9924421 0.9894952 0.9882308 0.99259984 0.99280286 0.9944219 0.99306726 0.9908111 0.98995626 0.9893838 0.9891112 0.99558425 0.9950551 0.994805 0.99426496 0.99484915 0.9932839 0.99319834 0.99389714 0.9948765 0.99558085 0.9948552 0.99454033 0.99678147 0.99472183 0.996117 0.9963867 0.9967696 0.99462104 0.9939483 0.9910802 0.995383 0.99139106 0.9926195 0.9966743 0.99404526 0.9902469 0.99045557 0.9925283 0.9956146 0.9895971 0.9944092 0.9927299 0.9953264 0.9950584 0.9951768 0.9964287 0.995783 0.99518335 0.9956332 0.99299514 0.9916356 0.9933037 0.9912407 0.9924805 0.99133205 0.99326384 0.9921242 0.99204415 0.9916573 0.9967314 0.99559814 0.9951294 0.9950622 0.99642336 0.9960054 0.99572086 0.99530876 0.9969649 0.99696463 0.9970072 0.99778044 0.99738663 0.9944486 0.99580455 0.996614 0.99207944 0.9922624 0.9921921 0.9964479 0.9971017 0.99685043 0.9978017 0.99744105 0.99589705 0.9959311 0.9965996 0.9966517 0.99583364 0.99609184 0.99516916 0.9963616 0.99646163 0.99694806 0.9962951 0.9961831 0.99548686 0.9953993 0.9944648 0.9961248 0.99539614 0.9965642 0.99566555 0.99474573 0.9957319 0.9943934 0.9970776 0.99621797 0.99581796 0.99640304 0.99592125 0.9953326 0.9976269 0.9970409 0.9963987 0.9961412 0.9976685 0.9962875 0.9950944 0.9963505 0.9970374 0.99691117 0.99764967 0.9956969 0.99758744 0.99669874 0.9976459 0.99743295 0.9966996 0.9969938 0.9968028 0.99706334 0.9962721 0.9945675 0.9961523 0.99619424 0.99616337 0.99391294 0.9967879 0.9973713 0.9964132 0.9975619 0.9980668 0.9972739 0.9971909 0.9977167 0.99699736 0.99319494 0.991173 0.98824537 0.99029946 0.991752 0.9909071 0.98919636 0.9858033 0.9931275 0.9932865 0.9950667 0.9965979 0.9965286 0.99652165 0.9954004 0.9964733 0.9959052 0.9942653 0.9935757 0.99449337 0.9951788 0.9963802 0.99639064 0.9965498 0.9962815 0.99288476 0.9908727 0.988455 0.9919347 0.9941296 0.99340105 0.9934261 0.99162066 0.9944939 0.9915128 0.98833907 0.9930701 0.98935735 0.9912158 0.99264634 0.98821723 0.9877303 0.98991674 0.99120754 0.9929561 0.9886529 0.98537856 0.9872877
DinicxSreten_SRP19091SretenDPreporodjaj-L2_4 0.992642 0.99402034 0.9949784 0.993904 0.9939817 0.9927316 0.9911254 0.98953384 0.9939163 0.99360406 0.99515605 0.99480355 0.9947218 0.9951814 0.9942435 0.9926444 0.9923128 0.99248844 0.9932009 0.99491245 0.9937131 0.99486774 0.9905742 0.99038714 0.99124056 0.9915918 0.9923169 0.990029 0.9919628 0.9920693 0.99182546 0.9920864 0.9925585 0.9875361 0.98603183 0.9896109 0.98820746 0.9885868 0.9929495 0.9928905 0.9937955 0.99467903 0.9941298 0.9928247 0.9897754 0.99095345 0.9937437 0.99550843 0.99491554 0.9976336 0.99823844 0.9989944 1.0000001 0.9966482 0.9967433 0.99272096 0.991582 0.9848526 0.9889111 0.9949106 0.9951364 0.98996705 0.9940243 0.99373335 0.98784375 0.98868006 0.9972277 0.99642086 0.9973817 0.994572 0.9948465 0.9914338 0.99482095 0.99699163 0.99656665 0.99676234 0.99242073 0.9934596 0.9965741 0.9957328 0.9936942 0.9950124 0.9940564 0.9961893 0.993423 0.99603635 0.99586153 0.9962192 0.9963788 0.99592686 0.9967832 0.9950493 0.99466354 0.9944377 0.99476814 0.9966861 0.99539274 0.9964282 0.9953144 0.9965181 0.9937568 0.9953406 0.9957834 0.99674904 0.9964521 0.9958206 0.9962326 0.9969393 0.996698 0.9970985 0.9965265 0.9964831 0.99717826 0.99693936 0.99663204 0.99649364 0.99537545 0.99409044 0.9934378 0.993752 0.9948585 0.9942969 0.995347 0.9941674 0.9945612 0.9941006 0.99630964 0.9930888 0.9910763 0.9930043 0.9930781 0.9929098 0.99503255 0.99536216 0.9950452 0.99068564 0.99138933 0.9924872 0.99307424 0.9939856 0.9941487 0.9916694 0.99322575 0.9967885 0.9959605 0.9966649 0.99501187 0.9936393 0.9962055 0.9958051 0.98838484 0.98904127 0.9897151 0.98580855 0.9953693 0.9944819 0.9944726 0.9954052 0.9960601 0.9958318 0.99649864 0.99510384 0.9948533 0.99474484 0.99565715 0.9964524 0.99558884 0.9969776 0.9967985 0.9971841 0.99710613 0.9955456 0.9962332 0.9959651 0.99432 0.9952301 0.9953037 0.9940893 0.9928963 0.99632823 0.99647117 0.9950521 0.9948821 0.99589676 0.9939591 0.99297976 0.99565756 0.99664056 0.997163 0.9972428 0.9945947 0.9947645 0.99413645 0.99564826 0.99520266 0.9948357 0.9947083 0.9951499 0.9950288 0.9976585 0.9965616 0.9970155 0.9969567 0.99541533 0.99532574 0.9963961 0.9960865 0.9968108 0.9957256 0.9937356 0.9948748 0.9970775 0.99380875 0.99199224 0.9946792 0.99418193 0.9933216 0.99391073 0.99452037 0.99276733 0.99364376 0.99297345 0.9919427 0.9939338 0.9959464 0.9950692 0.9977786 0.99560106 0.99574316 0.9947935 0.99527085 0.98016804 0.98506135 0.9957234 0.99582994 0.99282014 0.99507004 0.9975499 0.990506 0.9938597 0.9972272 0.9936372 0.9874693 0.9926743 0.9941325 0.99504924 0.99629664 0.9922982 0.9927431 0.98789895 0.994626 0.9955196 0.9940595 0.9935266 0.98893666 0.9943544 0.994673 0.995442 0.9938785 0.9918114 0.9937443 0.99465597 0.995485 0.9926771 0.9955082 0.9967649 0.997334 0.99584043 0.99416196 0.9969301 0.9970301 0.9965852 0.9949302 0.99702376 0.9953988 0.9967239 0.9926538 0.9936662 0.99269634 0.9951348 0.99513155 0.9934899 0.9912367 0.9966358 0.9939488 0.99359477 0.99187714 0.9924599 0.9933989 0.9918071 0.9924769 0.99522084 0.9943292 0.9965075 0.993467 0.9956753 0.9953542 0.99490666 0.99667704 0.9957968 0.9947638 0.99530566 0.9945671 0.9944705 0.9945053 0.9939938 0.9941902 0.994434 0.99107444 0.99110854 0.9937501 0.99442816 0.9955813 0.9946904 0.99366295 0.99541235 0.99549776 0.9961539 0.9940505 0.9944317 0.9972001 0.99665666 0.9970254 0.9958958 0.99448097 0.9940893 0.9945295 0.9947083 0.99593365 0.9948657 0.99484444 0.9906239 0.988972 0.98786724 0.99654853 0.99495673 0.9944296 0.9946392 0.9957049 0.9958263 0.99652547 0.99576664 0.99491704 0.9945843 0.9883134 0.99551874 0.9950969 0.9950454 0.99006486 0.9926142 0.9899046 0.9884563 0.9911276 0.99254674 0.993731 0.992913 0.9903552 0.9900274 0.9897055 0.9913908 0.99431384 0.99320626 0.99392205 0.992972 0.993602 0.9918099 0.9920665 0.99278325 0.99372613 0.99467224 0.99465024 0.9939552 0.9960595 0.9949664 0.9949195 0.9952588 0.99564296 0.99462 0.99331945 0.99194455 0.99457276 0.9918163 0.9930048 0.99620116 0.9945251 0.9911409 0.99141943 0.9930972 0.9940541 0.989882 0.99352366 0.99254906 0.9943082 0.9944965 0.99546206 0.9959849 0.9956257 0.99523294 0.99560887 0.9934075 0.99005866 0.99127454 0.9891232 0.9901085 0.9897767 0.99094087 0.99018097 0.99065185 0.99012184 0.9958877 0.99582475 0.9955663 0.9944607 0.99611914 0.9960111 0.99548775 0.9959263 0.99740905 0.9972902 0.99719846 0.9973811 0.99699557 0.99355155 0.9952422 0.99609816 0.9926395 0.99246305 0.9922669 0.99681526 0.9968677 0.9969698 0.9975727 0.997123 0.9961395 0.9958288 0.9968361 0.99662834 0.99622494 0.9946967 0.992986 0.99556154 0.99618393 0.99648976 0.9964478 0.99523205 0.9950903 0.99300736 0.9925504 0.9942028 0.9933258 0.995065 0.99336636 0.9919041 0.9933126 0.99146426 0.9964855 0.9956318 0.99509084 0.99551255 0.995047 0.9935157 0.99648625 0.9968685 0.99602586 0.9951874 0.99735254 0.99544185 0.99436826 0.9953383 0.9956115 0.99577016 0.99750787 0.9950135 0.99704945 0.9955399 0.9967669 0.99738663 0.9958243 0.99666446 0.9960495 0.99678534 0.9956609 0.9946467 0.99629855 0.9967061 0.99570936 0.9923282 0.99539876 0.9963989 0.9958912 0.99671996 0.9977665 0.9973382 0.9963778 0.9977339 0.9963401 0.99340576 0.9912362 0.98906773 0.99072915 0.9924098 0.99167967 0.9896702 0.98678195 0.99118966 0.9912696 0.99368787 0.99580073 0.9962575 0.9958272 0.9942989 0.9960871 0.9952003 0.99189454 0.99181616 0.99239254 0.99358135 0.9951063 0.99496293 0.995794 0.99573565 0.9937083 0.99155307 0.9896395 0.99147695 0.99378043 0.9932766 0.99295783 0.9921209 0.9946348 0.9920894 0.9895208 0.993816 0.9901651 0.991569 0.99331623 0.9896836 0.9888735 0.99080706 0.99194765 0.9935255 0.98818755 0.9856808 0.98722565
DomanovicxRadojeM_SRP19025RadojeDStradija-L2_1 0.9944484 0.9960863 0.9962616 0.9935115 0.99390745 0.9947554 0.99328804 0.9938761 0.9924097 0.9920231 0.99341536 0.99408215 0.99277306 0.992892 0.99333006 0.99177593 0.9921964 0.9929682 0.99348456 0.99310815 0.990669 0.99275196 0.9911812 0.99124575 0.99193347 0.9914634 0.99247354 0.9894327 0.99203736 0.9904105 0.99126685 0.99135864 0.99094135 0.98555017 0.98351645 0.9911254 0.99022156 0.9894902 0.9942503 0.99356806 0.9937165 0.99374515 0.9949387 0.9930196 0.9930291 0.99289876 0.99377257 0.9946139 0.9934859 0.9950574 0.9951589 0.9954497 0.9966482 1.0000005 0.9983745 0.9945793 0.99412173 0.9892019 0.9926139 0.9950693 0.9959588 0.9923174 0.9956178 0.9959396 0.992208 0.9928383 0.99777305 0.996627 0.9971423 0.99376076 0.99450594 0.9934978 0.99455696 0.99441767 0.9950538 0.99458486 0.99293137 0.9937324 0.9964613 0.9939476 0.9929638 0.9950856 0.99543256 0.9944286 0.99246913 0.9940458 0.9934456 0.99479955 0.9946296 0.99628335 0.9954114 0.9928572 0.99406934 0.9921744 0.9921383 0.99477786 0.99340045 0.9935972 0.9929374 0.9941472 0.9917494 0.9926537 0.9921844 0.9920052 0.9918959 0.99443823 0.9930319 0.99329317 0.99378705 0.9936832 0.9931025 0.9940274 0.9948426 0.9946598 0.9942292 0.99433684 0.9934047 0.9909443 0.99098784 0.99157554 0.9925525 0.9914687 0.9935716 0.9915111 0.9923206 0.99292064 0.99392 0.9925531 0.99272966 0.9927752 0.9929563 0.99304354 0.993822 0.994069 0.9940789 0.9912488 0.99386156 0.9949144 0.99468535 0.99484897 0.99345523 0.99117213 0.99270093 0.99553466 0.9924357 0.99264073 0.9955775 0.99409527 0.9964862 0.99479294 0.99247414 0.9918547 0.99213946 0.98915064 0.9940019 0.99323297 0.9934401 0.99342304 0.9931356 0.994825 0.99592215 0.9932844 0.9943971 0.9940069 0.9946602 0.9942606 0.99542683 0.9948098 0.99664474 0.994543 0.99493164 0.99283946 0.9931012 0.99319726 0.9912821 0.99295354 0.99464613 0.9927992 0.991256 0.99476606 0.9933955 0.99260753 0.9925724 0.99403167 0.9884083 0.986723 0.99405074 0.9952162 0.9944562 0.99687576 0.99225813 0.9913884 0.99017423 0.9930869 0.9921318 0.99270076 0.9923655 0.9960746 0.99649596 0.9979582 0.9981376 0.9964166 0.9971879 0.9967666 0.9975008 0.99625266 0.9962828 0.9949746 0.9960652 0.99447346 0.99524426 0.99530697 0.9934315 0.9926971 0.99505496 0.9930033 0.99405724 0.9939555 0.993483 0.9944536 0.9952 0.99321514 0.9925569 0.9942218 0.9949136 0.99511015 0.99590504 0.9951878 0.9958972 0.9949413 0.99512064 0.9853257 0.9893076 0.99395573 0.9954471 0.99284667 0.9938263 0.9968196 0.98996025 0.99490035 0.9951206 0.98991597 0.9821426 0.9891635 0.9910918 0.99460703 0.99485874 0.9957618 0.9943183 0.9900684 0.9962386 0.9961142 0.99623764 0.9955692 0.9914397 0.9957571 0.99489063 0.99659866 0.9952329 0.99080974 0.99419653 0.99477047 0.99425554 0.9917381 0.99418867 0.99459416 0.9950498 0.99351746 0.9925923 0.99534106 0.9952371 0.996564 0.9956925 0.9966028 0.9951037 0.9959834 0.99510807 0.994827 0.9936327 0.9951093 0.99569535 0.99555403 0.9936451 0.9961361 0.9956713 0.9954912 0.9937831 0.993711 0.9941879 0.9921778 0.9948133 0.9950301 0.9959933 0.99708354 0.99473435 0.99642634 0.99654645 0.9951019 0.99661976 0.996135 0.99608177 0.992003 0.9889826 0.9904777 0.98982555 0.9891931 0.989236 0.98914444 0.9909134 0.9912145 0.992918 0.9913588 0.992202 0.9933351 0.9934722 0.99411535 0.9943572 0.9947424 0.99432147 0.9946064 0.99633884 0.99648905 0.99622405 0.9954582 0.9942602 0.9934845 0.994833 0.9942991 0.99444795 0.99385333 0.99396986 0.993524 0.9912945 0.9910093 0.99444485 0.99151415 0.99136806 0.99504226 0.9949007 0.99440825 0.99528956 0.9948076 0.9952511 0.9934904 0.9895173 0.9960758 0.9954748 0.99525017 0.9923103 0.99322736 0.991829 0.99008596 0.9931586 0.9946958 0.9949204 0.9944687 0.99370146 0.9930984 0.9928745 0.98857987 0.99353534 0.9928698 0.9930925 0.99188024 0.99277306 0.99257874 0.9923184 0.9926823 0.9928672 0.9945726 0.9953173 0.9948109 0.99505246 0.9932516 0.9940584 0.99466515 0.994463 0.9934034 0.9924946 0.9896161 0.99435556 0.98916006 0.99006456 0.9941175 0.9919938 0.9867228 0.9890505 0.9898074 0.99454284 0.9889332 0.99377453 0.99119246 0.99479246 0.9950992 0.99096596 0.99072176 0.9901931 0.9902085 0.992368 0.9930915 0.9907205 0.99183923 0.9905356 0.99084723 0.9914013 0.99086785 0.99145925 0.9919669 0.9916734 0.99468815 0.9946156 0.9941967 0.9947681 0.99324167 0.99490666 0.99402577 0.9934442 0.9957545 0.9961269 0.9951559 0.99680847 0.99520034 0.99390525 0.9953298 0.9952569 0.9953201 0.993657 0.99267423 0.99453545 0.99566597 0.99628997 0.99570477 0.99648494 0.99528295 0.99476445 0.9956184 0.99711686 0.99452907 0.9955206 0.9928005 0.995415 0.99649775 0.9958674 0.99550617 0.9931067 0.99269265 0.9917464 0.9901081 0.99279016 0.99263054 0.99323016 0.9931212 0.9900296 0.9914743 0.9918792 0.99409777 0.9930017 0.9929832 0.9935937 0.9943526 0.9934961 0.99395233 0.99703825 0.99751943 0.9955922 0.99748015 0.99694633 0.9952757 0.9959782 0.99510485 0.9947788 0.99730605 0.9968727 0.9965864 0.9945705 0.9953163 0.99713176 0.99634963 0.9956807 0.99621063 0.997102 0.996245 0.99477553 0.9956075 0.99697244 0.99467826 0.9931216 0.9936787 0.9943404 0.99238575 0.99380744 0.99526566 0.994807 0.9939396 0.9960072 0.9942911 0.9940625 0.99249256 0.9905879 0.9923018 0.99222296 0.99281263 0.99124205 0.9894123 0.992454 0.99193954 0.99404824 0.9953477 0.9948936 0.9951945 0.9952622 0.99657303 0.99538153 0.9923665 0.9930405 0.99297816 0.9936496 0.9939586 0.9931096 0.994336 0.9925934 0.9895087 0.98687154 0.98370016 0.9871465 0.9892556 0.98874074 0.98810834 0.98723954 0.9922212 0.9893013 0.9862626 0.9899593 0.98798054 0.98816764 0.9888648 0.98552924 0.98419535 0.98682815 0.98734015 0.99075985 0.99061555 0.9896088 0.99002284
DomanovicxRadojeM_SRP19025RadojeDStradija-L2_2 0.9902552 0.99320257 0.99340457 0.98979807 0.9903757 0.9935403 0.99240017 0.9939404 0.99101096 0.98980904 0.991736 0.9926571 0.9913356 0.9915032 0.99140644 0.9891496 0.98975474 0.9904479 0.99154806 0.9911729 0.98866254 0.99065137 0.988243 0.9879619 0.9884795 0.98805153 0.98926425 0.9861702 0.98928326 0.98837495 0.98904294 0.9893525 0.9890594 0.9816166 0.97949624 0.9882816 0.9867219 0.98620903 0.9916116 0.99124837 0.9913573 0.9912334 0.9925533 0.9899218 0.9896573 0.9899759 0.99127114 0.9923553 0.9916509 0.9932419 0.9945029 0.9954009 0.9967433 0.9983745 1.0 0.99137956 0.99066 0.9851598 0.9883302 0.9926592 0.9937233 0.9887198 0.99311435 0.9933232 0.98916364 0.9896611 0.99639934 0.9962563 0.9969436 0.99269146 0.99317735 0.992512 0.99432474 0.99402285 0.9945057 0.99365145 0.9917767 0.9930555 0.9953054 0.9929196 0.9928154 0.99338526 0.9935281 0.9930803 0.98946327 0.99310666 0.9921168 0.9936048 0.9932985 0.9947612 0.9942299 0.9909078 0.99358493 0.9917726 0.9919185 0.9945949 0.9934743 0.99353623 0.99301267 0.993908 0.9916365 0.9919234 0.991651 0.9922662 0.9911469 0.9926256 0.9911244 0.9917102 0.9926031 0.99270177 0.99220294 0.99232244 0.99352103 0.9930098 0.9933269 0.9924774 0.993004 0.99086183 0.99138117 0.99151266 0.99284905 0.992622 0.9927028 0.9903568 0.990956 0.9916114 0.9925415 0.9910882 0.9913354 0.99138856 0.99089575 0.991334 0.9921076 0.99236846 0.99302334 0.987819 0.9909599 0.9922087 0.99175876 0.99237776 0.9903816 0.9880951 0.989806 0.99476993 0.9922714 0.99234354 0.99549955 0.9938963 0.99630386 0.99480987 0.9902067 0.99192536 0.9928822 0.9898262 0.992486 0.9917954 0.99160606 0.99081486 0.99107397 0.995417 0.99484 0.99370533 0.9942652 0.9947842 0.9943433 0.992645 0.9931636 0.9935557 0.996023 0.99391264 0.99407417 0.9916307 0.99153763 0.99131465 0.9892865 0.9903827 0.9934201 0.9910687 0.9887265 0.99289256 0.99182945 0.99035525 0.9904873 0.9916908 0.98720866 0.98574734 0.9925271 0.9937014 0.9936906 0.99504644 0.99061257 0.9907337 0.988829 0.9921695 0.99059904 0.99142003 0.99157566 0.99521744 0.9955616 0.9968403 0.9973664 0.99605596 0.9963245 0.9954697 0.99566746 0.9962642 0.9959153 0.99455863 0.9967316 0.9959029 0.9956869 0.99492115 0.9907813 0.9901361 0.99282193 0.98995835 0.99138504 0.99054706 0.9909735 0.99166673 0.99235874 0.9905555 0.98995024 0.9913927 0.9933634 0.9936831 0.9950001 0.9936427 0.9941827 0.99392885 0.9926586 0.9815225 0.98558426 0.9925219 0.9943705 0.9920867 0.9926526 0.99682266 0.9902561 0.9937315 0.9938584 0.98907864 0.9827038 0.9888073 0.9911606 0.99431694 0.9941751 0.9936589 0.9934185 0.99032515 0.9949163 0.9944702 0.99433064 0.9953002 0.99104106 0.99538666 0.99406946 0.99508405 0.994434 0.99131244 0.99427557 0.9952078 0.99494696 0.9926308 0.9944474 0.9944898 0.9951937 0.99439573 0.9937684 0.9940791 0.99444145 0.9949668 0.99449855 0.99516565 0.9957457 0.99648225 0.9931959 0.9920435 0.9896657 0.9924045 0.992782 0.9944014 0.9920765 0.9939896 0.9920056 0.9951943 0.994597 0.99303365 0.9934346 0.9925268 0.9924151 0.9936635 0.9940362 0.99491096 0.9942967 0.99615884 0.9959498 0.9939319 0.99582726 0.9963809 0.9964253 0.99197507 0.9891339 0.99051815 0.98975235 0.98877656 0.98908985 0.98961025 0.9876944 0.9874959 0.9908676 0.99099576 0.99114865 0.99178314 0.99199134 0.992662 0.99407387 0.99383885 0.9925239 0.9924028 0.99447757 0.9941209 0.99472183 0.99241126 0.99069995 0.98998976 0.9912456 0.9918286 0.99242663 0.99161816 0.9916266 0.9887503 0.9862077 0.9857764 0.9929528 0.9901886 0.9897736 0.9934539 0.9930794 0.9926936 0.9935279 0.99247354 0.992574 0.9906868 0.9862147 0.9942049 0.9935657 0.9935088 0.98937774 0.9908311 0.9890067 0.986699 0.9900639 0.9920237 0.9932586 0.9926633 0.9913669 0.9906894 0.99031264 0.986289 0.9923799 0.9918631 0.9909741 0.9904825 0.99152064 0.9907916 0.99223506 0.9923665 0.9923687 0.9935818 0.9936913 0.9926697 0.993182 0.99100786 0.9925258 0.992665 0.99276894 0.99105185 0.989302 0.9869809 0.99211746 0.9862672 0.98761636 0.99241495 0.98949605 0.9840794 0.98612946 0.9873984 0.9926427 0.98558843 0.9915507 0.98839283 0.99250317 0.99294937 0.9894089 0.98995364 0.98941773 0.9891404 0.99063045 0.9893734 0.9880344 0.99019146 0.9881168 0.98853433 0.98830944 0.988835 0.9888665 0.98884296 0.9885046 0.99334747 0.994474 0.9943641 0.99301314 0.9926864 0.9954545 0.9948373 0.9947745 0.9959014 0.99549544 0.9945895 0.996073 0.9945131 0.9938038 0.9952754 0.9954586 0.9957462 0.9949479 0.9945165 0.99324876 0.9955454 0.99571925 0.9956442 0.995434 0.99533 0.9946537 0.9955173 0.99535406 0.9930573 0.99476963 0.9920377 0.9946077 0.9953565 0.99571085 0.9950747 0.9932048 0.9927955 0.9905574 0.98869145 0.9913957 0.9907923 0.99180865 0.99206996 0.9891671 0.9902757 0.9911239 0.9930808 0.99270666 0.9926674 0.99320054 0.99365944 0.9924405 0.99345034 0.99657196 0.99622804 0.994581 0.9971688 0.99575114 0.9957665 0.99490654 0.9948952 0.9938783 0.996831 0.99692863 0.99594164 0.9925894 0.9946309 0.99659204 0.995173 0.9939665 0.99484885 0.9956717 0.9943475 0.9948948 0.9951026 0.99471873 0.99431276 0.9921178 0.992243 0.9925393 0.99065065 0.99299955 0.99438107 0.9939047 0.9925939 0.9949965 0.9927005 0.99020165 0.9889644 0.9871961 0.98856217 0.98906815 0.9893275 0.9870068 0.9854587 0.99244183 0.99099296 0.9931754 0.9944589 0.9933975 0.99407005 0.99366236 0.9950678 0.99418753 0.9915912 0.99272835 0.9925262 0.99340594 0.99351734 0.9929383 0.99435616 0.99162745 0.9884106 0.9857153 0.9831966 0.9853675 0.9881839 0.98722637 0.98688954 0.9859371 0.99044645 0.9873452 0.984033 0.9887917 0.9853337 0.9861076 0.9873819 0.9833658 0.98240227 0.984854 0.98577994 0.98873204 0.9889447 0.9869119 0.98771757
DxordxevicxVladan_SRP18631VladanDjKocinaKrajna-L2_1 0.99593115 0.9968654 0.99764764 0.9946023 0.9955418 0.994004 0.9928582 0.98994356 0.9928148 0.99518013 0.99513865 0.9958233 0.99325275 0.99310976 0.9962237 0.995983 0.9965364 0.99752724 0.9971665 0.994705 0.99228543 0.9941164 0.9938245 0.9947856 0.9952101 0.9938949 0.9952189 0.9923547 0.9949109 0.99323475 0.9944133 0.9942158 0.9937685 0.99112904 0.9892602 0.9961362 0.9962493 0.9951398 0.99614924 0.9960701 0.9957464 0.99436045 0.99584615 0.99544454 0.9967915 0.99635214 0.9959918 0.9955911 0.99486464 0.99509376 0.99415165 0.9928729 0.99272096 0.9945793 0.99137956 0.99999994 0.9993557 0.99720186 0.9988091 0.99824625 0.9981649 0.99909043 0.9977791 0.99735296 0.9959999 0.99711293 0.9949069 0.9931255 0.9931129 0.99405426 0.99538815 0.9923187 0.9921691 0.9933356 0.99333805 0.99399 0.9936143 0.99257225 0.9955964 0.9942363 0.9930001 0.9955675 0.99721825 0.99169415 0.9909475 0.99235076 0.9921394 0.993504 0.99370146 0.9937825 0.9938743 0.99445355 0.9939098 0.99228 0.99139345 0.99371046 0.99105245 0.9924269 0.99081707 0.99134517 0.9906026 0.9930417 0.9922254 0.9900635 0.9903573 0.99332935 0.9912206 0.9912249 0.992573 0.9911582 0.99115866 0.99201745 0.99282825 0.99383754 0.993158 0.99237585 0.9922887 0.99052626 0.98995405 0.99110305 0.9913769 0.9884923 0.9943831 0.99306244 0.99377775 0.9939624 0.99486464 0.99372035 0.99488664 0.9946552 0.99585354 0.99544567 0.99557894 0.99563295 0.9944157 0.9957945 0.9975877 0.9979951 0.99775773 0.99171734 0.99077237 0.98731184 0.9900941 0.99364626 0.9906289 0.9916667 0.9937707 0.9926508 0.99382454 0.99309224 0.9954363 0.9911938 0.98989344 0.98857236 0.99552274 0.9956827 0.99596316 0.9937554 0.9929105 0.99063945 0.99335873 0.9893482 0.9919793 0.9911241 0.9922903 0.9931265 0.99562055 0.99491894 0.9950859 0.9938967 0.9941297 0.99090326 0.99177545 0.9921594 0.9902808 0.99232864 0.99440306 0.993883 0.99343795 0.9960294 0.9940487 0.99421674 0.9938932 0.99157643 0.9871092 0.9834957 0.9959547 0.99583805 0.99373245 0.9962023 0.9943157 0.9925983 0.99173945 0.99421227 0.99412876 0.9950223 0.99432313 0.9950579 0.9937182 0.9952727 0.99344534 0.9927113 0.99473864 0.994041 0.9956361 0.9914788 0.9924911 0.9911454 0.9904911 0.98799354 0.98963225 0.9921847 0.9958104 0.99473 0.9964621 0.99526846 0.99554443 0.99617904 0.994429 0.996449 0.9971227 0.9938461 0.9935626 0.9954274 0.9963532 0.99573207 0.99365777 0.9962116 0.99567956 0.99444973 0.99593234 0.98946905 0.99302393 0.9950267 0.99470466 0.9919692 0.99323714 0.9930789 0.987917 0.9928507 0.99410397 0.9877545 0.97841096 0.9861886 0.98809266 0.9925452 0.9932924 0.9953095 0.9938721 0.98665893 0.9947116 0.9951551 0.99616015 0.99258375 0.98944956 0.99317026 0.9938482 0.9964001 0.99435604 0.9893644 0.99198484 0.9914931 0.98928523 0.9875269 0.9906684 0.99189186 0.99184924 0.98986554 0.9875845 0.99599904 0.9947609 0.9963828 0.9953697 0.99572164 0.9928661 0.9939386 0.995009 0.9961462 0.99458045 0.99591136 0.9960329 0.99371034 0.99288183 0.99573374 0.9961432 0.99283093 0.98884386 0.99269253 0.9923008 0.9901151 0.9953828 0.99436194 0.9954085 0.9967572 0.99271 0.99439967 0.9945193 0.99548525 0.99450034 0.9922233 0.99191624 0.9891948 0.9865211 0.98853344 0.9877525 0.9872257 0.9874584 0.98687416 0.99577177 0.99618566 0.99468166 0.9920449 0.99385345 0.99504095 0.9948156 0.9950888 0.99278015 0.9948002 0.9954417 0.9965985 0.99533117 0.99599165 0.9947474 0.9955807 0.99583966 0.99375516 0.9948302 0.9966291 0.9950628 0.9958385 0.9961356 0.9960118 0.9943111 0.993967 0.99190867 0.98900294 0.98821026 0.99652374 0.996098 0.99607635 0.9964218 0.9968106 0.9978105 0.99630916 0.99498725 0.99745846 0.9967096 0.9966887 0.99716985 0.9963133 0.996207 0.9953403 0.997862 0.9978393 0.99725014 0.99695617 0.99721175 0.9968626 0.99625945 0.9870695 0.9933987 0.99308276 0.9948963 0.9932625 0.99350244 0.9944845 0.9890343 0.98894316 0.9900341 0.99228275 0.993201 0.99475956 0.996709 0.99477315 0.99606335 0.99685633 0.99557364 0.9955615 0.9967357 0.9915378 0.99746245 0.99181145 0.991979 0.9948169 0.99279743 0.9881486 0.9905157 0.99119365 0.99668354 0.9935865 0.99759245 0.9951052 0.99704117 0.9974711 0.9907364 0.9894552 0.9886583 0.98941976 0.99355555 0.9942825 0.99397326 0.992008 0.99286085 0.99371684 0.99468404 0.9933055 0.9947105 0.9955536 0.9951644 0.9947391 0.99263924 0.99127126 0.9942191 0.99108285 0.99077046 0.98959404 0.9879222 0.99154145 0.994248 0.9935163 0.9951234 0.9944034 0.9932024 0.99342525 0.9930556 0.99136263 0.98818535 0.98805094 0.9920147 0.9916135 0.9930404 0.9935149 0.9950211 0.99318254 0.9931804 0.99287444 0.99484503 0.9923072 0.9929908 0.9912111 0.9924958 0.99366415 0.9926376 0.99274915 0.9901823 0.98854816 0.9909381 0.989805 0.9916235 0.99219877 0.9916222 0.99179995 0.98921865 0.99072903 0.9901091 0.9940934 0.9935073 0.9929719 0.9935713 0.99440783 0.9931874 0.9921188 0.9945025 0.99625266 0.99503326 0.9944943 0.9954025 0.99158144 0.9949129 0.9940323 0.99368286 0.9934536 0.9934447 0.99405026 0.9963598 0.99405825 0.9935462 0.99535644 0.9959347 0.99608 0.996068 0.9971031 0.9910044 0.9937179 0.9966737 0.9932699 0.9936207 0.99420613 0.99439913 0.99166286 0.9927058 0.99350226 0.9927082 0.99369437 0.9939609 0.9944601 0.99653137 0.99590296 0.9944924 0.99590653 0.9946067 0.9953589 0.9954068 0.99393 0.98910505 0.99072874 0.9916779 0.993124 0.99235666 0.992138 0.99255013 0.9938598 0.99303895 0.9905005 0.9898405 0.9899205 0.9902507 0.990676 0.9904765 0.98946124 0.99182284 0.9877534 0.98545074 0.9802098 0.9898853 0.9905455 0.9901007 0.98959774 0.987848 0.993529 0.99166423 0.9881602 0.9901723 0.99120593 0.99015236 0.9890523 0.98626345 0.9850853 0.98793274 0.988356 0.99245054 0.9938584 0.9935606 0.9931274
DxordxevicxVladan_SRP18631VladanDjKocinaKrajna-L2_2 0.99592406 0.9971046 0.9973833 0.9937445 0.99443924 0.9948002 0.99348986 0.99095166 0.99209315 0.9939354 0.99391544 0.99512905 0.99181783 0.9915214 0.99529105 0.994625 0.9952993 0.99678427 0.9964596 0.9933528 0.9902033 0.99230874 0.9933208 0.9937745 0.9939564 0.9919532 0.99362326 0.9900578 0.9933753 0.9911541 0.99233073 0.9926551 0.9918137 0.9892352 0.9872483 0.99559444 0.99586034 0.99368566 0.99548113 0.99541533 0.99455965 0.9927662 0.99537176 0.9938441 0.99626356 0.9960821 0.9946976 0.9943521 0.9937551 0.99364835 0.99327546 0.9919183 0.991582 0.99412173 0.99066 0.9993557 0.99999964 0.99728125 0.9987445 0.99755836 0.9975604 0.998668 0.9973374 0.99708927 0.9966282 0.9976271 0.9940651 0.99237597 0.9923991 0.99421823 0.9953272 0.9928081 0.9926431 0.9926536 0.99314505 0.99314314 0.99385446 0.9929207 0.9957126 0.99383324 0.9931562 0.99489796 0.99703944 0.99062145 0.98999965 0.99164885 0.9909435 0.9928313 0.99270093 0.99334615 0.9933059 0.9926072 0.9939875 0.9919669 0.9911163 0.99357045 0.9912211 0.99221563 0.99080795 0.991153 0.99055177 0.9925627 0.9915844 0.9887957 0.9886984 0.9929593 0.98972565 0.9898591 0.9916944 0.99027675 0.9901397 0.99114156 0.99187016 0.9929677 0.9925347 0.99122715 0.99210143 0.99036777 0.9897608 0.991025 0.9911695 0.9882306 0.9937406 0.99239105 0.9933816 0.9940197 0.99397916 0.9936946 0.99547815 0.99508095 0.99586475 0.9955915 0.9952718 0.995374 0.9945251 0.99425584 0.99689686 0.9975594 0.9970112 0.9912502 0.9899585 0.98667455 0.98959917 0.99332726 0.9898501 0.9905918 0.9940095 0.99325466 0.9940344 0.9931193 0.9959997 0.99194866 0.9902325 0.9895202 0.9945817 0.994606 0.9945883 0.9927574 0.9920509 0.9897448 0.9923677 0.98802304 0.99057305 0.989907 0.9912803 0.991441 0.99431896 0.99377877 0.9942244 0.9931096 0.9930937 0.98906 0.990281 0.9906562 0.9884334 0.99069744 0.9932549 0.9918841 0.99158734 0.99510485 0.9924904 0.9922501 0.99197555 0.9898884 0.98556453 0.98188376 0.9953275 0.99515164 0.99297917 0.995876 0.9928737 0.9912356 0.9895629 0.9927256 0.9923791 0.9940041 0.9936489 0.9950308 0.9942212 0.99471945 0.993106 0.9918828 0.9940007 0.99358845 0.9959221 0.9909322 0.9916041 0.9900672 0.98990524 0.9875665 0.98921084 0.9910814 0.9949916 0.994312 0.9957156 0.99378693 0.99492913 0.9952528 0.9931559 0.99603045 0.99678123 0.99295616 0.99265546 0.9944524 0.99515903 0.99470574 0.9923129 0.9955325 0.99521637 0.993975 0.9949444 0.99052083 0.9939141 0.99435866 0.99445355 0.99238676 0.9931663 0.9923699 0.9883317 0.99302083 0.992809 0.98535275 0.975301 0.983919 0.98628163 0.9923903 0.992626 0.9960346 0.9940059 0.98790795 0.9951488 0.9951423 0.9966141 0.9933833 0.99025494 0.9934927 0.99391335 0.9965894 0.99479276 0.98906577 0.99207455 0.99159145 0.9890722 0.98786694 0.9909898 0.9917259 0.99150264 0.98948705 0.9877093 0.9953151 0.9937217 0.9958302 0.9948736 0.994931 0.9928457 0.9933533 0.99526495 0.99586684 0.99383855 0.9950689 0.99566424 0.99380857 0.9934743 0.9948678 0.99605596 0.9925387 0.9887165 0.9926593 0.9921456 0.98939025 0.99541557 0.9942005 0.9953979 0.9961564 0.9932623 0.9946751 0.9948488 0.995697 0.9945977 0.9927136 0.992327 0.98804444 0.9845095 0.98692214 0.9858362 0.9854016 0.9854946 0.9849899 0.99638873 0.9966433 0.9955161 0.9918736 0.993091 0.9951039 0.9956052 0.9949323 0.9932091 0.9947513 0.99512297 0.99631464 0.9944798 0.9954418 0.9940262 0.9944922 0.99442136 0.99228173 0.99380344 0.99589044 0.9942564 0.99500346 0.99541205 0.9957257 0.9936049 0.9934569 0.99071664 0.98727417 0.9868439 0.99612767 0.9949533 0.99490094 0.99540854 0.99530303 0.99686265 0.99466604 0.9928946 0.99665886 0.995768 0.99571514 0.99631 0.994754 0.9950158 0.9939397 0.99721944 0.99711376 0.9967356 0.9960329 0.99682474 0.99630105 0.99541664 0.98469263 0.9927151 0.99270767 0.9938559 0.99250793 0.99294806 0.9945764 0.9896972 0.9896319 0.99029475 0.99268913 0.99356 0.99482614 0.99625635 0.99349105 0.9956697 0.9963769 0.9949445 0.9944117 0.9957402 0.98962057 0.9968798 0.99009705 0.99017316 0.99376214 0.991221 0.98588634 0.98870397 0.9893425 0.99640656 0.99191624 0.9968071 0.9935718 0.99634016 0.9970977 0.98911333 0.98784673 0.9870897 0.98746675 0.9920654 0.9927524 0.9940959 0.9927989 0.9935767 0.9940248 0.99494237 0.9936621 0.99494207 0.99565876 0.99549955 0.993619 0.991499 0.9901376 0.99424565 0.9898532 0.99018043 0.9890717 0.9867011 0.99039876 0.9934525 0.9926256 0.9946543 0.99347776 0.9933147 0.993345 0.99250674 0.99151605 0.98814654 0.9879438 0.9906443 0.99086416 0.99241376 0.9924371 0.9940718 0.99243695 0.9925438 0.9924559 0.99450785 0.99116975 0.99321026 0.9911117 0.992137 0.99322903 0.99236745 0.9918656 0.98940295 0.9879572 0.99024373 0.9886875 0.9908426 0.9918405 0.99081933 0.9914754 0.98828197 0.98962927 0.9901329 0.99296147 0.99227875 0.99204475 0.9930582 0.9942122 0.9937472 0.99163556 0.9937115 0.9961637 0.9950323 0.99406916 0.9954378 0.9920231 0.9944153 0.9937763 0.99320364 0.9928202 0.9936013 0.9936094 0.9957007 0.9931159 0.9928613 0.99498826 0.99505794 0.99625564 0.99598116 0.9971743 0.9914044 0.9937745 0.99633 0.9931247 0.99406385 0.9940922 0.99384737 0.99028665 0.9918418 0.99271274 0.99170387 0.9928986 0.9932754 0.99378103 0.9950224 0.9943617 0.9928082 0.99433947 0.9923932 0.99349385 0.9937884 0.9921083 0.98945284 0.991042 0.9917305 0.9926862 0.99172044 0.9918322 0.9928365 0.99366754 0.9927564 0.99075353 0.9901124 0.9900537 0.9902657 0.990195 0.9895555 0.9887103 0.98999274 0.98533255 0.9826974 0.9770849 0.98731494 0.98830926 0.9879708 0.98732424 0.985283 0.99158055 0.98905283 0.9852451 0.98755276 0.98870814 0.9874548 0.9864512 0.9833854 0.9818933 0.98510826 0.98553556 0.9901535 0.9944522 0.994351 0.9935889
DxordxevicxVladan_SRP18631VladanDjKocinaKrajna-L2_3 0.9927304 0.9925811 0.9940001 0.988993 0.99030477 0.9913726 0.9915775 0.9888367 0.98562324 0.9892475 0.9885397 0.99007416 0.985392 0.9849363 0.9911428 0.9905884 0.9924076 0.99417746 0.9932102 0.9872564 0.9843323 0.98680437 0.9884433 0.989306 0.9899701 0.9876697 0.989944 0.985611 0.989508 0.9867552 0.9887602 0.9887924 0.9876092 0.98661524 0.98469967 0.99459 0.99494785 0.993676 0.9915765 0.99034655 0.99029213 0.9876144 0.99112546 0.9900324 0.9951401 0.9929123 0.99041957 0.98919433 0.9879743 0.98820853 0.9863939 0.98477376 0.9848526 0.9892019 0.9851598 0.99720186 0.99728125 1.0000001 0.9983465 0.9949063 0.9949732 0.99764776 0.9942007 0.9943365 0.9960465 0.996671 0.9888841 0.9872824 0.9863648 0.98636687 0.98970413 0.98703414 0.986392 0.98583746 0.98670465 0.98695874 0.9887832 0.9882642 0.9901459 0.9866138 0.9877913 0.9903543 0.99280214 0.9830308 0.9825909 0.9838276 0.9832177 0.9852078 0.98573637 0.987209 0.98650044 0.98828804 0.989805 0.9879102 0.9863089 0.98775953 0.98569477 0.9853682 0.9854792 0.9856956 0.9867278 0.9883188 0.9862647 0.98061013 0.9805167 0.9864654 0.982177 0.98179156 0.98414207 0.9818314 0.9814559 0.98262495 0.9842992 0.9860705 0.9851024 0.98367393 0.9851747 0.9821465 0.98166925 0.98284334 0.9840226 0.98032457 0.9883199 0.9854538 0.98591244 0.98689884 0.98758906 0.98733103 0.9911069 0.9887781 0.98982555 0.9898224 0.9884231 0.98848337 0.9878936 0.9923942 0.9949391 0.9953778 0.994565 0.9840339 0.98183644 0.97830784 0.9814503 0.9871626 0.9823146 0.9831201 0.98761165 0.9863393 0.98714936 0.9855475 0.9940489 0.98741215 0.98566115 0.9854362 0.989453 0.99013 0.9898329 0.9867734 0.98568124 0.98304284 0.9866319 0.9811207 0.98526055 0.9842622 0.9854074 0.9857701 0.9905974 0.9880385 0.99021244 0.9862691 0.987386 0.9824933 0.9830546 0.98333544 0.98125553 0.98414207 0.9891566 0.9883666 0.9878869 0.9894731 0.9861556 0.9868536 0.98583406 0.98221034 0.9763481 0.9712634 0.9902147 0.9892953 0.9854506 0.9902075 0.9884223 0.9852236 0.98400134 0.9875613 0.98714936 0.98789144 0.9876882 0.98922604 0.9873223 0.9883744 0.986879 0.9845238 0.9873841 0.9875272 0.99029595 0.98305756 0.9845813 0.98102987 0.9827351 0.9808156 0.9820009 0.983015 0.99112475 0.9915754 0.99190116 0.98944837 0.9908057 0.99171567 0.9883218 0.9936476 0.99436796 0.9908386 0.99105614 0.9916625 0.9916793 0.9927699 0.9857912 0.991783 0.9915105 0.9909106 0.9919647 0.9883133 0.9897262 0.9881076 0.98931456 0.98638433 0.98664266 0.98654354 0.98262 0.9875269 0.9866292 0.97773635 0.96610034 0.975741 0.97816736 0.98591506 0.98656297 0.9930904 0.9890626 0.98054546 0.98905003 0.98842156 0.9916509 0.98809695 0.98591745 0.9880049 0.98878026 0.9929421 0.9900252 0.9838506 0.9858727 0.98574764 0.9829318 0.98187786 0.98400813 0.9837053 0.9844437 0.98334014 0.9813949 0.9892133 0.98696506 0.99010193 0.9889417 0.9882261 0.98574877 0.9872093 0.9914091 0.99149305 0.98878706 0.99008137 0.99070907 0.9901601 0.9891493 0.99033797 0.9918376 0.988592 0.98387206 0.9879503 0.9869596 0.98469555 0.99267554 0.98895574 0.99101305 0.9916349 0.98835856 0.9891486 0.98883724 0.989472 0.98918664 0.9862468 0.9864681 0.98104185 0.97570336 0.98035944 0.97771055 0.977504 0.9770351 0.9776112 0.9920839 0.99273884 0.9899627 0.98483026 0.98663616 0.9889763 0.9895401 0.98875296 0.98651075 0.9879742 0.989671 0.9922848 0.9892603 0.9901419 0.9882852 0.98810136 0.9889844 0.98553145 0.98752 0.99063283 0.9877924 0.989234 0.9897094 0.993109 0.99083966 0.9916143 0.9823641 0.9782316 0.9770939 0.9907987 0.98885363 0.98874146 0.98925394 0.9904244 0.9921848 0.9900976 0.9911972 0.99196774 0.9903922 0.9902785 0.99314946 0.99070406 0.9922049 0.9911639 0.9939493 0.9938695 0.9931514 0.9926998 0.9953497 0.99454963 0.99411786 0.97841334 0.98563313 0.9859135 0.98805904 0.9856106 0.9860633 0.9886743 0.9819492 0.98044366 0.9817973 0.98530394 0.9870042 0.9890181 0.99128276 0.9884941 0.9904475 0.99152434 0.98926395 0.9894183 0.9914334 0.9848086 0.99296623 0.98528844 0.98562807 0.98852897 0.9858619 0.9804104 0.98464656 0.9841664 0.9925308 0.98898286 0.99332726 0.98958486 0.9920464 0.9929196 0.9815516 0.9792863 0.9783667 0.9799983 0.9862305 0.9883281 0.98814386 0.9861426 0.987026 0.9879807 0.9889405 0.9869667 0.989801 0.9907918 0.99010825 0.98808753 0.9860368 0.98399985 0.9883936 0.98238426 0.9840724 0.98238987 0.9796222 0.983455 0.98806655 0.9859535 0.9888681 0.9865713 0.98689926 0.98760086 0.98479754 0.9872254 0.98290604 0.982337 0.9831891 0.98337233 0.9851971 0.98591536 0.9881541 0.9878181 0.9869951 0.986013 0.9886251 0.9834716 0.98760086 0.9832041 0.98478 0.98609823 0.985047 0.9848261 0.98104143 0.97832924 0.98215765 0.9799892 0.98325837 0.9836505 0.98220414 0.98418427 0.97995573 0.9818535 0.9826601 0.9867835 0.9863198 0.9866507 0.98612905 0.9885206 0.98696166 0.98411405 0.9881114 0.9908609 0.9884861 0.9875972 0.98979545 0.98575574 0.9884588 0.9875034 0.9858307 0.98587894 0.9883895 0.9874629 0.9897379 0.98620045 0.9861953 0.9891885 0.9901707 0.99155223 0.99069434 0.99216986 0.98599106 0.9874167 0.9915821 0.9865117 0.9885384 0.98651046 0.9867913 0.9825784 0.984034 0.98575836 0.98514 0.9851567 0.98679423 0.9867247 0.99148846 0.99214315 0.9921992 0.99280834 0.9891562 0.99091744 0.9924308 0.9918943 0.98235095 0.9840685 0.9850139 0.986042 0.98379093 0.9842707 0.9860028 0.9873537 0.9858611 0.9843832 0.9837612 0.9837751 0.9828546 0.9822456 0.9824429 0.98080546 0.98272043 0.9781025 0.97470033 0.9679198 0.9817058 0.98224413 0.9811488 0.98070604 0.97819984 0.98627377 0.98489046 0.98062634 0.982125 0.9841476 0.9821402 0.979637 0.9767987 0.9751352 0.97848433 0.9794586 0.98550856 0.99398893 0.995113 0.9937176
DxordxevicxVladan_SRP18631VladanDjKocinaKrajna-L2_4 0.99560434 0.9951732 0.9965286 0.99395466 0.9946532 0.9922992 0.99159765 0.9888885 0.9892932 0.9928312 0.9924057 0.99295735 0.99032253 0.9900125 0.9940865 0.9944509 0.99538535 0.99653524 0.99552125 0.99165815 0.9892558 0.9916109 0.99072695 0.9924292 0.9929471 0.9917676 0.99312747 0.99032056 0.9930457 0.9909457 0.99266493 0.99154985 0.9915571 0.99020004 0.98881334 0.99502206 0.9954215 0.9947202 0.9938486 0.99391997 0.993539 0.99185914 0.9938619 0.9940057 0.99608845 0.99463487 0.9939127 0.99308574 0.991731 0.99252224 0.9902066 0.98858225 0.9889111 0.9926139 0.9883302 0.9988091 0.9987445 0.9983465 1.0 0.9971125 0.9970656 0.9990647 0.9958397 0.9959078 0.99584234 0.9967308 0.9923708 0.9895437 0.98988515 0.99021924 0.992375 0.9889594 0.9891431 0.989663 0.99000204 0.9908674 0.9906215 0.98979825 0.993069 0.99055386 0.99000263 0.993961 0.9957581 0.9881383 0.98842674 0.98896784 0.98898923 0.9904364 0.9907431 0.9914314 0.9906675 0.9924811 0.9915987 0.9895675 0.98819256 0.9909498 0.9883167 0.98914236 0.9876401 0.9886865 0.9880268 0.9907097 0.9894039 0.9855501 0.98659307 0.9899836 0.9879348 0.9873743 0.9886514 0.9869835 0.98671675 0.9885867 0.989379 0.99068534 0.9895407 0.98933536 0.9880873 0.9857003 0.9850252 0.9864309 0.98694384 0.9835079 0.9910076 0.98902655 0.9901068 0.99021554 0.9918109 0.99021995 0.99227697 0.99166304 0.99336106 0.9927652 0.9926196 0.99273163 0.9912079 0.99550325 0.9972765 0.99752986 0.99714595 0.98895013 0.98793364 0.98468226 0.9874022 0.98975146 0.9856095 0.98698676 0.99017644 0.9888265 0.99035525 0.9890781 0.9940382 0.9883996 0.9870161 0.9857835 0.99236315 0.99281317 0.9932006 0.99180764 0.99083185 0.9869273 0.990731 0.9853123 0.98905784 0.98775053 0.98916715 0.9902497 0.99377155 0.991778 0.9926328 0.9901746 0.99104387 0.9875989 0.98804724 0.98869777 0.98683417 0.98970926 0.99201775 0.9918795 0.9918185 0.9928449 0.9904204 0.99152285 0.99090755 0.98822886 0.9822523 0.9782842 0.9929389 0.99311465 0.99000573 0.99386823 0.9916507 0.9887177 0.98864603 0.991032 0.9915354 0.9917966 0.9907133 0.9919553 0.99068254 0.9923749 0.9908149 0.98950803 0.99192524 0.9924034 0.9933672 0.98761797 0.98924774 0.9868656 0.98659676 0.9841045 0.98624223 0.9885601 0.9940553 0.9931873 0.99465007 0.99360305 0.9938141 0.99531376 0.99251795 0.9955692 0.99651384 0.99373585 0.9937367 0.99494594 0.99434614 0.99444926 0.9905937 0.99435806 0.994091 0.9922744 0.9946908 0.9878184 0.9911998 0.9914468 0.99147254 0.9880087 0.98931944 0.9900689 0.98288834 0.98979956 0.9904742 0.9831832 0.9724319 0.98092544 0.98290956 0.98847073 0.9893758 0.99388856 0.9908257 0.9823052 0.9922557 0.9923709 0.9946098 0.98978615 0.98604834 0.9898839 0.9905026 0.9943543 0.9914774 0.9851732 0.98802364 0.9875283 0.9856733 0.9833834 0.9866418 0.9875846 0.9878664 0.9858491 0.98376924 0.9931646 0.9914494 0.99396604 0.99237484 0.9929134 0.9890888 0.99031764 0.9923296 0.993529 0.9921568 0.9930549 0.9938946 0.991005 0.99003834 0.99322045 0.99442095 0.9899047 0.98518467 0.98915166 0.9885511 0.9866962 0.9930923 0.99100155 0.9926328 0.9942061 0.98944956 0.99123406 0.9918295 0.99227667 0.99128556 0.98870045 0.9889642 0.9846429 0.98133546 0.9839803 0.9830138 0.9827131 0.9826894 0.9818767 0.99397963 0.9952097 0.99237543 0.98735845 0.98997766 0.9919664 0.99184924 0.99203783 0.9886405 0.99144447 0.9922877 0.9941894 0.99268824 0.9934703 0.99191326 0.9927475 0.99385744 0.99150604 0.99275404 0.99420375 0.9919635 0.99300814 0.9934154 0.99646515 0.9949548 0.99520355 0.98832566 0.98491824 0.98412514 0.99362063 0.99325126 0.9931388 0.9936761 0.9946675 0.9957508 0.9945392 0.9942616 0.995056 0.9945122 0.99420077 0.99580437 0.9946 0.9950961 0.9945028 0.9962047 0.9965054 0.99542135 0.99560285 0.9964772 0.99641865 0.9955482 0.9847268 0.9896392 0.98907137 0.9920131 0.98962116 0.9898102 0.9913706 0.98480934 0.9845273 0.98570406 0.9886979 0.9903891 0.9922297 0.9942914 0.9928625 0.993212 0.9944193 0.9925327 0.9935472 0.9950848 0.98996085 0.9954116 0.9904789 0.99025893 0.9921349 0.99104273 0.9862152 0.98956686 0.98922896 0.99441093 0.9929099 0.9956382 0.99352765 0.99479 0.99559623 0.9871408 0.9849303 0.98425114 0.9854928 0.99033016 0.99253476 0.99096996 0.988443 0.9895976 0.9905277 0.9924238 0.989691 0.9919143 0.9934864 0.9929954 0.99188364 0.98999524 0.98809546 0.99183136 0.9874453 0.9874011 0.985829 0.98396844 0.9876084 0.9912487 0.9902065 0.9917546 0.99086106 0.9897922 0.98996574 0.9889179 0.988367 0.9844123 0.9839137 0.9885522 0.98757994 0.9892297 0.98956287 0.9916333 0.9901482 0.98990333 0.9895396 0.992123 0.9889583 0.9896236 0.9869083 0.9887977 0.9901629 0.98888975 0.98909146 0.98525786 0.98357034 0.9863942 0.9850596 0.98734224 0.9880623 0.98732555 0.98764074 0.9843272 0.9862553 0.98575604 0.99019843 0.9899865 0.9891855 0.98948014 0.9909842 0.9893669 0.9878869 0.991461 0.99396664 0.9919502 0.99104583 0.99241835 0.9877298 0.9919324 0.99024093 0.9899642 0.989944 0.9902811 0.99090385 0.9936109 0.990409 0.9903637 0.99259317 0.9935148 0.99351794 0.9936215 0.99499124 0.98774654 0.99099845 0.99472 0.9899231 0.9906161 0.99063283 0.99134064 0.98824286 0.9887491 0.9899443 0.9894815 0.99007636 0.99077 0.9912363 0.9954887 0.99528027 0.99459887 0.99553996 0.993516 0.9947976 0.99540544 0.99428713 0.9846674 0.9865263 0.98768485 0.98938197 0.98868686 0.98816115 0.98898774 0.99090564 0.98959565 0.98616856 0.98572165 0.98560256 0.985952 0.98615736 0.9858166 0.98466516 0.9877399 0.98442006 0.98128814 0.9755409 0.98652357 0.9868866 0.98675215 0.9857737 0.9842493 0.9905554 0.9891517 0.9856847 0.9867763 0.9891682 0.9871847 0.9854996 0.9835008 0.9818753 0.98492634 0.98505056 0.98985964 0.99327266 0.99426705 0.9933326
DxordxevicxVladan_SRP18631VladanDjKocinaKrajna-L2_5 0.99551755 0.996618 0.997746 0.99522895 0.9961377 0.9953398 0.99447155 0.98985803 0.99442667 0.99626154 0.9964221 0.99662554 0.9951033 0.9951722 0.9973305 0.9965811 0.99670464 0.99725467 0.9972898 0.99616253 0.99441195 0.9957946 0.99389416 0.99454355 0.99526906 0.99436545 0.9956101 0.9927131 0.99591625 0.9948657 0.99532914 0.9953117 0.9953921 0.99131 0.98956203 0.99556655 0.9948661 0.9946509 0.99552286 0.9954879 0.99587303 0.9951674 0.995677 0.99489355 0.9950055 0.9951234 0.9959194 0.9959531 0.99570316 0.9964794 0.9959339 0.9949691 0.9949106 0.9950693 0.9926592 0.99824625 0.99755836 0.9949063 0.9971125 0.99999976 0.99952626 0.99773127 0.9975442 0.99688125 0.99515814 0.99559814 0.99613386 0.9948163 0.9950257 0.9943176 0.9958627 0.99274164 0.99438816 0.9959255 0.99607795 0.9967872 0.9950896 0.9946254 0.9969184 0.99591994 0.99522173 0.99542814 0.99635494 0.992762 0.9915681 0.993443 0.99353147 0.9942751 0.9951316 0.99368393 0.99425864 0.9960869 0.99604416 0.9956554 0.9946292 0.99617934 0.99415094 0.9948298 0.9940711 0.9946105 0.99406874 0.9962237 0.9958332 0.99279296 0.99303675 0.9941931 0.99311197 0.9933262 0.99438804 0.9933053 0.9930086 0.99356574 0.9941815 0.9951422 0.99436176 0.9936366 0.9937999 0.9921873 0.99193656 0.99241334 0.9937782 0.99143296 0.9965591 0.99521005 0.9953836 0.99533045 0.9971088 0.99506646 0.99432737 0.9950601 0.99617666 0.99591666 0.996376 0.99651587 0.9957871 0.9957556 0.99642634 0.9969698 0.99735737 0.99099296 0.9908735 0.9873322 0.9900631 0.9946265 0.9927635 0.99417293 0.99372655 0.9928637 0.99474865 0.99438506 0.9931627 0.99025863 0.98947376 0.9869829 0.99659663 0.9962391 0.9965337 0.9945874 0.99426365 0.99224293 0.9945071 0.99113506 0.9926965 0.9921481 0.9936169 0.99461997 0.9963174 0.9965526 0.99636286 0.99544924 0.9956313 0.99295956 0.99437976 0.9938454 0.9919698 0.99398804 0.99600077 0.99512506 0.9948034 0.9965985 0.9955746 0.99551165 0.9947119 0.9930999 0.9894955 0.98678267 0.9965601 0.99655527 0.9951241 0.9964622 0.996084 0.99501926 0.9942856 0.9963214 0.99601394 0.9963875 0.9958487 0.99539155 0.99384695 0.9960049 0.99378115 0.99411345 0.9953651 0.9946702 0.9953918 0.9917047 0.9922299 0.99215674 0.9902778 0.9875502 0.9893395 0.99303496 0.99684834 0.99611884 0.99767697 0.9965835 0.99672264 0.9971473 0.9962943 0.9973448 0.9981396 0.99608505 0.9959565 0.9973079 0.9975348 0.9972358 0.9950711 0.99775434 0.9970249 0.9959557 0.99744457 0.9874383 0.99071985 0.9952271 0.99465376 0.9909959 0.9929757 0.9938881 0.9875834 0.9915522 0.99509174 0.989011 0.9806429 0.9869448 0.9889487 0.9920857 0.9932866 0.9950789 0.9947226 0.9868879 0.99497026 0.9953915 0.99591994 0.9934521 0.99041915 0.9941111 0.995576 0.9970778 0.99537504 0.99267834 0.9930946 0.9935063 0.99194723 0.9898577 0.9924106 0.9938423 0.9942457 0.99333274 0.9909571 0.996683 0.99619377 0.99660885 0.99560034 0.9961856 0.9932653 0.9948986 0.99494576 0.9963894 0.9942939 0.9964913 0.99634004 0.99457544 0.99316573 0.99755406 0.9960581 0.9941583 0.99064964 0.9933945 0.9938401 0.9932689 0.9952299 0.99580616 0.99585825 0.99746436 0.99335974 0.99470544 0.99470675 0.99587625 0.99568284 0.99357426 0.9932523 0.99273896 0.9903869 0.9927718 0.99113977 0.9908614 0.99098086 0.9914267 0.9951247 0.9951319 0.9943814 0.9934845 0.99566007 0.9959171 0.9948403 0.9960314 0.9936441 0.99570227 0.9956516 0.99693775 0.99676836 0.9970051 0.9964858 0.99562794 0.9955536 0.99378693 0.99451536 0.99725604 0.99630433 0.9967715 0.9971048 0.9945822 0.99313784 0.99222696 0.99319756 0.9913141 0.9899436 0.9967589 0.9970053 0.9970149 0.99725026 0.9974073 0.9973395 0.9964259 0.99325013 0.9971629 0.99599844 0.9960416 0.9951356 0.9952168 0.99383724 0.9928443 0.9963263 0.9961983 0.99653935 0.9958423 0.99544865 0.9948791 0.9942895 0.98951983 0.99417293 0.99342614 0.9956245 0.9938965 0.9941844 0.99409896 0.9897473 0.98947257 0.9911698 0.99326205 0.9937479 0.9947772 0.99719584 0.99600506 0.99652433 0.9972996 0.99631596 0.9961624 0.9969332 0.99298126 0.9973772 0.99348927 0.9939189 0.9962584 0.9944787 0.9906916 0.9923589 0.9934034 0.99680805 0.9935075 0.997013 0.9953367 0.9967842 0.99700844 0.992819 0.9924879 0.99198556 0.9926003 0.9950573 0.99451953 0.992147 0.99172163 0.9915534 0.9930202 0.99354595 0.99298733 0.9936846 0.99475986 0.9940586 0.99614453 0.9943379 0.99271005 0.9950043 0.9934373 0.9932838 0.99224496 0.9909728 0.99391806 0.9968041 0.99627256 0.9966852 0.9962603 0.9940664 0.9954495 0.9940518 0.9923937 0.9909528 0.9903849 0.9940952 0.99345315 0.99429375 0.9952026 0.99594456 0.9963166 0.9958631 0.9951813 0.9956555 0.9939892 0.9941461 0.99249697 0.99393743 0.99465215 0.99414855 0.99429965 0.9913167 0.989721 0.99201596 0.9909628 0.9929153 0.9927082 0.9929421 0.9928129 0.99094063 0.9924969 0.9908082 0.99637395 0.99648136 0.99609786 0.99556464 0.9963415 0.9941311 0.9945865 0.995932 0.9967128 0.99575424 0.99538195 0.9959512 0.99245024 0.9958628 0.9954668 0.99475455 0.9944934 0.9939542 0.995924 0.9971068 0.9959751 0.99532807 0.9965146 0.9980432 0.9973996 0.997458 0.9976485 0.9931215 0.9955031 0.99762106 0.99524957 0.9947896 0.9947307 0.99545366 0.9934899 0.9942035 0.9949969 0.994153 0.9948234 0.9949186 0.9953478 0.9960701 0.9949412 0.99315333 0.9947268 0.99477786 0.9947206 0.9944425 0.9918151 0.9893953 0.9910045 0.99229383 0.99382573 0.99351084 0.9931216 0.99303484 0.99439585 0.9936633 0.9909751 0.99008274 0.99061227 0.99111086 0.9919697 0.99214524 0.99112296 0.99311084 0.9907356 0.98786384 0.9838582 0.9917674 0.9926952 0.9920964 0.9917634 0.9902425 0.99468017 0.993411 0.98997337 0.9928677 0.99183404 0.9916976 0.99159133 0.9883271 0.98755014 0.98986286 0.9908302 0.9943201 0.9939025 0.9925208 0.99355984
DxordxevicxVladan_SRP18631VladanDjKocinaKrajna-L2_6 0.9958997 0.9967371 0.99771315 0.99488926 0.99563485 0.9957457 0.99513394 0.991555 0.99328667 0.9951517 0.9954793 0.9959579 0.9941373 0.99418426 0.99655914 0.9957228 0.99633723 0.9968462 0.9968235 0.9951944 0.9932357 0.99498045 0.99314874 0.9937481 0.99467504 0.99374354 0.99510616 0.991809 0.99487346 0.9936702 0.9944409 0.9942437 0.9943503 0.9902414 0.9884854 0.9949668 0.99441713 0.99419326 0.99497306 0.99475527 0.9951365 0.99430716 0.9952383 0.9943618 0.99482006 0.9946601 0.99525833 0.9954286 0.99473727 0.9957786 0.9954219 0.9947328 0.9951364 0.9959588 0.9937233 0.9981649 0.9975604 0.9949732 0.9970656 0.99952626 1.0000004 0.9975289 0.99733686 0.99697334 0.99542654 0.995882 0.99621814 0.9949571 0.9950553 0.99366564 0.9958269 0.99274623 0.9943146 0.99531734 0.9958334 0.99615085 0.9946383 0.9944982 0.9967706 0.9952296 0.99500614 0.9954847 0.99628544 0.9920045 0.990892 0.9925781 0.99262595 0.9936438 0.9941701 0.9935778 0.9938969 0.9955788 0.99601966 0.99570847 0.9946555 0.99607986 0.99437684 0.9944927 0.9940838 0.99465644 0.9943474 0.99621326 0.99562246 0.9920117 0.9922219 0.9940754 0.99286973 0.99296135 0.9941063 0.99304426 0.9924876 0.99316216 0.99399567 0.994954 0.9939179 0.9935835 0.9934782 0.99130887 0.9915478 0.992012 0.99338746 0.9913577 0.9958073 0.9941051 0.9942167 0.99466896 0.996298 0.9942026 0.9941345 0.9945456 0.99545014 0.9952896 0.9954218 0.9957347 0.9952979 0.99545604 0.9963248 0.9970857 0.9969391 0.9911427 0.99078834 0.9873711 0.9899316 0.9943119 0.9920329 0.9932872 0.994045 0.99302316 0.9949856 0.99423796 0.99365336 0.99080175 0.990575 0.98785955 0.996015 0.9954228 0.99587905 0.99410254 0.9939466 0.99205416 0.99439096 0.991089 0.9926824 0.99211353 0.9933619 0.9944911 0.9961465 0.99597657 0.9965481 0.9950331 0.9954168 0.9924615 0.9934795 0.9931969 0.9912564 0.99340874 0.9958953 0.99488074 0.9944428 0.9961139 0.9949541 0.9947521 0.9939692 0.99250203 0.9885114 0.9858598 0.99587953 0.99608356 0.9945379 0.99655545 0.99517566 0.9938227 0.9931468 0.99544406 0.9950889 0.9954068 0.9949001 0.99533343 0.99416906 0.99630123 0.9944857 0.9941158 0.9953284 0.99488795 0.99575055 0.992405 0.99299395 0.99237764 0.9912239 0.98873365 0.9903102 0.993026 0.99588126 0.9951672 0.9969876 0.99556124 0.99578613 0.9963737 0.9952109 0.99688506 0.9976549 0.9960281 0.99603003 0.9970068 0.9973669 0.9972658 0.99467146 0.99739784 0.99723846 0.99633616 0.9973816 0.9871268 0.9904279 0.9950949 0.99517035 0.9916498 0.9933883 0.9948381 0.9880599 0.9925393 0.9950636 0.98870665 0.98023695 0.98692393 0.9890677 0.9927593 0.9939429 0.9953295 0.9946776 0.9877477 0.9950945 0.99533355 0.9957815 0.9940355 0.9907912 0.99449897 0.99543834 0.99746907 0.99568015 0.99258876 0.9929248 0.9936484 0.9921297 0.9900066 0.9923392 0.9935175 0.9940999 0.9935286 0.99162817 0.9965751 0.9960623 0.9967909 0.99545956 0.99605376 0.9935611 0.9950615 0.99534655 0.99624884 0.9940692 0.9960616 0.9959652 0.9951826 0.9935372 0.9977518 0.9961612 0.9951742 0.9920732 0.9939317 0.994261 0.993713 0.99552214 0.99613416 0.9961495 0.99777424 0.9938416 0.99527556 0.99533856 0.9956297 0.9960081 0.99423903 0.9940346 0.99188906 0.9892355 0.99186784 0.98985976 0.98960865 0.9897244 0.9905045 0.9947146 0.99495894 0.9944198 0.99246866 0.9944386 0.99498075 0.9944236 0.99527293 0.9936927 0.9952435 0.99507356 0.99646676 0.99644613 0.9967726 0.99622726 0.9953007 0.9950305 0.99338955 0.9942771 0.9967497 0.99581516 0.9960716 0.9963889 0.9948203 0.9931122 0.99257004 0.9927612 0.99051785 0.98917836 0.9963118 0.9965046 0.9963268 0.9968872 0.9969982 0.9970283 0.9960376 0.9930637 0.9968564 0.995769 0.99574554 0.9947475 0.99503076 0.9939327 0.9926636 0.9959422 0.9962684 0.9965955 0.9959969 0.9957071 0.9952368 0.9945685 0.98886615 0.9933609 0.9928478 0.9947035 0.9932838 0.99355257 0.9934547 0.9892139 0.9890927 0.99050033 0.9927701 0.99331754 0.9942667 0.996993 0.99562395 0.99608463 0.99687666 0.99594116 0.99559224 0.99621236 0.9923353 0.99695706 0.9928188 0.99326015 0.99578387 0.9940491 0.98972964 0.9918406 0.9926931 0.99645525 0.99286157 0.99664366 0.99460626 0.99667645 0.99703044 0.9918267 0.9914908 0.99083304 0.9916154 0.99427664 0.99374926 0.9916795 0.9914547 0.9909547 0.992213 0.99281245 0.9922833 0.9929784 0.99407065 0.9933566 0.99569845 0.99438965 0.9928578 0.9945178 0.9926913 0.9933177 0.9921984 0.990992 0.99416584 0.99656445 0.99586606 0.99661756 0.9958755 0.9939565 0.9957459 0.99410886 0.993659 0.99209154 0.9914799 0.99369967 0.99364114 0.99457073 0.9952171 0.9961262 0.9962975 0.99527246 0.9948269 0.9957172 0.99351555 0.99437475 0.9918687 0.9936562 0.99485505 0.9942423 0.9940267 0.9906133 0.98951346 0.99096197 0.98958313 0.9920222 0.99186033 0.9921083 0.9921127 0.98978555 0.9913952 0.99025816 0.995888 0.99598014 0.9959305 0.99548525 0.9963181 0.9939583 0.9942513 0.9961536 0.99676967 0.9952556 0.9956144 0.9960934 0.99326277 0.995563 0.99538803 0.99402183 0.9944835 0.9943691 0.9959288 0.9962021 0.9953076 0.9953144 0.9961544 0.9975036 0.9972359 0.99748796 0.9976956 0.9939223 0.9960178 0.99783343 0.9956204 0.99491394 0.994171 0.99506843 0.9927578 0.99353623 0.99476653 0.9939473 0.9941798 0.9950857 0.9947757 0.9960654 0.995193 0.99382406 0.9952816 0.99476504 0.99517107 0.9949765 0.99257576 0.98951364 0.9907096 0.9920129 0.99343085 0.9931159 0.9928457 0.9929505 0.99448496 0.9933375 0.9907885 0.99002117 0.99036986 0.99076647 0.99136597 0.9913175 0.9908004 0.9925226 0.99022037 0.98686486 0.98300576 0.99026775 0.991618 0.99093425 0.99044997 0.989045 0.99403423 0.9927042 0.98914754 0.9922421 0.9911447 0.99089724 0.9906091 0.98765177 0.9865399 0.9890365 0.989996 0.9936968 0.9942443 0.9932966 0.9936696
DxordxevicxVladan_SRP18631VladanDjKocinaKrajna-L2_7 0.99479496 0.99543226 0.99654776 0.99373907 0.99485224 0.9925068 0.99183273 0.98781383 0.9912734 0.99449384 0.9942071 0.9947752 0.9920837 0.9918182 0.9953617 0.9959548 0.99652046 0.9973471 0.99662405 0.9936133 0.9915427 0.99343175 0.9926614 0.9945914 0.9946649 0.99345547 0.994827 0.99243665 0.99459887 0.9930536 0.99436796 0.9936079 0.9935218 0.9909398 0.98905426 0.99585295 0.9963314 0.9953338 0.9950003 0.9955355 0.99512935 0.9931663 0.9947214 0.99508584 0.9964797 0.9959111 0.9955815 0.99456376 0.99375445 0.9934409 0.9918981 0.9900838 0.98996705 0.9923174 0.9887198 0.99909043 0.998668 0.99764776 0.9990647 0.99773127 0.9975289 1.0000002 0.9964808 0.99600196 0.995551 0.9967104 0.99275345 0.99067336 0.99086344 0.9919292 0.9933774 0.9903072 0.9900984 0.99133116 0.9914071 0.9924473 0.99193 0.99053866 0.99352586 0.99247235 0.99132395 0.9942959 0.99614024 0.9894799 0.9894434 0.9902503 0.99042857 0.9916057 0.9922124 0.99158084 0.99153817 0.99355143 0.99212956 0.9908256 0.98949623 0.9917413 0.98885953 0.9904321 0.9885121 0.9892036 0.98891795 0.9916687 0.99068 0.98765445 0.9882339 0.9908749 0.9889578 0.98874253 0.99031985 0.9885403 0.98858744 0.98996025 0.99044085 0.9917229 0.99084324 0.9902897 0.98980314 0.98824936 0.98761344 0.9887695 0.98937356 0.98605305 0.9926211 0.9913127 0.99240726 0.9920589 0.993318 0.9921491 0.99336225 0.9932653 0.9948144 0.9943655 0.9942525 0.99427027 0.99269927 0.9958224 0.9974789 0.99749315 0.9972731 0.98911124 0.98850083 0.9847405 0.98774564 0.9910667 0.98783433 0.98927337 0.99100286 0.9901762 0.9913763 0.9908367 0.99425054 0.9893981 0.9876362 0.9866494 0.99393845 0.99469006 0.9951286 0.9923408 0.9912333 0.98844385 0.9915979 0.9871531 0.9906324 0.9894159 0.9906047 0.991477 0.99451095 0.9933099 0.9933241 0.9919107 0.992249 0.9892366 0.98978966 0.99030125 0.9885817 0.9908693 0.9930721 0.99298435 0.9928934 0.99415743 0.9920792 0.9930276 0.9927547 0.9896939 0.98467815 0.9807446 0.99444497 0.9942707 0.99151564 0.99442244 0.99293464 0.9907268 0.99046844 0.9926444 0.9928835 0.99362797 0.99251294 0.9930566 0.99141645 0.99310905 0.99084055 0.99064547 0.99282324 0.99256766 0.9937095 0.9887348 0.99016595 0.9885727 0.9873029 0.9849184 0.9867061 0.98999447 0.99467313 0.99364305 0.99510545 0.9942695 0.99429274 0.9951681 0.9933436 0.99531126 0.9961202 0.99277264 0.9927326 0.9943802 0.9947296 0.9944327 0.99139637 0.99482745 0.99392325 0.99255127 0.9946065 0.9885605 0.9919079 0.9927432 0.99225086 0.9889608 0.9903957 0.99046165 0.9843179 0.9898099 0.99151397 0.9849705 0.975337 0.9829594 0.98495024 0.9894123 0.990301 0.9938416 0.9920856 0.98379827 0.9928719 0.9933714 0.9950435 0.99038017 0.9871507 0.99087733 0.9916999 0.994532 0.99240786 0.987376 0.98961633 0.9890484 0.986532 0.98441374 0.9875827 0.9890105 0.9890984 0.9873472 0.9849913 0.99414307 0.9929242 0.9945457 0.9935862 0.99388885 0.9903134 0.9918487 0.9933541 0.9948098 0.993461 0.9946754 0.99483466 0.99189353 0.99105597 0.99429685 0.9948195 0.9909346 0.9864941 0.99074614 0.99028206 0.9886128 0.99388707 0.9924852 0.99367833 0.99503124 0.9902789 0.9919926 0.9920211 0.99351776 0.99206746 0.989521 0.98935986 0.98696667 0.9842491 0.9865843 0.98572844 0.98528266 0.98557365 0.98476285 0.9945366 0.9952906 0.9926024 0.98950404 0.9920056 0.9935547 0.99300194 0.99351937 0.9901727 0.9928509 0.99357295 0.9949454 0.9933222 0.9941292 0.9929259 0.99369127 0.9946465 0.99231523 0.99325794 0.99561083 0.9934766 0.9945871 0.995058 0.995173 0.9940066 0.9936995 0.9895871 0.9868852 0.9858307 0.9948378 0.99488646 0.9948578 0.9949419 0.99582887 0.9970375 0.9957827 0.9958551 0.9961415 0.99550056 0.99554014 0.9973011 0.9961076 0.9963385 0.9958195 0.99731475 0.997062 0.9962639 0.9963637 0.9967881 0.99656904 0.9961117 0.98592544 0.9919515 0.99146104 0.99402595 0.99211204 0.9922472 0.99333715 0.98641896 0.9862136 0.98765963 0.99013674 0.99130446 0.9935448 0.99503124 0.9938689 0.99469656 0.9954714 0.9939992 0.9947527 0.9961658 0.99097097 0.99645716 0.99109554 0.9911435 0.9931632 0.99149066 0.9870325 0.98973286 0.99006444 0.99526906 0.9934021 0.99687576 0.99480194 0.9958751 0.9964927 0.98898786 0.9874138 0.98656934 0.98778164 0.99227715 0.993356 0.9930346 0.9897959 0.99148834 0.9924539 0.9939279 0.9918736 0.9934712 0.99476105 0.99438083 0.9931446 0.9908512 0.9890201 0.9927642 0.9890674 0.988223 0.98695105 0.98517644 0.98924077 0.9924754 0.99179995 0.99314916 0.99277395 0.9914749 0.9916184 0.99072707 0.9891143 0.9858439 0.985692 0.99024975 0.9890846 0.99057496 0.991304 0.99305874 0.99170375 0.99158233 0.99082965 0.9928393 0.99069196 0.9907578 0.9891 0.9904679 0.9917202 0.99042314 0.9909275 0.9874603 0.98574036 0.9890249 0.98820806 0.9895957 0.9903025 0.9896194 0.98974293 0.9870837 0.9887601 0.9877639 0.99222106 0.9919904 0.99115026 0.99128056 0.9924677 0.9909602 0.9898679 0.99277467 0.994653 0.9934712 0.9919642 0.9932892 0.98862517 0.9931222 0.99186087 0.99180144 0.99074733 0.99081993 0.9919195 0.995145 0.99209845 0.99141985 0.9939232 0.9943885 0.9942476 0.994135 0.9954593 0.98841906 0.9914352 0.99514174 0.9909117 0.9917611 0.9923405 0.9925308 0.98989713 0.99050266 0.9912191 0.99035084 0.99180526 0.99162406 0.99292505 0.99595034 0.99598277 0.9949666 0.9959959 0.9946115 0.99544644 0.9958211 0.9946194 0.9863907 0.98845404 0.989281 0.9907378 0.9901539 0.98953927 0.9900719 0.9916475 0.9909204 0.9879271 0.9873097 0.987327 0.98788697 0.98836815 0.98826706 0.98682773 0.98994344 0.986215 0.98386157 0.9782674 0.98917454 0.98941004 0.9889902 0.98843026 0.9867867 0.9924738 0.9913676 0.9880106 0.9891773 0.9910447 0.9895668 0.98780674 0.9853673 0.9844501 0.9872468 0.9875401 0.9918854 0.9930614 0.99335563 0.99279094
DxordxevicxVladan_SRP18690GmundenskoJezero-L2_1 0.99533236 0.99776673 0.99654573 0.9924619 0.9942621 0.99478734 0.9925813 0.9895113 0.99455893 0.9953914 0.9957105 0.9968243 0.99400955 0.994399 0.9964483 0.99489254 0.9951114 0.996156 0.9968916 0.99586123 0.9933473 0.99456465 0.99530995 0.9952086 0.99553156 0.9938999 0.9952905 0.9915144 0.99530196 0.9930791 0.99347574 0.9949499 0.9934876 0.9901044 0.987568 0.9959342 0.99552345 0.99362737 0.9973338 0.9956296 0.99587387 0.9951813 0.9963959 0.99419355 0.996395 0.9967567 0.99583983 0.99567634 0.99575007 0.9956144 0.99578494 0.99510777 0.9940243 0.9956178 0.99311435 0.9977791 0.9973374 0.9942007 0.9958397 0.9975442 0.99733686 0.9964808 0.99999994 0.9993434 0.996655 0.99742913 0.9970676 0.9969565 0.9960929 0.9952697 0.9961282 0.9955287 0.9938979 0.9946284 0.99506754 0.99509525 0.99599713 0.99475497 0.9960239 0.9958696 0.9941694 0.99482554 0.9962991 0.9927401 0.9903728 0.9927749 0.9922675 0.99330026 0.99420315 0.9934248 0.99387956 0.9942515 0.9943332 0.9931627 0.99265516 0.9938663 0.9913449 0.9923529 0.99168473 0.99180263 0.9915473 0.9936822 0.99316084 0.9920362 0.9916439 0.99461335 0.991842 0.9925382 0.9940859 0.99260545 0.9925724 0.9923979 0.993528 0.9942609 0.9933758 0.9925944 0.99488497 0.99294966 0.9932554 0.9936085 0.9942751 0.9923613 0.99602175 0.9949841 0.9947901 0.99552107 0.99524075 0.99582106 0.99654883 0.996197 0.99640524 0.99671054 0.99634236 0.99602604 0.99608636 0.9937868 0.9960132 0.9966272 0.9969943 0.991332 0.990164 0.98609626 0.9890127 0.9958181 0.9939903 0.9940849 0.995151 0.9948935 0.9954409 0.9947838 0.99540424 0.9928391 0.99122286 0.98962116 0.99595296 0.99578005 0.9958542 0.9926311 0.9914585 0.992753 0.99422634 0.9917472 0.9926197 0.99249125 0.99373305 0.9936935 0.99556714 0.9961381 0.9960723 0.9949232 0.994419 0.9915122 0.99350864 0.99279 0.9903914 0.9918503 0.99559057 0.99364436 0.99305123 0.99679315 0.9949567 0.9944068 0.99373597 0.9926895 0.9884895 0.98559093 0.99673414 0.99570864 0.9942541 0.9961083 0.99535376 0.994789 0.99248064 0.9957132 0.99450886 0.9961906 0.99578345 0.9967623 0.99524885 0.9964707 0.9941054 0.9937785 0.99532115 0.9934785 0.9963302 0.9922823 0.99212235 0.99233043 0.99123925 0.98899126 0.98991066 0.9924879 0.9961607 0.9961754 0.9978105 0.9955426 0.99716055 0.9960743 0.9954941 0.9973224 0.9972496 0.9925515 0.9921427 0.9947067 0.9956252 0.9949091 0.99440396 0.99671113 0.9953205 0.9952429 0.9955487 0.99136096 0.99363494 0.99516195 0.9945598 0.992828 0.99357045 0.9927058 0.99068594 0.9925777 0.9949234 0.98842335 0.98080397 0.9877681 0.9899532 0.993591 0.99392086 0.9966317 0.9962549 0.99068195 0.99561846 0.99589944 0.9961539 0.9947562 0.9932143 0.99561703 0.9967928 0.9968866 0.99633735 0.99269813 0.9953802 0.994625 0.9910261 0.9906532 0.9926427 0.9937986 0.99357593 0.9915986 0.98915666 0.99609685 0.99587405 0.9967102 0.99720037 0.9962845 0.99474216 0.9962058 0.99703753 0.9978086 0.99472207 0.9969946 0.99624205 0.99598014 0.9956478 0.9966755 0.99676555 0.994923 0.99230725 0.9956926 0.99571073 0.99298865 0.9975498 0.9962514 0.9973738 0.9977983 0.994385 0.9954623 0.99488294 0.99645364 0.99589634 0.99402297 0.9937197 0.9916567 0.9888927 0.99127185 0.9896761 0.9891062 0.98941827 0.9893013 0.9959112 0.99461454 0.9941064 0.99440247 0.9957794 0.99631923 0.99618196 0.99669516 0.9951123 0.995924 0.99739635 0.9975995 0.9966872 0.9974046 0.99611765 0.9957757 0.9948674 0.99267334 0.9940188 0.9967779 0.99624985 0.9968609 0.9972686 0.99326295 0.99121714 0.99037176 0.9922194 0.9898734 0.98864865 0.9975569 0.9967317 0.99609935 0.9961123 0.9962564 0.99720144 0.99474823 0.99199235 0.99746746 0.9952254 0.9954234 0.99524796 0.9940062 0.99288595 0.99184346 0.9972198 0.9962666 0.9964402 0.99537385 0.9955952 0.99427104 0.99417156 0.986506 0.99478763 0.9951486 0.99530363 0.9939796 0.9945448 0.99522245 0.99165934 0.9912544 0.9924271 0.9943565 0.99450016 0.9955226 0.99724525 0.99506783 0.9975375 0.998014 0.9974853 0.9958588 0.9965427 0.9912312 0.9977566 0.9913368 0.9922719 0.9959586 0.9927488 0.9880117 0.9901407 0.9912422 0.99794286 0.9922282 0.9973917 0.99448836 0.9977399 0.9974012 0.99089396 0.99100196 0.9900505 0.99064416 0.99366665 0.9935782 0.993429 0.99359035 0.9940942 0.9948884 0.9945478 0.99468315 0.9954921 0.99556595 0.994937 0.99591035 0.99308753 0.9917883 0.99511075 0.9926596 0.99278915 0.991939 0.98997974 0.9932154 0.99536616 0.9945612 0.9967204 0.99551666 0.99384016 0.99529934 0.9942541 0.9930199 0.99104524 0.9903929 0.99278325 0.9937203 0.9945332 0.9950168 0.99622184 0.99490374 0.9948283 0.9941596 0.99656594 0.99353117 0.9964353 0.99481624 0.9953976 0.99620205 0.9949805 0.9946837 0.99236524 0.99001336 0.99366844 0.9919232 0.9941858 0.9940402 0.99361455 0.9945346 0.9922149 0.99355996 0.9936168 0.99571794 0.99456495 0.9946616 0.99502194 0.9962683 0.99581575 0.9947955 0.9961653 0.99734914 0.9965911 0.99642 0.9973324 0.9937913 0.99654853 0.99625826 0.99533343 0.9952971 0.9958439 0.99593866 0.9972333 0.99595857 0.9951215 0.99692 0.9967112 0.9974941 0.9967369 0.99712497 0.99287325 0.9937388 0.9963805 0.994104 0.9952551 0.99460775 0.99461997 0.99226165 0.993492 0.99411523 0.993349 0.9940083 0.99419713 0.994414 0.9954902 0.9945142 0.992201 0.99423045 0.99361 0.9937538 0.9933849 0.99100584 0.992694 0.993829 0.99453944 0.9953138 0.99387175 0.9943153 0.9952184 0.9953293 0.9948708 0.9943675 0.9932132 0.9937269 0.9934334 0.9935478 0.99354523 0.9926367 0.99255836 0.988431 0.9863093 0.9815891 0.9902865 0.9912121 0.99016875 0.98990345 0.98777014 0.99289113 0.9907451 0.9868498 0.99017006 0.989063 0.9893271 0.9889073 0.9845272 0.984132 0.98673224 0.9878071 0.99163663 0.9934157 0.9917438 0.9925474
DxordxevicxVladan_SRP18690GmundenskoJezero-L2_2 0.99570787 0.9973893 0.99632895 0.99223477 0.99380744 0.9943939 0.9924005 0.990347 0.992866 0.9940096 0.99436843 0.9954235 0.99253654 0.99293053 0.99511427 0.9937547 0.9942794 0.99532616 0.9958532 0.994151 0.9918417 0.9932996 0.99318177 0.9932301 0.99364024 0.99225974 0.99377555 0.9898026 0.9936719 0.9913573 0.991995 0.99308187 0.991835 0.98904276 0.9866083 0.9951406 0.9947115 0.99301904 0.9967229 0.99457747 0.9951354 0.9945131 0.99627084 0.99382013 0.99640375 0.99605906 0.9950915 0.994857 0.9944029 0.99499303 0.9945453 0.99424446 0.99373335 0.9959396 0.9933232 0.99735296 0.99708927 0.9943365 0.9959078 0.99688125 0.99697334 0.99600196 0.9993434 1.0000004 0.9967293 0.9975885 0.997038 0.99666184 0.9959552 0.99390495 0.9949357 0.99458206 0.9935032 0.9936596 0.99433875 0.99402106 0.9948717 0.9943202 0.99557173 0.9944992 0.99317133 0.99491227 0.99600524 0.9920603 0.9896479 0.9920241 0.99137664 0.99246746 0.9931899 0.9935554 0.99337536 0.9933764 0.99404085 0.9923544 0.99202275 0.9933412 0.9911834 0.9917917 0.9913522 0.9917198 0.9913174 0.99324614 0.9924617 0.9908305 0.99078953 0.99372107 0.99117595 0.9916128 0.9928507 0.9914207 0.9912367 0.9913924 0.99291724 0.9936934 0.9925469 0.99211854 0.9936472 0.99105394 0.9913994 0.9919773 0.9928822 0.9909827 0.99468976 0.9931754 0.9929986 0.99400693 0.9939306 0.99422157 0.99561405 0.99497765 0.9949975 0.9952427 0.99483925 0.99465245 0.99486774 0.9933558 0.9958303 0.99649864 0.9966539 0.991361 0.98969626 0.9859916 0.98862463 0.99475116 0.992138 0.9922929 0.99453336 0.9941866 0.9948048 0.99379957 0.99544 0.99265134 0.9911553 0.9896662 0.994795 0.9947099 0.9945873 0.9924995 0.991433 0.99218583 0.9939746 0.99105406 0.99214774 0.99199337 0.99315536 0.99319047 0.995298 0.9952532 0.995857 0.99392843 0.9937687 0.99057376 0.9922689 0.99190587 0.98940086 0.9911395 0.9947263 0.99293303 0.99227583 0.9955288 0.9935152 0.99312764 0.99229467 0.99183035 0.98670095 0.9837499 0.9956767 0.9949281 0.9930818 0.9957521 0.99406767 0.9931087 0.9910066 0.9945006 0.99330133 0.9946604 0.99422765 0.9959594 0.9948777 0.9961624 0.994647 0.9937916 0.9950655 0.99371016 0.9962902 0.99225074 0.9923 0.99176997 0.9917749 0.98955786 0.9905644 0.9922161 0.9950449 0.9952347 0.99679446 0.9944599 0.99615836 0.9956536 0.9945099 0.99676144 0.99691594 0.9926722 0.99225795 0.9944037 0.9950724 0.99485934 0.99361515 0.9963389 0.99552864 0.99577916 0.9957956 0.9898959 0.9922343 0.9937972 0.9942103 0.9922417 0.99304396 0.9926121 0.9901685 0.9925787 0.9942462 0.9872066 0.9787918 0.98652065 0.98874736 0.9931266 0.993505 0.99693793 0.99535495 0.9900784 0.99511194 0.9952123 0.99565136 0.9946684 0.99278045 0.99547386 0.9961159 0.9966178 0.99571085 0.9915031 0.99468386 0.99399495 0.9909689 0.99031013 0.9922676 0.9929843 0.9928481 0.99111885 0.98905456 0.9952625 0.9948031 0.9962424 0.9963546 0.99558485 0.99410796 0.9955189 0.9967102 0.9968004 0.9939327 0.99611354 0.99562544 0.99592054 0.9953052 0.99613786 0.9966781 0.9948448 0.99249893 0.9950081 0.9949882 0.9919827 0.9972025 0.9955183 0.99698114 0.9973327 0.9937955 0.9950263 0.99469346 0.99533904 0.99550664 0.9935264 0.9935396 0.9901437 0.9870298 0.98966247 0.9878152 0.98735845 0.98752975 0.9875611 0.9948375 0.9940994 0.9935061 0.9926658 0.99411476 0.99500567 0.9953123 0.9957423 0.99404794 0.9949098 0.99609774 0.99658734 0.9961535 0.99677724 0.9953164 0.99503535 0.9941945 0.99202055 0.9935008 0.99525964 0.99488467 0.9953508 0.9957421 0.99381465 0.9916603 0.99124 0.9912326 0.9882426 0.9873599 0.9963062 0.99556464 0.99482423 0.9950306 0.9955728 0.9964194 0.9941595 0.9914502 0.99661857 0.9944807 0.99446666 0.9941517 0.99315745 0.9923178 0.9912511 0.9960811 0.9957429 0.9958076 0.9948528 0.9952546 0.9941071 0.99399084 0.9858528 0.9933737 0.99384123 0.9941283 0.99261254 0.99324214 0.99393433 0.99082005 0.99021506 0.99128556 0.9934643 0.9939349 0.9947024 0.99651253 0.9944523 0.99654424 0.99695325 0.99664074 0.9952995 0.9954245 0.9908029 0.99701613 0.99065727 0.9915136 0.9948729 0.99199736 0.9870249 0.9895706 0.9902917 0.9969594 0.99170804 0.99658555 0.99365777 0.99678344 0.9968823 0.98977274 0.98942703 0.98852235 0.989337 0.9926277 0.9926772 0.9920138 0.9924416 0.9927271 0.9933864 0.993126 0.9930516 0.9940264 0.9942988 0.99355084 0.99487835 0.99269897 0.99123585 0.9944365 0.9917935 0.99236894 0.99125546 0.98946035 0.9926075 0.99467313 0.9935403 0.9957951 0.99451345 0.9927591 0.9945753 0.9931016 0.99317837 0.99096173 0.990051 0.99189097 0.9930809 0.9942581 0.99433684 0.9957041 0.99425244 0.9936899 0.9932917 0.99642736 0.9927389 0.99607795 0.99328095 0.9945748 0.99583405 0.9945098 0.994057 0.9911039 0.9888429 0.99180174 0.9899116 0.9924678 0.9923574 0.991976 0.9927533 0.98987734 0.9914049 0.9919221 0.9943964 0.9931587 0.993456 0.9936148 0.9952891 0.9948469 0.9937339 0.99544674 0.99667394 0.99555105 0.9959607 0.99665254 0.9933696 0.9955516 0.9950993 0.9940166 0.9950045 0.9956412 0.99506116 0.9958942 0.9945387 0.9943046 0.9958471 0.9956452 0.99686503 0.99603236 0.9963889 0.9927551 0.9932421 0.995969 0.9932802 0.99420756 0.99341214 0.9935745 0.9910961 0.9924492 0.993446 0.9929554 0.9928113 0.99380904 0.9933696 0.99520224 0.99429697 0.9927882 0.9945108 0.9933773 0.9936838 0.9934339 0.99129856 0.99161947 0.99254525 0.9936156 0.994541 0.99294245 0.99349385 0.9944213 0.9948765 0.9940683 0.99341035 0.9924507 0.99282235 0.9923342 0.99234384 0.99227697 0.9917726 0.99097276 0.98718405 0.9846911 0.9798861 0.9885096 0.98972446 0.98876786 0.9881657 0.98619616 0.9916873 0.9896015 0.9857558 0.989061 0.9879148 0.9878862 0.9874968 0.9834094 0.9826403 0.9853239 0.9864039 0.9905236 0.9935838 0.99243015 0.9927771
DxordxevicxVladan_SRP18690GmundenskoJezero-L2_3 0.9931389 0.99574876 0.99459016 0.98834324 0.9903066 0.99503374 0.9939622 0.9911568 0.9881953 0.9894673 0.98958844 0.9922635 0.9874127 0.98724425 0.9924417 0.9901146 0.9915284 0.9934562 0.99400854 0.98987013 0.98592836 0.98791784 0.9914898 0.9910949 0.99109757 0.9874636 0.99022555 0.9846831 0.9904929 0.98683614 0.98781306 0.98975325 0.98788303 0.98346794 0.98050195 0.9940556 0.9940916 0.9907765 0.99380565 0.9917899 0.9914684 0.9889412 0.99286497 0.98897016 0.99507207 0.9945933 0.9910393 0.99020416 0.99016213 0.9892667 0.98985016 0.9884843 0.98784375 0.992208 0.98916364 0.9959999 0.9966282 0.9960465 0.99584234 0.99515814 0.99542654 0.995551 0.996655 0.9967293 0.9999997 0.99935246 0.9927135 0.9928285 0.9913896 0.9908648 0.9928267 0.9928684 0.9918421 0.9900145 0.9917278 0.99040735 0.99445003 0.9937884 0.9935977 0.9914915 0.9931976 0.9906327 0.99322844 0.98495734 0.98337084 0.98622495 0.9850496 0.98740375 0.98803055 0.9885864 0.9880298 0.98767966 0.9925371 0.9907845 0.9899033 0.99048895 0.9887973 0.9882781 0.98872924 0.9883383 0.9903348 0.9909812 0.9888966 0.9840771 0.98311114 0.9891635 0.9833172 0.98396915 0.9875618 0.9852252 0.98491365 0.9853946 0.98630667 0.9878949 0.98697174 0.98521715 0.9900694 0.9871866 0.9881226 0.9887269 0.9899481 0.9870666 0.9920563 0.9896673 0.9898738 0.9918806 0.9901863 0.9921847 0.9956922 0.9935896 0.99361163 0.9939846 0.99177396 0.9917924 0.992732 0.9897506 0.99383515 0.9947159 0.99407357 0.9857792 0.9834154 0.97947764 0.98287547 0.99090517 0.9868324 0.9871572 0.9918588 0.9923486 0.9919736 0.99060094 0.99620515 0.99281484 0.9908792 0.99077797 0.9910349 0.99087083 0.9904175 0.9871491 0.986579 0.9863223 0.98808676 0.984375 0.9863104 0.98646563 0.9873219 0.98612565 0.99005586 0.9897786 0.991247 0.98850185 0.9883853 0.98313653 0.9854743 0.98463374 0.9815676 0.98407716 0.99077874 0.9880425 0.9874238 0.9918887 0.98823154 0.9872189 0.9865338 0.98459595 0.97806317 0.97394085 0.99200326 0.9907477 0.9879795 0.9914775 0.98930895 0.9882388 0.9844758 0.9894642 0.98775434 0.9906934 0.99080855 0.99369407 0.99245 0.99185187 0.9902287 0.98872745 0.9908109 0.9907471 0.9940617 0.9862932 0.9864946 0.9850271 0.9857871 0.98426175 0.98501074 0.98554283 0.9924576 0.99394304 0.9941185 0.9898851 0.9940863 0.9923439 0.9905492 0.9959532 0.99587137 0.9906361 0.9907482 0.9919004 0.99173975 0.9927435 0.9873485 0.99322903 0.99248755 0.99283844 0.9918405 0.99193335 0.9932508 0.99007 0.9913661 0.99009734 0.98946595 0.98852503 0.98761946 0.98960865 0.98871386 0.97887325 0.9687226 0.97815543 0.98124367 0.9891423 0.9893772 0.9966954 0.99433863 0.98955894 0.99281263 0.9918694 0.99446654 0.99353963 0.99281096 0.9937254 0.9938909 0.99518836 0.9949487 0.98976344 0.9920865 0.99173427 0.9882046 0.98862875 0.98947966 0.9889632 0.9890162 0.9882205 0.9868963 0.9912614 0.9904853 0.9930916 0.9938411 0.99151105 0.99137074 0.9920628 0.995692 0.995118 0.99047506 0.99221486 0.9927067 0.9947653 0.99493897 0.99291563 0.99385786 0.99335694 0.9903469 0.9937063 0.9929079 0.9905271 0.99605215 0.99344087 0.99507475 0.9943812 0.9929898 0.9929761 0.9922329 0.9932274 0.9926803 0.9913158 0.992005 0.98497945 0.9795844 0.9843764 0.98085004 0.98075366 0.9805168 0.9811852 0.99372476 0.9929794 0.99200904 0.98901117 0.98970175 0.991897 0.99350154 0.99231577 0.9914358 0.9918133 0.99342686 0.99451345 0.9914322 0.99273 0.99081707 0.9897605 0.9887145 0.9858713 0.98811394 0.9925327 0.9905223 0.99158186 0.99259627 0.9913298 0.98873407 0.9886376 0.9845954 0.9808273 0.97971714 0.9941931 0.99131477 0.99073875 0.99140704 0.9909445 0.99271923 0.9890637 0.9877369 0.99327666 0.9902524 0.9904105 0.99243903 0.98921335 0.9896064 0.9877846 0.9941716 0.99326664 0.993864 0.99206436 0.99491847 0.9931768 0.99185836 0.97848964 0.98975503 0.9911273 0.99087214 0.9898851 0.9907627 0.99285054 0.9879328 0.9865017 0.98782843 0.9905468 0.990948 0.9921502 0.99296755 0.98931503 0.9937125 0.9936569 0.99256694 0.99030566 0.99172455 0.9843526 0.99394166 0.98429096 0.98521715 0.99005973 0.9855453 0.9795631 0.9834077 0.9840115 0.9947449 0.98680913 0.9937295 0.9887191 0.9936878 0.9940576 0.9822281 0.9818667 0.9811345 0.9816577 0.98665994 0.9872023 0.9902353 0.9912048 0.9919534 0.99238545 0.99209744 0.991595 0.9931417 0.9932295 0.992791 0.99092364 0.98816276 0.9860285 0.9913203 0.98535216 0.9876937 0.986802 0.98340845 0.9867744 0.9911052 0.98949146 0.9922959 0.99004287 0.9915526 0.99272156 0.9895318 0.9924591 0.98921746 0.98862934 0.9854735 0.9876796 0.9888223 0.9890571 0.9907849 0.9914294 0.9907312 0.98985076 0.99196744 0.98644364 0.9932459 0.9898629 0.9902648 0.9913723 0.9908006 0.9892834 0.9858396 0.9834697 0.98749614 0.98442125 0.98772305 0.9886586 0.9869775 0.989851 0.98594815 0.98719746 0.98958445 0.98962617 0.98967326 0.99076396 0.9906802 0.9930044 0.99295515 0.98922855 0.9918266 0.9947522 0.993355 0.99222875 0.99424905 0.9915636 0.99277455 0.99252605 0.98999095 0.9895226 0.99322784 0.991395 0.992519 0.990118 0.9905921 0.992817 0.9923639 0.994905 0.9938987 0.99462754 0.9911477 0.9909558 0.9932473 0.9912686 0.9939779 0.98970896 0.98891675 0.98454356 0.98688096 0.9880502 0.9870443 0.9876903 0.98870754 0.98852193 0.9903623 0.99077684 0.9893459 0.9908166 0.98772097 0.9891561 0.98984534 0.98816735 0.9893831 0.9904253 0.9905329 0.9902855 0.9874447 0.9887639 0.9913168 0.99109125 0.9901591 0.99067175 0.98997766 0.9896213 0.9890664 0.9874586 0.9867652 0.98590124 0.9841153 0.97911394 0.97545344 0.9695582 0.98153937 0.98290664 0.98137087 0.981299 0.9783567 0.98545307 0.9831396 0.97828865 0.9813245 0.98152477 0.9806291 0.9794735 0.97495633 0.9740319 0.97747695 0.97845703 0.9842527 0.99548256 0.9949596 0.99447644
DxordxevicxVladan_SRP18690GmundenskoJezero-L2_4 0.9939065 0.9963325 0.99510944 0.98929155 0.99114454 0.9949347 0.9935897 0.9911766 0.9892656 0.99079317 0.9908867 0.99340874 0.9885681 0.98837596 0.9933109 0.9912993 0.9928049 0.99454427 0.9949552 0.99097514 0.98721933 0.98928624 0.99236983 0.9922758 0.9922118 0.98886067 0.9914516 0.98616236 0.9916124 0.98810965 0.9892235 0.9909563 0.98912567 0.98451465 0.981601 0.9948132 0.99496794 0.9916956 0.99463135 0.9929878 0.9924779 0.9898138 0.9936932 0.9902218 0.9958941 0.99552375 0.9922066 0.9913326 0.9912435 0.99019414 0.99080867 0.9894688 0.98868006 0.9928383 0.9896611 0.99711293 0.9976271 0.996671 0.9967308 0.99559814 0.995882 0.9967104 0.99742913 0.9975885 0.99935246 1.0000001 0.99323475 0.9932283 0.9919783 0.99177814 0.99373794 0.99363667 0.9920577 0.9906793 0.9920557 0.99091446 0.99457145 0.99369204 0.99396175 0.9921898 0.9932595 0.99161375 0.99432784 0.9861378 0.98461574 0.9871733 0.9860654 0.988414 0.9889549 0.9894271 0.98898906 0.9888416 0.99271566 0.99101245 0.99011356 0.99104995 0.9888658 0.98886365 0.9889965 0.9885666 0.9901465 0.9913245 0.98951375 0.9852776 0.98424596 0.990024 0.9846736 0.9852309 0.9885792 0.98619676 0.9861244 0.98657304 0.9875832 0.989055 0.98827964 0.98647803 0.9908636 0.9881778 0.98890376 0.9896656 0.99044967 0.98767275 0.99273384 0.9906546 0.99090844 0.99278516 0.991076 0.99297214 0.9962252 0.9944445 0.99452066 0.99484736 0.99276495 0.9927734 0.9935503 0.99088943 0.9948158 0.9955424 0.9946885 0.98701286 0.98467606 0.98062 0.98405963 0.99159986 0.98772025 0.98806006 0.9928831 0.99310404 0.9926383 0.9915166 0.99706495 0.9935413 0.9916926 0.9915809 0.9920673 0.9920342 0.99176484 0.98801154 0.98728174 0.98722404 0.9889941 0.98554564 0.9874859 0.98768413 0.9885665 0.9873475 0.9911098 0.9908093 0.99210185 0.9897714 0.9895536 0.98436064 0.986381 0.98577434 0.9828414 0.9852704 0.99151397 0.98909724 0.9883591 0.9927907 0.98932064 0.9885541 0.98797673 0.9856506 0.9795403 0.97554296 0.99291193 0.9916755 0.9890385 0.99255747 0.990045 0.98902494 0.9855078 0.99040604 0.9887798 0.99173146 0.9917064 0.9943691 0.99327326 0.9928664 0.99114084 0.9895187 0.99169505 0.99139136 0.9947683 0.98776233 0.98803246 0.9866172 0.9871311 0.98546517 0.98630077 0.98694855 0.9929023 0.9940099 0.9944934 0.99050814 0.99421203 0.9926441 0.99083567 0.995908 0.9958813 0.9905269 0.9905663 0.9920176 0.99244416 0.9930615 0.9883346 0.99374133 0.99294525 0.99330765 0.99238867 0.9927371 0.994267 0.9912574 0.99206287 0.99098456 0.990483 0.98934686 0.9883096 0.9905319 0.98962295 0.9800789 0.9699505 0.97938704 0.982403 0.9902079 0.9903259 0.99677855 0.994828 0.99002284 0.9934414 0.9927744 0.9950515 0.9938025 0.99289274 0.99402773 0.9942773 0.99556625 0.99527687 0.98985523 0.9926978 0.9920509 0.9883404 0.9887047 0.9898405 0.9897462 0.98970604 0.98849744 0.98705727 0.9923291 0.99142426 0.99384797 0.9945873 0.9924441 0.9920889 0.9926584 0.99609125 0.9956784 0.9914971 0.9932421 0.99345005 0.9950621 0.99521184 0.99342275 0.99449635 0.9935529 0.9906422 0.9941721 0.99330664 0.9904185 0.99647707 0.9939351 0.9955645 0.99502254 0.9933301 0.9935744 0.9931366 0.99410003 0.9932584 0.99189484 0.99233866 0.9855927 0.98073316 0.9849585 0.98190176 0.98164284 0.9816118 0.9819937 0.99448717 0.9937962 0.992636 0.9897452 0.9905378 0.9928845 0.9943234 0.99303585 0.9922229 0.9927555 0.99424773 0.9951857 0.9920676 0.99340653 0.9915947 0.9907879 0.9899613 0.9871908 0.98926884 0.99366313 0.9917684 0.9927928 0.99359405 0.9920402 0.9893608 0.98935884 0.98570555 0.9819106 0.980982 0.99509716 0.99258167 0.99202967 0.9926039 0.992246 0.9942249 0.99062896 0.98964244 0.99438566 0.99178004 0.99199706 0.9940716 0.99102056 0.9915007 0.9897676 0.99559283 0.9947309 0.9951843 0.9936143 0.996174 0.9945922 0.99347365 0.9792292 0.99073017 0.992041 0.99163795 0.9907992 0.99156547 0.99363494 0.9886524 0.98752683 0.9885899 0.9913187 0.9916573 0.9929692 0.99380547 0.9902122 0.9943658 0.99449575 0.99334276 0.99128884 0.9926821 0.985263 0.99483097 0.9853011 0.986033 0.99076277 0.98642695 0.98021936 0.98398864 0.98461264 0.99538136 0.98775697 0.99475783 0.9899496 0.9946804 0.9951227 0.9834874 0.98321265 0.9823286 0.98296416 0.9879045 0.98818433 0.9914727 0.99183536 0.99268603 0.9931877 0.99297196 0.99241847 0.99380517 0.99394685 0.99361724 0.99175024 0.9892068 0.9871689 0.9921035 0.9864072 0.98843354 0.9875647 0.9842165 0.98773867 0.99146944 0.9900602 0.993008 0.9910145 0.99229366 0.9930121 0.9906146 0.9926032 0.98917216 0.988875 0.98659474 0.98876464 0.9900078 0.9902076 0.9920153 0.99144 0.9909665 0.99025875 0.99274087 0.987477 0.9938512 0.99063843 0.9910422 0.99242246 0.991491 0.99003386 0.9869243 0.9847444 0.98873204 0.9857888 0.98890626 0.98987645 0.9881952 0.99088013 0.98709565 0.98818386 0.99046284 0.99051654 0.99036556 0.99113655 0.9913115 0.9935391 0.99361944 0.99004763 0.9925254 0.99528164 0.993876 0.9929091 0.9948977 0.9921147 0.9935744 0.9932863 0.990839 0.99045455 0.9937165 0.99200666 0.99333143 0.9909481 0.99115777 0.9936811 0.99288565 0.9952774 0.9943788 0.9953481 0.99117476 0.99152386 0.9939056 0.9918965 0.9944668 0.9909235 0.99029636 0.9858822 0.9882101 0.9892521 0.9882074 0.98904973 0.9898964 0.9899134 0.99182165 0.99222237 0.9908517 0.99242043 0.98926204 0.99079424 0.99142426 0.9898566 0.9902463 0.99127495 0.9913019 0.9911613 0.9884911 0.98969114 0.9920489 0.99196935 0.9910568 0.99157447 0.99074274 0.99052775 0.98989356 0.98854774 0.9878529 0.9869355 0.98565197 0.98021924 0.9768916 0.9709462 0.98281395 0.9841367 0.9828305 0.9825817 0.9797171 0.9869726 0.98460543 0.9798505 0.982851 0.9833611 0.982353 0.9808929 0.9766019 0.9756808 0.9792361 0.9800803 0.9857006 0.99552417 0.99514997 0.9944657
DxordxevicxVladan_SRP19131VladanDjUFront-L2_1 0.9942307 0.99660856 0.99591786 0.9938883 0.9949977 0.9938636 0.99166375 0.9902007 0.9937723 0.9933409 0.99464786 0.99505085 0.9937286 0.9943925 0.99459434 0.9929686 0.99289614 0.9932739 0.99431473 0.99542475 0.9931508 0.9946453 0.9919088 0.99235135 0.9926949 0.9919843 0.99329966 0.9905412 0.99359405 0.9921215 0.99265987 0.9931079 0.9928688 0.98753816 0.9854423 0.9923362 0.9909658 0.9905036 0.99594945 0.995004 0.99576676 0.99585074 0.9964503 0.99434584 0.9939724 0.9940828 0.9956074 0.99632186 0.99544317 0.99678504 0.99686205 0.99702835 0.9972277 0.99777305 0.99639934 0.9949069 0.9940651 0.9888841 0.9923708 0.99613386 0.99621814 0.99275345 0.9970676 0.997038 0.9927135 0.99323475 0.99999964 0.9985133 0.9990042 0.9952197 0.99607 0.9940113 0.99552673 0.99614555 0.9963422 0.99607056 0.9945188 0.99447227 0.996807 0.99611014 0.99427974 0.9952495 0.9954338 0.9953938 0.993171 0.9950426 0.994577 0.9951854 0.9958786 0.9960317 0.99571705 0.994192 0.9950547 0.9934432 0.9933853 0.99534166 0.9941374 0.994712 0.9939183 0.99465287 0.9926852 0.99411374 0.99420756 0.9950688 0.9950533 0.9958807 0.99461544 0.99519724 0.9960172 0.9954897 0.99517775 0.9954393 0.9962632 0.99622416 0.9955468 0.99554044 0.99575746 0.99371487 0.9936421 0.9940644 0.9949808 0.9937156 0.9954796 0.9939311 0.9941595 0.9944619 0.99521005 0.9940071 0.9936441 0.99455386 0.99461365 0.99467283 0.9956072 0.99559414 0.99561745 0.99196124 0.9940326 0.99480414 0.9951484 0.9945473 0.99370444 0.9910711 0.99303836 0.9962926 0.9947602 0.9954065 0.99588716 0.9949875 0.99677974 0.996006 0.9920268 0.99158883 0.9912269 0.9879193 0.9962062 0.9955488 0.9953553 0.99509853 0.9944136 0.9955288 0.99628913 0.9946986 0.99458313 0.99488837 0.99573773 0.99569464 0.9960619 0.99680793 0.99690276 0.9962054 0.9957441 0.9938297 0.9951443 0.99467385 0.9925078 0.99401414 0.99573183 0.9937601 0.99280727 0.99652183 0.9955293 0.99451417 0.9942616 0.99582964 0.9906559 0.9890947 0.9957269 0.9962248 0.99564004 0.9965877 0.994076 0.99433136 0.99236536 0.99522084 0.9942368 0.99511355 0.9947465 0.99670213 0.996519 0.9984086 0.99766326 0.9975839 0.9978764 0.99674594 0.99744827 0.99605054 0.99548066 0.9958777 0.9948927 0.9925262 0.9937848 0.9958026 0.9950293 0.9945573 0.9967743 0.99482 0.995873 0.9951812 0.99569595 0.9954732 0.99571866 0.9931804 0.99221283 0.9945734 0.99554694 0.9954375 0.9966764 0.9965309 0.9957983 0.99554193 0.9955489 0.98480797 0.98888427 0.994999 0.9950097 0.9926452 0.9943383 0.99565536 0.9903966 0.9932678 0.99618816 0.99092066 0.9837631 0.99022925 0.9920618 0.99446183 0.9952013 0.99528235 0.99488306 0.9898561 0.9955765 0.9961107 0.9958764 0.9948217 0.9917761 0.99651176 0.99581563 0.99597245 0.99555683 0.99221027 0.9957241 0.9952472 0.9952905 0.9929884 0.99520224 0.9962729 0.9963466 0.99436325 0.9929439 0.9962337 0.99633825 0.99753755 0.9974621 0.9979466 0.9963276 0.99718577 0.99475735 0.99561405 0.9941682 0.99602807 0.9962862 0.9950362 0.9935709 0.996971 0.9952742 0.99485344 0.99342525 0.9940083 0.99459255 0.9929403 0.9949967 0.9954937 0.99586135 0.9973308 0.9944099 0.9958841 0.99586266 0.9955522 0.9963264 0.9956412 0.9958298 0.9934212 0.9917545 0.99259263 0.99201816 0.99125445 0.9917668 0.99149126 0.99195623 0.9916612 0.99298537 0.9939452 0.9952276 0.99539334 0.99480957 0.9962072 0.99503714 0.9964301 0.9955262 0.9956136 0.99725837 0.9972833 0.9967172 0.99650705 0.9949682 0.99398553 0.9948442 0.9954694 0.99622613 0.99560666 0.9959361 0.9927359 0.99088186 0.9898463 0.9948738 0.99253255 0.99233556 0.99639213 0.996543 0.99596226 0.9964832 0.9959615 0.9961884 0.9948744 0.9902394 0.9966707 0.9954343 0.99537176 0.9925622 0.9934555 0.99153316 0.98997325 0.99384123 0.99467176 0.9950306 0.994155 0.99299914 0.99232197 0.9920193 0.989552 0.99534005 0.9949299 0.9952523 0.9941693 0.99464446 0.99350655 0.99295205 0.9928981 0.9941351 0.9953909 0.9955421 0.9952269 0.9961597 0.99469256 0.99593204 0.9961645 0.9965667 0.9950225 0.9938499 0.9912139 0.9953045 0.9907516 0.9917942 0.9954434 0.9929394 0.988637 0.98998946 0.99151087 0.99611664 0.99060607 0.9954311 0.9928986 0.9956129 0.9956809 0.9931942 0.9934224 0.99300635 0.99291545 0.9946615 0.9936025 0.9909594 0.99212986 0.99114126 0.99194235 0.99160767 0.99209875 0.99208105 0.9920882 0.9917178 0.99583197 0.9948687 0.9936187 0.9948897 0.99505454 0.99515057 0.9942061 0.99373096 0.9967456 0.9971459 0.99676347 0.9976144 0.9970652 0.99480665 0.9963652 0.9964985 0.9942031 0.9934676 0.9927378 0.9959776 0.9969853 0.9971971 0.99727094 0.99752945 0.99619156 0.9959505 0.99659705 0.9975395 0.99567306 0.99621195 0.99505293 0.9972863 0.9974932 0.9969877 0.9966553 0.995081 0.994069 0.9943675 0.992612 0.9947947 0.99412477 0.99518365 0.99475497 0.99281496 0.9941892 0.99350095 0.9960418 0.99546075 0.9950887 0.9954495 0.995875 0.99497414 0.996464 0.99741685 0.9973711 0.99668646 0.9982216 0.9968881 0.9947645 0.996684 0.99621844 0.996336 0.9975873 0.9964296 0.99691874 0.9964708 0.99672556 0.99779403 0.99727976 0.99698 0.9968036 0.9968713 0.9963973 0.994745 0.9958109 0.9968871 0.99561167 0.9941583 0.9952573 0.9955491 0.99454206 0.99554235 0.9962491 0.99567705 0.99541557 0.9964509 0.9955692 0.9951602 0.99357605 0.9909587 0.99324125 0.99352515 0.99347305 0.99188995 0.9898027 0.9934136 0.9932157 0.99526215 0.9967759 0.99651814 0.9967209 0.9960759 0.9974175 0.99649143 0.99405265 0.99412817 0.9942681 0.99502146 0.9957445 0.99510396 0.99572265 0.99433446 0.9910264 0.9888102 0.98583966 0.9901194 0.9920103 0.9911754 0.99077964 0.9895056 0.99371773 0.9912768 0.98802465 0.9917617 0.98950446 0.9900966 0.99105316 0.9872646 0.9865389 0.98897135 0.9895731 0.99242926 0.99118954 0.9887509 0.98993915
DxordxevicxVladan_SRP19131VladanDjUFront-L2_2 0.99180984 0.99574554 0.9940135 0.98966753 0.9916654 0.9945069 0.99211323 0.990282 0.9934898 0.99226576 0.99379045 0.99517614 0.9927308 0.99344265 0.994042 0.9911113 0.99125844 0.991962 0.99380505 0.9946223 0.9920637 0.9930625 0.99289215 0.99187064 0.9921386 0.9902966 0.9923115 0.9879894 0.99240685 0.99064684 0.9906201 0.9929475 0.9913616 0.9841799 0.98122627 0.9918395 0.9903148 0.9885572 0.995501 0.9935038 0.9941701 0.9939229 0.99529326 0.99127525 0.9928475 0.99384856 0.9938552 0.9945378 0.994769 0.9947903 0.99671084 0.99704677 0.99642086 0.996627 0.9962563 0.9931255 0.99237597 0.9872824 0.9895437 0.9948163 0.9949571 0.99067336 0.9969565 0.99666184 0.9928285 0.9932283 0.9985133 1.000001 0.9987883 0.9952148 0.9956833 0.9957932 0.99556446 0.99583066 0.996505 0.9953891 0.99556434 0.9956407 0.995999 0.99607044 0.99488133 0.9928026 0.99344534 0.9933386 0.98936003 0.9931555 0.992176 0.9931627 0.99406457 0.99355006 0.99398875 0.9920637 0.9946275 0.9937416 0.99382126 0.99465084 0.9934059 0.99364847 0.9939601 0.99362355 0.99297523 0.99380004 0.99373865 0.99428153 0.9928599 0.99471605 0.9918488 0.99305767 0.9948322 0.99402076 0.99390614 0.99281067 0.99397117 0.99408036 0.9937303 0.99260277 0.9962892 0.99441874 0.99529296 0.99496186 0.99626094 0.99535257 0.99610406 0.9946161 0.99407876 0.99521244 0.99447495 0.9950557 0.9949926 0.9951713 0.99443626 0.99498194 0.9949127 0.9948726 0.99607635 0.98896813 0.9918133 0.9928639 0.99314255 0.9914385 0.9900402 0.98651516 0.9890293 0.99665594 0.9956097 0.9955952 0.9963973 0.9962979 0.9969408 0.99633235 0.99248004 0.993191 0.99265265 0.99003834 0.99532646 0.9943715 0.9939752 0.99151736 0.99090624 0.99450517 0.9943466 0.99365765 0.9928541 0.9935874 0.994246 0.9933348 0.99361134 0.99544984 0.9958272 0.9951105 0.99415684 0.9913048 0.9935409 0.99219924 0.98943675 0.99039876 0.9948603 0.9919664 0.99043083 0.99582326 0.99477345 0.99255365 0.99232596 0.9928593 0.9890416 0.9873042 0.9950588 0.99437255 0.99437267 0.99496865 0.9930738 0.9943405 0.99082917 0.9947595 0.99238825 0.9945445 0.994967 0.9970385 0.99641895 0.9974125 0.9960501 0.99593914 0.9962278 0.99410653 0.9963853 0.99473137 0.99363655 0.99461424 0.99404895 0.99236846 0.9925017 0.9939699 0.9934722 0.9941337 0.9958062 0.99239725 0.99513483 0.99272466 0.9937429 0.99461293 0.9943365 0.9904771 0.98947394 0.9919824 0.9941408 0.9941082 0.994808 0.9955878 0.99437374 0.9954646 0.9937015 0.98716265 0.9896947 0.99423695 0.9945668 0.99341744 0.99407357 0.99456763 0.9929962 0.9928125 0.9952651 0.98897207 0.982586 0.98916364 0.9915493 0.994717 0.99493766 0.9955766 0.99639916 0.9930266 0.9949842 0.9952726 0.9946666 0.99615425 0.9949699 0.99747443 0.9974708 0.9960139 0.9968741 0.9949851 0.9975248 0.99726784 0.9954057 0.9949952 0.99583477 0.9963973 0.99651664 0.9952443 0.9936539 0.9952497 0.99581087 0.9961645 0.9971713 0.99618584 0.9966073 0.99768084 0.9960822 0.99619675 0.99273205 0.99547774 0.99466336 0.99669296 0.9956012 0.99637717 0.9942904 0.9963475 0.99567956 0.99657685 0.99692917 0.99465 0.99624646 0.99662775 0.9967465 0.99700713 0.9957505 0.9964245 0.9955337 0.9958859 0.99686384 0.9964469 0.99625593 0.9937305 0.9912856 0.9931598 0.9913406 0.99047416 0.99091065 0.9915968 0.9915496 0.98991966 0.99217814 0.9946662 0.99516016 0.9950386 0.99473894 0.9957296 0.9962575 0.99609286 0.9960713 0.99554515 0.99614066 0.9964162 0.995935 0.9941101 0.9917743 0.9902493 0.991501 0.99423945 0.9951716 0.99469584 0.995092 0.98834497 0.9858596 0.98466015 0.99263173 0.9903813 0.98964185 0.9964574 0.99550307 0.9947943 0.9951191 0.9941861 0.99467605 0.9919187 0.98708665 0.99562716 0.99306166 0.99345165 0.99079365 0.99075115 0.9885891 0.9866359 0.99288416 0.9927764 0.9941028 0.9923348 0.9920051 0.99019307 0.9900995 0.985655 0.99501073 0.9957114 0.9942242 0.993859 0.99474716 0.9938271 0.9937742 0.99321586 0.99433583 0.99550354 0.99478966 0.99429405 0.9952929 0.99261004 0.99581754 0.99568427 0.99622947 0.9931015 0.9920603 0.98809075 0.9945023 0.9876209 0.9893266 0.9945 0.99023366 0.9854101 0.98682976 0.9887392 0.99611014 0.9873973 0.9944212 0.99067575 0.9952736 0.9949001 0.9904886 0.9919562 0.99135196 0.9911466 0.992613 0.9904836 0.99079114 0.99349797 0.992073 0.99288535 0.991215 0.9931773 0.9927493 0.9921205 0.99143904 0.9952164 0.9936894 0.9926044 0.99400556 0.9935881 0.99484295 0.99421203 0.9931467 0.9959502 0.99640363 0.99556607 0.9974542 0.99605626 0.9948099 0.9968191 0.9961067 0.9953325 0.9950231 0.9945026 0.99384254 0.99646664 0.99658215 0.99685013 0.99676573 0.996299 0.995784 0.99574035 0.9966271 0.99369156 0.9977091 0.9958146 0.99679184 0.9972158 0.9970939 0.99601996 0.9950837 0.9933578 0.9948371 0.99244577 0.99509907 0.99441767 0.9947878 0.99587697 0.9939101 0.9947156 0.9953559 0.99573916 0.99502295 0.99586576 0.99559915 0.9964484 0.9962573 0.9966847 0.9970721 0.9971309 0.9966626 0.99805796 0.99731857 0.9965534 0.9968118 0.99719685 0.9958688 0.99680734 0.9974718 0.99683917 0.9955152 0.9964705 0.9968238 0.9968838 0.9960187 0.9971464 0.996613 0.9957011 0.9956398 0.9948299 0.9954841 0.9955853 0.9950166 0.9942115 0.9940665 0.992285 0.99448204 0.99506336 0.9942199 0.9939702 0.99508226 0.9938786 0.9919137 0.990668 0.9879126 0.9903325 0.9904163 0.9901457 0.9885951 0.9859809 0.9954446 0.9949143 0.9961975 0.9965414 0.9949651 0.99598444 0.9963619 0.99636155 0.995958 0.9962219 0.9958834 0.9962538 0.99615014 0.9960305 0.99574745 0.99618256 0.9926932 0.98848534 0.98617935 0.98306596 0.9882027 0.9902664 0.98875445 0.9888058 0.98682433 0.9914524 0.9885925 0.9845996 0.9896164 0.9858332 0.98734164 0.98835015 0.98312503 0.9829865 0.9853501 0.98670906 0.9898977 0.99076295 0.98761344 0.98915756
DxordxevicxVladan_SRP19131VladanDjUFront-L2_3 0.9919465 0.99548495 0.99443936 0.99174833 0.99298686 0.9936603 0.99118274 0.9895999 0.9939071 0.99286443 0.9946157 0.9950863 0.9940729 0.99474895 0.9940842 0.9920815 0.99191254 0.9921962 0.9936072 0.99500465 0.9929515 0.994221 0.9907892 0.9910472 0.9910703 0.99039215 0.99176896 0.9891491 0.99249405 0.991595 0.9915626 0.9923382 0.9923739 0.9854846 0.9833499 0.9907161 0.9889876 0.9884793 0.9950074 0.99423057 0.99500495 0.99494123 0.9955553 0.99282926 0.99215245 0.99294657 0.9946465 0.99529296 0.99518496 0.99608946 0.99695426 0.99727625 0.9973817 0.9971423 0.9969436 0.9931129 0.9923991 0.9863648 0.98988515 0.9950257 0.9950553 0.99086344 0.9960929 0.9959552 0.9913896 0.9919783 0.9990042 0.9987883 0.99999976 0.9952672 0.9954487 0.9939327 0.9962045 0.99683046 0.996837 0.9964773 0.99451625 0.9945496 0.996694 0.99639773 0.99493974 0.9945642 0.99472827 0.99513674 0.9918184 0.9953332 0.9948199 0.9952643 0.9960005 0.9951557 0.9953145 0.99351424 0.9950117 0.9934992 0.9937505 0.99562466 0.9942305 0.9951513 0.9941276 0.99477106 0.992719 0.9941286 0.99429464 0.99602807 0.99538803 0.9948093 0.99350697 0.9944632 0.99553245 0.99527395 0.99518585 0.9950271 0.99572754 0.99569786 0.995381 0.9947123 0.9959701 0.9944374 0.9945903 0.99474734 0.9958267 0.99498194 0.9955632 0.9943038 0.9945433 0.99459934 0.9953134 0.99409544 0.99369746 0.9947082 0.99442124 0.99469924 0.9956666 0.99550486 0.99616736 0.99007636 0.99240786 0.99333507 0.99369496 0.99324507 0.99220455 0.98923135 0.9915199 0.99625325 0.99505246 0.9959077 0.995941 0.9954326 0.99689317 0.99638927 0.99086857 0.9914211 0.9911194 0.9880786 0.9954457 0.9947232 0.99440944 0.9939761 0.9936352 0.9962323 0.9960466 0.9954618 0.99471974 0.99552363 0.99611354 0.99478775 0.99477124 0.99647355 0.99660254 0.9964025 0.9955036 0.99351287 0.99493104 0.9940542 0.9918032 0.9928589 0.9954365 0.99322015 0.99191153 0.99572474 0.9951047 0.9935898 0.99340147 0.99475265 0.99029446 0.9892217 0.99540216 0.995981 0.99583125 0.9961014 0.99347675 0.9943968 0.992031 0.9950623 0.99369 0.99482304 0.9947951 0.9966879 0.99635154 0.99786747 0.9971315 0.997826 0.9977147 0.99628776 0.996647 0.9958851 0.9949446 0.99596304 0.9949454 0.9929626 0.9936728 0.9960818 0.9936083 0.99307835 0.99576724 0.9933438 0.9946077 0.9932574 0.99490935 0.99399626 0.9943587 0.9915647 0.9905092 0.9929144 0.9946218 0.9943453 0.9963467 0.99574536 0.99467057 0.99465525 0.9940057 0.9832966 0.9874611 0.9941275 0.994153 0.9918483 0.9931913 0.99507695 0.9902025 0.9920277 0.9951319 0.9902355 0.9838553 0.989584 0.9914732 0.99356776 0.9941608 0.9945 0.99467385 0.9904667 0.995334 0.9956365 0.99528974 0.9951687 0.9921549 0.9966887 0.9957948 0.9949811 0.9952995 0.9926556 0.9959599 0.99576 0.9956806 0.9933939 0.99558514 0.9965359 0.9965631 0.99487287 0.9933524 0.9958506 0.9965874 0.99681705 0.9973246 0.99750483 0.99717695 0.99783254 0.9942533 0.99460465 0.9921546 0.995098 0.9949924 0.99452347 0.9931421 0.9957314 0.9935817 0.99441123 0.9939247 0.9940945 0.9946288 0.99323344 0.9939618 0.99503917 0.99525285 0.9960972 0.99442333 0.99606776 0.99571645 0.9955961 0.99625635 0.99622726 0.9964187 0.99430203 0.99305815 0.9933735 0.9930828 0.9922125 0.9928488 0.99282455 0.99070996 0.9899828 0.9922051 0.99434286 0.9954888 0.9955348 0.99511 0.99657357 0.99559945 0.9968747 0.9951374 0.9947266 0.9967192 0.99642324 0.9964693 0.9949394 0.99298286 0.9920649 0.9929329 0.99457115 0.99558306 0.9949764 0.99525535 0.9896591 0.9876984 0.98637486 0.9948323 0.99280804 0.99236804 0.99587286 0.99590814 0.9956142 0.9959134 0.994916 0.99503356 0.99343216 0.9879395 0.99584603 0.99444056 0.99448514 0.99097574 0.99196297 0.9895983 0.9878511 0.99228287 0.9929721 0.99398637 0.99292064 0.9914025 0.9905493 0.99030197 0.9891857 0.9954897 0.99517804 0.9947646 0.99423844 0.99500215 0.99332035 0.99352455 0.9935797 0.9946063 0.9956639 0.99544835 0.994733 0.9955833 0.9942313 0.99596965 0.99575883 0.9964699 0.9946779 0.9927214 0.9907813 0.99468404 0.9899031 0.9912476 0.9949918 0.9920653 0.9878638 0.98907983 0.9909197 0.99533516 0.98917514 0.9945852 0.9920421 0.99492484 0.9950744 0.9929152 0.9937125 0.99345005 0.99328506 0.99408484 0.9914643 0.98996496 0.99167806 0.99073434 0.9913528 0.990687 0.9918551 0.99120784 0.99111575 0.9906427 0.9954666 0.9949488 0.9937278 0.9948691 0.9954552 0.99578005 0.9951018 0.99471635 0.9971792 0.9969549 0.99694204 0.9975789 0.9972522 0.99511355 0.9965853 0.9968623 0.99418855 0.9939934 0.99364877 0.9958986 0.99732405 0.99737537 0.99769104 0.9971486 0.99646395 0.9963862 0.99696517 0.9971916 0.99578285 0.9964745 0.9952142 0.99721026 0.9977849 0.9976465 0.9971388 0.9956105 0.9944909 0.9943544 0.99265456 0.99460757 0.9940017 0.99515253 0.99493104 0.9931032 0.99426794 0.9936721 0.9961936 0.99588317 0.9953961 0.995816 0.996093 0.9952644 0.99688643 0.9975269 0.9972959 0.9969909 0.9981828 0.9966627 0.99494725 0.9963548 0.9962903 0.9964471 0.9974734 0.9966838 0.99697423 0.99600375 0.99718475 0.99785763 0.9971727 0.9962094 0.9964197 0.99635345 0.9953515 0.9949906 0.99541926 0.99571705 0.99568224 0.99395585 0.99476945 0.99468243 0.9937181 0.99551237 0.9958092 0.9951536 0.9949427 0.9955899 0.9949636 0.992577 0.9907834 0.98828363 0.9902606 0.9916033 0.99097335 0.98889357 0.98658985 0.9939372 0.99333465 0.9952793 0.9965209 0.9958455 0.9961606 0.99562556 0.9965296 0.99612284 0.99427974 0.99452806 0.99451965 0.995562 0.9962005 0.9957365 0.996301 0.9942099 0.99127567 0.98911446 0.986591 0.9900681 0.9923253 0.99137264 0.9912048 0.9898186 0.99293864 0.99045706 0.9872873 0.9914972 0.9883354 0.9894378 0.9908887 0.98663574 0.9863179 0.98841417 0.9892583 0.9915629 0.9901308 0.9871932 0.988928
DxoricxNikolaV_SRP18821NikolaVDjKavaljerLaza-L2_1 0.99079233 0.9963033 0.99480104 0.99165964 0.99263805 0.99380666 0.99121004 0.9878787 0.9954898 0.9937782 0.9948724 0.99618256 0.99426305 0.99429536 0.9948249 0.99299955 0.9916817 0.99296224 0.99448925 0.99570006 0.9918514 0.9930208 0.99508697 0.9941186 0.9933183 0.9909202 0.9923568 0.9893049 0.99272263 0.9910944 0.9910268 0.99319255 0.991385 0.9845288 0.9816109 0.9920107 0.99148375 0.9880182 0.99619406 0.99684095 0.99551725 0.9945471 0.9958575 0.9925648 0.99281764 0.9950429 0.9950188 0.99571276 0.99658346 0.99448824 0.9971981 0.9960504 0.994572 0.99376076 0.99269146 0.99405426 0.99421823 0.98636687 0.99021924 0.9943176 0.99366564 0.9919292 0.9952697 0.99390495 0.9908648 0.99177814 0.9952197 0.9952148 0.9952672 0.9999997 0.9965192 0.9960531 0.9958655 0.9965722 0.9965513 0.9958223 0.9954001 0.994105 0.9968139 0.99815947 0.99530935 0.99357814 0.9954264 0.99583894 0.9939046 0.99691224 0.9954036 0.9972074 0.99685216 0.9957188 0.9970294 0.9908321 0.9943638 0.99278826 0.9929916 0.99552023 0.99344736 0.9962666 0.9936328 0.9929043 0.99122185 0.992454 0.9929026 0.99550223 0.9938576 0.99609965 0.99313027 0.9942341 0.9964988 0.9959724 0.99647367 0.99594074 0.9957574 0.9958589 0.9968194 0.9942859 0.9968314 0.9981021 0.9971098 0.9975371 0.9973637 0.9953829 0.99618506 0.9967083 0.9981346 0.99803954 0.99640703 0.99731076 0.9959114 0.9976374 0.9975502 0.9975558 0.99826133 0.9982823 0.9972177 0.98856604 0.99223983 0.993321 0.9937791 0.99435294 0.9937081 0.99057394 0.99329334 0.99678177 0.9960025 0.99616045 0.99728024 0.99743867 0.99792147 0.99817187 0.9926917 0.9931659 0.9911462 0.99013335 0.99626607 0.9955864 0.99488354 0.9929247 0.99266386 0.99340224 0.9931883 0.99158555 0.9913761 0.99198604 0.99289733 0.9914981 0.9917918 0.9950386 0.9934931 0.99573714 0.9935633 0.9908882 0.9938602 0.9933856 0.990788 0.99177325 0.9923781 0.9895563 0.9884909 0.99633765 0.9949498 0.9926823 0.9934653 0.99400735 0.9925409 0.9901814 0.9966465 0.9964903 0.9970278 0.99599004 0.99268883 0.99431807 0.99084204 0.99404895 0.99277407 0.996191 0.9965485 0.99809355 0.99742264 0.9971128 0.99509484 0.99618113 0.99710447 0.9951107 0.9970784 0.99550784 0.994625 0.9961953 0.9936269 0.99107325 0.99253047 0.9956464 0.99391353 0.993208 0.9951773 0.9929414 0.9947151 0.9929178 0.9936513 0.9929739 0.99323344 0.98830926 0.98706794 0.9906003 0.9932395 0.99180716 0.995136 0.9948106 0.99321854 0.99261487 0.9922188 0.988607 0.993243 0.9963574 0.9954064 0.995055 0.9959143 0.99402535 0.99257946 0.9937634 0.99530613 0.9895805 0.9823529 0.98913395 0.9917261 0.99571556 0.9948126 0.9941863 0.9961654 0.99306405 0.99695534 0.99753237 0.997036 0.99529326 0.992398 0.99643624 0.9962309 0.99566334 0.9962429 0.99366695 0.9966769 0.9959342 0.99374133 0.9928887 0.99628174 0.99753875 0.9964396 0.9943018 0.99233305 0.99606603 0.99577844 0.9964278 0.9971827 0.99702394 0.99692917 0.99627167 0.9951446 0.9961232 0.99504066 0.99648595 0.9962626 0.99416214 0.9941213 0.99522966 0.99461204 0.99350476 0.9912871 0.99462885 0.9947253 0.99205846 0.9940866 0.99581194 0.9956291 0.995938 0.99512243 0.9965245 0.99640876 0.9983187 0.9962584 0.99594885 0.9948192 0.99357957 0.99143535 0.9917356 0.991846 0.99090105 0.99165404 0.9905851 0.9941365 0.99297315 0.99510247 0.9974594 0.99709415 0.99785984 0.9973955 0.99760216 0.99721867 0.9982759 0.996668 0.9960419 0.9951757 0.9963702 0.9957984 0.9960043 0.9941431 0.9933897 0.9940875 0.9960277 0.9961977 0.99621356 0.99636585 0.9896703 0.9876894 0.98575664 0.995378 0.9930617 0.99358606 0.99749494 0.99650884 0.99661773 0.99678487 0.9944834 0.9958854 0.9927662 0.98759615 0.99654835 0.9958342 0.9963923 0.99369746 0.9927143 0.9908277 0.98951876 0.9946041 0.99382293 0.99429494 0.9926242 0.99184793 0.9905406 0.98975396 0.98536104 0.9981628 0.99811316 0.99705833 0.99729955 0.99791795 0.997906 0.99627346 0.9970747 0.9975855 0.99766505 0.9969115 0.9973066 0.99561614 0.99190545 0.99665296 0.99611676 0.9963882 0.9936299 0.99376535 0.9876934 0.9952516 0.9872271 0.9879982 0.9941798 0.98991716 0.9851324 0.98541445 0.9883117 0.99604386 0.9871324 0.9947418 0.9910358 0.99534833 0.9955147 0.9924859 0.9934538 0.9930096 0.9913331 0.99354285 0.9921301 0.9965865 0.99689317 0.9970372 0.99724513 0.99682224 0.99772793 0.996731 0.99597836 0.99660414 0.99522525 0.9924436 0.9918989 0.995401 0.99438095 0.9930284 0.99260134 0.99103165 0.9950332 0.99601746 0.9963952 0.9972682 0.9972702 0.9973041 0.99631816 0.9976654 0.9928339 0.9918402 0.99206424 0.99504745 0.9963037 0.99661565 0.996235 0.9963932 0.99462795 0.9962844 0.9965365 0.99627143 0.99489427 0.9957997 0.997128 0.99736553 0.99651206 0.9966009 0.99584997 0.9977689 0.9969098 0.9974235 0.99659985 0.99700874 0.998029 0.9976125 0.9975289 0.99616617 0.99634075 0.9966694 0.995268 0.99481255 0.9943167 0.9959692 0.9958658 0.9972374 0.9966532 0.9954231 0.9975563 0.9986757 0.99769175 0.9973358 0.9956428 0.9973377 0.99736685 0.9984497 0.9965285 0.9959452 0.9962085 0.9977756 0.99731547 0.9963032 0.9971845 0.9959159 0.996791 0.9970763 0.99713856 0.99387723 0.99595606 0.99613583 0.99632156 0.9956772 0.9983488 0.9966703 0.99477214 0.9970233 0.99646485 0.9944542 0.997394 0.9959816 0.9972232 0.99146575 0.989514 0.9849882 0.9879842 0.9884614 0.9880162 0.9865257 0.98364246 0.99554527 0.99670863 0.9970654 0.99737513 0.99693704 0.9973197 0.99716383 0.99675083 0.99745363 0.9957058 0.9957326 0.99573535 0.99708843 0.9973212 0.9962488 0.9961672 0.9936485 0.987414 0.98674303 0.9825146 0.9887593 0.99023163 0.9900592 0.98979145 0.98794204 0.99200314 0.9876283 0.9840229 0.9884997 0.9863289 0.9873873 0.9888262 0.98357075 0.9831383 0.98596716 0.9864064 0.9892305 0.9893601 0.9857329 0.9868246
DxuricxDusxan_SRP18962DusanDjKonacDelo-L2_1 0.9935409 0.9972429 0.99588764 0.9926716 0.9940328 0.9961236 0.99356055 0.9903466 0.99488854 0.9943129 0.9950027 0.99647003 0.9935255 0.993472 0.99592596 0.9934205 0.9936273 0.9944873 0.9957862 0.99574375 0.9920036 0.99347234 0.99463016 0.9943543 0.9942701 0.99157584 0.9936877 0.98965883 0.9939369 0.9918189 0.99218285 0.99428797 0.992906 0.9856746 0.98314434 0.99317944 0.9923287 0.9900007 0.9949299 0.9950786 0.9942771 0.9928069 0.9943896 0.9915899 0.9931038 0.9940524 0.9938609 0.99483955 0.99483675 0.9942394 0.9969822 0.99624294 0.9948465 0.99450594 0.99317735 0.99538815 0.9953272 0.98970413 0.992375 0.9958627 0.9958269 0.9933774 0.9961282 0.9949357 0.9928267 0.99373794 0.99607 0.9956833 0.9954487 0.9965192 1.0000011 0.9958296 0.99623615 0.9966228 0.9969815 0.9959326 0.99632823 0.99567187 0.99710625 0.9969741 0.99635106 0.9932199 0.9950252 0.9922655 0.99123096 0.99331 0.9923382 0.9941387 0.99454725 0.99293303 0.9942953 0.9922787 0.9962404 0.99456817 0.9942247 0.99626476 0.9942796 0.9947195 0.9947497 0.99389905 0.9931202 0.99425745 0.9944556 0.994015 0.99194604 0.9964554 0.9918997 0.9930144 0.99588865 0.9943032 0.9945469 0.99368936 0.99435675 0.9946398 0.9952714 0.9924422 0.99739224 0.9957562 0.9956575 0.9957807 0.99574065 0.99472845 0.99668527 0.99624133 0.99607944 0.9968845 0.99578685 0.9961151 0.9955822 0.9965598 0.99655086 0.9966613 0.9966479 0.9969146 0.9971454 0.9909527 0.99319035 0.9943664 0.99376386 0.9915085 0.9907267 0.9871405 0.99042344 0.99640685 0.9957094 0.9962986 0.99740404 0.9965786 0.9973413 0.9973263 0.9943301 0.993802 0.9931557 0.9906035 0.9974775 0.9963519 0.99575645 0.992369 0.9918597 0.9931281 0.9933644 0.9920629 0.99162364 0.99282557 0.9937922 0.99222904 0.9931851 0.9952705 0.99492973 0.9959373 0.9947837 0.990434 0.99314356 0.99224865 0.9893633 0.99104124 0.99464905 0.9919448 0.9910917 0.9971573 0.99575895 0.9935647 0.9935004 0.99206764 0.99040186 0.988169 0.9962221 0.99560803 0.99559367 0.99547225 0.9933506 0.9946298 0.99096423 0.99441725 0.99299985 0.995865 0.9967054 0.99744743 0.99657553 0.99706733 0.9946883 0.9943559 0.99565077 0.9938336 0.99663043 0.9940394 0.99297273 0.99430394 0.9919361 0.989583 0.99026996 0.9929679 0.9950378 0.99457157 0.9962484 0.99331605 0.9951595 0.9936258 0.99354696 0.99537593 0.9949322 0.99160194 0.990707 0.99314094 0.9953501 0.99471074 0.99438006 0.99614906 0.9952773 0.9948887 0.9937716 0.9895446 0.9926737 0.9974007 0.9961615 0.99539423 0.996046 0.9946722 0.99308896 0.9941485 0.9955933 0.988299 0.9808381 0.9879442 0.9909315 0.99575657 0.9959616 0.99456227 0.9963773 0.9919631 0.9954314 0.9956433 0.9956604 0.99470824 0.9936985 0.996553 0.99677086 0.9966436 0.9970301 0.9940832 0.9956892 0.99553186 0.99448353 0.99427754 0.995925 0.99704164 0.9967181 0.994833 0.9933758 0.9964368 0.99585134 0.99673545 0.9972673 0.9968188 0.9970347 0.996328 0.99578655 0.9967074 0.9941417 0.996092 0.9962137 0.9952883 0.9950719 0.9970313 0.9945654 0.9949801 0.99280155 0.9952929 0.99522907 0.99397975 0.99535346 0.99684054 0.9963186 0.996922 0.9960144 0.9968524 0.9963741 0.9977003 0.99671227 0.99639493 0.99570405 0.9930423 0.9906805 0.99227583 0.9908791 0.99001783 0.9904507 0.9908468 0.99480265 0.99384177 0.99504733 0.9964952 0.9963571 0.997263 0.9970131 0.9964741 0.9972103 0.9973618 0.9969473 0.9969434 0.99564415 0.99637437 0.9956255 0.9947731 0.9926552 0.9912169 0.9921674 0.997515 0.9975378 0.9972592 0.99730057 0.99064684 0.9879281 0.98672235 0.99267554 0.99031174 0.98974353 0.99789804 0.99647146 0.9964249 0.99675953 0.99506104 0.9959635 0.9935146 0.98912334 0.99683595 0.9951058 0.99573284 0.99376893 0.9931872 0.99172264 0.98959255 0.99543214 0.9954971 0.9963374 0.99465024 0.99436176 0.9933623 0.9921147 0.98470116 0.995802 0.9959673 0.99501014 0.9949636 0.995377 0.9948334 0.99393636 0.9939625 0.9949651 0.9958965 0.9949384 0.99535906 0.99612314 0.9924927 0.99612236 0.99649227 0.99589276 0.9928053 0.99366236 0.9874225 0.9956032 0.98797536 0.989045 0.9945966 0.990258 0.9850307 0.9862347 0.9884717 0.9966697 0.98800445 0.995596 0.99110013 0.99561995 0.9955521 0.99114186 0.99254566 0.99165237 0.99091446 0.9936168 0.99174047 0.99375963 0.9950601 0.99329895 0.9946351 0.99357796 0.99502903 0.9942211 0.99372494 0.99424237 0.99575424 0.9937642 0.9925904 0.9950792 0.99346375 0.9945445 0.99404186 0.99188757 0.9948843 0.9965561 0.99620354 0.9978315 0.99680483 0.9970015 0.99715924 0.9969405 0.9937232 0.99314654 0.9934051 0.99424696 0.9960888 0.99588495 0.9965263 0.99677444 0.9955062 0.9958102 0.9962944 0.99562556 0.99293417 0.9957657 0.99538547 0.9957224 0.9955967 0.9955249 0.9938155 0.995038 0.9939463 0.99564683 0.99309576 0.9955085 0.9956812 0.9951344 0.9964653 0.9948151 0.9949917 0.99551505 0.9958697 0.9959829 0.99591386 0.99685067 0.99643546 0.99673086 0.9965614 0.99664104 0.9970378 0.9965583 0.99700165 0.99741536 0.9959454 0.9971787 0.9978151 0.99651057 0.9952859 0.99632055 0.9973119 0.9968417 0.9966395 0.9963701 0.9973444 0.996784 0.9972242 0.9971804 0.99762845 0.9951743 0.99664104 0.99667686 0.9975156 0.9971241 0.99720955 0.99648124 0.9939207 0.99596167 0.99596286 0.9942477 0.99597573 0.9958299 0.99608195 0.9934214 0.9923047 0.98847663 0.99151653 0.9902536 0.99093896 0.99040496 0.98790854 0.9949283 0.99536085 0.99599445 0.9959987 0.9950826 0.99617845 0.9961422 0.9964762 0.99589485 0.99581975 0.99533504 0.9954245 0.99565667 0.99540997 0.9951373 0.99440056 0.9939606 0.98774236 0.9851702 0.9811525 0.98850125 0.99061555 0.9898735 0.9899351 0.9871764 0.9925844 0.9891213 0.9844645 0.9888444 0.9875013 0.9880793 0.9882788 0.9837346 0.98284996 0.98611313 0.9868473 0.9904827 0.9930152 0.9898483 0.9906415
DxuricyicxMladenSt_SRP19141MladenDjKadSumeTalasi-L2_1 0.9887392 0.9957716 0.9930102 0.9862259 0.98826545 0.99580383 0.9933084 0.9902306 0.9942571 0.9917115 0.99238193 0.9952272 0.99121743 0.9910781 0.9933908 0.989768 0.98969036 0.99129206 0.993511 0.9930292 0.98854345 0.9895857 0.9949988 0.9930151 0.99253476 0.989086 0.9911288 0.9856682 0.9920702 0.98875284 0.98888576 0.9926926 0.98924583 0.9790608 0.9750967 0.9913661 0.9905459 0.98597026 0.9941598 0.9929251 0.9915754 0.989664 0.9922794 0.9871425 0.99140114 0.99333215 0.9908087 0.9912219 0.99264723 0.9901515 0.9943463 0.9933618 0.9914338 0.9934978 0.992512 0.9923187 0.9928081 0.98703414 0.9889594 0.99274164 0.99274623 0.9903072 0.9955287 0.99458206 0.9928684 0.99363667 0.9940113 0.9957932 0.9939327 0.9960531 0.9958296 0.9999998 0.9960426 0.99456173 0.99597645 0.99376243 0.9969431 0.9959173 0.9954147 0.99576855 0.9952004 0.98886216 0.99176735 0.99026006 0.98718894 0.9907749 0.98852676 0.9913939 0.99169487 0.99046683 0.99126214 0.9869069 0.9934528 0.99186975 0.99177843 0.9928176 0.9910527 0.99133724 0.9921286 0.9903971 0.9904425 0.99056846 0.9903197 0.98994875 0.98689294 0.99296266 0.9869359 0.98858786 0.9922674 0.9903116 0.99078816 0.9895504 0.9903783 0.99037665 0.991914 0.9875676 0.9952063 0.9943112 0.9949548 0.9949301 0.9955751 0.99441224 0.99562657 0.995423 0.9950595 0.99710363 0.99346703 0.9976073 0.99652183 0.99629855 0.9955621 0.9967008 0.99504125 0.9949195 0.9960868 0.98602515 0.9902325 0.9915237 0.99126613 0.9891885 0.9868944 0.9829924 0.9862248 0.9947435 0.9934186 0.9925512 0.997053 0.99745435 0.9972034 0.9970177 0.9948814 0.9960487 0.99357665 0.9930252 0.99429274 0.992949 0.99262017 0.98648214 0.98558605 0.9917244 0.99065095 0.98966706 0.9888704 0.9900794 0.9909944 0.98755854 0.9895445 0.9921388 0.99231386 0.9924092 0.990894 0.98653066 0.9902222 0.98866546 0.98550546 0.98637617 0.99140966 0.98666596 0.9847734 0.9936924 0.99127775 0.9886276 0.98882914 0.98847497 0.9856768 0.98284066 0.9935568 0.9923202 0.9924927 0.99277997 0.9902109 0.9922614 0.98692715 0.991966 0.9886458 0.99387157 0.99478143 0.9975757 0.9969867 0.99558294 0.9934074 0.9918562 0.99371266 0.9916221 0.9962943 0.99275196 0.9911626 0.9919152 0.9915137 0.9898301 0.98979187 0.99027973 0.9920113 0.99305147 0.9939784 0.9894165 0.9939199 0.99038535 0.99042493 0.99331224 0.9927588 0.98615813 0.9856557 0.98868287 0.9911085 0.9908295 0.9907791 0.99369717 0.9923768 0.99358964 0.99079007 0.9937377 0.9951646 0.99316734 0.9933444 0.99388415 0.9932691 0.99100214 0.9935416 0.99202275 0.9917539 0.98363686 0.97635573 0.9837251 0.9876591 0.9939608 0.9924774 0.9959299 0.99875575 0.99688274 0.99662596 0.99587727 0.99558353 0.99712634 0.9969356 0.997488 0.9980756 0.9956973 0.9978278 0.99634683 0.9980588 0.9976921 0.9928257 0.9945606 0.9953419 0.9954027 0.99479777 0.9937942 0.99249387 0.9922942 0.99265677 0.9930488 0.996106 0.993611 0.99541086 0.99456334 0.99762326 0.99667233 0.9926452 0.99534684 0.9942789 0.9972173 0.99797314 0.9946856 0.9945437 0.9964025 0.9951135 0.9975129 0.9976131 0.99537605 0.9964174 0.9966892 0.9976344 0.9955516 0.99703413 0.9962687 0.99556804 0.9973937 0.99615914 0.9963525 0.9954767 0.9919982 0.9872284 0.99101686 0.98783904 0.98715323 0.9873234 0.98813915 0.99170667 0.9888958 0.9913402 0.99505544 0.99360126 0.995177 0.9958277 0.99424845 0.9964765 0.9949953 0.9963383 0.9953106 0.99308294 0.9946483 0.99387383 0.9917031 0.98904073 0.98754513 0.9892363 0.99442005 0.9936506 0.99444765 0.99471426 0.9866559 0.98328066 0.9817278 0.9894201 0.9867457 0.9861912 0.9971035 0.99452275 0.9935754 0.9935559 0.9916501 0.9935669 0.98868114 0.9847739 0.9945902 0.99212444 0.9929309 0.992127 0.98957866 0.9882498 0.98597366 0.9943529 0.992855 0.99397624 0.9916993 0.9927844 0.9905052 0.9901374 0.979274 0.99511266 0.99619067 0.993193 0.9937578 0.9949941 0.9964561 0.9966069 0.996007 0.9959837 0.99679774 0.9956594 0.99569124 0.9925729 0.98757577 0.99387866 0.9935627 0.99310386 0.98860306 0.9899228 0.98136526 0.9927216 0.98158765 0.9830471 0.99076563 0.9844828 0.9782614 0.97977453 0.9825192 0.9950556 0.98177266 0.9924475 0.98648024 0.9932716 0.9930608 0.9858118 0.9882307 0.9873233 0.98598045 0.98909444 0.98794997 0.99345016 0.99626255 0.9950768 0.9959316 0.9944576 0.995993 0.9955499 0.99433637 0.9949168 0.992929 0.9894552 0.9888755 0.9933414 0.9895613 0.9917642 0.9917847 0.9882476 0.9926014 0.99486893 0.9938984 0.99637383 0.99449944 0.9967489 0.99699813 0.9956067 0.9959199 0.9949167 0.9943094 0.99055266 0.99405694 0.99417186 0.9939077 0.99460316 0.99460936 0.9955709 0.9947862 0.9953963 0.99100465 0.9977229 0.9975124 0.99649835 0.9958884 0.9954982 0.993714 0.9943099 0.9923603 0.9957057 0.9927444 0.9953054 0.9960036 0.9943504 0.9972856 0.99479914 0.99417865 0.9972267 0.993768 0.9931637 0.99450934 0.99502486 0.9961474 0.99802995 0.99495107 0.9950299 0.99656105 0.99663985 0.996317 0.99827266 0.9968485 0.9973999 0.9980142 0.99568343 0.9942368 0.9973857 0.9954934 0.99427366 0.99512553 0.9947643 0.99669516 0.9947237 0.99670184 0.996306 0.99633825 0.99475783 0.9937777 0.9941715 0.995334 0.9974433 0.9944439 0.9926742 0.98883927 0.99235183 0.99216276 0.9898902 0.99274784 0.99212676 0.9925388 0.98864317 0.9873255 0.98249024 0.9865057 0.9849012 0.98547745 0.9847975 0.9816461 0.9975486 0.99841136 0.99793136 0.9964013 0.99376446 0.99588084 0.9975626 0.9957827 0.99647844 0.99788964 0.9972286 0.99773735 0.9971225 0.9958555 0.994974 0.9947208 0.9889264 0.98154545 0.9797608 0.9750576 0.98262197 0.9846031 0.98311394 0.9834326 0.9807083 0.9881295 0.9836463 0.9787793 0.98427993 0.9815768 0.98257643 0.98288876 0.97631615 0.97631204 0.97960526 0.98082846 0.985612 0.9904369 0.986473 0.9877941
GavrilovicxAndra_SRP18930AndraGPrveZrtve-L2_1 0.990323 0.99552476 0.9946339 0.9902165 0.9910968 0.99731624 0.9951687 0.9920094 0.99430954 0.9921483 0.99348 0.99496627 0.9926732 0.9924948 0.993948 0.99106914 0.9908476 0.9916911 0.9933806 0.99337375 0.9898827 0.99120283 0.9915006 0.9905844 0.9901172 0.9880936 0.98989916 0.986013 0.991545 0.98969704 0.9893715 0.99149626 0.9906976 0.9817038 0.9789696 0.9905359 0.98880154 0.9864093 0.99320203 0.99289584 0.99250185 0.99111605 0.9934436 0.9889608 0.99033827 0.9918394 0.99152535 0.9923381 0.99308836 0.99298936 0.9958559 0.9951727 0.99482095 0.99455696 0.99432474 0.9921691 0.9926431 0.986392 0.9891431 0.99438816 0.9943146 0.9900984 0.9938979 0.9935032 0.9918421 0.9920577 0.99552673 0.99556446 0.9962045 0.9958655 0.99623615 0.9960426 1.0000002 0.9980079 0.9989912 0.99709666 0.9971324 0.997558 0.99843556 0.9970463 0.99823475 0.9917821 0.99321365 0.99274737 0.9903673 0.9941755 0.99247 0.99438155 0.99454695 0.99306756 0.9938518 0.9894682 0.9976118 0.99514407 0.9956523 0.99702764 0.9963864 0.9964748 0.99688566 0.99640274 0.9954332 0.99485034 0.994356 0.9941128 0.99155027 0.99397874 0.9898162 0.9912542 0.994061 0.99308443 0.99320084 0.99290687 0.99335384 0.99354166 0.99477804 0.99113756 0.99639606 0.9950088 0.99422586 0.99444544 0.99613756 0.9952502 0.9962605 0.9955508 0.9957255 0.9966183 0.99532187 0.9959974 0.9950205 0.9956063 0.9949452 0.99572134 0.9956637 0.99581474 0.99670416 0.98768 0.99053514 0.9919623 0.991781 0.99134827 0.98962575 0.9866532 0.9895999 0.99553025 0.9938214 0.9944172 0.99694824 0.99693924 0.9977824 0.9975689 0.9930766 0.99390054 0.99227905 0.9908194 0.99547076 0.9938857 0.9926188 0.9917176 0.9919852 0.9945697 0.9932971 0.99263257 0.9913438 0.9929917 0.99363655 0.99034965 0.9915416 0.9943309 0.9947872 0.9951576 0.9942126 0.99013186 0.99306244 0.9917056 0.9890824 0.99025327 0.99359965 0.98952734 0.9882313 0.9944369 0.99268323 0.99033856 0.9898573 0.9908813 0.98812336 0.98634994 0.99504656 0.9953534 0.9951348 0.99498606 0.9919185 0.99335325 0.9891407 0.9930846 0.9911413 0.9940736 0.99521893 0.9974614 0.99737513 0.996448 0.99564165 0.9954955 0.9961744 0.99498874 0.9970726 0.9941707 0.9926698 0.99364215 0.99268234 0.9906828 0.99156016 0.99320894 0.9932769 0.99312437 0.99476326 0.9909836 0.9938143 0.99190587 0.99279726 0.9940295 0.9941369 0.99077135 0.9901536 0.99175054 0.9939021 0.99408686 0.99339473 0.9956334 0.99528253 0.9954877 0.99329424 0.9869926 0.98994875 0.99373734 0.9944583 0.99272287 0.99322844 0.9934805 0.9916913 0.9916583 0.99272835 0.9858006 0.97814465 0.9845234 0.9879599 0.9929589 0.9927062 0.9958999 0.9961777 0.99315345 0.99635905 0.99539465 0.9959794 0.9969367 0.9949065 0.99786276 0.9971846 0.99608195 0.99696606 0.99482626 0.9962368 0.99700934 0.9973917 0.9964381 0.9982339 0.9976772 0.99746215 0.997325 0.9965345 0.9940799 0.99404097 0.99459964 0.9959105 0.9950974 0.9968045 0.9956376 0.9957291 0.9945958 0.9913488 0.9946643 0.9950137 0.9960143 0.99573636 0.9954619 0.9936991 0.99516606 0.994358 0.9949436 0.9954941 0.9941446 0.99419624 0.99632466 0.99636054 0.9949028 0.99733406 0.99712414 0.9965933 0.9971535 0.99731994 0.99782115 0.99748933 0.9945589 0.9911184 0.99327874 0.9911999 0.9908247 0.9909247 0.99216145 0.9912922 0.990344 0.99352485 0.9960275 0.9950368 0.99621105 0.99689174 0.9960748 0.9969622 0.996812 0.9949895 0.99496484 0.9952166 0.99568033 0.99589854 0.9927348 0.99023795 0.98914486 0.990607 0.9947539 0.9944741 0.9944536 0.9947303 0.98872805 0.9859735 0.9844157 0.99243724 0.9900006 0.9897954 0.9958885 0.99417174 0.99439585 0.9947605 0.9923566 0.9933782 0.99043816 0.9841665 0.99434555 0.9928803 0.9932124 0.99023134 0.98971885 0.9879796 0.985551 0.99182963 0.9920714 0.9937303 0.9916878 0.9915024 0.9904393 0.9894005 0.9852596 0.99481267 0.9948265 0.9936385 0.99349314 0.9948198 0.99447453 0.9963556 0.9957053 0.9964299 0.9974622 0.9968411 0.9959535 0.99407977 0.9904485 0.99456686 0.9939999 0.9941139 0.99119663 0.9906939 0.98595303 0.99350494 0.98540837 0.9866817 0.99260724 0.9878327 0.983328 0.9842004 0.9868568 0.9943804 0.9845379 0.9927525 0.9885542 0.9926561 0.9934646 0.99075466 0.99168843 0.9917462 0.99044806 0.99246204 0.9893852 0.99133706 0.9944683 0.9924729 0.9931558 0.9920855 0.9937945 0.99252397 0.99229217 0.99258405 0.99366236 0.9925051 0.991422 0.99503875 0.9931121 0.9949159 0.9948962 0.9926636 0.9959809 0.99758196 0.99730027 0.9976575 0.9966546 0.9975792 0.9982676 0.99655306 0.9959575 0.9957778 0.9959586 0.994279 0.99643505 0.9963136 0.9963299 0.99576455 0.9974865 0.9977404 0.998106 0.9962368 0.99361724 0.99662495 0.9949017 0.99609184 0.99619085 0.99672014 0.9954211 0.9954564 0.9943167 0.9941017 0.9916719 0.9940358 0.9942434 0.9941899 0.995247 0.99277586 0.9927943 0.9939421 0.9955396 0.99574584 0.9958436 0.9964366 0.9966708 0.9970927 0.99630094 0.9964766 0.996948 0.99700487 0.99693865 0.997421 0.9960921 0.9961641 0.99707437 0.99617034 0.99521357 0.997066 0.99660724 0.9949284 0.9960883 0.99646646 0.9967894 0.9960952 0.9975256 0.9969834 0.996423 0.9975595 0.99678075 0.995813 0.9975442 0.9970814 0.99545956 0.99401397 0.9914813 0.99464023 0.9946817 0.9930267 0.9942055 0.99401754 0.9942746 0.9889415 0.98699236 0.98330754 0.9861782 0.9862684 0.9861686 0.9848084 0.9817568 0.9954902 0.9958634 0.99672556 0.9965309 0.99514955 0.99660796 0.99672997 0.99648833 0.9963419 0.9958357 0.9958166 0.9958366 0.9963888 0.9960848 0.9955062 0.99543566 0.9911356 0.9862848 0.9838783 0.98069024 0.9858052 0.988751 0.98771095 0.9878403 0.98564 0.99034286 0.98672414 0.9829353 0.98776937 0.9844655 0.9855719 0.98714584 0.9816035 0.9812258 0.98384184 0.98509383 0.9885879 0.99309736 0.9893256 0.99114186
GavrilovicxAndra_SRP18930AndraGPrveZrtve-L2_2 0.9910159 0.9953636 0.9953569 0.9929103 0.9938525 0.99476594 0.99256325 0.98769975 0.99714154 0.9960817 0.9970393 0.99730974 0.9969405 0.99696654 0.9968342 0.9949032 0.9940821 0.9942409 0.9953855 0.99676144 0.9950784 0.9956664 0.9929123 0.9927001 0.9927597 0.99220246 0.9930677 0.99071306 0.9948572 0.9944659 0.9935811 0.99486774 0.99495876 0.98687464 0.9846357 0.9917323 0.990055 0.98932743 0.9943593 0.9947537 0.9951249 0.99462295 0.9943628 0.9923613 0.99070334 0.9927012 0.99450755 0.995447 0.9963293 0.99639434 0.9983205 0.99748164 0.99699163 0.99441767 0.99402285 0.9933356 0.9926536 0.98583746 0.989663 0.9959255 0.99531734 0.99133116 0.9946284 0.9936596 0.9900145 0.9906793 0.99614555 0.99583066 0.99683046 0.9965722 0.9966228 0.99456173 0.9980079 0.99999976 0.9992385 0.99942344 0.996477 0.9965931 0.9983478 0.9986231 0.9975361 0.99299705 0.9936841 0.9951725 0.99267215 0.9961685 0.99569494 0.9964163 0.9972608 0.99371034 0.99542975 0.9941166 0.9965937 0.99581814 0.99633527 0.9974401 0.99541074 0.9970226 0.9963448 0.99657434 0.99477637 0.99611187 0.9963647 0.99721485 0.9956497 0.9952189 0.9938654 0.9951781 0.9967684 0.9961322 0.9965472 0.99587905 0.99574345 0.9960667 0.9964732 0.9941014 0.9971949 0.9965739 0.99567944 0.9957985 0.99709487 0.9959812 0.99797183 0.99806124 0.9979124 0.9974935 0.9981671 0.99694026 0.9936449 0.9956708 0.9958801 0.99614906 0.997406 0.9974729 0.9975103 0.9912113 0.99172777 0.99268097 0.9933305 0.9919079 0.99194545 0.9883671 0.99131376 0.9964481 0.9963868 0.997668 0.99594605 0.99528253 0.99701196 0.9978448 0.9906021 0.9910754 0.9899391 0.987135 0.99744266 0.9963246 0.9958706 0.9941285 0.99447757 0.99553716 0.99531144 0.9945733 0.9935418 0.9942515 0.9954348 0.99406356 0.99415743 0.9971514 0.9957802 0.99761856 0.9968011 0.99435586 0.99696803 0.9956768 0.9937477 0.9944055 0.99580187 0.99375063 0.99273735 0.99695337 0.9968266 0.99531513 0.9948761 0.99466395 0.9934643 0.9920804 0.9971477 0.99734867 0.9979498 0.99635154 0.99560905 0.9971919 0.9947926 0.99688756 0.9956585 0.9972681 0.997774 0.997095 0.99575174 0.99720687 0.99475574 0.9964905 0.9967943 0.995099 0.99571276 0.9943909 0.99359417 0.9957066 0.9925077 0.9898669 0.9911857 0.99529207 0.99568015 0.99428135 0.99631244 0.99480945 0.99540204 0.9945033 0.9960706 0.994641 0.9950281 0.99248606 0.99179 0.99410826 0.99638194 0.99534655 0.99644774 0.9968693 0.9962081 0.9954283 0.99526894 0.984779 0.98868746 0.99618006 0.9949379 0.9917331 0.9938742 0.99427813 0.9899692 0.9912691 0.99583024 0.9910616 0.984795 0.9894117 0.9917539 0.9930694 0.9940164 0.99346215 0.9954025 0.9898267 0.995609 0.995986 0.99515545 0.9942983 0.9917762 0.995961 0.9967345 0.9954331 0.9953737 0.994484 0.9954815 0.995836 0.9961918 0.9941995 0.9965747 0.9981103 0.9978734 0.9967578 0.9945752 0.9964436 0.99697834 0.99599487 0.99674004 0.9970631 0.9963442 0.99647725 0.99427557 0.9952076 0.99282175 0.99635154 0.9958398 0.9944098 0.9937134 0.99685186 0.9942383 0.99366915 0.9916661 0.993823 0.99477947 0.9939936 0.9932029 0.99634075 0.9956495 0.9958594 0.9949156 0.9959009 0.99531484 0.9972624 0.99701166 0.99614424 0.9951615 0.99747455 0.99632585 0.9971095 0.9962405 0.9960968 0.996228 0.996608 0.99232936 0.9914608 0.99364114 0.997299 0.9978705 0.9974358 0.99631506 0.9973636 0.9963381 0.9976469 0.99634343 0.9962958 0.99731404 0.9971503 0.99773633 0.99560803 0.99387175 0.99312675 0.99359953 0.9970455 0.9972287 0.99726856 0.9973354 0.9893273 0.9877958 0.9856409 0.995733 0.994726 0.9937045 0.9970495 0.9972772 0.99778026 0.9976399 0.9960453 0.9957201 0.9944101 0.9882614 0.99637485 0.99539185 0.99573606 0.9923594 0.9931857 0.9903974 0.9888459 0.99365604 0.99364114 0.9950712 0.99363637 0.9920626 0.9914752 0.99062467 0.99055535 0.99663293 0.9955978 0.9961754 0.99573463 0.99647456 0.9949266 0.9949159 0.9949404 0.99642956 0.99705684 0.99643344 0.9961377 0.99602216 0.9940829 0.99610776 0.99594337 0.9960855 0.9943027 0.9940366 0.99071664 0.99529946 0.9905026 0.99172163 0.9959178 0.99254555 0.9896129 0.98935306 0.9920859 0.9950781 0.9888533 0.994394 0.9924902 0.9944499 0.99457854 0.99525523 0.9966045 0.9964661 0.99565005 0.99636114 0.9929321 0.9920861 0.99313813 0.99195313 0.9935311 0.99297357 0.99421024 0.9930103 0.9932999 0.9930724 0.99646986 0.99477684 0.993741 0.9958065 0.996334 0.9957411 0.9956271 0.99450463 0.9971244 0.99819875 0.9987322 0.99837863 0.99857074 0.9964602 0.9974095 0.997279 0.99305683 0.9931152 0.9933376 0.9970663 0.99689686 0.99665797 0.99783325 0.99698883 0.9974237 0.9981379 0.998318 0.99704 0.99660516 0.9958403 0.99572533 0.99676704 0.99682766 0.9970002 0.9968742 0.9963998 0.99513596 0.9958612 0.99509954 0.9966216 0.995967 0.99677396 0.9963019 0.9956254 0.9961579 0.99422926 0.99811465 0.9982068 0.997436 0.9977447 0.99706477 0.9964055 0.997898 0.9972943 0.9967482 0.99730575 0.9969488 0.9969019 0.99427253 0.9972833 0.9974235 0.9975627 0.9962327 0.9955825 0.9977153 0.9972892 0.99854815 0.9977046 0.9977265 0.9980225 0.9972579 0.99729735 0.9965569 0.99499506 0.99625504 0.99651957 0.9974527 0.99597603 0.9969958 0.99665695 0.9955632 0.9974897 0.9971242 0.9958489 0.99724174 0.9959136 0.99699134 0.9921208 0.98990124 0.9862059 0.98882514 0.9906248 0.98955226 0.9878491 0.9844159 0.9933069 0.9945725 0.9959421 0.996923 0.9965689 0.9968596 0.9957085 0.99626356 0.99650115 0.9944687 0.9938277 0.9944831 0.9954995 0.9967456 0.9970317 0.99618566 0.9955727 0.9921241 0.9904279 0.9879919 0.99234045 0.99423707 0.99346685 0.9938703 0.99196553 0.99471915 0.9922733 0.98921907 0.9932605 0.99021673 0.9917838 0.9931748 0.98821664 0.9884558 0.9904937 0.99169034 0.9936244 0.9906116 0.9871284 0.9898125
GavrilovicxAndra_SRP18930AndraGPrveZrtve-L2_3 0.9917793 0.9961145 0.99560744 0.99227506 0.9932379 0.9967757 0.9946857 0.9902722 0.996108 0.9947297 0.99578613 0.9967104 0.9951906 0.9952143 0.9961966 0.99358726 0.99324244 0.9936419 0.9951799 0.9958214 0.99336773 0.99419886 0.993475 0.9926689 0.9926308 0.9912232 0.9926811 0.9890849 0.99385566 0.9926971 0.9919828 0.99393886 0.9933466 0.9853185 0.9827654 0.9920042 0.99048704 0.9888952 0.9944149 0.994331 0.994298 0.99357903 0.99449277 0.99125606 0.99109745 0.9929539 0.99364823 0.99466026 0.99544513 0.995335 0.99778754 0.99718904 0.99656665 0.9950538 0.9945057 0.99333805 0.99314505 0.98670465 0.99000204 0.99607795 0.9958334 0.9914071 0.99506754 0.99433875 0.9917278 0.9920557 0.9963422 0.996505 0.996837 0.9965513 0.9969815 0.99597645 0.9989912 0.9992385 0.99999964 0.9988155 0.9975364 0.9978384 0.9987518 0.9983629 0.9983997 0.9924773 0.9934721 0.9941155 0.99172175 0.9951182 0.9941352 0.9954236 0.99612856 0.9935651 0.994922 0.99271494 0.9976415 0.99679494 0.9970577 0.99784285 0.99661887 0.9971996 0.9974534 0.9971586 0.99630266 0.9966232 0.9965727 0.9959054 0.99394494 0.9954379 0.9927301 0.9941106 0.9963476 0.995421 0.99557453 0.9949411 0.99500275 0.9954238 0.9958476 0.99324423 0.99747664 0.9963097 0.99583364 0.9958292 0.9974056 0.9964806 0.9979662 0.99762386 0.9974037 0.99782324 0.9974692 0.99717385 0.9948536 0.9962591 0.99601716 0.996439 0.9969052 0.99712926 0.99763966 0.99032456 0.9917601 0.9928451 0.993139 0.9915816 0.9911909 0.9877451 0.99061835 0.9966102 0.99601287 0.99680024 0.99667066 0.99649495 0.9977126 0.9980545 0.992277 0.9930027 0.9918332 0.98942703 0.99712986 0.9956481 0.99496406 0.9932693 0.9934588 0.9950278 0.9947233 0.99383134 0.99265474 0.99359673 0.9946981 0.99302953 0.9935507 0.99639964 0.9958128 0.99675584 0.9960159 0.99283516 0.995742 0.9942604 0.9918977 0.9929206 0.9953702 0.99240667 0.9912467 0.9964817 0.99563676 0.9935971 0.99324775 0.9934188 0.9916141 0.9900138 0.99663067 0.9965662 0.9969321 0.99612767 0.9945884 0.9959754 0.9928319 0.9958018 0.9941157 0.99636716 0.9971477 0.9977796 0.9968785 0.99737865 0.9953533 0.99619716 0.99663603 0.9951995 0.9968114 0.9943811 0.99333155 0.9950655 0.9926311 0.99028724 0.99144423 0.994369 0.995166 0.9946046 0.9962471 0.99369687 0.9954087 0.9940292 0.9950486 0.99522555 0.99541134 0.99272704 0.99212027 0.99389523 0.99575543 0.99540323 0.99538344 0.99691904 0.99644697 0.99631745 0.99527353 0.98690736 0.99004793 0.99568564 0.9953606 0.99303055 0.9944683 0.99469626 0.9916833 0.99220246 0.9953039 0.9893566 0.9823393 0.98803425 0.99080116 0.9937321 0.9943827 0.9952082 0.9966886 0.99228686 0.9962854 0.9962004 0.9958436 0.9961985 0.99428564 0.99751407 0.9979929 0.9966954 0.99710995 0.99604183 0.99654174 0.9972751 0.9972646 0.9960663 0.99775493 0.9984573 0.9984388 0.99797523 0.99644834 0.99589235 0.9962544 0.99596834 0.99672216 0.9964951 0.99667126 0.9966412 0.99588865 0.99609643 0.9932388 0.99643725 0.9961973 0.9962107 0.9956025 0.99744564 0.99499375 0.9954844 0.994098 0.995557 0.9964088 0.995407 0.994756 0.99761754 0.99687123 0.99663854 0.99652386 0.9968391 0.996253 0.9976495 0.9978815 0.9973931 0.9965771 0.996666 0.99427456 0.99602276 0.99419576 0.9939798 0.9940219 0.9950297 0.99289525 0.99189264 0.9943904 0.99693483 0.99686503 0.9970733 0.99667895 0.99696124 0.99715954 0.9974538 0.9963566 0.9964062 0.9969166 0.9972221 0.9975112 0.9948844 0.9927236 0.99181485 0.9927401 0.996719 0.9967773 0.99665797 0.99688065 0.9894182 0.9872367 0.9854234 0.9943714 0.9927884 0.991909 0.99714434 0.99650115 0.9966965 0.9968455 0.99506974 0.99520916 0.9930775 0.9869797 0.99591017 0.99432546 0.9947601 0.99170226 0.99191964 0.9894267 0.9876091 0.99338746 0.9932548 0.9949683 0.99300134 0.9921522 0.99117017 0.9902926 0.98818123 0.9962621 0.9959089 0.99557966 0.9953197 0.9962409 0.9952376 0.9954639 0.9952358 0.9964573 0.9974022 0.9966738 0.9962294 0.9957914 0.99290484 0.9958677 0.9956969 0.9957579 0.9931722 0.99313134 0.988959 0.99496937 0.9887845 0.9900952 0.99507904 0.99115795 0.98735076 0.98779595 0.99029136 0.9954613 0.98741907 0.99403864 0.99109364 0.99434376 0.9946576 0.9933061 0.9947547 0.9945312 0.9935403 0.9948317 0.9918607 0.9924182 0.9946674 0.99282676 0.99409205 0.9931347 0.9947548 0.9934025 0.9935285 0.99356645 0.9962245 0.9944725 0.99351406 0.996043 0.9953965 0.99602455 0.9958893 0.9941676 0.9969464 0.9984224 0.9984148 0.99850214 0.9979643 0.9971598 0.9983433 0.9970725 0.9950064 0.99513906 0.99513435 0.9960196 0.9970641 0.9968476 0.9974499 0.9969653 0.99807394 0.9981995 0.99836373 0.99707806 0.9954492 0.997033 0.99606633 0.9969241 0.9970364 0.9973574 0.99645895 0.9960041 0.994882 0.9957149 0.99408674 0.99613225 0.9959564 0.99620664 0.99653006 0.99512887 0.99544436 0.99508315 0.9975779 0.9976438 0.9976518 0.9977537 0.99759465 0.99731237 0.99773467 0.997577 0.99731255 0.997425 0.9974978 0.9978514 0.9960735 0.9975106 0.9981044 0.9973148 0.9962443 0.9966909 0.998014 0.9967537 0.99788135 0.997608 0.9977814 0.99793196 0.99818844 0.9980836 0.9973644 0.997052 0.9972563 0.99697375 0.99825597 0.997332 0.9967513 0.99612284 0.9943137 0.9965607 0.99663645 0.99512094 0.9962938 0.9957866 0.9961179 0.9916382 0.9897056 0.9859222 0.9887465 0.9895444 0.98898435 0.98768234 0.9840637 0.99479026 0.99567074 0.99670994 0.9970663 0.9963055 0.99709946 0.996686 0.9968083 0.99670225 0.9958286 0.9951759 0.9956682 0.99629366 0.9966531 0.99652195 0.99615353 0.99393964 0.9899615 0.9876505 0.9847996 0.98966503 0.9919165 0.9909777 0.99125564 0.9892395 0.99314356 0.9901951 0.9866162 0.9912246 0.9879482 0.98933536 0.99067825 0.9855386 0.9853942 0.98771584 0.98901254 0.9918902 0.992381 0.988696 0.99085176
GavrilovicxAndra_SRP18930AndraGPrveZrtve-L2_4 0.9919028 0.99562997 0.9960459 0.99387676 0.99474984 0.99436843 0.992433 0.98714435 0.9975836 0.9970478 0.99774647 0.9976125 0.9978055 0.99782085 0.99747676 0.9961306 0.9952727 0.9951801 0.9959276 0.99733824 0.9963876 0.9968249 0.9932186 0.99345493 0.99383503 0.9938753 0.9942801 0.9926005 0.99591386 0.995819 0.99485826 0.99551165 0.99606407 0.9892129 0.9871237 0.9928114 0.99126554 0.99126625 0.9948683 0.99513763 0.99581534 0.9956525 0.99467546 0.99375737 0.99150884 0.99334264 0.9953376 0.9961287 0.9969131 0.99733686 0.9982085 0.9971027 0.99676234 0.99458486 0.99365145 0.99399 0.99314314 0.98695874 0.9908674 0.9967872 0.99615085 0.9924473 0.99509525 0.99402106 0.99040735 0.99091446 0.99607056 0.9953891 0.9964773 0.9958223 0.9959326 0.99376243 0.99709666 0.99942344 0.9988155 1.0000002 0.99614674 0.99614275 0.9980819 0.9982529 0.99693996 0.99339914 0.9937923 0.9954176 0.993048 0.9960639 0.9960698 0.99646866 0.9974797 0.9936076 0.9951906 0.99565136 0.9963071 0.9958235 0.99641174 0.99696267 0.9948921 0.9964467 0.9957534 0.99652606 0.99473745 0.99637336 0.9965749 0.99680746 0.99587303 0.99477863 0.99447584 0.9955 0.9965623 0.9959851 0.9964095 0.9959246 0.9958058 0.99617577 0.9961263 0.9944456 0.9964321 0.99557626 0.99457896 0.99472845 0.99632484 0.99508613 0.99774945 0.9977902 0.9976162 0.9968249 0.9983254 0.9965155 0.9930101 0.99501944 0.9955914 0.9957668 0.9972682 0.99721617 0.9970249 0.9928998 0.99252486 0.9933654 0.9943028 0.9918869 0.9923247 0.9885663 0.99135476 0.99630284 0.99604166 0.99740875 0.99485064 0.9938905 0.9961532 0.99684346 0.9902983 0.98982143 0.98844856 0.98529255 0.99736077 0.996575 0.99645907 0.99473745 0.99492157 0.99563885 0.99607134 0.9947042 0.9943845 0.9942858 0.9957797 0.99508953 0.9953991 0.997661 0.9962896 0.9975942 0.99718916 0.9955194 0.9976254 0.99660516 0.99502945 0.9955006 0.99674624 0.9953363 0.9945078 0.9972517 0.99725896 0.9965075 0.99602723 0.9953651 0.9938899 0.9924705 0.99740285 0.99775004 0.9981069 0.9968984 0.9967744 0.9974598 0.99609995 0.99747705 0.9966857 0.9975396 0.99750215 0.9965067 0.9947725 0.9969624 0.9942181 0.9960785 0.9965478 0.994907 0.9952065 0.9937349 0.9934322 0.9952488 0.9919666 0.989249 0.9907153 0.99527895 0.9964977 0.9948979 0.99694866 0.9962352 0.99628496 0.99584925 0.99714434 0.9954488 0.9960425 0.993864 0.99334115 0.9954442 0.99716103 0.9961042 0.9969764 0.99721485 0.9965642 0.99540913 0.9962061 0.9847283 0.9887111 0.99616665 0.9945719 0.99066347 0.9931158 0.9941969 0.9884575 0.99109185 0.99614006 0.99213064 0.98619586 0.99026936 0.9922267 0.9923692 0.9934659 0.9934428 0.99466634 0.98793364 0.9954541 0.9959072 0.9952134 0.9935403 0.99055535 0.9949443 0.9961818 0.9953885 0.9946427 0.99358696 0.9944254 0.99478835 0.99509925 0.9925863 0.9951729 0.99699116 0.9969097 0.99603665 0.9934387 0.99644613 0.9971785 0.9960199 0.9963815 0.9970248 0.9951116 0.99603504 0.9941381 0.9953494 0.99310356 0.9966755 0.99596375 0.9941793 0.9932251 0.99720156 0.99495316 0.99323785 0.99073476 0.9932448 0.99451 0.99379796 0.9932546 0.99599403 0.99564296 0.9961058 0.9939749 0.99518365 0.9946825 0.9966804 0.9965461 0.9950977 0.9941413 0.9979126 0.99678713 0.9976892 0.996921 0.9970339 0.9970221 0.9972396 0.9924729 0.99182796 0.993219 0.9964712 0.9976421 0.9970372 0.9955697 0.99718964 0.9952644 0.9968375 0.99647194 0.9965953 0.99801385 0.9977158 0.99840856 0.9961287 0.99496037 0.9940888 0.99466836 0.9974118 0.99726313 0.99758124 0.9976411 0.99041927 0.98945636 0.9873358 0.9963154 0.99568224 0.99421287 0.9968883 0.9978201 0.99819565 0.9978605 0.9970151 0.9965069 0.99565315 0.990155 0.99670666 0.99596363 0.9961445 0.99331725 0.99425113 0.99147785 0.9904559 0.99445355 0.9943855 0.9953672 0.9943815 0.99260587 0.9921675 0.991774 0.99270654 0.99603194 0.9946662 0.99615633 0.9951203 0.9958517 0.99440277 0.99374026 0.9938475 0.99539536 0.9963526 0.99621624 0.99626637 0.9964845 0.9953542 0.99625784 0.99641216 0.99635464 0.99546754 0.9953605 0.9926049 0.9960214 0.9926251 0.9937388 0.99689084 0.99424624 0.99183464 0.991819 0.994053 0.9953908 0.99095243 0.9951237 0.9941328 0.9951722 0.99496555 0.99605995 0.99691164 0.996742 0.99640334 0.99708825 0.994478 0.9920699 0.99222493 0.9915739 0.99310625 0.9932558 0.9937424 0.9931264 0.9938538 0.99332273 0.9969279 0.9948639 0.99395025 0.9960824 0.99653983 0.9954834 0.99521005 0.99435127 0.99710894 0.9981131 0.99861944 0.9981773 0.9983711 0.9953281 0.9967489 0.9963719 0.99220335 0.9920019 0.9919849 0.9974177 0.9962955 0.9961174 0.9975672 0.9968873 0.9974985 0.9979184 0.9977263 0.9972927 0.9972998 0.9951177 0.99518895 0.9962582 0.9965583 0.9962724 0.9968945 0.99550205 0.9939863 0.9952972 0.994985 0.9965022 0.9955434 0.9966088 0.99561465 0.9950181 0.99602187 0.993152 0.998503 0.99832386 0.99719244 0.99738514 0.9967461 0.9955269 0.997136 0.9974999 0.9967101 0.99697584 0.9962896 0.99665284 0.992938 0.99707556 0.9965822 0.99740374 0.99605525 0.99494934 0.9976654 0.9976323 0.99868417 0.9976245 0.9978132 0.9984502 0.9971202 0.9972652 0.99646515 0.99412984 0.99557555 0.996796 0.99663126 0.99526036 0.9962721 0.99664474 0.99570817 0.9971852 0.9969172 0.9960624 0.9971593 0.9957212 0.99698395 0.9933233 0.99102783 0.9878111 0.9900502 0.99229974 0.9909995 0.98936224 0.985977 0.99178994 0.9934545 0.99506354 0.99646264 0.9963305 0.9961905 0.99507606 0.99586785 0.99607617 0.9932792 0.9924931 0.9933459 0.99445224 0.99607784 0.9965737 0.99554944 0.99626684 0.9937956 0.9922206 0.9897609 0.99416345 0.99560493 0.9948969 0.9951974 0.9936179 0.99596167 0.9940697 0.9914427 0.99476296 0.99216384 0.993662 0.9946121 0.9900972 0.9904715 0.99228865 0.99343413 0.9951805 0.99048495 0.98766685 0.9906025
GavrilovicxAndra_SRP18964AndraGDespotovaVlastela-L2_1 0.9905229 0.9961144 0.9944028 0.98824126 0.9904227 0.9965408 0.9941072 0.99008125 0.99487615 0.99337554 0.9937752 0.99614334 0.9926925 0.9926874 0.9956599 0.9922142 0.99232775 0.99353105 0.9955711 0.9943405 0.99084944 0.9916499 0.9945212 0.9929922 0.9926734 0.98949367 0.99166423 0.9868435 0.99361086 0.99084353 0.9900507 0.9936419 0.99163926 0.98399353 0.9804784 0.9936213 0.99237674 0.9890017 0.99455565 0.9932254 0.9926046 0.99113333 0.99327123 0.9885355 0.9919366 0.9941316 0.99202937 0.9920824 0.9938237 0.9920976 0.9953308 0.99422586 0.99242073 0.99293137 0.9917767 0.9936143 0.99385446 0.9887832 0.9906215 0.9950896 0.9946383 0.99193 0.99599713 0.9948717 0.99445003 0.99457145 0.9945188 0.99556434 0.99451625 0.9954001 0.99632823 0.9969431 0.9971324 0.996477 0.9975364 0.99614674 0.9999996 0.9988855 0.9975036 0.9974054 0.9985093 0.99012035 0.99260074 0.9898763 0.9866177 0.9909156 0.98936146 0.99144083 0.99251693 0.9897877 0.99113655 0.9897369 0.99603605 0.9952934 0.99541324 0.9947729 0.99288386 0.99319535 0.9941679 0.992946 0.9944674 0.99467295 0.9939339 0.9917965 0.9889535 0.9927404 0.9877767 0.9895821 0.9932347 0.9911616 0.991629 0.99048 0.9909667 0.99188244 0.9922024 0.98839486 0.996063 0.99476194 0.9948541 0.9946654 0.996115 0.9943385 0.99762464 0.99700224 0.9960175 0.9975167 0.9951329 0.9977167 0.99677503 0.99664676 0.99608177 0.9969148 0.99582505 0.9955368 0.9971336 0.9886072 0.9910896 0.99210286 0.9922276 0.9874286 0.98616076 0.98164785 0.98540634 0.9953493 0.9945388 0.9946727 0.99591374 0.9964038 0.99612993 0.99653834 0.99472195 0.9949439 0.9926304 0.99128026 0.9957551 0.9946857 0.9934763 0.98889554 0.98833317 0.9914293 0.99057406 0.9899153 0.989021 0.990211 0.9911932 0.9888554 0.9907546 0.99393374 0.9934473 0.99388283 0.9926026 0.9882016 0.99228877 0.98981416 0.9869992 0.98791206 0.99423355 0.9902374 0.9892282 0.9956651 0.9933454 0.9911047 0.9905546 0.98906404 0.9863815 0.98385876 0.9954933 0.9941342 0.993879 0.99331194 0.9930919 0.9950054 0.98965126 0.99407816 0.99149954 0.9956148 0.996661 0.9973519 0.9955978 0.9947665 0.99202776 0.99236685 0.9937481 0.99175507 0.99532187 0.99012953 0.98880816 0.9904213 0.9887418 0.986827 0.9871639 0.98942226 0.9951432 0.9963003 0.9964894 0.9920053 0.9963046 0.9926718 0.9932633 0.99649715 0.9953802 0.9901464 0.98982644 0.9920354 0.9938336 0.99365807 0.9913988 0.9955074 0.99429834 0.9950609 0.99292684 0.9918211 0.9931061 0.994128 0.99340445 0.99240935 0.9924501 0.99092436 0.9922929 0.9905068 0.9927005 0.98444146 0.97726727 0.9837509 0.9872725 0.9921202 0.9923635 0.99618435 0.99740595 0.9935682 0.9945563 0.9940067 0.9946295 0.99550325 0.996372 0.9969107 0.9981495 0.9959476 0.99764466 0.9956082 0.99690044 0.9966046 0.9943071 0.99538004 0.9953659 0.99582076 0.9954958 0.9949451 0.99301374 0.99413455 0.99471116 0.99462754 0.9966302 0.99427015 0.99534804 0.99557877 0.9968644 0.9968705 0.9916464 0.99501365 0.99441266 0.9967825 0.99744296 0.9955853 0.9941529 0.9952803 0.9935785 0.9966511 0.9971152 0.9953457 0.9963372 0.99722975 0.99712545 0.9957358 0.99686384 0.995853 0.9947824 0.99740875 0.99658245 0.99605256 0.9955928 0.99359435 0.9899421 0.99362904 0.99030143 0.9901006 0.99013746 0.9913211 0.99423677 0.9917089 0.9934856 0.9960702 0.99559236 0.9962788 0.9967147 0.99596584 0.99618745 0.99577224 0.996913 0.9967718 0.99495953 0.9955152 0.995258 0.99240875 0.990029 0.9879073 0.98966086 0.99585265 0.99519485 0.99582016 0.9964417 0.9873992 0.98458433 0.9826862 0.9896303 0.9876396 0.98614013 0.99754757 0.99517035 0.9949823 0.99476445 0.99284065 0.9939695 0.99018246 0.9855316 0.99530375 0.992056 0.99284446 0.9922812 0.9900103 0.98796684 0.9859851 0.99454397 0.99281585 0.9947771 0.9920289 0.99312526 0.9911003 0.98976165 0.98216283 0.99445915 0.9952061 0.99390525 0.9936821 0.99469346 0.9951335 0.99437946 0.99306965 0.99433935 0.9956844 0.9945154 0.99474883 0.9946632 0.9903364 0.99548084 0.99553466 0.99482626 0.99104154 0.9923299 0.98514676 0.9946069 0.98532796 0.98686826 0.9932056 0.9873525 0.9827579 0.9841067 0.98659617 0.995925 0.9853962 0.9937373 0.9891317 0.9941691 0.99380666 0.9884198 0.990299 0.98975277 0.9889098 0.99148774 0.98894477 0.9922791 0.9946995 0.9942454 0.9956783 0.9938554 0.9954776 0.9949641 0.99429977 0.9942966 0.9945827 0.9913905 0.9898846 0.9943081 0.99155325 0.99299324 0.99322 0.98994774 0.99306434 0.99560905 0.99512494 0.99679697 0.9954096 0.99633896 0.99745023 0.9952265 0.9945001 0.99385005 0.9940572 0.9915719 0.9938118 0.99377704 0.99441993 0.9947327 0.99603754 0.9961318 0.9955036 0.99491376 0.99139404 0.9965965 0.9961298 0.9950617 0.99483305 0.99455273 0.9933511 0.99314797 0.99081695 0.9947283 0.9918297 0.99459445 0.9945772 0.9935913 0.9960867 0.994575 0.99473464 0.99569637 0.9953393 0.9954576 0.9959216 0.9963087 0.9968082 0.99734324 0.9954413 0.9955009 0.99641055 0.9968759 0.9955819 0.9976062 0.9955662 0.9970251 0.9976393 0.9952569 0.99341565 0.9962443 0.99622285 0.9959043 0.9960867 0.99515146 0.9967472 0.9961984 0.9978019 0.9966542 0.9964082 0.99515116 0.9944528 0.99448955 0.99625 0.9985447 0.99433374 0.9929898 0.9897319 0.9930439 0.99287814 0.9910718 0.99314404 0.991821 0.9928215 0.9897021 0.9886931 0.98437357 0.987415 0.9866472 0.986932 0.9862636 0.9828234 0.99514383 0.99601567 0.99592954 0.99536574 0.99287003 0.99484473 0.99593824 0.9946163 0.9947803 0.9964232 0.9949821 0.9956019 0.9950993 0.9944845 0.99458647 0.9929695 0.9901568 0.98440313 0.98204243 0.97796404 0.9864841 0.9883914 0.98665625 0.98742557 0.98400587 0.98934984 0.98628527 0.98149174 0.9861852 0.98361576 0.98499924 0.9853596 0.9789276 0.97931886 0.9821961 0.9838392 0.9877808 0.9938545 0.9900753 0.99223536
GavrilovicxAndra_SRP18964AndraGDespotovaVlastela-L2_2 0.99060786 0.99548596 0.9946157 0.98885024 0.990403 0.9971995 0.9954104 0.99205226 0.9938988 0.9923571 0.9928962 0.9951884 0.99181855 0.9916727 0.9948126 0.99099946 0.99145883 0.9927762 0.9944989 0.9926335 0.9894729 0.99041516 0.9925823 0.9905501 0.9907133 0.9878879 0.9900756 0.9848695 0.991947 0.9894731 0.98871833 0.9921676 0.9903022 0.9829052 0.9796305 0.99258906 0.9910693 0.98832774 0.9934882 0.9917889 0.99161077 0.990401 0.9928551 0.9878109 0.9910838 0.99277794 0.99094504 0.99155545 0.9928572 0.9919647 0.99509734 0.9944523 0.9934596 0.9937324 0.9930555 0.99257225 0.9929207 0.9882642 0.98979825 0.9946254 0.9944982 0.99053866 0.99475497 0.9943202 0.9937884 0.99369204 0.99447227 0.9956407 0.9945496 0.994105 0.99567187 0.9959173 0.997558 0.9965931 0.9978384 0.99614275 0.9988855 1.0 0.99799126 0.99643713 0.9986623 0.98955554 0.99146324 0.9896336 0.9862308 0.99059457 0.98895454 0.99107677 0.9921522 0.99020517 0.99135536 0.9893514 0.9965696 0.99599 0.99662524 0.9955198 0.9943769 0.9938383 0.9958448 0.9950508 0.99603796 0.99530125 0.9943203 0.9914377 0.98848534 0.99252516 0.9877351 0.9894414 0.9928289 0.9911063 0.99126047 0.990113 0.990725 0.9916991 0.9917414 0.9882993 0.99569345 0.9936521 0.993676 0.9933909 0.9954314 0.9939648 0.99697876 0.9955555 0.99459136 0.9963401 0.99449944 0.99631727 0.9953255 0.9949868 0.9942241 0.99507207 0.99418473 0.9943612 0.99613273 0.98807377 0.9903059 0.9915921 0.99148786 0.9875172 0.98612857 0.9821739 0.9856149 0.9952505 0.9939204 0.99401367 0.9956272 0.9958138 0.9960072 0.99605644 0.9938458 0.99421847 0.99243754 0.99073726 0.9949573 0.99376553 0.9924104 0.9888528 0.98905945 0.9917254 0.9910922 0.989958 0.98915976 0.9901916 0.9912469 0.988948 0.99088144 0.9933924 0.9938786 0.99347144 0.9930416 0.98838377 0.99192977 0.9895748 0.9868497 0.9880302 0.9938529 0.9899526 0.9886688 0.9948965 0.9927565 0.99026793 0.98942566 0.9884825 0.9861804 0.9836883 0.99493265 0.99373364 0.9936473 0.99350715 0.9925567 0.9941306 0.98928034 0.99363816 0.9909324 0.9941851 0.99569166 0.9967304 0.9953411 0.9948462 0.9926476 0.9923868 0.99340826 0.9920269 0.99523914 0.9903087 0.98918647 0.98999196 0.9894752 0.9879146 0.9881635 0.98930997 0.9947821 0.99577105 0.9957152 0.99139357 0.99540955 0.9926598 0.99286157 0.9962396 0.99560416 0.9917749 0.9914971 0.9928102 0.9944744 0.99492747 0.99164414 0.9954663 0.99551135 0.99623305 0.9938302 0.98961437 0.9908656 0.9938765 0.9944347 0.9927192 0.9930609 0.9923558 0.9927777 0.991612 0.99316245 0.9849479 0.9771086 0.9839879 0.98737365 0.9924762 0.99320775 0.9964652 0.9966326 0.99295324 0.99428195 0.9935436 0.99415505 0.9959598 0.99632627 0.9970046 0.99804497 0.99660283 0.9972691 0.9954385 0.99629486 0.99689597 0.99629015 0.99688655 0.99630994 0.99604934 0.9962975 0.99649894 0.9951367 0.99355423 0.9938002 0.99408776 0.99544024 0.99354213 0.9948988 0.99527156 0.9964683 0.99576163 0.9907189 0.99421185 0.99399465 0.99731505 0.997269 0.99578744 0.99405867 0.9955431 0.9939401 0.99621624 0.9966669 0.99480164 0.99587643 0.99731565 0.99680907 0.99551487 0.9970327 0.9959484 0.9947981 0.99638 0.9972468 0.996551 0.99593633 0.99401295 0.989572 0.99375516 0.9898814 0.99017996 0.98953027 0.9913362 0.99287355 0.9910448 0.9936744 0.9951922 0.9945007 0.99512696 0.99569637 0.9949492 0.9961091 0.99502945 0.9958188 0.99634236 0.99516994 0.9953418 0.99525493 0.99163365 0.98913807 0.9872014 0.98906827 0.9947571 0.9942321 0.9944114 0.9949247 0.9876709 0.98482466 0.98341346 0.9895663 0.9872497 0.9858343 0.9962086 0.9937392 0.9937602 0.9939734 0.9920505 0.99275357 0.98932844 0.98421115 0.9944715 0.9913958 0.9919326 0.990472 0.9889877 0.9869695 0.98483837 0.99271846 0.99199265 0.9943575 0.99153274 0.99278986 0.99080133 0.9894682 0.98263216 0.9931515 0.9936593 0.99267334 0.992286 0.99347365 0.99368685 0.9943931 0.9927728 0.994083 0.9955529 0.9946924 0.99415827 0.9943156 0.989583 0.99425954 0.9944368 0.9938141 0.9899484 0.99080575 0.98454845 0.9935035 0.98466456 0.9864912 0.9931246 0.98734784 0.98287994 0.9843074 0.98653674 0.99480855 0.98448074 0.99234337 0.98791385 0.9927755 0.9928289 0.98812926 0.9897547 0.98936975 0.98845935 0.9911242 0.988539 0.99074686 0.9940132 0.9923352 0.99386024 0.99190885 0.99383235 0.9934277 0.9928362 0.9925297 0.9941794 0.9920562 0.9907806 0.9940894 0.99153095 0.99405795 0.9940736 0.99133354 0.9932587 0.99586767 0.99488354 0.9966878 0.99453104 0.9954067 0.9971172 0.99431247 0.99503195 0.99454474 0.99468035 0.9913584 0.99363184 0.993546 0.99433297 0.9941934 0.9963422 0.9958345 0.99566567 0.9950973 0.99109596 0.9966557 0.994433 0.99426913 0.9943297 0.9945422 0.9931777 0.9924933 0.9904891 0.992962 0.99015707 0.99358886 0.993139 0.9924796 0.9947883 0.9928223 0.993114 0.99422693 0.99475706 0.9947851 0.9956283 0.9955374 0.9961496 0.99644095 0.99499553 0.99556875 0.9959672 0.9957624 0.99539644 0.99706924 0.9959271 0.9964239 0.99683905 0.99437535 0.99347484 0.99660265 0.99649763 0.9945614 0.9953269 0.9951801 0.9960081 0.99604195 0.9978453 0.99694514 0.99609625 0.99637735 0.9950178 0.99498224 0.99651825 0.9976584 0.993689 0.9928274 0.98945194 0.9929161 0.99348474 0.99215686 0.9927021 0.99274045 0.99249405 0.9888301 0.9878497 0.9843342 0.98685277 0.9859472 0.9861005 0.98538494 0.9820651 0.994225 0.9948649 0.9954868 0.9951089 0.9926189 0.9946906 0.9955422 0.99469805 0.9944079 0.9954777 0.9943529 0.9951044 0.99435127 0.99376714 0.99402666 0.992895 0.98956835 0.98437786 0.9814101 0.97781205 0.98545367 0.98773396 0.9858558 0.98662525 0.9834849 0.98892295 0.98579264 0.98133224 0.98611146 0.9829131 0.9843887 0.9849492 0.97875804 0.9787068 0.98149407 0.98340535 0.9875175 0.99417275 0.99101233 0.9931862
GavrilovicxAndra_SRP18964AndraGDespotovaVlastela-L2_3 0.99358577 0.99721104 0.9973416 0.9940363 0.99450296 0.9971144 0.995467 0.99270785 0.99578404 0.99482536 0.99566734 0.9967359 0.9949161 0.9946724 0.99618405 0.993954 0.99386084 0.9948 0.9958359 0.9950005 0.99214816 0.9936626 0.9932943 0.99258095 0.99277043 0.9913835 0.99263954 0.9893669 0.9936271 0.99212927 0.99204046 0.9933816 0.9928655 0.9866852 0.9844718 0.9932374 0.9919768 0.99047333 0.99529344 0.9951819 0.9949962 0.9940233 0.99558896 0.99257505 0.9931077 0.9941763 0.99440366 0.9952101 0.99545556 0.99575263 0.9973695 0.9966032 0.9965741 0.9964613 0.9953054 0.9955964 0.9957126 0.9901459 0.993069 0.9969184 0.9967706 0.99352586 0.9960239 0.99557173 0.9935977 0.99396175 0.996807 0.995999 0.996694 0.9968139 0.99710625 0.9954147 0.99843556 0.9983478 0.9987518 0.9980819 0.9975036 0.99799126 0.99999976 0.9981232 0.9983854 0.9946272 0.9958296 0.9948146 0.9928722 0.99580014 0.9946196 0.99629945 0.99644196 0.9956021 0.99622077 0.992992 0.99768543 0.99621046 0.99659514 0.99793 0.9965838 0.99722964 0.9968376 0.99705577 0.99572426 0.996217 0.9957594 0.9949485 0.99346495 0.9956795 0.99303794 0.9940059 0.9959769 0.99531 0.99521226 0.99535686 0.99562967 0.99603844 0.9963577 0.99398416 0.9965417 0.99548507 0.99446476 0.994925 0.99622977 0.99450743 0.99716026 0.9961668 0.9965807 0.99705815 0.99702156 0.9964546 0.9953634 0.99607056 0.9961433 0.9963989 0.9969332 0.9971125 0.99726564 0.99143153 0.9934172 0.9946757 0.99470794 0.9937787 0.99287605 0.98999953 0.99268794 0.9970836 0.9952136 0.995934 0.99710214 0.9964332 0.9978372 0.99751246 0.99396473 0.99340427 0.99218225 0.99008954 0.99697673 0.99588704 0.99513155 0.9943267 0.9946534 0.9948407 0.9951259 0.99312955 0.9930628 0.9936267 0.99471426 0.99324906 0.99455196 0.9962326 0.9963108 0.9965332 0.99610746 0.99283314 0.9950233 0.99411774 0.99205315 0.9934259 0.99523115 0.99263287 0.9915519 0.996777 0.9951948 0.99359936 0.9932029 0.9935526 0.99069566 0.9885507 0.99699163 0.9972825 0.997013 0.9972845 0.9944453 0.99501204 0.99224097 0.9952711 0.99413073 0.99590963 0.99664307 0.9979524 0.997367 0.99777764 0.99644107 0.9963417 0.99734557 0.99645513 0.99783653 0.9948887 0.994416 0.99463993 0.9937714 0.99166924 0.99293673 0.99486244 0.9960484 0.99534005 0.99693495 0.9945904 0.99593633 0.9953798 0.9954402 0.99624264 0.9967829 0.99412864 0.99353635 0.99515325 0.9965253 0.9963715 0.9959545 0.99716187 0.99721485 0.9963881 0.9959951 0.98768055 0.99141747 0.99620295 0.99655914 0.99401194 0.9953289 0.9958112 0.9919296 0.9942909 0.995671 0.98955166 0.981389 0.987939 0.9904896 0.994597 0.9951372 0.99660933 0.9963057 0.9916558 0.9971791 0.99693596 0.99728954 0.996491 0.99350846 0.9972838 0.99728906 0.9976573 0.99704075 0.9940593 0.995873 0.9964701 0.99681145 0.99508166 0.9972877 0.9975694 0.9976381 0.99680126 0.9954334 0.9964423 0.99617445 0.9969781 0.99685836 0.9970343 0.99658734 0.9964684 0.9962922 0.99625754 0.9940837 0.99656594 0.99696726 0.9962837 0.99556804 0.997153 0.996215 0.995284 0.99309963 0.99510866 0.99552226 0.99381274 0.9953892 0.99711466 0.9970402 0.9970912 0.99680746 0.99744993 0.9972415 0.9979595 0.99819314 0.9975192 0.99687076 0.99522966 0.99218583 0.9940844 0.9927067 0.99254 0.99243516 0.9928429 0.994294 0.9938691 0.9960848 0.9964617 0.9964754 0.99732023 0.99747574 0.99737763 0.9970602 0.997755 0.9963517 0.997102 0.99730295 0.9975199 0.9974348 0.9959389 0.9943545 0.99335873 0.99458045 0.99689364 0.9965034 0.9964578 0.9966754 0.99296814 0.9906857 0.9894321 0.9949475 0.9925208 0.9921369 0.9972742 0.9962785 0.99663067 0.99713856 0.995404 0.9959661 0.9938658 0.98839086 0.9968939 0.9959387 0.9960386 0.99337065 0.9932745 0.99158716 0.9898319 0.99452865 0.99493873 0.99597615 0.9943586 0.9940617 0.9933517 0.99236125 0.9883997 0.9957671 0.99522275 0.9955441 0.9948296 0.9956983 0.99562776 0.99527895 0.99515325 0.9959015 0.99724245 0.9973031 0.9968611 0.99655867 0.99344707 0.99629563 0.9963758 0.99588794 0.99397844 0.99417233 0.98960626 0.9959403 0.9894882 0.9905156 0.9954966 0.99187315 0.9877039 0.98880553 0.9907201 0.9960724 0.9889128 0.9949317 0.9918257 0.9950874 0.9955989 0.9930795 0.99344456 0.99330115 0.9923479 0.99469817 0.9932702 0.993384 0.9948117 0.9936966 0.9945395 0.99420834 0.9947589 0.9944925 0.99455535 0.9946138 0.9961069 0.9946959 0.99390227 0.9965037 0.9949611 0.99572676 0.9954058 0.9936542 0.99606514 0.9980229 0.99774945 0.99831885 0.997447 0.9970648 0.997704 0.9969412 0.9951894 0.99410343 0.9940592 0.99551105 0.9961898 0.99649704 0.99670315 0.996696 0.99723744 0.997574 0.99813455 0.9976679 0.9954087 0.9967054 0.99522716 0.99656504 0.9966962 0.99683666 0.99625796 0.99540806 0.9945386 0.9942806 0.9927971 0.9950038 0.9950844 0.995206 0.9953611 0.9932445 0.9940752 0.9938251 0.9967728 0.9966152 0.9963663 0.9972041 0.9973185 0.99688977 0.99670875 0.9971743 0.99806386 0.99773055 0.9977286 0.99800676 0.9960158 0.99739385 0.9973087 0.99698293 0.99664855 0.9970842 0.9977121 0.99702764 0.9974105 0.99764067 0.9975951 0.9978076 0.9985257 0.99854434 0.99805987 0.9966097 0.997558 0.99789965 0.9978334 0.99696416 0.99671215 0.9961575 0.9938209 0.996143 0.9966037 0.9953974 0.9962243 0.99624014 0.9963402 0.99304396 0.9911831 0.9877852 0.9902163 0.99033606 0.990353 0.9891636 0.9863799 0.9938917 0.99477863 0.9961133 0.9969683 0.9961779 0.99691695 0.9967086 0.99710995 0.99669045 0.99458647 0.9943984 0.9946313 0.9952773 0.99568456 0.99520165 0.9949665 0.9934789 0.9892967 0.98698664 0.98353624 0.98922974 0.9913658 0.9907126 0.9906425 0.9887661 0.9929894 0.98985195 0.9864695 0.99039304 0.9882005 0.98887265 0.98992145 0.9853425 0.9845789 0.987247 0.9881623 0.9914067 0.9937298 0.9911331 0.9925145
GavrilovicxAndra_SRP18964AndraGDespotovaVlastela-L2_4 0.99100673 0.9962832 0.99542266 0.9924833 0.9936991 0.99446505 0.99196535 0.9869997 0.99703664 0.9957823 0.9965934 0.9975153 0.99632394 0.99642015 0.9965054 0.9946046 0.9934786 0.9941023 0.9955647 0.9969618 0.99447644 0.9951389 0.9949619 0.9945132 0.9942687 0.9927484 0.9937538 0.9911587 0.99484104 0.99369097 0.9929828 0.9949158 0.9941274 0.986475 0.9837805 0.9926143 0.9915334 0.9895445 0.9959396 0.9962487 0.99596435 0.99530226 0.99550116 0.9928 0.9922597 0.9947203 0.99536365 0.99608153 0.9972463 0.99577814 0.9981084 0.9969732 0.9957328 0.9939476 0.9929196 0.9942363 0.99383324 0.9866138 0.99055386 0.99591994 0.9952296 0.99247235 0.9958696 0.9944992 0.9914915 0.9921898 0.99611014 0.99607044 0.99639773 0.99815947 0.9969741 0.99576855 0.9970463 0.9986231 0.9983629 0.9982529 0.9974054 0.99643713 0.9981232 1.0000002 0.99768513 0.99300337 0.9944304 0.9951489 0.9927679 0.9960797 0.9953121 0.99643534 0.9970357 0.99396044 0.9955262 0.9928491 0.9953059 0.9951406 0.99534875 0.9962857 0.99438655 0.99647856 0.99501914 0.9945915 0.9933856 0.99505544 0.99539584 0.99645376 0.9950806 0.99521977 0.99342775 0.9949094 0.99677783 0.99604386 0.9965842 0.99598235 0.9956017 0.9958648 0.9962316 0.99405855 0.997246 0.997575 0.9969374 0.997223 0.9979757 0.99630713 0.99783194 0.9982646 0.99849 0.9984788 0.9977712 0.9980094 0.9951887 0.9972529 0.997593 0.997674 0.99831307 0.99831575 0.9981241 0.9899902 0.9917759 0.992647 0.993402 0.9927783 0.9928386 0.98920804 0.99221283 0.99692535 0.9967409 0.9976246 0.9961437 0.99624455 0.99720937 0.9979427 0.99165666 0.9920356 0.99008834 0.988124 0.9971584 0.996385 0.99596226 0.99348277 0.9934237 0.9942663 0.9939881 0.9930362 0.99244016 0.99295807 0.9941546 0.99290276 0.9930769 0.99627745 0.9943931 0.99653476 0.99487007 0.9927457 0.99577963 0.9946236 0.9923855 0.9931465 0.99430895 0.9919965 0.99133503 0.9972957 0.9965948 0.9948562 0.99491173 0.9946343 0.99277264 0.9908808 0.996916 0.99660224 0.997203 0.9958678 0.99477744 0.99651545 0.9934747 0.9960283 0.9948739 0.9975911 0.99770445 0.99770796 0.9966343 0.99726945 0.9945699 0.9960259 0.9969475 0.99510574 0.9962911 0.9942382 0.9934921 0.9956875 0.9922589 0.98978823 0.9912427 0.995081 0.99563 0.99492514 0.9965443 0.9948088 0.9959637 0.9944623 0.9957064 0.9945574 0.9947344 0.99049646 0.9897209 0.992794 0.99508375 0.9937092 0.99581593 0.9962706 0.99457216 0.9941048 0.99400043 0.9877021 0.9918755 0.99616295 0.99452925 0.9927676 0.9944589 0.99356806 0.99073905 0.9918567 0.9955074 0.9904918 0.98413885 0.9895038 0.9918774 0.9938759 0.9941745 0.9942827 0.9965472 0.99201864 0.99632263 0.9971078 0.99620366 0.99509823 0.9925982 0.9964432 0.99711853 0.9956328 0.9963018 0.995023 0.99661857 0.996249 0.99496025 0.9935018 0.9961507 0.9978162 0.99723166 0.9957833 0.9934705 0.9962187 0.99686205 0.99636656 0.9974489 0.9972947 0.9964582 0.9965334 0.995434 0.9967474 0.9944639 0.9970453 0.99640065 0.9949335 0.99487495 0.99671817 0.9952512 0.9941434 0.9918902 0.9951295 0.99574924 0.9941461 0.9945211 0.99683386 0.99644583 0.9965394 0.9951305 0.99588287 0.99555445 0.9979761 0.9967227 0.9958915 0.9949149 0.9961903 0.9946494 0.99558127 0.99482644 0.99454516 0.9948765 0.99445224 0.993965 0.99238825 0.99411774 0.9974349 0.99790907 0.99784887 0.99700564 0.99767005 0.9966437 0.99794936 0.9969299 0.99641824 0.99648404 0.99704266 0.9969475 0.99608326 0.99450743 0.9936886 0.9942068 0.9974792 0.99733937 0.99754304 0.9979328 0.98964643 0.98809963 0.98596406 0.9955936 0.9943848 0.9938222 0.99773943 0.997713 0.9978673 0.9978065 0.9958939 0.99638337 0.9941151 0.9884844 0.99661136 0.9954911 0.9959039 0.9935653 0.9932634 0.9906841 0.9894416 0.99478734 0.9937605 0.9947714 0.9931835 0.992162 0.99094373 0.9901203 0.98855346 0.9975525 0.99716616 0.99708384 0.9971081 0.997717 0.99693877 0.9952144 0.9957744 0.99682665 0.9973172 0.9966359 0.9968717 0.99589574 0.9934426 0.9968407 0.99652135 0.9966857 0.9944134 0.99461865 0.9896104 0.99559116 0.9893875 0.99048346 0.9955167 0.9916808 0.9882444 0.9880413 0.9909121 0.99604625 0.9886046 0.99501586 0.9924728 0.9954325 0.9953463 0.99390894 0.9954259 0.9950934 0.99386555 0.99512506 0.9929302 0.9942552 0.994931 0.9950027 0.99605286 0.9954885 0.99655163 0.99541295 0.99519336 0.9952609 0.99638844 0.9934545 0.9926312 0.9956689 0.9952626 0.99386305 0.9939529 0.9925118 0.9958594 0.9972525 0.9976707 0.99777186 0.9983589 0.99691194 0.99726146 0.99758184 0.9929662 0.9926344 0.992869 0.996057 0.996351 0.9963002 0.9969009 0.9967184 0.9961863 0.99717337 0.99733007 0.99702924 0.9963181 0.9965954 0.99745184 0.9976453 0.9973052 0.9973634 0.99707115 0.9968207 0.99566466 0.99711674 0.99643904 0.9972879 0.99756134 0.99779326 0.99745315 0.9968108 0.9972573 0.9958962 0.9973694 0.99745965 0.9967907 0.9975448 0.99750155 0.9977118 0.9982894 0.9966991 0.9973812 0.99840826 0.99736357 0.99750113 0.99479204 0.99785036 0.9977856 0.99830455 0.99626017 0.99564165 0.997036 0.9981028 0.9983975 0.9974026 0.9978762 0.99745554 0.9974388 0.99749374 0.99713486 0.9944545 0.9960749 0.99654275 0.99718815 0.9966125 0.9974572 0.996598 0.9950155 0.997015 0.996434 0.9948616 0.99732476 0.9954735 0.9969942 0.99246395 0.9903309 0.98609173 0.9890121 0.9902758 0.9895413 0.9878737 0.9843589 0.9945566 0.99606925 0.9967544 0.9974149 0.99696666 0.9971676 0.9967798 0.99668086 0.99719167 0.99535817 0.99466425 0.99518996 0.99629843 0.99716425 0.99665576 0.99614465 0.99473387 0.99014604 0.9891754 0.98599386 0.9914118 0.9928721 0.99239707 0.9924544 0.99047035 0.99345905 0.99051917 0.9872318 0.9913152 0.98878515 0.99023694 0.9914877 0.9861379 0.9864317 0.9887967 0.9896449 0.99190235 0.9898414 0.9862686 0.9883644
GavrilovicxAndra_SRP18964AndraGDespotovaVlastela-L2_5 0.9897808 0.99520147 0.9945711 0.98962057 0.9910077 0.9969 0.9952953 0.9910892 0.9939005 0.9925809 0.9933424 0.99546325 0.99260527 0.9923965 0.99507844 0.99181896 0.9920903 0.9930383 0.99483436 0.99343973 0.99004763 0.9912605 0.9922338 0.99118 0.9908146 0.98807764 0.99023366 0.9859591 0.99216115 0.99032074 0.98970306 0.9922967 0.99141055 0.9825657 0.97970456 0.99197507 0.9904438 0.98806447 0.99334526 0.9931854 0.9926968 0.9908343 0.9930294 0.9886862 0.99080896 0.9927088 0.99183816 0.99223375 0.9935719 0.99236035 0.9956483 0.9946016 0.9936942 0.9929638 0.9928154 0.9930001 0.9931562 0.9877913 0.99000263 0.99522173 0.99500614 0.99132395 0.9941694 0.99317133 0.9931976 0.9932595 0.99427974 0.99488133 0.99493974 0.99530935 0.99635106 0.9952004 0.99823475 0.9975361 0.9983997 0.99693996 0.9985093 0.9986623 0.9983854 0.99768513 0.99999994 0.99057454 0.99262637 0.9901976 0.9874779 0.99196565 0.99049366 0.99259794 0.9932688 0.9907123 0.9920308 0.98966855 0.99694157 0.9966166 0.9969212 0.99645245 0.9952979 0.9955833 0.99628204 0.9952651 0.9962345 0.9959995 0.9952111 0.99305546 0.9902088 0.9923891 0.9883226 0.9899704 0.9936499 0.9920513 0.9923876 0.99162173 0.9916932 0.99262935 0.9931376 0.9894132 0.99606186 0.99503684 0.994875 0.9948545 0.99656737 0.9949841 0.99707127 0.99622 0.9959052 0.9970076 0.9955065 0.99642515 0.9955243 0.9960484 0.9956553 0.9962983 0.99560845 0.9957821 0.99702084 0.98810416 0.9904118 0.99170774 0.99140984 0.9883824 0.9872903 0.9834481 0.98703194 0.9950131 0.99388653 0.99483436 0.9958828 0.9960573 0.9964825 0.99691457 0.9933604 0.99382925 0.9924827 0.9909122 0.99572664 0.9944148 0.9932842 0.9900102 0.9905486 0.9920126 0.991005 0.99043185 0.98955876 0.9910904 0.9916657 0.9889739 0.9904725 0.9936083 0.9935599 0.99420804 0.9931799 0.9886066 0.9919603 0.9899682 0.98729885 0.9886079 0.99352974 0.9900635 0.9888243 0.9951481 0.9932029 0.99075186 0.99036026 0.9890847 0.9866182 0.98441195 0.9952123 0.99460286 0.99457484 0.9937635 0.9922956 0.9941196 0.989503 0.99359936 0.9915515 0.9948957 0.9962072 0.99685013 0.99556893 0.99501616 0.9929409 0.99353266 0.9944879 0.99342436 0.99534464 0.99108416 0.99014825 0.9914091 0.9897599 0.9880339 0.98864204 0.9907913 0.99435043 0.9946123 0.9954368 0.99153453 0.9945709 0.9922546 0.99304855 0.9951857 0.99490696 0.99145377 0.991166 0.9924532 0.9945017 0.99467057 0.99217385 0.9955556 0.9949956 0.99532497 0.99317575 0.98788357 0.9905421 0.9942386 0.99406385 0.99217427 0.9927792 0.9927214 0.9911838 0.990884 0.9927044 0.9851242 0.97729015 0.98382664 0.9871618 0.99197584 0.9926624 0.9952962 0.99633276 0.99233675 0.99470764 0.9940875 0.9948887 0.99571854 0.99486625 0.99693066 0.9970811 0.9959554 0.9970383 0.9951458 0.9957423 0.99639684 0.99640137 0.9957988 0.99643165 0.9965892 0.99669015 0.99698645 0.99562454 0.9943602 0.9946939 0.9948989 0.9961841 0.994665 0.99617445 0.9957372 0.9955976 0.99523497 0.99085844 0.9942746 0.99413544 0.9960099 0.99584514 0.9955138 0.9931245 0.994943 0.9936433 0.9955666 0.99578583 0.9950887 0.9944389 0.9968824 0.9959989 0.9950438 0.9966161 0.99609023 0.9955011 0.9970404 0.996696 0.99677837 0.99644417 0.99412495 0.99066925 0.99375236 0.9907014 0.9907841 0.990695 0.99216247 0.9926554 0.9913153 0.9938017 0.995698 0.9952393 0.9959615 0.9964184 0.9957698 0.996149 0.99639803 0.9952311 0.9956288 0.9945302 0.9949089 0.99504894 0.99181944 0.9895678 0.988081 0.9894221 0.9954782 0.9947337 0.99497443 0.99551547 0.9875984 0.9850188 0.98325574 0.99065626 0.9885052 0.98745877 0.99641705 0.99452317 0.99494743 0.99527377 0.9926391 0.9934336 0.9903138 0.9849928 0.99455214 0.99243146 0.9930398 0.9913664 0.99018896 0.9881093 0.9859031 0.9928111 0.99220705 0.99439955 0.99190366 0.9924601 0.99106854 0.9893384 0.9836394 0.9944865 0.9948265 0.9940213 0.9943276 0.9952302 0.9949088 0.9941283 0.99321157 0.9944809 0.9956479 0.9947275 0.9945055 0.99431 0.9901825 0.9949101 0.99450547 0.9940828 0.9908381 0.99127376 0.9854122 0.9937146 0.98523706 0.98668027 0.9928464 0.9875172 0.98328525 0.98427653 0.9868943 0.99468774 0.9849819 0.9929688 0.98862433 0.99304223 0.9934438 0.989122 0.9907454 0.990575 0.98946226 0.991645 0.9883308 0.99132675 0.99368167 0.99264824 0.9940291 0.9926495 0.99429727 0.9932134 0.9928063 0.99301434 0.9943238 0.9925738 0.99107736 0.994205 0.9923656 0.9938985 0.9941138 0.9915552 0.9941136 0.99659693 0.9963651 0.996914 0.9961016 0.99713635 0.9978813 0.99601656 0.994946 0.9946499 0.9954895 0.9925437 0.99453586 0.9943759 0.99519205 0.9947346 0.9968414 0.99676144 0.99683404 0.9946771 0.99186623 0.9958328 0.99470866 0.994818 0.9948935 0.99538165 0.9939682 0.9936085 0.99224764 0.9934338 0.9910712 0.99347115 0.993782 0.9933547 0.9950761 0.9934252 0.9935988 0.9939943 0.9953013 0.996506 0.9966272 0.99684834 0.9970415 0.99674296 0.9958364 0.9957689 0.996305 0.99664235 0.99577516 0.9967732 0.995588 0.996329 0.99716014 0.9951736 0.9935437 0.995839 0.99615973 0.9952529 0.99592286 0.9957475 0.99620086 0.99602133 0.9973341 0.9969095 0.9964152 0.9963858 0.9962843 0.99527985 0.9977419 0.99800056 0.9948549 0.99364936 0.9906245 0.9940163 0.9938719 0.99223274 0.9938381 0.99297345 0.9936066 0.9888076 0.98767316 0.9839745 0.9864786 0.9862234 0.98633134 0.98525727 0.9821648 0.9940363 0.9947711 0.9951707 0.9951158 0.99316764 0.9946747 0.99501663 0.9946908 0.9946614 0.9946073 0.99396205 0.99412626 0.9944362 0.99410045 0.99388397 0.9928717 0.99034446 0.9852389 0.98252743 0.979118 0.9863403 0.98875475 0.9873237 0.98794335 0.98501664 0.98953694 0.9865622 0.9822626 0.98685086 0.98412424 0.98525214 0.98619413 0.980406 0.98045015 0.9831954 0.9846026 0.98816353 0.99401355 0.9904387 0.9923746
GavrilovicxDraga_SRP18840DraginjaGIzUcitZivota-L2_1 0.99438345 0.9943614 0.9952004 0.99414486 0.99419874 0.9911361 0.9897138 0.9891279 0.99148136 0.9933189 0.9944671 0.99395996 0.99309593 0.9931011 0.99323386 0.99360687 0.9935273 0.99383 0.99402237 0.99360466 0.9917597 0.9938844 0.9899857 0.99149865 0.99142146 0.9916229 0.99249506 0.99099606 0.9913637 0.9907832 0.99159706 0.9905131 0.9914296 0.98959935 0.9884138 0.99112874 0.9905532 0.99059474 0.99359995 0.9942104 0.99424833 0.9937884 0.9947588 0.99434274 0.9931449 0.9927881 0.99460757 0.9947386 0.99312615 0.99577445 0.99450165 0.99413455 0.9950124 0.9950856 0.99338526 0.9955675 0.99489796 0.9903543 0.993961 0.99542814 0.9954847 0.9942959 0.99482554 0.99491227 0.9906327 0.99161375 0.9952495 0.9928026 0.9945642 0.99357814 0.9932199 0.98886216 0.9917821 0.99299705 0.9924773 0.99339914 0.99012035 0.98955554 0.9946272 0.99300337 0.99057454 0.9999999 0.99902064 0.994662 0.9938123 0.99523175 0.9953591 0.9958978 0.9950176 0.9966339 0.9965278 0.99413025 0.9933819 0.99046737 0.98999435 0.9945659 0.9917864 0.9939354 0.99054253 0.99199486 0.98935926 0.9924266 0.9920029 0.99285895 0.9936526 0.9944208 0.9937563 0.99364686 0.99329305 0.9933093 0.99272245 0.9941931 0.99543476 0.9955124 0.99514365 0.9953196 0.9913953 0.9905293 0.98938453 0.98998183 0.99049675 0.98820645 0.9918703 0.9905452 0.99234724 0.9911728 0.99372655 0.99044245 0.99187356 0.992535 0.99323803 0.99281687 0.99451864 0.99438286 0.9927584 0.9924164 0.9950552 0.9958992 0.99605703 0.99390113 0.9931166 0.99040264 0.99258465 0.9941309 0.9911097 0.9924195 0.99311644 0.9919954 0.99373317 0.99237734 0.991317 0.98896664 0.9888438 0.9864982 0.9932643 0.99340034 0.9929876 0.9957317 0.9954176 0.9922137 0.99394447 0.9908788 0.9924779 0.992463 0.9929812 0.9939057 0.9946852 0.9946443 0.9948795 0.9943289 0.9940355 0.9919435 0.99199927 0.9928759 0.990849 0.992914 0.9935821 0.99328935 0.9930163 0.99437976 0.9930891 0.99306905 0.9929542 0.99352074 0.98851144 0.9863 0.9946602 0.99605614 0.99432015 0.99636227 0.9920395 0.9906752 0.9904946 0.99230844 0.99301755 0.9926791 0.99198455 0.99418044 0.993848 0.9956583 0.99541944 0.99579656 0.99638283 0.995524 0.99504495 0.9944665 0.9949926 0.99435604 0.99368316 0.9911847 0.99294245 0.995944 0.9921914 0.99030185 0.9933242 0.9928717 0.9919611 0.9933302 0.99234277 0.9921802 0.9932446 0.99127746 0.9904694 0.9923552 0.9938022 0.99320674 0.99492437 0.9941173 0.9938309 0.9922403 0.9939522 0.9817979 0.987066 0.99373776 0.99426466 0.9914196 0.9930597 0.9945922 0.9874628 0.9926335 0.99398947 0.9885196 0.9804321 0.9871583 0.98867875 0.992892 0.9934239 0.99215806 0.9901472 0.9844838 0.99315065 0.99363387 0.99443763 0.99077654 0.98585945 0.9918729 0.99120975 0.99368906 0.99173385 0.98663706 0.9899729 0.98992366 0.9895877 0.9864717 0.9907822 0.9919398 0.99173635 0.9893976 0.98754394 0.9959346 0.995233 0.9966679 0.9940352 0.9960763 0.99353665 0.9946493 0.9916771 0.9930274 0.9931646 0.9944769 0.9950198 0.99086905 0.98914415 0.99420524 0.9937349 0.9911388 0.9880543 0.9902743 0.9900185 0.9881071 0.99220717 0.9921581 0.99280894 0.99525744 0.9909043 0.9940925 0.9938922 0.9938175 0.9934875 0.9922191 0.9920565 0.98859584 0.98796105 0.98735094 0.9885581 0.98726285 0.98842925 0.987334 0.9926604 0.99421275 0.9940222 0.99121577 0.99334884 0.9941411 0.99384826 0.9954864 0.9927614 0.9951582 0.9930433 0.9937709 0.99490666 0.9952424 0.9943512 0.9956318 0.99545485 0.9941775 0.994678 0.9934851 0.99375945 0.9934067 0.99357134 0.99455154 0.99307567 0.99247706 0.9940414 0.991057 0.99125564 0.99365705 0.994413 0.9948823 0.9954081 0.9953376 0.99557793 0.9949925 0.9908848 0.99596965 0.9958419 0.99567014 0.99280125 0.9936307 0.99268395 0.99149865 0.99253696 0.99431795 0.99393255 0.99377185 0.99201554 0.992361 0.99170154 0.98826057 0.99323714 0.99235284 0.9940301 0.9920855 0.99239194 0.99183244 0.9882889 0.9889178 0.98975205 0.99149305 0.9923167 0.99327946 0.99561214 0.9954419 0.99532104 0.9955599 0.9954617 0.99634266 0.9950452 0.99350023 0.99629486 0.9929334 0.99300754 0.99443686 0.9936215 0.9893296 0.9914303 0.99162143 0.9940598 0.99271697 0.9952183 0.99418753 0.99550444 0.9960196 0.99274904 0.99106693 0.99054205 0.9913174 0.9934271 0.9938869 0.9916585 0.99036884 0.99066395 0.99077135 0.99164534 0.9907706 0.9914874 0.99216735 0.99192154 0.99382293 0.9934011 0.9925466 0.99378705 0.993295 0.99216837 0.9912189 0.99075186 0.99305874 0.99393916 0.9942466 0.99463874 0.9951595 0.99219155 0.9925099 0.9934753 0.99000335 0.98798436 0.98752064 0.9935523 0.9927784 0.99426734 0.9939037 0.9946149 0.99307406 0.9929956 0.9933218 0.99455965 0.99331295 0.99120003 0.9892532 0.992208 0.99330986 0.9922609 0.9926861 0.99198806 0.9915793 0.9896016 0.9889177 0.98986304 0.99039096 0.99093914 0.9892329 0.98672414 0.9887364 0.9875813 0.9929007 0.9921312 0.9909247 0.99204886 0.9924173 0.99077535 0.9924383 0.99363816 0.99532163 0.99397635 0.9948898 0.9930403 0.99050313 0.9924001 0.99201554 0.99308944 0.9944769 0.9923167 0.99317205 0.9948353 0.9935 0.99357015 0.9934415 0.9935432 0.99392277 0.9940803 0.99423265 0.9903028 0.99326473 0.99541855 0.99176824 0.98977023 0.9935293 0.99372303 0.9926437 0.99318457 0.99416727 0.9934865 0.993271 0.994433 0.9942039 0.99567044 0.9940658 0.99292874 0.99386436 0.9940407 0.9943825 0.9932153 0.99203867 0.9873567 0.9878275 0.9897485 0.9918616 0.99240524 0.9917792 0.9910241 0.99281377 0.991786 0.9882212 0.98904985 0.98839414 0.989953 0.99100596 0.9906768 0.9909173 0.9928563 0.99019927 0.9878603 0.98371375 0.9898666 0.9917915 0.99212825 0.9907113 0.9896107 0.9918378 0.989922 0.9869423 0.98981035 0.9885657 0.9885346 0.9892197 0.9865992 0.98538864 0.98772585 0.9880787 0.9904707 0.98955894 0.98878336 0.9885476
GavrilovicxDraga_SRP18840DraginjaGIzUcitZivota-L2_2 0.99484926 0.9961555 0.9963589 0.99396205 0.99453783 0.9934277 0.99189144 0.99081814 0.9925546 0.99392307 0.99479765 0.9951959 0.99329835 0.9931059 0.9943985 0.9941977 0.9943487 0.99523735 0.9955234 0.994153 0.9912718 0.99356425 0.9922539 0.9932662 0.99287647 0.99189645 0.99320203 0.9909038 0.992705 0.99129677 0.99229246 0.9920043 0.9919654 0.9889282 0.9872167 0.9932031 0.99283034 0.9914985 0.99514806 0.9959717 0.9951399 0.993877 0.995833 0.9944178 0.9949872 0.99492615 0.99538714 0.9950748 0.99416107 0.9950782 0.99471056 0.99390405 0.9940564 0.99543256 0.9935281 0.99721825 0.99703944 0.99280214 0.9957581 0.99635494 0.99628544 0.99614024 0.9962991 0.99600524 0.99322844 0.99432784 0.9954338 0.99344534 0.99472827 0.9954264 0.9950252 0.99176735 0.99321365 0.9936841 0.9934721 0.9937923 0.99260074 0.99146324 0.9958296 0.9944304 0.99262637 0.99902064 0.99999976 0.99421793 0.9933574 0.99522924 0.99478567 0.9961436 0.99525523 0.9965542 0.99643993 0.99326426 0.99442995 0.99141234 0.9906249 0.995053 0.99224925 0.99426603 0.9912351 0.99179834 0.98997676 0.99257463 0.99192476 0.9923429 0.9923354 0.994567 0.99249744 0.9925385 0.9933909 0.99284637 0.99269086 0.9938529 0.9949659 0.9952271 0.9953748 0.9942917 0.9927393 0.99215204 0.99115175 0.9918582 0.9920182 0.98945534 0.99343413 0.99225503 0.9940144 0.9934265 0.9945415 0.99286854 0.99465835 0.9948413 0.9954298 0.9951938 0.99592066 0.9957423 0.99438983 0.99274886 0.99626637 0.9971139 0.9968447 0.9940163 0.99253494 0.98960143 0.99230903 0.99480695 0.9917734 0.99282086 0.9951362 0.9942729 0.9953709 0.9941643 0.9942559 0.9920324 0.9912675 0.9899382 0.99456865 0.9946824 0.99409103 0.99480826 0.99427015 0.99230415 0.9935705 0.9906193 0.9923226 0.9926214 0.9930686 0.9927842 0.99439245 0.9946283 0.99517775 0.9945092 0.9938335 0.99088675 0.9915888 0.9920934 0.9898405 0.9919713 0.9936872 0.99258 0.9920901 0.99511206 0.993085 0.9927654 0.99272656 0.9925987 0.98770803 0.9849671 0.9954822 0.9964302 0.99464154 0.9965989 0.9923457 0.99143153 0.99001116 0.99279654 0.99287283 0.9938705 0.9935303 0.99588436 0.99545103 0.9961404 0.995692 0.99554807 0.9968219 0.9959722 0.9965315 0.9943181 0.9947068 0.99396396 0.9934832 0.99105185 0.9926286 0.9951421 0.9935305 0.9922674 0.9948721 0.9933541 0.99361 0.9939435 0.993003 0.99394697 0.99470454 0.991516 0.9907685 0.99287987 0.9942575 0.99375117 0.9944688 0.9950463 0.99441826 0.9930324 0.9940778 0.98642576 0.9909934 0.9946889 0.9948495 0.9928086 0.9937501 0.99438685 0.9890005 0.9933858 0.9938046 0.9873567 0.978567 0.9860049 0.9880097 0.99365175 0.993602 0.99440217 0.99279577 0.9874644 0.9949776 0.9950208 0.996417 0.9930337 0.9889284 0.9938258 0.9930773 0.99535114 0.9939838 0.988701 0.9921695 0.99177945 0.99019635 0.98798007 0.9919786 0.99290025 0.99246424 0.99007994 0.9882951 0.9963849 0.9954246 0.9971413 0.9956413 0.9965366 0.99482965 0.99530876 0.9937975 0.9947886 0.9940302 0.9953501 0.9958745 0.9925978 0.9915785 0.9946144 0.99467576 0.9925774 0.9895482 0.992209 0.9917048 0.9896991 0.993989 0.9935437 0.994405 0.99601686 0.99309385 0.9955786 0.9956022 0.99591076 0.99468046 0.993639 0.99359316 0.9889338 0.9871752 0.98752 0.9881368 0.9868176 0.98786885 0.98687714 0.99446326 0.99521554 0.9950499 0.9926756 0.9941836 0.9956848 0.99579334 0.99628186 0.9940834 0.9963004 0.9947108 0.99533415 0.9950006 0.99567205 0.99470675 0.9956169 0.995293 0.9937089 0.9945557 0.99515516 0.9947628 0.99486834 0.9950228 0.99481326 0.99290955 0.9922518 0.9934196 0.99010086 0.9903545 0.99570143 0.995259 0.9956665 0.99617475 0.99547523 0.99654293 0.99477124 0.991497 0.99696106 0.99656975 0.99662244 0.99495363 0.9944639 0.9939647 0.99255913 0.9948656 0.9958182 0.99558043 0.9950481 0.99445796 0.99426436 0.99330837 0.98633504 0.9946098 0.994306 0.9951189 0.9936212 0.9940678 0.99440813 0.9905531 0.99092513 0.9914781 0.9932573 0.99379706 0.9949742 0.9962051 0.9946695 0.99630165 0.99653006 0.9959612 0.99593157 0.9954808 0.9917606 0.9971249 0.99134415 0.9914272 0.9942887 0.99233335 0.9872023 0.9894915 0.99019384 0.9957199 0.99203783 0.9964143 0.9938895 0.9965124 0.99708724 0.99141824 0.99020183 0.989624 0.9899431 0.99290633 0.99348044 0.99378264 0.99264747 0.9933343 0.9935596 0.99426895 0.9932837 0.9940707 0.9944827 0.9944965 0.9944169 0.9934413 0.99242425 0.9949517 0.99294645 0.99241054 0.99152327 0.99023825 0.99301213 0.9945203 0.99460304 0.9956781 0.99564296 0.99456763 0.9940875 0.99482054 0.99200577 0.989568 0.9892732 0.99321127 0.9934399 0.99486786 0.99429363 0.99531597 0.9937172 0.99411094 0.9941847 0.99493486 0.99288654 0.99274176 0.9914357 0.9934154 0.9941446 0.99314153 0.99312806 0.99275404 0.99188286 0.99137986 0.9901225 0.9912126 0.9922364 0.9919631 0.9915775 0.9888579 0.9903772 0.99034935 0.99338233 0.99295205 0.99197847 0.9933243 0.99401116 0.9930728 0.99304557 0.99431986 0.9968151 0.9958333 0.9958305 0.9949609 0.99243057 0.99431425 0.99395555 0.99431133 0.9949817 0.9941189 0.9940708 0.99597913 0.994385 0.9942676 0.99507266 0.99450904 0.9955319 0.9955325 0.9960614 0.9916049 0.9943711 0.9961208 0.99324495 0.99258643 0.994918 0.99448496 0.99248 0.9938085 0.9943829 0.9932987 0.9941203 0.9945276 0.9949468 0.9952509 0.99402386 0.99225724 0.99351835 0.9929956 0.99374855 0.99289286 0.99166083 0.9900857 0.9906458 0.9918053 0.9932545 0.99294776 0.99286455 0.992778 0.9939198 0.99327505 0.9906028 0.99118495 0.9904914 0.9917204 0.99208874 0.9914321 0.99124575 0.9921805 0.9880687 0.9858686 0.9809896 0.9889355 0.9906089 0.9907572 0.98965645 0.9880099 0.99168545 0.9891137 0.9855369 0.9885541 0.9880769 0.9876394 0.9879814 0.98479784 0.98358905 0.98637986 0.9866044 0.98987037 0.9920229 0.99100727 0.99058616
GavrilovicxDraga_SRP18870DraginjaGBabadevojka-L2_1 0.99049515 0.99329376 0.9941691 0.99419767 0.9940188 0.9894341 0.98721313 0.984335 0.99492985 0.99388236 0.9952353 0.99400014 0.995038 0.99542207 0.99274045 0.99286866 0.9906418 0.9909886 0.99145424 0.9946453 0.99342096 0.99424165 0.9907774 0.99121314 0.9914251 0.9925688 0.99200535 0.99195683 0.99190557 0.99198055 0.99188286 0.9915263 0.99181026 0.9882421 0.9864925 0.98912734 0.9881745 0.98821247 0.99416625 0.9948295 0.9953012 0.9964967 0.99514955 0.99506104 0.99055356 0.9917558 0.99519306 0.9965227 0.9960952 0.99714875 0.9964642 0.9959761 0.9961893 0.9944286 0.9930803 0.99169415 0.99062145 0.9830308 0.9881383 0.992762 0.9920045 0.9894799 0.9927401 0.9920603 0.98495734 0.9861378 0.9953938 0.9933386 0.99513674 0.99583894 0.9922655 0.99026006 0.99274737 0.9951725 0.9941155 0.9954176 0.9898763 0.9896336 0.9948146 0.9951489 0.9901976 0.994662 0.99421793 0.99999994 0.99806243 0.99899155 0.99873036 0.9986835 0.99852306 0.9979208 0.9983235 0.99339217 0.99170893 0.9898371 0.99049807 0.9938146 0.9921915 0.99539816 0.9919429 0.9935674 0.98855436 0.99052817 0.9914963 0.99650395 0.9969673 0.99516296 0.9967277 0.99707156 0.9957582 0.9969201 0.996853 0.99763894 0.99775034 0.9969335 0.99727947 0.99726236 0.9934844 0.99428594 0.9917613 0.99263895 0.9933657 0.9919022 0.9928123 0.99303067 0.99488884 0.9929574 0.9950039 0.99250025 0.9892834 0.99183017 0.9925812 0.99235106 0.99549866 0.9953142 0.9931737 0.9896464 0.99096227 0.99157906 0.9935067 0.99728173 0.9974537 0.9957135 0.9967238 0.996022 0.9948204 0.99521345 0.99299514 0.9918716 0.9948187 0.9944426 0.98634636 0.9860126 0.98417705 0.9818094 0.9941537 0.9941728 0.99388766 0.99603534 0.9957374 0.99583626 0.9966426 0.9942127 0.9949113 0.9939679 0.9953256 0.9951909 0.994664 0.99593395 0.9944487 0.99576956 0.99500483 0.99574125 0.9964068 0.9971074 0.99611104 0.99645036 0.9925276 0.9915632 0.9908071 0.9947491 0.99484354 0.99462146 0.99495506 0.99786586 0.99581116 0.99433047 0.9952301 0.9965853 0.9968868 0.9966933 0.9936701 0.9933253 0.9935876 0.99407804 0.9944813 0.9940819 0.99321413 0.9943352 0.99416876 0.9964963 0.9955632 0.9968335 0.9973618 0.99533695 0.99491453 0.9962814 0.99621874 0.99673676 0.9949431 0.99242747 0.9945888 0.99803257 0.99323934 0.99055696 0.9937915 0.994814 0.99292964 0.9940133 0.9950183 0.99046564 0.9918435 0.98950756 0.9881375 0.9915766 0.9930756 0.99158496 0.9980661 0.99369085 0.9927791 0.99070436 0.993118 0.97990537 0.9859361 0.99391955 0.9932627 0.9902394 0.9928524 0.99405175 0.986946 0.99180543 0.99558616 0.9944229 0.9883956 0.99285144 0.99380726 0.99307364 0.9927918 0.9909361 0.99085903 0.98503083 0.9950515 0.99637544 0.9950337 0.99140036 0.9849869 0.99222356 0.99211484 0.99282783 0.990767 0.9884628 0.99214286 0.9919598 0.9923236 0.98826355 0.99351907 0.99501824 0.99476945 0.99213684 0.989763 0.9943681 0.99425066 0.9946523 0.99351394 0.9963549 0.9929831 0.993722 0.9907291 0.9924543 0.9942036 0.9957728 0.99602824 0.9901496 0.988365 0.9939955 0.99399996 0.9896466 0.9866512 0.98897254 0.9901363 0.98757106 0.9902011 0.9917955 0.9923719 0.9941022 0.9905278 0.99311256 0.9931754 0.9939951 0.9939737 0.9923208 0.9910161 0.9947819 0.9939673 0.99237883 0.9948792 0.9940768 0.994323 0.99259824 0.98974055 0.98990995 0.9917936 0.9941155 0.9952466 0.9949808 0.99313426 0.99555856 0.9933595 0.99517065 0.99309945 0.99280226 0.99610436 0.99602884 0.99629754 0.99708784 0.9965351 0.9966836 0.9969054 0.9939269 0.994698 0.9941514 0.9941073 0.99145263 0.9909709 0.9893177 0.99864334 0.99722326 0.9978993 0.9932614 0.9950376 0.9952449 0.9952272 0.9948868 0.9950305 0.99456555 0.98899263 0.99489254 0.9960431 0.9957649 0.99123573 0.9930907 0.99079466 0.9906351 0.99116665 0.99204993 0.99140394 0.9916589 0.9884175 0.98836094 0.9892258 0.9930457 0.9954167 0.9934174 0.9948349 0.99295497 0.9937904 0.9929737 0.9932017 0.9947568 0.9951289 0.9955219 0.9965498 0.99628067 0.99413764 0.9936788 0.9940078 0.99407476 0.9947564 0.9949107 0.99343395 0.99224776 0.9937484 0.99109346 0.99189043 0.994822 0.9938264 0.9911462 0.99055266 0.9925951 0.99276537 0.9898965 0.9929026 0.9929279 0.9932647 0.9933465 0.99670935 0.99581534 0.9957096 0.99475867 0.99577016 0.99611413 0.9922068 0.99106187 0.9910463 0.9910433 0.99210787 0.9917014 0.9914973 0.99192375 0.9918191 0.99433583 0.9928189 0.99313146 0.99472606 0.99603516 0.9928936 0.99221605 0.9927929 0.996192 0.99560076 0.9958649 0.9957037 0.9962615 0.9923438 0.9924124 0.9946012 0.98865175 0.987993 0.9871262 0.99764395 0.99576014 0.9960616 0.995947 0.99589056 0.9935065 0.9950071 0.99573994 0.99650306 0.9976826 0.9925399 0.99319977 0.99584514 0.99519736 0.9949387 0.99667335 0.99661976 0.99612874 0.9944248 0.99568355 0.99540955 0.99480486 0.99666315 0.9933717 0.9919421 0.99350184 0.99079967 0.994889 0.9928955 0.9910732 0.99234575 0.99203086 0.992048 0.99468493 0.9948879 0.99528754 0.99562836 0.996105 0.9940705 0.9901075 0.994222 0.99297917 0.99710816 0.99737483 0.9930328 0.99470586 0.9960421 0.99638504 0.9961926 0.99543977 0.99522686 0.99402493 0.99477136 0.9939494 0.9904927 0.99314797 0.99541503 0.9920658 0.98907083 0.99563205 0.9957777 0.9961974 0.99648327 0.9967431 0.9961403 0.9966551 0.99640924 0.99694437 0.9929937 0.9897703 0.9862979 0.9884581 0.9915618 0.9898932 0.9873489 0.98485595 0.99014187 0.9912636 0.99379677 0.99642515 0.9977795 0.99658746 0.99466735 0.99610555 0.99641216 0.9903876 0.99118227 0.99169767 0.99382526 0.99621874 0.9956525 0.9964605 0.9959633 0.99310696 0.99363995 0.99073416 0.99259365 0.99380016 0.9941924 0.9934417 0.9933566 0.99502254 0.9919112 0.9907102 0.9937049 0.9908956 0.99223703 0.994185 0.9903794 0.9899377 0.9915526 0.99198323 0.99315196 0.98410773 0.98161185 0.98336065
GavrilovicxDraga_SRP18870DraginjaGBabadevojka-L2_2 0.9911887 0.99268955 0.99392045 0.99619967 0.9954238 0.98764586 0.9856445 0.9822476 0.99222803 0.99193114 0.99305266 0.9914558 0.9926598 0.9927446 0.99052674 0.99161613 0.98917085 0.98948324 0.9894039 0.99265045 0.99086666 0.99226815 0.98912394 0.99059963 0.99057144 0.99172956 0.99109894 0.9915177 0.9905032 0.9900082 0.990538 0.9893307 0.98999816 0.98726326 0.9858809 0.98722184 0.9868307 0.9869796 0.99239385 0.99415183 0.99421215 0.99505293 0.9936996 0.9946898 0.989754 0.9901002 0.99425215 0.9955455 0.9940098 0.9951215 0.9938366 0.99274766 0.993423 0.99246913 0.98946327 0.9909475 0.98999965 0.9825909 0.98842674 0.9915681 0.990892 0.9894434 0.9903728 0.9896479 0.98337084 0.98461574 0.993171 0.98936003 0.9918184 0.9939046 0.99123096 0.98718894 0.9903673 0.99267215 0.99172175 0.993048 0.9866177 0.9862308 0.9928722 0.9927679 0.9874779 0.9938123 0.9933574 0.99806243 1.0000002 0.9973854 0.9974645 0.9975258 0.9972025 0.99700266 0.9969529 0.99125504 0.98961806 0.9871391 0.9873054 0.99195987 0.99016696 0.99368346 0.9894334 0.9913493 0.9857831 0.9879801 0.9890165 0.9935259 0.99485236 0.9945428 0.99613553 0.99588823 0.9945879 0.9955135 0.995235 0.9973238 0.9967529 0.99596614 0.9962927 0.9969165 0.9907399 0.99156386 0.98841476 0.9898027 0.98992515 0.98786974 0.989751 0.9901722 0.9930148 0.9905923 0.99304 0.98982394 0.98638254 0.989519 0.991068 0.99037606 0.99370116 0.9939366 0.9904391 0.9891347 0.99039793 0.9909547 0.9926226 0.9972426 0.9981814 0.9970066 0.99774045 0.9928637 0.99122936 0.99225587 0.99042016 0.98911715 0.99250394 0.99195606 0.98467326 0.9830636 0.98158926 0.97889686 0.9928173 0.99262714 0.9926059 0.99567246 0.9953942 0.9927254 0.9945508 0.9911486 0.99223095 0.9912063 0.9929458 0.99335474 0.993296 0.99359566 0.9918282 0.9934008 0.9927844 0.9935862 0.99427617 0.99562824 0.9947455 0.9961098 0.98948294 0.98919976 0.9889699 0.9925636 0.9924858 0.99278444 0.99326587 0.9972439 0.99433607 0.9928474 0.99285805 0.99499923 0.9946265 0.99493426 0.99080783 0.9897983 0.9909663 0.9908552 0.99227965 0.99152887 0.99048156 0.9919424 0.9921208 0.99467725 0.99386543 0.99500525 0.99571884 0.9947309 0.99392587 0.9943656 0.99457353 0.9950836 0.9917442 0.9885651 0.99173105 0.9960348 0.992118 0.98857653 0.9919444 0.9939931 0.9910471 0.9935623 0.99364763 0.9888182 0.9904816 0.9892217 0.98779184 0.99099493 0.9910794 0.9898127 0.9960019 0.99152046 0.9911671 0.98801076 0.9916272 0.97811735 0.985065 0.9926648 0.99198866 0.98834157 0.9916827 0.99247646 0.98309374 0.99020106 0.99370635 0.9921163 0.98457175 0.9899321 0.99080527 0.9909194 0.99114037 0.9884627 0.98805434 0.9812308 0.9931867 0.99481124 0.9939525 0.98808646 0.9809791 0.9894063 0.9886243 0.9907228 0.9880282 0.98460996 0.98810405 0.9881487 0.98948044 0.9843205 0.990717 0.9925061 0.9921194 0.98908806 0.9870304 0.992331 0.9914975 0.9931196 0.99135685 0.99499995 0.99003446 0.99019355 0.98838717 0.99080074 0.9953029 0.9947891 0.99604106 0.9872225 0.98536754 0.9930409 0.9932617 0.9868965 0.9829295 0.9854878 0.98646235 0.9842665 0.9877729 0.9895618 0.9900592 0.99247 0.9874936 0.9904331 0.9910454 0.9918978 0.99115264 0.9893092 0.9880418 0.99111944 0.99029195 0.98838335 0.9912405 0.9905412 0.9908396 0.98847866 0.9883111 0.99008733 0.9904592 0.9911822 0.9926511 0.99314046 0.99120575 0.9933922 0.9905519 0.9932369 0.99036455 0.9907363 0.99366397 0.9943464 0.9937765 0.9967246 0.9964835 0.99711764 0.9969462 0.99346197 0.99393773 0.9930949 0.99290633 0.99318534 0.9931326 0.991553 0.9972905 0.9956071 0.9969349 0.99094594 0.9930622 0.99351686 0.9938367 0.99341476 0.9937341 0.99397373 0.9888 0.9932046 0.99511117 0.99471855 0.99051565 0.992469 0.9907 0.99051625 0.9897742 0.991301 0.9895656 0.9901736 0.9869077 0.987651 0.98803186 0.9919628 0.9940117 0.99140954 0.9940085 0.9917822 0.9922232 0.9913012 0.9901747 0.9923007 0.9930152 0.99329054 0.99468255 0.99505043 0.9919916 0.991951 0.9916758 0.9917065 0.99233454 0.99318385 0.9923033 0.99073035 0.99173343 0.9894303 0.98975813 0.9922565 0.99215853 0.9893426 0.98873824 0.9906042 0.99024063 0.9886646 0.99104977 0.99116576 0.9911571 0.9915699 0.9949831 0.9935097 0.9934348 0.9922899 0.9941155 0.9962845 0.991546 0.9890527 0.98918664 0.9891191 0.99106693 0.98977953 0.98960465 0.99041736 0.991062 0.992615 0.9908983 0.99096227 0.9934165 0.99428535 0.9902808 0.9893244 0.9897373 0.99358803 0.9937091 0.9943249 0.9934482 0.99429035 0.9905943 0.98987645 0.9924658 0.98574495 0.98477966 0.9836764 0.99667174 0.99369144 0.99407494 0.9933193 0.9941632 0.99080604 0.9925214 0.9937488 0.99450016 0.9959432 0.9889723 0.99015087 0.99368167 0.99293417 0.9920966 0.9937394 0.9942227 0.99492925 0.99217016 0.99383175 0.9928742 0.99318296 0.99483985 0.9907339 0.9890569 0.99069047 0.98775786 0.99201 0.99035174 0.98804855 0.9895681 0.9890138 0.98909473 0.99209684 0.9923385 0.99319094 0.99326044 0.9936067 0.99168646 0.9868503 0.99183345 0.99010205 0.99508333 0.99437875 0.98922193 0.99232155 0.99445015 0.99360055 0.9938364 0.99321955 0.99345833 0.99135816 0.99283504 0.9926545 0.98765904 0.99198765 0.99484676 0.9904236 0.9867788 0.9950433 0.9951684 0.9961372 0.99523246 0.99537164 0.9945434 0.9957831 0.9952868 0.99646056 0.99345744 0.9902038 0.98619694 0.98881805 0.991044 0.9900221 0.98812133 0.9858971 0.98701143 0.9888204 0.99133646 0.9940461 0.9966793 0.9950099 0.99275106 0.994765 0.9947056 0.9869745 0.9883204 0.9883274 0.9910857 0.9936072 0.9924772 0.9935291 0.994061 0.9908355 0.9912366 0.9879097 0.99032074 0.9912152 0.9922828 0.9911095 0.9915462 0.9934093 0.990273 0.98919106 0.9912893 0.9901291 0.9905565 0.9922704 0.9895219 0.9883956 0.990411 0.9900118 0.9916255 0.9826958 0.9807528 0.98170596
GavrilovicxDraga_SRP18890DraginjaGDevRoman-L2_1 0.9906796 0.99389666 0.9946309 0.9943204 0.9941807 0.99080473 0.9886029 0.9853196 0.9946787 0.99389076 0.99538815 0.9943435 0.99523574 0.9954907 0.9935039 0.99354607 0.99129194 0.99177796 0.992424 0.9948996 0.9930893 0.99410796 0.99068326 0.99124324 0.99095905 0.9915077 0.9913708 0.99128723 0.99181867 0.9919488 0.9918245 0.9912913 0.9919587 0.98737943 0.9858261 0.9893694 0.98847413 0.98807204 0.9943502 0.99577963 0.99574065 0.996076 0.99540365 0.9949353 0.9908191 0.9922111 0.99536276 0.9964115 0.99625456 0.99693733 0.99659884 0.9959385 0.99603635 0.9940458 0.99310666 0.99235076 0.99164885 0.9838276 0.98896784 0.993443 0.9925781 0.9902503 0.9927749 0.9920241 0.98622495 0.9871733 0.9950426 0.9931555 0.9953332 0.99691224 0.99331 0.9907749 0.9941755 0.9961685 0.9951182 0.9960639 0.9909156 0.99059457 0.99580014 0.9960797 0.99196565 0.99523175 0.99522924 0.99899155 0.9973854 1.0000005 0.9993782 0.99953604 0.99906653 0.9978739 0.99862915 0.99310213 0.99308294 0.99066556 0.9914043 0.9951127 0.99349684 0.9969363 0.992883 0.9942414 0.98969835 0.9914718 0.99220324 0.99703467 0.99709517 0.99513495 0.9958818 0.99628717 0.99581206 0.9968577 0.9969127 0.9976586 0.9975348 0.99699163 0.9977908 0.9969465 0.9943203 0.995341 0.9927576 0.9935559 0.99419856 0.9925792 0.9935529 0.99399453 0.9961927 0.9940776 0.99606967 0.9934059 0.99094814 0.9934331 0.99414074 0.99379593 0.99666005 0.99662346 0.9944231 0.9900008 0.99189866 0.9926094 0.99418294 0.99656343 0.9965426 0.9945747 0.99617624 0.99577606 0.99447775 0.99523455 0.99403304 0.99324965 0.995762 0.9955454 0.9876819 0.98740864 0.98559177 0.9838555 0.99493134 0.9947374 0.99418026 0.99667495 0.9965772 0.99566555 0.9962131 0.9938409 0.9945163 0.9940927 0.9950399 0.99434656 0.9939374 0.9959154 0.9943325 0.99618345 0.99507445 0.994909 0.9959893 0.99654037 0.9952104 0.9958265 0.9924728 0.9912807 0.9905115 0.99501413 0.9947043 0.9941672 0.9945088 0.9967951 0.9951419 0.993527 0.9959586 0.99730575 0.99750346 0.99707997 0.99359936 0.9935104 0.99325496 0.99411666 0.9945712 0.99458104 0.994069 0.9952529 0.9949925 0.9965222 0.9955872 0.9975108 0.99791616 0.996271 0.9954288 0.9960312 0.99584603 0.99675524 0.99439824 0.9919338 0.9940953 0.99819356 0.993411 0.990837 0.9940831 0.99453646 0.99309814 0.9940178 0.99511796 0.9910715 0.9924265 0.98995405 0.98854196 0.9917534 0.9935262 0.99200004 0.99782103 0.99437404 0.9932565 0.99115485 0.993174 0.98017925 0.9864527 0.99437374 0.993868 0.9908299 0.99328995 0.9942955 0.9872507 0.99173653 0.9952443 0.99333215 0.98675704 0.99141264 0.992735 0.9930389 0.9928776 0.9915336 0.99149436 0.98598874 0.99564135 0.9966688 0.9958435 0.99223703 0.986049 0.99310136 0.9924995 0.9932795 0.9916082 0.9889838 0.99245656 0.9924158 0.99307203 0.98905104 0.994517 0.9957137 0.99524766 0.9927712 0.99055594 0.9953426 0.9949602 0.99549186 0.994321 0.9968815 0.99455804 0.99453247 0.99105066 0.99249464 0.9934126 0.995435 0.99587387 0.99026936 0.9888152 0.993886 0.99348766 0.98972774 0.98704517 0.98950326 0.99014693 0.9879102 0.98999447 0.9921693 0.99245805 0.99385405 0.9913436 0.99382865 0.99401337 0.99510324 0.9943147 0.9930994 0.9920295 0.99429023 0.99370545 0.9918594 0.99436253 0.99352765 0.99405324 0.9921843 0.9907399 0.9912011 0.9932114 0.99491227 0.9958228 0.99577105 0.99445415 0.9965242 0.9939661 0.9963799 0.9934846 0.9932522 0.99587196 0.9958552 0.99615914 0.99656343 0.9958694 0.99590325 0.99610525 0.99443156 0.99492013 0.9945036 0.99451965 0.9913412 0.9906968 0.9889671 0.9983172 0.9966331 0.99740195 0.9939653 0.99527097 0.99582916 0.9958916 0.99495935 0.99514914 0.9943571 0.988409 0.9951899 0.9961788 0.9960401 0.9915719 0.99309003 0.99086607 0.99045324 0.99155927 0.99226516 0.9919106 0.99195045 0.988956 0.98906016 0.98915535 0.99241114 0.99626774 0.99446505 0.9957269 0.9943872 0.99520916 0.99420714 0.9936875 0.9952038 0.9957105 0.9960435 0.9967435 0.99658704 0.9946586 0.9937394 0.99492204 0.99458826 0.995167 0.9952607 0.9938041 0.99222183 0.9943695 0.9910362 0.9915983 0.99474216 0.9934701 0.99059474 0.9900933 0.99241555 0.9932204 0.98994815 0.993467 0.9929137 0.9935119 0.99410975 0.9964823 0.9954175 0.99548435 0.9944036 0.99550486 0.9948918 0.99335515 0.9923799 0.9923898 0.9923172 0.9934395 0.9930821 0.992366 0.9929778 0.9931135 0.9944131 0.9929508 0.9931055 0.99514455 0.9960638 0.9931244 0.99239135 0.99287343 0.99617684 0.99604166 0.99674094 0.9960569 0.9970258 0.9940861 0.9934617 0.99555176 0.9893494 0.9885336 0.98828053 0.99762005 0.9960812 0.9963894 0.99633235 0.9959546 0.9941519 0.9958055 0.99660033 0.9962112 0.9973793 0.99262005 0.993226 0.99582756 0.99534607 0.9954573 0.99674636 0.99694544 0.99658084 0.9946128 0.99567264 0.99511945 0.99528 0.99666417 0.9937386 0.9922001 0.9934685 0.9913617 0.9950044 0.99378884 0.99183726 0.99342704 0.99295825 0.9930124 0.9949155 0.995063 0.9960109 0.99659216 0.99631035 0.99450636 0.9908851 0.9945296 0.99358916 0.9974786 0.997023 0.99345416 0.99497813 0.9966337 0.99674165 0.99611896 0.99564475 0.99539787 0.9946325 0.99518275 0.99468136 0.99150753 0.9943797 0.9957366 0.9933763 0.990426 0.99666744 0.9961609 0.99628675 0.99693054 0.9968463 0.9958744 0.99701947 0.99626726 0.997272 0.9920795 0.98904526 0.98561215 0.98759675 0.9907397 0.9891013 0.98665696 0.98422897 0.99063337 0.99182534 0.9939829 0.9962897 0.9974901 0.99631506 0.99448323 0.9959529 0.99635905 0.9907442 0.9917108 0.9917023 0.99414873 0.9960983 0.99550575 0.9959316 0.99544656 0.9925134 0.9925634 0.9894954 0.9921075 0.99349445 0.99412537 0.99335307 0.993096 0.99452156 0.99114436 0.9897115 0.9927018 0.9904046 0.9913268 0.99359363 0.9899286 0.9893233 0.99102694 0.99117553 0.9924176 0.98574185 0.98302156 0.9846411
GavrilovicxDraga_SRP18890DraginjaGDevRoman-L2_2 0.99095464 0.9930858 0.994231 0.99509424 0.99498695 0.98899 0.9866169 0.98286194 0.9944994 0.9946822 0.99610937 0.9942845 0.99626136 0.9966006 0.99373645 0.99459606 0.9921913 0.9921946 0.99234164 0.99553716 0.9948107 0.99559474 0.99015737 0.9915717 0.991587 0.9930226 0.9924478 0.99326795 0.99266464 0.9934853 0.9931601 0.99181557 0.9933613 0.98959225 0.98843384 0.9889903 0.9881977 0.988878 0.99375457 0.9954259 0.99587417 0.9967262 0.99494255 0.9958968 0.99026763 0.9916988 0.9957386 0.99676746 0.9964512 0.9975426 0.9962904 0.9954997 0.99586153 0.9934456 0.9921168 0.9921394 0.9909435 0.9832177 0.98898923 0.99353147 0.99262595 0.99042857 0.9922675 0.99137664 0.9850496 0.9860654 0.994577 0.992176 0.9948199 0.9954036 0.9923382 0.98852676 0.99247 0.99569494 0.9941352 0.9960698 0.98936146 0.98895454 0.9946196 0.9953121 0.99049366 0.9953591 0.99478567 0.99873036 0.9974645 0.9993782 1.0000001 0.99929917 0.9991566 0.9970211 0.99787825 0.9947518 0.99181736 0.98986936 0.9904271 0.99429226 0.9919746 0.9959086 0.9913491 0.99345124 0.98848724 0.9912367 0.99213237 0.99688405 0.9978879 0.9943068 0.9965383 0.9967473 0.9953952 0.9966444 0.9966947 0.9977714 0.9973187 0.99695116 0.99698347 0.9973501 0.9930142 0.9937879 0.9914108 0.9921739 0.9927264 0.9911918 0.9929881 0.9934926 0.9956634 0.9929331 0.9961808 0.9922304 0.9893164 0.9922628 0.9935473 0.99284804 0.9963404 0.99622107 0.99369913 0.99133325 0.9920241 0.9924484 0.99430406 0.995669 0.9964982 0.99417007 0.99567425 0.9946956 0.9936551 0.9950078 0.99202865 0.9911025 0.99399596 0.9938983 0.98557323 0.9847514 0.98333037 0.9808173 0.99430895 0.9944008 0.9943601 0.99717724 0.9971454 0.99518967 0.9964306 0.99392116 0.9949561 0.993928 0.9950882 0.9954995 0.99468184 0.99619436 0.9941797 0.9960916 0.99537075 0.99614584 0.99660224 0.99735177 0.99637616 0.9969406 0.99306303 0.992972 0.99261725 0.9948874 0.995354 0.9955733 0.99577117 0.99757725 0.99577105 0.9944881 0.99554694 0.9972598 0.9973268 0.9968502 0.9943461 0.99374396 0.9947827 0.9946261 0.9957476 0.99468917 0.99348015 0.9937987 0.9931994 0.9958271 0.9943849 0.9970953 0.99735737 0.99572504 0.9939236 0.9947735 0.99510586 0.9964293 0.9929794 0.9901852 0.9927342 0.99806833 0.9933557 0.9901936 0.99394125 0.9954287 0.99293923 0.994374 0.9957757 0.990748 0.9921765 0.99049735 0.989164 0.9923898 0.9937731 0.9918201 0.9980404 0.9939668 0.9927623 0.98998576 0.9931965 0.97800165 0.98474324 0.9939947 0.99259126 0.9886277 0.991681 0.99356693 0.9841969 0.98999566 0.9951094 0.9943651 0.98856795 0.992217 0.99289256 0.99135464 0.9918134 0.9896926 0.98963654 0.9828625 0.9940516 0.9956001 0.9945491 0.98994905 0.9834248 0.99092436 0.99092233 0.99183816 0.98966634 0.9870217 0.9903637 0.9902425 0.9912837 0.9865022 0.99227345 0.99433744 0.9938866 0.99104536 0.98827577 0.99535817 0.9953694 0.9951333 0.99363774 0.9967942 0.9930641 0.99381196 0.9894639 0.99175185 0.9928983 0.9949656 0.99531865 0.9884665 0.98680145 0.99363065 0.9927912 0.98811454 0.98493123 0.9878145 0.98863107 0.98679876 0.9887058 0.991029 0.99121803 0.99331486 0.9890932 0.99227804 0.99241436 0.9937025 0.9928877 0.99125177 0.9902433 0.9939715 0.9946984 0.9920261 0.9953381 0.9945917 0.9951525 0.992851 0.99015796 0.9910296 0.9920768 0.9933583 0.99546933 0.99487203 0.99290234 0.99590445 0.99218315 0.99539745 0.99290144 0.99259317 0.9959626 0.99560326 0.9960783 0.99670875 0.99656326 0.99664783 0.9964677 0.9945535 0.99510753 0.9946687 0.99467295 0.99126774 0.9913446 0.9895987 0.9987154 0.9978128 0.9980016 0.99316376 0.9954852 0.9961195 0.9959993 0.99573225 0.99531686 0.99546826 0.9897732 0.9949666 0.9961629 0.9958679 0.99145365 0.9937092 0.9911183 0.99109757 0.9912785 0.9921351 0.9916189 0.9921682 0.98846734 0.9889049 0.9890017 0.99469876 0.99532986 0.9930647 0.9953981 0.99357754 0.99423295 0.9925568 0.9911786 0.9930003 0.99392915 0.9944243 0.9952714 0.9954755 0.9946676 0.99517465 0.9946712 0.9946284 0.99529314 0.99635386 0.9947448 0.9945139 0.9945082 0.9933076 0.9937367 0.9954283 0.9953398 0.99323857 0.99258775 0.9945232 0.9925693 0.9919708 0.99362725 0.9946064 0.99376357 0.9940797 0.99755335 0.9962845 0.9964131 0.99595445 0.9962919 0.99577314 0.9920387 0.9901361 0.9905732 0.990798 0.9924083 0.99159306 0.9910709 0.9922886 0.99189234 0.9946453 0.9933524 0.993297 0.99468064 0.9963762 0.992538 0.99171376 0.99280417 0.9958128 0.995223 0.9963043 0.9952311 0.996758 0.99219084 0.9919259 0.9943874 0.9870609 0.9862448 0.9859774 0.99802816 0.99521214 0.9955216 0.9959719 0.99551827 0.9932653 0.9947319 0.9954029 0.99547595 0.9978495 0.9909917 0.991734 0.99452204 0.994684 0.99441695 0.9963439 0.9954232 0.9951247 0.9936192 0.9952199 0.9944382 0.9942864 0.99619097 0.99240226 0.9913979 0.9931154 0.98954004 0.99494237 0.99375033 0.9910834 0.99259037 0.99180806 0.9911471 0.9942301 0.99475664 0.99512774 0.99554586 0.99507713 0.99311733 0.9885694 0.993563 0.9921336 0.9965639 0.99614805 0.9915795 0.994457 0.9965599 0.9965723 0.99559677 0.99502844 0.99517834 0.99343455 0.99417275 0.99359065 0.9894623 0.9931207 0.9950952 0.99215245 0.9886711 0.99561715 0.9959664 0.9967827 0.9965688 0.9964479 0.99603003 0.99677503 0.99574924 0.9970908 0.9930519 0.9899715 0.9870971 0.9885958 0.99268913 0.9907421 0.9881237 0.98552984 0.9882115 0.9895685 0.99194735 0.99481165 0.9966995 0.9947878 0.9926434 0.99459136 0.99493796 0.98858553 0.98932064 0.98939645 0.9922557 0.99481994 0.9945368 0.99469894 0.99642676 0.99498975 0.99498457 0.99246293 0.9944054 0.9954039 0.99623555 0.99533534 0.99543107 0.99563336 0.99323344 0.99228996 0.9945624 0.9926321 0.99363583 0.99565583 0.99271023 0.99238086 0.9936369 0.9936763 0.99414897 0.9840957 0.98203486 0.9839783
GavrilovicxDraga_SRP18890DraginjaGDevRoman-L2_3 0.99179494 0.9948144 0.9956377 0.9952332 0.9951843 0.99174935 0.98970073 0.9866386 0.9951663 0.9946736 0.99608207 0.99523747 0.9960346 0.996065 0.9944147 0.99445194 0.99263126 0.9931358 0.9934759 0.9955634 0.9937326 0.994891 0.99182904 0.9925729 0.9924109 0.9928213 0.9927694 0.9924896 0.9929872 0.9930219 0.99303466 0.99241346 0.9930631 0.9879575 0.9864423 0.9903164 0.9895876 0.98920655 0.99484813 0.9965625 0.9962359 0.9962555 0.99571013 0.995545 0.99172175 0.993134 0.9959215 0.99690485 0.9967037 0.997068 0.9969765 0.9960262 0.9962192 0.99479955 0.9936048 0.993504 0.9928313 0.9852078 0.9904364 0.9942751 0.9936438 0.9916057 0.99330026 0.99246746 0.98740375 0.988414 0.9951854 0.9931627 0.9952643 0.9972074 0.9941387 0.9913939 0.99438155 0.9964163 0.9954236 0.99646866 0.99144083 0.99107677 0.99629945 0.99643534 0.99259794 0.9958978 0.9961436 0.9986835 0.9975258 0.99953604 0.99929917 1.0000004 0.9991911 0.99800986 0.99862754 0.99376816 0.99335206 0.9913235 0.9917357 0.99551433 0.9935858 0.99689883 0.9930374 0.994308 0.9900617 0.99205166 0.99263835 0.99654466 0.99667835 0.9952997 0.99604845 0.9962994 0.99595404 0.99676865 0.9969501 0.9978538 0.9976032 0.9972172 0.997895 0.99703634 0.9945114 0.99524933 0.9931041 0.9939733 0.99432725 0.99270594 0.99416554 0.9944237 0.9966554 0.9947297 0.99668455 0.9939815 0.9917805 0.9941099 0.9950508 0.99458796 0.9972043 0.9971939 0.99501747 0.9910209 0.9928487 0.9936637 0.99481064 0.9967698 0.996726 0.9945962 0.9962868 0.995978 0.99439573 0.995395 0.99470603 0.9936696 0.9962083 0.99587405 0.9888776 0.98839295 0.98692226 0.9850004 0.9953159 0.995133 0.9949094 0.9965947 0.99669296 0.99562734 0.9963609 0.99387115 0.9948185 0.99425566 0.9952427 0.99470514 0.99449736 0.9960473 0.9948527 0.9963627 0.9955025 0.99504286 0.99584615 0.9965848 0.9951862 0.99598044 0.99317634 0.99226665 0.9914819 0.99562377 0.9952741 0.9948351 0.995377 0.99680686 0.9949073 0.9931832 0.9961697 0.9977153 0.99783313 0.997666 0.9940174 0.9937377 0.9936539 0.99452484 0.9950327 0.9952095 0.99457 0.9957341 0.99547046 0.9970537 0.99605846 0.9975516 0.99822456 0.9969054 0.9960111 0.9963363 0.9965432 0.997272 0.9948432 0.99238986 0.9946078 0.99836695 0.9939586 0.99132705 0.99455225 0.9950727 0.99364114 0.99457777 0.9954154 0.99187684 0.9932655 0.99098635 0.9897109 0.9927676 0.99443984 0.99287385 0.9979643 0.99494857 0.9940218 0.9917131 0.99383026 0.98170024 0.98808527 0.99530244 0.99440646 0.9913738 0.9937204 0.9952212 0.98734784 0.9926856 0.9955511 0.9933203 0.98652905 0.99147034 0.9927828 0.9935942 0.99336666 0.9920049 0.9921546 0.9864975 0.99628043 0.9971884 0.9965791 0.99274254 0.98651934 0.99330676 0.9927749 0.9940001 0.9922639 0.98927844 0.99250025 0.99252945 0.9928991 0.9889284 0.9943608 0.99579144 0.9952468 0.9927906 0.99058914 0.99606216 0.99572605 0.99614054 0.99502116 0.99745536 0.9948393 0.9947891 0.99178565 0.9933003 0.99414057 0.9958735 0.99629575 0.99084616 0.9895366 0.99460477 0.99421346 0.99054134 0.9874781 0.9901636 0.9907274 0.9887409 0.99069065 0.9928226 0.9931325 0.99465877 0.99198544 0.9946104 0.9950467 0.99580616 0.9948381 0.9937472 0.9927717 0.994274 0.9936302 0.99206215 0.9944316 0.9936409 0.99415 0.99225247 0.9914977 0.99208707 0.99373204 0.99464506 0.99571806 0.99592996 0.99471325 0.9964713 0.99424183 0.9966377 0.99421304 0.99402595 0.99621457 0.9963513 0.99656665 0.9970041 0.9964882 0.996492 0.9966989 0.9954982 0.9957078 0.99541456 0.9953179 0.99228233 0.99162203 0.9899913 0.9985151 0.99674666 0.99733335 0.994872 0.99609095 0.99666214 0.99685985 0.99591935 0.9960982 0.9952266 0.98990446 0.9960212 0.9972284 0.9970801 0.9931184 0.99441516 0.99241656 0.9918497 0.9928186 0.99372774 0.9933521 0.9934737 0.99075156 0.9908479 0.9906717 0.9924893 0.9964626 0.9947727 0.99610823 0.9948689 0.99564195 0.9948027 0.9935658 0.9952413 0.9956048 0.99606156 0.9967611 0.9968569 0.9952883 0.9943927 0.9953411 0.9951718 0.9954907 0.9956485 0.99457896 0.9925747 0.9951055 0.9916168 0.99210215 0.99520224 0.9940392 0.9908275 0.9906726 0.99269986 0.9939084 0.99072754 0.9943197 0.9936548 0.99457395 0.9950091 0.9962076 0.9953503 0.9953764 0.99438876 0.9956402 0.9954173 0.9942094 0.99291945 0.992943 0.9930514 0.9944797 0.9936866 0.9933167 0.9941216 0.99417686 0.9953206 0.9939747 0.99408066 0.99589634 0.99623895 0.99363136 0.9929198 0.99318033 0.9962021 0.9962551 0.9969587 0.9965085 0.99732697 0.99470824 0.99390465 0.9961438 0.99010414 0.98886335 0.98860985 0.99764717 0.9961107 0.9965107 0.99649453 0.996404 0.99424744 0.9958851 0.9966133 0.9964586 0.9974252 0.99287486 0.99344975 0.99583215 0.99575347 0.99570996 0.99678135 0.9966974 0.99646837 0.99462175 0.9954943 0.9952091 0.99561864 0.9967617 0.9941622 0.9926029 0.99385244 0.99172837 0.99529415 0.9943951 0.99236965 0.99399555 0.9935779 0.9933819 0.99498063 0.9956642 0.9967842 0.99696934 0.99662656 0.99514604 0.9916133 0.99531525 0.9941594 0.9976419 0.99718595 0.99391806 0.9955579 0.9970224 0.9970919 0.996658 0.99621296 0.99584246 0.9950499 0.9959897 0.99555343 0.99177164 0.9950454 0.9963671 0.9941056 0.9912094 0.9970344 0.99692386 0.9965879 0.9973601 0.9972443 0.996418 0.99763477 0.9967214 0.9978724 0.9930607 0.99023485 0.9870888 0.9889113 0.99159986 0.99040556 0.98812383 0.9857203 0.9908819 0.99210465 0.99401796 0.9961791 0.9972953 0.9960943 0.99454176 0.99602824 0.9964229 0.9908371 0.99177676 0.99166906 0.9942105 0.99597615 0.995122 0.99558586 0.99587625 0.9928694 0.9924733 0.9893228 0.9924144 0.9937179 0.9943579 0.9935422 0.993235 0.9950171 0.99169815 0.9900424 0.99286413 0.9911847 0.9918893 0.99369866 0.99028814 0.98959523 0.99152666 0.9915318 0.992975 0.9865641 0.9844286 0.9857042
GavrilovicxDraga_SRP18890DraginjaGDevRoman-L2_4 0.992024 0.99506545 0.9958246 0.99565935 0.9960944 0.9918241 0.98952043 0.9852865 0.99634874 0.9961242 0.9972539 0.9962084 0.9970951 0.9972882 0.9957571 0.9957135 0.99380016 0.9940076 0.9944868 0.99681205 0.9955176 0.99622685 0.99244875 0.9935069 0.9933705 0.9939253 0.9938874 0.99373573 0.9946408 0.9948089 0.9944856 0.99411786 0.9946943 0.989849 0.9881922 0.9916586 0.9907243 0.99078834 0.99571115 0.9970039 0.9971843 0.99742514 0.99626935 0.9963125 0.9925139 0.9938201 0.9969436 0.9977047 0.99778897 0.99782115 0.99749756 0.99652404 0.9963788 0.9946296 0.9932985 0.99370146 0.99270093 0.98573637 0.9907431 0.9951316 0.9941701 0.9922124 0.99420315 0.9931899 0.98803055 0.9889549 0.9958786 0.99406457 0.9960005 0.99685216 0.99454725 0.99169487 0.99454695 0.9972608 0.99612856 0.9974797 0.99251693 0.9921522 0.99644196 0.9970357 0.9932688 0.9950176 0.99525523 0.99852306 0.9972025 0.99906653 0.9991566 0.9991911 0.9999997 0.99704844 0.99794215 0.995242 0.9936328 0.9922494 0.9926212 0.9954352 0.9932149 0.9965167 0.99327445 0.9946856 0.99073803 0.99288005 0.99360126 0.9972001 0.99737304 0.9953332 0.9962971 0.9967062 0.99663424 0.9969788 0.99725044 0.9978444 0.9974292 0.9973389 0.997542 0.9969014 0.9950795 0.9956024 0.9936047 0.9942079 0.99488944 0.99324024 0.99532783 0.9956396 0.99725163 0.9951467 0.9973717 0.99478817 0.9916664 0.9941781 0.9952405 0.9949445 0.9974448 0.99740845 0.9955231 0.992579 0.99354345 0.99387693 0.9953916 0.99539286 0.99592483 0.99324715 0.99518853 0.9960156 0.99525845 0.99643624 0.99405724 0.9932516 0.9957083 0.99591 0.98861825 0.987888 0.9862073 0.98380274 0.99637324 0.99639183 0.9962315 0.99666595 0.99647224 0.99615026 0.99700123 0.99477386 0.99553525 0.9948732 0.99610066 0.9956145 0.9955667 0.9971534 0.99536884 0.99696356 0.99624205 0.99619055 0.9972648 0.99734896 0.9961345 0.99686384 0.9945655 0.993834 0.99319404 0.9964212 0.9964587 0.9962633 0.9964573 0.99753696 0.9957518 0.99407756 0.99692214 0.9979496 0.99801725 0.99732625 0.9954704 0.995447 0.9954591 0.9960702 0.996348 0.9963138 0.99567384 0.995943 0.99479413 0.9970842 0.9951031 0.9974835 0.99789274 0.99656767 0.9955591 0.9951972 0.99519086 0.99665135 0.99319535 0.9906542 0.9927731 0.99760497 0.99553496 0.9932171 0.9960428 0.9966543 0.99519527 0.9958204 0.9972365 0.99337405 0.9945067 0.9922529 0.99103576 0.99412805 0.99532396 0.9939486 0.9982473 0.99570227 0.9944476 0.9923556 0.9947323 0.98215306 0.98784745 0.99551755 0.99405533 0.9904833 0.9931751 0.9944368 0.9869333 0.9913577 0.99611396 0.9940024 0.9875909 0.99186313 0.9930413 0.9925927 0.9931611 0.99219036 0.9927194 0.9857883 0.9956252 0.9968085 0.9962007 0.9921585 0.9871161 0.993412 0.9936521 0.9938953 0.99251175 0.9902268 0.9930532 0.9929089 0.9935685 0.98977077 0.99421513 0.99602354 0.9957581 0.99326444 0.9906725 0.99611557 0.996212 0.9961689 0.9957117 0.9976508 0.99465233 0.9952248 0.99195516 0.99393415 0.9943735 0.9964902 0.9966488 0.9911865 0.98995286 0.99551 0.9943939 0.99049973 0.9873245 0.99047005 0.9911748 0.9897114 0.9912222 0.9934183 0.99337876 0.9948872 0.99159795 0.993924 0.9939607 0.99560887 0.99471825 0.99320465 0.99236786 0.9956008 0.9951786 0.99399143 0.9960395 0.99546003 0.995719 0.9939811 0.9915972 0.99186647 0.9929858 0.9952889 0.9968721 0.9965454 0.99465525 0.9970172 0.9940762 0.9966895 0.9949509 0.9948967 0.9970769 0.99690163 0.9972253 0.9972441 0.9968338 0.9965128 0.9965519 0.99656165 0.99675834 0.99658424 0.99659306 0.99187845 0.9916139 0.989689 0.9983535 0.99734354 0.997167 0.9956203 0.996985 0.9975326 0.9973083 0.9967649 0.99665743 0.9961462 0.9911663 0.9967011 0.9972793 0.9971773 0.9937065 0.99510646 0.9926278 0.9922995 0.993749 0.99416 0.9939858 0.9939729 0.9913264 0.9913136 0.9912677 0.99380803 0.9970355 0.99514174 0.9970785 0.9955095 0.9961109 0.9947109 0.9935542 0.99464655 0.9958216 0.9961897 0.9967251 0.9970199 0.9958216 0.9953185 0.995933 0.99597085 0.9962634 0.99631613 0.9954402 0.9937111 0.99559027 0.99265844 0.99354845 0.9962517 0.99493897 0.9924751 0.99213415 0.9941898 0.99461913 0.99195796 0.99497426 0.9947823 0.9949707 0.99512154 0.99712527 0.9965699 0.9965465 0.99586856 0.99697745 0.99630356 0.9937741 0.9923248 0.99240845 0.9931577 0.9941779 0.99377644 0.99329954 0.994139 0.99390066 0.9964105 0.99464756 0.9942791 0.9962609 0.9972973 0.99434483 0.9935519 0.9938033 0.9965248 0.99687093 0.99756116 0.99698025 0.99775904 0.994435 0.9941846 0.99593616 0.9895239 0.98884773 0.98862106 0.9983791 0.99634665 0.9962913 0.99700433 0.9967485 0.99504435 0.99658716 0.9970783 0.9969499 0.9982136 0.99352145 0.99434924 0.99645936 0.99613166 0.996036 0.99737877 0.9966149 0.9958028 0.99568826 0.99654084 0.9963898 0.99611694 0.9974293 0.9949998 0.9940914 0.9953443 0.9924297 0.9964535 0.995665 0.99354136 0.9945299 0.9940314 0.99360156 0.99586666 0.9964789 0.9967903 0.9972164 0.9964755 0.9953743 0.9911113 0.9962013 0.994665 0.998152 0.99705505 0.9938517 0.9965014 0.9979558 0.9980661 0.99721855 0.99705255 0.99702346 0.9953779 0.9960829 0.9954885 0.9916376 0.99451745 0.9964005 0.9942482 0.9917726 0.9971064 0.99707717 0.99737465 0.9977867 0.9974742 0.99675614 0.9979305 0.99661547 0.9981447 0.9939985 0.99156433 0.9882909 0.9900624 0.9930973 0.9914533 0.9893349 0.9866986 0.9910746 0.99252516 0.9945661 0.9967433 0.9977522 0.99654067 0.9948315 0.99632823 0.9968252 0.99152625 0.99196774 0.9923137 0.9945558 0.9965305 0.9963329 0.9960326 0.9969278 0.9942137 0.9938446 0.99090225 0.9945462 0.99535596 0.9955996 0.99521935 0.99471956 0.99635386 0.9938008 0.99211353 0.9945707 0.9928601 0.993878 0.9953179 0.991713 0.9914829 0.99316704 0.99343044 0.994867 0.9872655 0.9848825 0.9870182
GavrilovicxDraga_SRP18890DraginjaGDevRoman-L2_5 0.99291193 0.99451554 0.99552715 0.9951216 0.9945999 0.9915515 0.99020857 0.9895328 0.9920025 0.9916072 0.9930952 0.9928076 0.99229205 0.99236876 0.99188167 0.99174994 0.9906687 0.99164337 0.99195296 0.9924701 0.9898419 0.99198097 0.990146 0.9904106 0.99050367 0.9904241 0.9909109 0.98944795 0.9900967 0.98928225 0.9901778 0.9895774 0.9894207 0.9866434 0.9850934 0.98979396 0.9893 0.98852885 0.99449456 0.9952711 0.9949177 0.9952854 0.99629897 0.99491614 0.99278694 0.99285334 0.9950057 0.9958641 0.9945533 0.9958123 0.9950385 0.99492466 0.99592686 0.99628335 0.9947612 0.9937825 0.99334615 0.987209 0.9914314 0.99368393 0.9935778 0.99158084 0.9934248 0.9935554 0.9885864 0.9894271 0.9960317 0.99355006 0.9951557 0.9957188 0.99293303 0.99046683 0.99306756 0.99371034 0.9935651 0.9936076 0.9897877 0.99020517 0.9956021 0.99396044 0.9907123 0.9966339 0.9965542 0.9979208 0.99700266 0.9978739 0.9970211 0.99800986 0.99704844 0.9999996 0.99910605 0.9918194 0.9925423 0.99020463 0.9902185 0.9943389 0.99331456 0.99556065 0.9922002 0.9935361 0.9895333 0.99085873 0.99085045 0.9939225 0.9944563 0.9953415 0.99522567 0.9951837 0.9946726 0.99559927 0.9950638 0.99658275 0.9970173 0.9965854 0.9966823 0.9968178 0.9925866 0.99276245 0.99081147 0.99183697 0.9924215 0.990253 0.9918536 0.9907378 0.99326754 0.99226224 0.99375653 0.9913477 0.9910203 0.9923444 0.9928661 0.99234 0.994618 0.99485546 0.9926859 0.9899372 0.9934121 0.9942052 0.99483985 0.99810755 0.9972092 0.9961337 0.9971115 0.995401 0.9923523 0.99286586 0.9944327 0.99332464 0.995824 0.99434745 0.98997724 0.98894715 0.9882065 0.9863315 0.9934969 0.9932746 0.99276364 0.99607956 0.99605143 0.9942471 0.99559677 0.99207693 0.9937551 0.99309623 0.99379903 0.99392056 0.9943707 0.99431545 0.9946491 0.9942198 0.9939084 0.99303544 0.99322057 0.9943224 0.9928143 0.9944854 0.99162394 0.9903351 0.9894622 0.994004 0.9928284 0.99211097 0.9926781 0.99587953 0.9914685 0.98926014 0.99448824 0.99619937 0.99550396 0.9971639 0.991524 0.9904715 0.9902162 0.9920317 0.992398 0.99238837 0.9919356 0.9950563 0.9957547 0.9969876 0.9976064 0.99711037 0.99782044 0.99733436 0.99694043 0.996823 0.9971883 0.9960253 0.996188 0.9941297 0.9962149 0.99750215 0.9924961 0.9905485 0.99345195 0.99335253 0.99231833 0.9939127 0.9934777 0.9913785 0.99296796 0.99113977 0.9898063 0.99219155 0.9932264 0.99286324 0.9967622 0.99395376 0.9940533 0.9921836 0.9939283 0.9815973 0.98762566 0.9938779 0.9950691 0.99276 0.9946521 0.996161 0.9886291 0.9946922 0.9950618 0.99147207 0.982741 0.9899265 0.9911782 0.9946188 0.9944269 0.9932519 0.9912999 0.9865988 0.99566585 0.99644506 0.9964695 0.9932135 0.9865308 0.9935156 0.9920816 0.99468756 0.9923923 0.98806983 0.9920867 0.99225926 0.99281764 0.9890002 0.99399495 0.9943676 0.99428487 0.9919699 0.99052787 0.9946434 0.9936492 0.9959885 0.9938761 0.9964935 0.99395174 0.9940946 0.9920809 0.992931 0.9946979 0.9949706 0.9962767 0.99156845 0.98960114 0.99418545 0.99472624 0.9914491 0.98863256 0.99021184 0.9904374 0.98775697 0.9917552 0.9923928 0.9929822 0.9953009 0.9921377 0.994732 0.9952036 0.9943817 0.9947779 0.9936698 0.9931876 0.9909895 0.98874724 0.988305 0.9898855 0.9889244 0.9892139 0.9876952 0.9908502 0.9920346 0.9940304 0.9921916 0.9929544 0.9940021 0.9934421 0.99474275 0.9934965 0.99532974 0.99264574 0.99323285 0.9953077 0.99573076 0.9951492 0.99674284 0.99615973 0.9959916 0.9966383 0.9930918 0.99342376 0.9926703 0.9926986 0.9944899 0.9931601 0.99253666 0.9966593 0.9934009 0.9949178 0.9933629 0.9938974 0.9941581 0.99510735 0.99437773 0.9949781 0.9938626 0.98907363 0.9954913 0.9964631 0.995993 0.9919538 0.99318004 0.9920456 0.991163 0.99154246 0.99325234 0.99253756 0.9924499 0.99063575 0.990658 0.9905251 0.9895313 0.9949551 0.99372995 0.9948645 0.9933475 0.99389786 0.9937534 0.9922742 0.99356925 0.99369675 0.9945836 0.996022 0.9958417 0.9943501 0.99266005 0.993942 0.9938827 0.99410784 0.9940411 0.9926213 0.9905683 0.9938538 0.9893369 0.9897882 0.9935496 0.9923554 0.9879568 0.9889195 0.99016565 0.9932226 0.9895884 0.99325657 0.99154794 0.99360436 0.99452066 0.9934194 0.99167466 0.9915392 0.99061745 0.99322754 0.9947626 0.99296486 0.9921963 0.99195164 0.991534 0.9927146 0.9918053 0.9921297 0.992532 0.99261934 0.9937197 0.99318016 0.9932132 0.99457026 0.9942388 0.99274683 0.9916181 0.99191284 0.9949345 0.9952119 0.99497944 0.9954083 0.9951557 0.9933739 0.99293876 0.99459815 0.99148107 0.9897039 0.98867923 0.9954992 0.99516416 0.9960967 0.99492663 0.995627 0.9933395 0.9941708 0.99535453 0.9962 0.9952443 0.9928584 0.9916363 0.9950426 0.9948409 0.9947545 0.9953715 0.9952388 0.9953649 0.99198985 0.99214476 0.9925076 0.99322635 0.9942148 0.991873 0.98907864 0.9907293 0.9901009 0.99273866 0.99134034 0.99039304 0.9916316 0.9920324 0.9918101 0.9931825 0.99419 0.9962921 0.995508 0.99673665 0.9943454 0.99228156 0.9937853 0.9928683 0.9955998 0.9970818 0.99391836 0.99406993 0.9950627 0.99432045 0.9955147 0.9944758 0.9942938 0.99455625 0.99554074 0.99513036 0.9920785 0.9946546 0.99636626 0.99269867 0.9896809 0.9953907 0.99525034 0.9945266 0.995233 0.99631983 0.9954863 0.99548584 0.9968554 0.99610096 0.9935133 0.9912749 0.9888909 0.9904455 0.9913388 0.99108577 0.9893251 0.98769486 0.99030024 0.9907242 0.993173 0.99545 0.9963932 0.99562335 0.9944282 0.99625206 0.99562407 0.98998415 0.99163234 0.9911324 0.99314314 0.99432063 0.99286556 0.99445057 0.9930316 0.98934853 0.98836887 0.9845238 0.98833054 0.9898927 0.99041224 0.98909545 0.98897076 0.9923519 0.9886759 0.9867254 0.98981774 0.98800886 0.98813206 0.9898261 0.98680836 0.98509693 0.9874275 0.98749596 0.990193 0.987563 0.9861419 0.9860935
GavrilovicxDraga_SRP18890DraginjaGDevRoman-L2_6 0.99231446 0.9945571 0.99522066 0.99473083 0.99440587 0.9917854 0.98997974 0.9880637 0.9940055 0.9934622 0.99489444 0.99462205 0.9940293 0.9941211 0.9937511 0.99325866 0.9920493 0.99282193 0.99345976 0.9942807 0.9917937 0.9934723 0.9917064 0.99159825 0.99161774 0.9913249 0.9919945 0.99027884 0.99119776 0.9908089 0.9911282 0.991236 0.9908529 0.9884216 0.9866827 0.9909096 0.9902732 0.98942894 0.9951369 0.99602926 0.9956783 0.9959985 0.99652594 0.9951233 0.9926206 0.9934389 0.9957145 0.99686694 0.99611574 0.99664676 0.9968657 0.9965609 0.9967832 0.9954114 0.9942299 0.9938743 0.9933059 0.98650044 0.9906675 0.99425864 0.9938969 0.99153817 0.99387956 0.99337536 0.9880298 0.98898906 0.99571705 0.99398875 0.9953145 0.9970294 0.9942953 0.99126214 0.9938518 0.99542975 0.994922 0.9951906 0.99113655 0.99135536 0.99622077 0.9955262 0.9920308 0.9965278 0.99643993 0.9983235 0.9969529 0.99862915 0.99787825 0.99862754 0.99794215 0.99910605 0.9999999 0.99324983 0.9935255 0.99184847 0.99212056 0.9955414 0.99385047 0.99669385 0.99345016 0.994314 0.9907575 0.99239695 0.9927349 0.9962022 0.9959798 0.99694407 0.9962917 0.99670064 0.99668044 0.99739456 0.99712825 0.99757725 0.997909 0.99769425 0.9978714 0.99739915 0.9948441 0.9954164 0.99346954 0.99409133 0.9944744 0.9925323 0.9937328 0.99324906 0.99524367 0.9940987 0.9953983 0.9929588 0.99209374 0.9938718 0.9941615 0.9937742 0.9960553 0.9963331 0.99422115 0.9907917 0.99353397 0.99431384 0.99506974 0.9969386 0.9967214 0.99477464 0.9964484 0.99648386 0.99479973 0.9951908 0.9952118 0.99430835 0.9963166 0.9957261 0.990011 0.9891682 0.9882841 0.98613244 0.99524415 0.99485385 0.99423546 0.9964181 0.99643373 0.99462557 0.99574864 0.99306154 0.9938175 0.9935064 0.9943712 0.9946154 0.9944934 0.99583364 0.99503297 0.99600244 0.9952774 0.99410635 0.9949621 0.9955424 0.99392927 0.9952807 0.99302655 0.99168855 0.9908534 0.99572426 0.99502856 0.9937988 0.9941926 0.9963335 0.99420226 0.99199396 0.99649 0.9974333 0.99736243 0.99769014 0.9934397 0.9931049 0.99248683 0.9940978 0.99422383 0.9944377 0.9944564 0.9959387 0.9958787 0.9972191 0.9965522 0.9971877 0.9976387 0.99622864 0.9965451 0.9966612 0.9965056 0.9967451 0.9953088 0.9928737 0.9948186 0.9977123 0.99351865 0.99143845 0.9941715 0.9940803 0.99276316 0.9939866 0.9942545 0.9917602 0.9931006 0.99094975 0.9895825 0.9922603 0.9944195 0.9933839 0.99756014 0.99494314 0.9946655 0.9928655 0.99438167 0.98221374 0.98783875 0.99589354 0.9962591 0.9940677 0.99613917 0.9963126 0.99039674 0.9947903 0.99658704 0.99295485 0.985174 0.99166566 0.99283534 0.99549794 0.99580884 0.99254763 0.9919405 0.9872292 0.99533105 0.9963954 0.995878 0.99291474 0.9874575 0.9938975 0.9932611 0.99498475 0.99306357 0.9895522 0.9927831 0.99296606 0.99343157 0.99034137 0.99499696 0.99592596 0.99552053 0.9931652 0.991205 0.99609923 0.9952186 0.9965692 0.99464625 0.9970804 0.99501026 0.995331 0.992478 0.9937306 0.9949101 0.9958589 0.9964948 0.9918135 0.9901395 0.99505335 0.9944813 0.9914284 0.9886793 0.99123114 0.9914812 0.9886918 0.9920229 0.99372244 0.99339145 0.99570537 0.9927638 0.9953284 0.9951956 0.99557567 0.99555296 0.9942911 0.99319994 0.99293816 0.99160224 0.9907045 0.9922312 0.99130946 0.9917537 0.99043095 0.99243504 0.993117 0.99539024 0.9949084 0.99548966 0.99582696 0.9948646 0.99632436 0.9951572 0.9967697 0.9943925 0.9948101 0.99643975 0.99674475 0.99635506 0.9974161 0.99642277 0.9960363 0.9964592 0.99446315 0.99507034 0.99424875 0.99422866 0.99312574 0.9918459 0.99080503 0.9973717 0.99477184 0.9956342 0.9945791 0.995082 0.99565417 0.9962967 0.99514794 0.9955854 0.99448925 0.98911387 0.99642986 0.996917 0.9967938 0.99236286 0.9935966 0.9919729 0.9910919 0.99234504 0.9936027 0.99344224 0.9928541 0.99071914 0.99069554 0.9904748 0.98993576 0.99643576 0.9951868 0.99612516 0.99500155 0.9954303 0.9945914 0.9930173 0.9942401 0.99478596 0.995371 0.9960699 0.9961047 0.99572927 0.9937169 0.9955144 0.9953453 0.99565226 0.9949869 0.9938828 0.99163985 0.9950482 0.9905978 0.9913136 0.9954139 0.99356216 0.9897724 0.99003065 0.99186516 0.99442023 0.99052584 0.9943712 0.9926889 0.9947149 0.99539566 0.9952639 0.9941604 0.9938153 0.9929704 0.9951814 0.99514854 0.9942906 0.99369633 0.99313045 0.99309564 0.99353063 0.9936903 0.9932859 0.99340653 0.9934387 0.9949376 0.9939496 0.99388814 0.99514776 0.99560964 0.9938475 0.9927958 0.9929007 0.9958552 0.9958581 0.99608576 0.99648637 0.996481 0.99428 0.9938946 0.9956904 0.9908357 0.9896603 0.98928905 0.99654114 0.9960465 0.9967561 0.9962714 0.9963468 0.9942556 0.9951345 0.9961724 0.99647176 0.99602634 0.9935272 0.9927079 0.99542844 0.99526113 0.995253 0.99572736 0.99661195 0.99654865 0.99375504 0.99402463 0.9942884 0.9947742 0.995597 0.99343276 0.99146366 0.9928559 0.9916855 0.99464136 0.9932625 0.99216014 0.9935714 0.99324834 0.9929816 0.99488074 0.9948078 0.99638724 0.9962044 0.99702895 0.9948439 0.99295646 0.99454856 0.9941817 0.99663144 0.99702454 0.9941033 0.9951783 0.99638623 0.9959116 0.9957685 0.99517524 0.99525905 0.9953669 0.99599355 0.99552375 0.992555 0.9950989 0.996572 0.99388397 0.9908863 0.9970498 0.99657094 0.996016 0.9968072 0.9976073 0.9963674 0.99693334 0.9975724 0.99726707 0.993684 0.9914904 0.9884424 0.9902857 0.9916262 0.99091417 0.98924106 0.9872838 0.99134016 0.99189186 0.99404025 0.9960391 0.9970404 0.99642843 0.9948992 0.99631375 0.99591535 0.9915918 0.9926401 0.9923729 0.9941086 0.99549645 0.99478024 0.9954019 0.9951099 0.9910538 0.99021447 0.98655766 0.9906622 0.99222714 0.99255687 0.9917134 0.99101186 0.99369764 0.9902328 0.9880159 0.9914204 0.98908234 0.989872 0.9915943 0.98813254 0.98678887 0.98893726 0.9893718 0.9915512 0.9879073 0.9856668 0.9862759
GlisxicxMilovan_SRP18751MilivanGGlavaSecera-L2_1 0.99323803 0.9922179 0.9941359 0.99440205 0.9949164 0.98867315 0.9865435 0.98281395 0.9937047 0.9965511 0.9970613 0.9951983 0.9963006 0.99692 0.99671 0.9973542 0.9972466 0.99632174 0.99559265 0.9967488 0.99764466 0.9980889 0.9904083 0.99260336 0.9937401 0.9953332 0.99554133 0.9951981 0.99552 0.99688333 0.99671775 0.9948912 0.99682593 0.99557793 0.99483305 0.99297583 0.99226564 0.9947406 0.99307555 0.99344546 0.99499464 0.99577546 0.99330884 0.99616235 0.99129343 0.9919839 0.9955722 0.99616647 0.9956129 0.9977437 0.9953868 0.9949622 0.9950493 0.9928572 0.9909078 0.99445355 0.9926072 0.98828804 0.9924811 0.9960869 0.9955788 0.99355143 0.9942515 0.9933764 0.98767966 0.9888416 0.994192 0.9920637 0.99351424 0.9908321 0.9922787 0.9869069 0.9894682 0.9941166 0.99271494 0.99565136 0.9897369 0.9893514 0.992992 0.9928491 0.98966855 0.99413025 0.99326426 0.99339217 0.99125504 0.99310213 0.9947518 0.99376816 0.995242 0.9918194 0.99324983 1.0 0.9917255 0.9919109 0.9915707 0.99318427 0.9897424 0.99191535 0.9899441 0.99238145 0.9897276 0.99379754 0.994396 0.994099 0.9954055 0.9929652 0.9953777 0.99513257 0.99420834 0.9939345 0.99385035 0.9940199 0.99459445 0.99535525 0.9934005 0.9949226 0.99207515 0.9900084 0.98947054 0.9897857 0.9904038 0.9893014 0.9940597 0.9931511 0.99318016 0.9911408 0.99603647 0.99075913 0.9888398 0.9910961 0.9926038 0.9918741 0.99437916 0.99429536 0.99300975 0.9974579 0.99495435 0.9947786 0.99584293 0.9886813 0.9904297 0.9861686 0.9884454 0.99277914 0.9924809 0.9940357 0.9895902 0.98781544 0.9906315 0.99092484 0.98688304 0.98408407 0.98415184 0.97951865 0.9947436 0.9952255 0.9963506 0.9956849 0.9951048 0.9931117 0.9961748 0.99361646 0.99516124 0.9933877 0.9949753 0.9975552 0.9972653 0.9977014 0.9960757 0.9965406 0.9973301 0.99691206 0.99646664 0.9965265 0.9957855 0.9966004 0.99763787 0.9987853 0.998417 0.99643624 0.9972762 0.9985682 0.9977722 0.9947646 0.9933572 0.99189 0.9962232 0.9967237 0.9958267 0.9962461 0.9977287 0.9958445 0.99794406 0.99750715 0.99838746 0.99598587 0.9942268 0.99160546 0.9893016 0.99424505 0.99071693 0.9932136 0.99356425 0.991894 0.990839 0.99039346 0.9912683 0.99250937 0.98865527 0.98549247 0.98749053 0.9937517 0.9951397 0.992806 0.99543744 0.99664813 0.99431676 0.9954894 0.9962712 0.9939905 0.99472 0.9944125 0.99384767 0.9958204 0.9969404 0.9952585 0.99642426 0.995656 0.9947757 0.9924639 0.99584734 0.97898513 0.9834703 0.99447215 0.9918808 0.9869583 0.9900278 0.9927132 0.98290396 0.9886384 0.99553347 0.99340564 0.9879871 0.99132 0.9917979 0.98934174 0.99154764 0.9887159 0.98865664 0.97891706 0.99058753 0.99223727 0.99131733 0.9867655 0.98303884 0.9882725 0.99089384 0.9919579 0.9892534 0.9861447 0.98807615 0.9879346 0.9883868 0.9851161 0.98820084 0.99145865 0.9918463 0.98922306 0.98567426 0.996513 0.99663067 0.9952367 0.9930933 0.9954146 0.9904449 0.99357647 0.9887265 0.9917591 0.9903561 0.9935654 0.99285424 0.9885186 0.9864297 0.9946712 0.99186647 0.98798215 0.9841792 0.98769087 0.98873466 0.98770845 0.9895372 0.99119765 0.990537 0.99403083 0.98711413 0.9902147 0.9901311 0.99147075 0.9916723 0.98887485 0.98811287 0.99237835 0.99387336 0.99279946 0.99424225 0.9937393 0.9943105 0.9931254 0.99172235 0.9923214 0.9911742 0.99076676 0.99456716 0.9930751 0.99038595 0.99408686 0.9898108 0.99295366 0.9936258 0.9944348 0.99701977 0.99587184 0.9964457 0.99522114 0.99591273 0.9944447 0.99454415 0.9953013 0.9955233 0.9954863 0.99550223 0.99075633 0.99066573 0.98972136 0.9945299 0.99428254 0.9919041 0.99396014 0.996643 0.9966276 0.9962497 0.9980407 0.99661916 0.9980024 0.99493814 0.99575824 0.9955709 0.9954535 0.99310935 0.9959216 0.9933749 0.99356836 0.99408215 0.9949984 0.9952903 0.9959476 0.99252903 0.9933278 0.9933967 0.9941137 0.9913438 0.9894396 0.9932156 0.99066484 0.99068683 0.98855203 0.98529285 0.98580563 0.9878821 0.9897454 0.9904891 0.99166673 0.997096 0.9986958 0.99550015 0.9967308 0.99613345 0.99767065 0.9975429 0.9976619 0.99675727 0.9982742 0.9985762 0.9979832 0.9984347 0.99649423 0.9975325 0.9978899 0.9946603 0.9970658 0.9963405 0.9981785 0.9961266 0.9957452 0.9965874 0.99564934 0.99509615 0.99687344 0.9974299 0.9953253 0.9890189 0.98679394 0.9863271 0.9883115 0.9896805 0.98874986 0.9891038 0.9913059 0.9897811 0.9960048 0.9952306 0.99395424 0.99322706 0.9949632 0.9930165 0.99159247 0.9924131 0.99367917 0.99381113 0.9944394 0.9943652 0.9948433 0.98859525 0.990461 0.9914435 0.98519146 0.9842098 0.98388135 0.9951575 0.99223685 0.992429 0.99469787 0.99455917 0.992724 0.9924452 0.99221224 0.9937265 0.9953074 0.9897876 0.9888518 0.99082977 0.99272496 0.99159586 0.99343693 0.9893322 0.9878388 0.9902225 0.9905437 0.99213386 0.99027926 0.9920288 0.9898596 0.9892896 0.99166507 0.98696876 0.99611336 0.9951605 0.99270743 0.99307 0.99217993 0.9887199 0.9918499 0.9949806 0.99339926 0.9921151 0.9924468 0.991733 0.986944 0.9928455 0.9915224 0.9929264 0.99321836 0.9898651 0.9945836 0.995983 0.99548537 0.9938561 0.9944221 0.99618536 0.99321973 0.993521 0.99343586 0.9875187 0.9913108 0.9940549 0.99110645 0.9886847 0.9925157 0.9950073 0.99501306 0.99414575 0.99482363 0.9951241 0.99452037 0.99412596 0.9948468 0.9964013 0.9953058 0.9941404 0.994681 0.9975931 0.99628496 0.9949256 0.9927006 0.9841586 0.98530084 0.9877987 0.9909218 0.9921499 0.9903929 0.98844856 0.9913379 0.9904387 0.986374 0.98510766 0.9861512 0.9873842 0.9900215 0.99119323 0.98965305 0.99685097 0.9972931 0.99466264 0.9922728 0.99698573 0.9973758 0.9970888 0.99685514 0.9963304 0.99779123 0.99778676 0.99579257 0.9970561 0.9967774 0.9971246 0.99671197 0.9953566 0.9949327 0.99621236 0.99680877 0.9977852 0.9877084 0.9869583 0.98912066
IgnxatovicxJakov_SRP18590JakovIDjuradjB-L2_1 0.9926503 0.99550253 0.9955422 0.9914948 0.9922876 0.9971102 0.99594295 0.99322027 0.99294037 0.99272907 0.9936064 0.99452066 0.99216354 0.99199617 0.9946607 0.99210477 0.9926844 0.9932602 0.994249 0.9933813 0.9903166 0.99179304 0.990863 0.9901965 0.99032557 0.9885504 0.9906495 0.98650736 0.99153113 0.99000156 0.9901325 0.991577 0.9911609 0.98542297 0.9832677 0.99260306 0.99106276 0.9896918 0.992898 0.992567 0.99257684 0.9911522 0.99337155 0.99005145 0.9914639 0.99175936 0.99186456 0.99269927 0.99257106 0.9934452 0.9952564 0.99489176 0.99466354 0.99406934 0.99358493 0.9939098 0.9939875 0.989805 0.9915987 0.99604416 0.99601966 0.99212956 0.9943332 0.99404085 0.9925371 0.99271566 0.9950547 0.9946275 0.9950117 0.9943638 0.9962404 0.9934528 0.9976118 0.9965937 0.9976415 0.9963071 0.99603605 0.9965696 0.99768543 0.9953059 0.99694157 0.9933819 0.99442995 0.99170893 0.98961806 0.99308294 0.99181736 0.99335206 0.9936328 0.9925423 0.9935255 0.9917255 0.99999994 0.99701023 0.9969312 0.9986687 0.9977135 0.99707466 0.99804723 0.9976541 0.9974119 0.9969554 0.99655265 0.99377 0.99159765 0.9951423 0.99110925 0.9917748 0.9944932 0.9933005 0.99300355 0.9925389 0.9937206 0.9944283 0.9950556 0.99183595 0.99596125 0.99399704 0.993159 0.99325573 0.9948641 0.99383336 0.996014 0.9945145 0.99439853 0.9950489 0.99526376 0.9940723 0.99420786 0.99465185 0.99402726 0.9945264 0.994509 0.9948422 0.9952689 0.99064195 0.99237114 0.99388194 0.99339014 0.989784 0.9885824 0.9852773 0.9882945 0.99486977 0.9932403 0.99404967 0.9960048 0.99500036 0.99619174 0.99581426 0.99309236 0.9926816 0.99198765 0.98973095 0.99593955 0.99481225 0.9930385 0.9923852 0.992528 0.9930953 0.99311966 0.99155676 0.9911037 0.99253017 0.99321127 0.99161357 0.99300414 0.99497175 0.9962762 0.9956337 0.9951275 0.99047136 0.9928566 0.9916281 0.98894185 0.9905844 0.9948176 0.99186873 0.99060374 0.99457526 0.9929574 0.99130374 0.9903586 0.9901934 0.98849154 0.9862961 0.995468 0.9956527 0.9950037 0.99517405 0.99310344 0.99342525 0.99013746 0.9936537 0.9921737 0.9937597 0.99490744 0.99625146 0.9952496 0.9956051 0.9944448 0.99458927 0.99501663 0.993766 0.9957419 0.99266326 0.9918798 0.99213135 0.99146247 0.9890611 0.9900291 0.99218315 0.9937458 0.9939293 0.99524933 0.9914306 0.9938869 0.9925646 0.99233174 0.9951396 0.99515307 0.9934493 0.9928862 0.993598 0.99542016 0.99601763 0.9931988 0.9963751 0.9962872 0.99642164 0.9948894 0.98561525 0.98810685 0.9943717 0.9949506 0.99246526 0.99330145 0.9943307 0.9912234 0.99185497 0.99354017 0.98592126 0.9779352 0.98455304 0.9878169 0.9929067 0.99308944 0.9950979 0.994576 0.98951536 0.9946034 0.9936782 0.99482524 0.9950046 0.99341315 0.9964996 0.99629754 0.9969439 0.9960211 0.99366075 0.9942286 0.995289 0.9961493 0.99508876 0.9965019 0.9963392 0.99674666 0.9965539 0.99561554 0.99530643 0.99436647 0.9951877 0.99460495 0.99451315 0.9950948 0.99529576 0.9944174 0.9939507 0.9908786 0.9940054 0.9945376 0.9950644 0.99367326 0.99596345 0.99305767 0.99423724 0.99310815 0.9933273 0.99389166 0.9928583 0.9937623 0.99558467 0.99519217 0.9951421 0.9957637 0.99650115 0.9960909 0.9962427 0.9969816 0.996503 0.9960088 0.99314535 0.9899414 0.9919969 0.98999137 0.9893274 0.9895575 0.9913404 0.9934055 0.9931601 0.99503994 0.9954068 0.99515903 0.99603647 0.99610144 0.9957489 0.9959226 0.9961603 0.9941699 0.9956385 0.9954008 0.9954864 0.99579513 0.9925172 0.9905876 0.9889473 0.9901847 0.9948689 0.9948108 0.9946519 0.99466646 0.9898566 0.9869362 0.98590267 0.9913977 0.98871744 0.9879691 0.99554706 0.9939589 0.99427754 0.99448484 0.99308664 0.99343157 0.99158055 0.986218 0.9943542 0.992631 0.99315196 0.9902616 0.99032927 0.98862284 0.98657835 0.9920386 0.9927335 0.99454683 0.992498 0.99232286 0.99144757 0.99043053 0.9849523 0.9929847 0.9928602 0.9926457 0.9916998 0.9925903 0.9921931 0.99287444 0.99193776 0.9932861 0.9949067 0.99429506 0.99405545 0.9955614 0.9922065 0.9948708 0.9951281 0.9946931 0.99241084 0.9923261 0.9881157 0.99498874 0.9883734 0.9892955 0.9937714 0.9899332 0.9851982 0.9870146 0.9887643 0.9951707 0.9872829 0.99386877 0.99024934 0.99348235 0.9943136 0.9912098 0.9916696 0.99137396 0.99093413 0.9931259 0.9898564 0.9907942 0.9930941 0.99042445 0.9915839 0.9907442 0.99204206 0.9914208 0.99167657 0.9917384 0.9945424 0.993914 0.99258846 0.994768 0.99316 0.99560773 0.99459577 0.9929733 0.99532807 0.9968776 0.99638104 0.99702054 0.99583197 0.99585336 0.99690473 0.99498516 0.9944359 0.99399024 0.99414307 0.9935178 0.995409 0.9953805 0.9959682 0.9955086 0.99701846 0.9963962 0.9965068 0.9947346 0.991803 0.994326 0.9919658 0.9934591 0.9936221 0.99401003 0.9927664 0.99298114 0.9916665 0.9922906 0.9896573 0.99269176 0.99211246 0.9921559 0.99327046 0.9908793 0.99148756 0.99200386 0.99524105 0.9954985 0.9954171 0.99560463 0.99556416 0.9947522 0.99471706 0.9963534 0.9959623 0.99525875 0.99594724 0.9961942 0.9951332 0.9953337 0.9961109 0.99460626 0.9942748 0.99611586 0.9967027 0.9949172 0.9953354 0.9955144 0.99617785 0.9965665 0.99769026 0.99703366 0.99668014 0.9970229 0.9972689 0.99646103 0.9973402 0.9965498 0.9947672 0.99416226 0.99164355 0.99413687 0.99499094 0.9934625 0.993716 0.9945155 0.99405456 0.99096394 0.9897474 0.9868565 0.98913336 0.9884481 0.9886754 0.988085 0.98544914 0.99209446 0.99243677 0.9937147 0.9941338 0.9928512 0.99408907 0.9937763 0.9945246 0.99369437 0.99336755 0.99281776 0.9930132 0.9933567 0.993014 0.9934471 0.9928215 0.99131656 0.9872602 0.9838379 0.980141 0.98700154 0.989866 0.988884 0.988938 0.98649865 0.9913985 0.9882392 0.9837622 0.98860395 0.98592263 0.9866015 0.9874529 0.98295814 0.9818597 0.9846908 0.9860693 0.98965985 0.9954277 0.9921389 0.9935953
IgnxatovicxJakov_SRP18590JakovIDjuradjB-L2_10 0.9906954 0.99323237 0.99388534 0.9903163 0.991123 0.9952389 0.9945445 0.9905772 0.992594 0.99240303 0.993117 0.99419314 0.99208003 0.9919662 0.99506044 0.9918902 0.99279875 0.9932392 0.9942282 0.9934342 0.99102443 0.99225515 0.9914021 0.99040353 0.9911349 0.98899657 0.9914107 0.9867082 0.9917642 0.9907536 0.9902446 0.9923653 0.99156374 0.985683 0.9834525 0.99317545 0.9917233 0.99088055 0.9922583 0.9917859 0.9924352 0.9913285 0.9927662 0.9894266 0.99013954 0.99158376 0.99170667 0.99285936 0.9935341 0.99285465 0.99529123 0.9950832 0.9944377 0.9921744 0.9917726 0.99228 0.9919669 0.9879102 0.9895675 0.9956554 0.99570847 0.9908256 0.9931627 0.9923544 0.9907845 0.99101245 0.9934432 0.9937416 0.9934992 0.99278826 0.99456817 0.99186975 0.99514407 0.99581814 0.99679494 0.9958235 0.9952934 0.99599 0.99621046 0.9951406 0.9966166 0.99046737 0.99141234 0.9898371 0.9871391 0.99066556 0.98986936 0.9913235 0.9922494 0.99020463 0.99184847 0.9919109 0.99701023 1.0 0.9991653 0.9971381 0.9967097 0.9960086 0.9978386 0.99695927 0.99860954 0.99907017 0.99888337 0.993526 0.9912988 0.9937448 0.9912679 0.9922889 0.99491435 0.99367344 0.9931659 0.99222726 0.9928579 0.99413 0.99360543 0.9912769 0.9956489 0.99406433 0.99439377 0.99421364 0.9960687 0.9949623 0.99700403 0.9952282 0.99443084 0.99534523 0.99596673 0.99443597 0.9929652 0.99435735 0.9937255 0.99407405 0.9936211 0.99421567 0.9954699 0.98968786 0.99043906 0.99157906 0.9913549 0.9868143 0.9869817 0.98307925 0.9859418 0.99398696 0.99368423 0.99442005 0.9936266 0.9929273 0.99426097 0.9946301 0.990174 0.9904172 0.99033934 0.9871316 0.99521965 0.9942337 0.99306774 0.9903308 0.991035 0.99106795 0.99137825 0.9905065 0.9897306 0.9905245 0.9915232 0.99109894 0.9918707 0.9944434 0.9947142 0.99474293 0.99414355 0.99019825 0.9926154 0.99072 0.98840463 0.99000704 0.99444807 0.9919588 0.99065644 0.9943943 0.99343276 0.9916434 0.99106413 0.9896449 0.9887801 0.98677874 0.9947723 0.99427533 0.9943371 0.9939689 0.993745 0.9944505 0.9914658 0.99465245 0.9929664 0.9944145 0.99547476 0.99442935 0.99282503 0.9942557 0.99158233 0.9923054 0.99262995 0.99152505 0.99323165 0.9900227 0.9894359 0.9906118 0.9887143 0.98650545 0.9874681 0.9900841 0.9933363 0.9943693 0.9944897 0.9913692 0.99279547 0.99171543 0.9920728 0.9939402 0.9939778 0.99252367 0.992237 0.9930386 0.9948895 0.9954082 0.9922408 0.996107 0.9955265 0.9961591 0.99472976 0.9846439 0.98674595 0.9936558 0.9931194 0.9907772 0.9921637 0.9933309 0.9894632 0.99005103 0.9931262 0.98597217 0.97842693 0.98465097 0.9873249 0.99135363 0.99251425 0.9929283 0.9939668 0.98798573 0.99231446 0.99235237 0.9927796 0.99345 0.9919903 0.99458855 0.99590397 0.9960977 0.9954147 0.9945832 0.99334306 0.9947064 0.9951371 0.99382186 0.99448025 0.99536145 0.9963296 0.9967414 0.99519527 0.99448615 0.9945063 0.99416196 0.9931524 0.99325657 0.9928968 0.99420756 0.9930994 0.9934048 0.9898876 0.9929787 0.99275917 0.99407274 0.9924309 0.995715 0.99199605 0.99323106 0.9917031 0.99277675 0.9939267 0.9929988 0.9926693 0.99550116 0.99380875 0.99492234 0.9943378 0.9943138 0.9942225 0.9949766 0.9963574 0.9953233 0.99444044 0.9939007 0.9909352 0.9936798 0.9907222 0.99055415 0.99048847 0.99263835 0.9931249 0.99212134 0.9942314 0.9938858 0.99430096 0.9942839 0.9934728 0.99384934 0.99438256 0.99465656 0.99343634 0.9950558 0.99498266 0.99500686 0.99553347 0.99142593 0.9897024 0.9883046 0.98924893 0.99430966 0.9943643 0.99412096 0.99438363 0.9867289 0.9840521 0.9829948 0.990059 0.9882529 0.98661506 0.99460316 0.9939447 0.9940673 0.9944827 0.9929446 0.9925431 0.99102014 0.9856223 0.99311787 0.9911487 0.9918799 0.98911715 0.9895603 0.98690724 0.98526704 0.99112535 0.99094915 0.9937952 0.9914101 0.9910955 0.98979104 0.9886234 0.9838867 0.9922862 0.9921025 0.9924601 0.9921308 0.99253786 0.99162626 0.9899755 0.9894879 0.99116766 0.9927728 0.9919728 0.992101 0.9948778 0.99172086 0.99410045 0.9942915 0.9938419 0.9911456 0.9916201 0.98746055 0.9937119 0.9880729 0.9893497 0.99391127 0.9901199 0.98602504 0.9873721 0.9892128 0.99451184 0.9866906 0.9923972 0.9897269 0.9929188 0.9936082 0.9902867 0.99192566 0.99140483 0.99089557 0.9922868 0.98867756 0.9892587 0.9913829 0.98883516 0.9909577 0.9899194 0.9915314 0.9904456 0.99094605 0.99057907 0.99496293 0.99414575 0.9927601 0.9934059 0.992807 0.9944826 0.99404657 0.9927236 0.9940183 0.99564874 0.9952424 0.9957852 0.99485886 0.99384844 0.9957294 0.9936372 0.9924462 0.9928417 0.99272954 0.9923145 0.99385333 0.99342114 0.9947827 0.99439114 0.99585956 0.994802 0.9947551 0.99360377 0.9911359 0.9939083 0.9917148 0.99247545 0.9928829 0.99338865 0.99211264 0.9908938 0.98988867 0.9912912 0.98921275 0.99221087 0.99149734 0.99186945 0.9929476 0.9914861 0.99233425 0.99151134 0.9950546 0.9958206 0.9958142 0.9948709 0.9953892 0.9935538 0.99461305 0.9951543 0.9943347 0.9936799 0.9944079 0.9945791 0.99379855 0.9944915 0.9955311 0.99322355 0.9926976 0.9935775 0.9955718 0.9940536 0.9946374 0.9948026 0.9950361 0.996091 0.9968099 0.9964974 0.9958075 0.99522245 0.99612653 0.99508625 0.99633807 0.99540424 0.99364674 0.9942487 0.99160004 0.99363333 0.99475235 0.9934525 0.9935854 0.994001 0.9935252 0.98998576 0.9892343 0.98644143 0.9882478 0.98813146 0.9881073 0.98771954 0.98399025 0.9898623 0.9904132 0.99150884 0.99232334 0.99129885 0.99228746 0.99187493 0.99260724 0.9917064 0.9917075 0.9902607 0.9912591 0.9912714 0.9915027 0.9918534 0.9912363 0.9908319 0.987363 0.98362565 0.9805409 0.987159 0.9896198 0.9882318 0.9886228 0.98613524 0.99074805 0.98818386 0.9838834 0.98891187 0.98557144 0.9869192 0.98752713 0.9827675 0.9821066 0.9847053 0.986704 0.98988813 0.9932481 0.9900126 0.99192876
IgnxatovicxJakov_SRP18590JakovIDjuradjB-L2_11 0.9899496 0.9931077 0.99357814 0.9899679 0.9906005 0.99470335 0.99381626 0.9900102 0.9931018 0.9923696 0.99309975 0.9941833 0.99234754 0.9922716 0.994831 0.99167275 0.99228567 0.99265563 0.99382937 0.99309003 0.9909644 0.99200404 0.9904157 0.98927706 0.98987097 0.98810875 0.99009395 0.98593366 0.9910856 0.9903089 0.9894496 0.9915699 0.99105394 0.98506546 0.9826734 0.9923444 0.9907545 0.9899106 0.9922948 0.9914494 0.9923396 0.9914069 0.99252975 0.9892694 0.9895699 0.9912212 0.99139583 0.99277925 0.9935426 0.99330044 0.9956893 0.99542403 0.99476814 0.9921383 0.9919185 0.99139345 0.9911163 0.9863089 0.98819256 0.9946292 0.9946555 0.98949623 0.99265516 0.99202275 0.9899033 0.99011356 0.9933853 0.99382126 0.9937505 0.9929916 0.9942247 0.99177843 0.9956523 0.99633527 0.9970577 0.99641174 0.99541324 0.99662524 0.99659514 0.99534875 0.9969212 0.98999435 0.9906249 0.99049807 0.9873054 0.9914043 0.9904271 0.9917357 0.9926212 0.9902185 0.99212056 0.9915707 0.9969312 0.9991653 1.0000004 0.99697196 0.996596 0.99622697 0.9980414 0.9975423 0.9988837 0.9987548 0.99835414 0.99426377 0.99164563 0.99359685 0.9912949 0.9925123 0.9951129 0.9940431 0.9937553 0.99253255 0.99302244 0.99423856 0.9937805 0.9911928 0.9961155 0.9945569 0.9943098 0.9942095 0.9962858 0.99511516 0.996449 0.99508816 0.99431294 0.99502826 0.9954409 0.9940917 0.9923499 0.99378115 0.99295914 0.9934392 0.9934392 0.99396163 0.9952017 0.98895246 0.98942935 0.99073136 0.99072564 0.98719645 0.9872941 0.9834022 0.98633325 0.9944762 0.99420077 0.99470204 0.99363035 0.99288297 0.9943106 0.99487054 0.98979855 0.98986155 0.9892026 0.9860611 0.99513924 0.99416256 0.9928974 0.9904814 0.9913333 0.99171084 0.9918171 0.990953 0.9900408 0.9907188 0.9917998 0.9911084 0.9917622 0.9945408 0.9945782 0.9950196 0.9943328 0.99063313 0.99312407 0.99141353 0.9891877 0.9902424 0.9944232 0.9918896 0.9905158 0.9946183 0.9936276 0.99169147 0.9911263 0.989899 0.9896643 0.9878227 0.9953371 0.99463546 0.9950472 0.9943386 0.9937174 0.99460924 0.9915568 0.9945269 0.9928128 0.9941902 0.99547136 0.99452865 0.9927901 0.9942517 0.991542 0.99253994 0.9926535 0.99134064 0.9930574 0.99041456 0.989719 0.990928 0.9892295 0.9872389 0.9879845 0.9905405 0.993302 0.9937986 0.99411136 0.99127454 0.99267364 0.9917606 0.99232113 0.993606 0.99374825 0.99218386 0.9917473 0.99265254 0.9949043 0.9951641 0.99266595 0.99567574 0.99553853 0.99608165 0.9945979 0.9836456 0.9860489 0.9939545 0.9937146 0.9910531 0.99268913 0.9934673 0.9901194 0.99065715 0.9937428 0.98706067 0.9797587 0.9857852 0.9883804 0.9916815 0.99300355 0.9929283 0.99330837 0.9878396 0.99232066 0.9922988 0.99241686 0.9933813 0.99171495 0.99469745 0.99568325 0.9957601 0.9947339 0.9935241 0.99315363 0.99456704 0.9959482 0.9944189 0.9950921 0.9957594 0.9965301 0.99723464 0.99559957 0.9941984 0.9943423 0.9940205 0.99320674 0.9932573 0.99328125 0.9943415 0.9931317 0.99291444 0.98937595 0.99298894 0.99257755 0.9942296 0.9925971 0.99543494 0.9920399 0.9926315 0.99143946 0.9926691 0.9938348 0.99219894 0.992281 0.99546146 0.993955 0.9944194 0.99434435 0.9943819 0.9940266 0.994883 0.99654377 0.9954534 0.99427396 0.9949781 0.9919861 0.99442095 0.99159986 0.9918306 0.9915375 0.99366105 0.9926054 0.9915879 0.99426 0.99466115 0.9946747 0.9945029 0.99391097 0.9944517 0.99479645 0.99483037 0.9936607 0.9951222 0.9954913 0.9951876 0.9959993 0.99151856 0.9894981 0.98825943 0.9893423 0.9938764 0.9941458 0.9938192 0.9941021 0.9862996 0.983882 0.9825986 0.9908257 0.9890113 0.9874094 0.9941889 0.99369586 0.9939185 0.99420065 0.99255836 0.99227047 0.99076843 0.9849564 0.99307746 0.9911911 0.99192023 0.98880833 0.9893229 0.98656 0.98509955 0.99073493 0.9906414 0.9932804 0.99090296 0.9904081 0.98918086 0.9883725 0.9849807 0.99236757 0.99195886 0.9922681 0.9920708 0.9926468 0.99151343 0.99095213 0.99046296 0.99204147 0.9934268 0.99278057 0.9925165 0.9946794 0.9912154 0.9938649 0.99393773 0.9937912 0.9910212 0.9911316 0.9873126 0.9933038 0.9877552 0.9892038 0.99402696 0.9898972 0.98631847 0.9873287 0.98939884 0.9938386 0.98611075 0.99186677 0.9893316 0.9922125 0.9928965 0.9910128 0.99251294 0.99206346 0.9914554 0.9928537 0.9886637 0.98936933 0.99130756 0.9890314 0.99086094 0.9897549 0.99151444 0.99036676 0.9906225 0.9902524 0.994683 0.99368006 0.99246585 0.9934459 0.9932572 0.9945548 0.99420375 0.99301535 0.9945881 0.9956377 0.9953254 0.99589664 0.9949138 0.993534 0.99564964 0.99364245 0.99205923 0.9923047 0.9927202 0.992943 0.994182 0.99368197 0.99518013 0.9943906 0.9958503 0.9948114 0.9950385 0.99431527 0.9918544 0.99401337 0.9918076 0.99266785 0.9930913 0.99359125 0.9925142 0.99171424 0.99062496 0.9914075 0.9897609 0.99269944 0.9917211 0.99233305 0.99292535 0.9916034 0.9925148 0.9913684 0.995195 0.9954484 0.9952344 0.99491173 0.994887 0.99368125 0.99462503 0.99529845 0.9940327 0.9937752 0.9942513 0.994594 0.99354327 0.9943402 0.99507976 0.99359596 0.99296135 0.99386847 0.99569094 0.9940107 0.99491495 0.99493736 0.99491996 0.9957651 0.9966271 0.9960642 0.99517566 0.9954349 0.9956453 0.9949746 0.9962835 0.9951341 0.9938298 0.9942234 0.99174076 0.9941254 0.9951267 0.9939073 0.9938977 0.9942504 0.9936619 0.98914635 0.98808056 0.9852724 0.9870558 0.98744315 0.98688406 0.9861686 0.98255956 0.9899847 0.99073565 0.992123 0.9930673 0.9919319 0.99298495 0.99238366 0.9930041 0.99224687 0.9920523 0.9906797 0.99172795 0.9917375 0.99222153 0.99287933 0.99214065 0.9913786 0.9877731 0.9845542 0.9817037 0.9877014 0.99028444 0.9887765 0.9893636 0.9867621 0.99091136 0.9881586 0.98435867 0.9891844 0.9855122 0.98722935 0.9879956 0.9829458 0.9825357 0.98501134 0.98705393 0.9898806 0.9927914 0.9895304 0.9919008
IgnxatovicxJakov_SRP18590JakovIDjuradjB-L2_2 0.9924107 0.994874 0.99541235 0.99315107 0.9932394 0.99579835 0.9945751 0.9920289 0.9939041 0.99378014 0.99490607 0.9952633 0.9940122 0.99380255 0.99501765 0.9927823 0.9929934 0.9933555 0.99418926 0.994566 0.99188745 0.99344796 0.991387 0.99084306 0.99109274 0.9900309 0.9916098 0.9881642 0.99202573 0.9913591 0.991358 0.99224824 0.9922485 0.9856051 0.98393375 0.9909297 0.9895681 0.9885853 0.9923214 0.9930728 0.99294925 0.99204767 0.9932785 0.9907687 0.9899912 0.99096435 0.99236995 0.99374485 0.9936565 0.9948761 0.99673885 0.9966611 0.9966861 0.99477786 0.9945949 0.99371046 0.99357045 0.98775953 0.9909498 0.99617934 0.99607986 0.9917413 0.9938663 0.9933412 0.99048895 0.99104995 0.99534166 0.99465084 0.99562466 0.99552023 0.99626476 0.9928176 0.99702764 0.9974401 0.99784285 0.99696267 0.9947729 0.9955198 0.99793 0.9962857 0.99645245 0.9945659 0.995053 0.9938146 0.99195987 0.9951127 0.99429226 0.99551433 0.9954352 0.9943389 0.9955414 0.99318427 0.9986687 0.9971381 0.99697196 0.9999998 0.9983582 0.9987679 0.99826264 0.9983115 0.9967809 0.9974117 0.9975704 0.99568135 0.9942093 0.99624157 0.9938992 0.9945477 0.99631697 0.9959505 0.99539095 0.99538755 0.99585295 0.9962056 0.99680305 0.9945287 0.9960752 0.9952456 0.9944163 0.9946033 0.99564147 0.99466586 0.996269 0.99520296 0.99574995 0.99579096 0.9969355 0.9945157 0.99318063 0.994918 0.99474657 0.994735 0.99569833 0.9962193 0.9959608 0.9904085 0.991953 0.9934805 0.9932965 0.9915801 0.9913719 0.98850477 0.9910209 0.99550897 0.9945075 0.99560463 0.99597424 0.9948809 0.9966414 0.99638605 0.99063647 0.9911524 0.9912013 0.9884024 0.99583244 0.9947324 0.9937072 0.9938342 0.9944946 0.99399155 0.99426764 0.99268734 0.99222666 0.9933852 0.994212 0.99351555 0.99380815 0.9959181 0.9963533 0.99676186 0.9962234 0.9925859 0.9943888 0.993554 0.9911504 0.9928248 0.99442476 0.99231297 0.9909778 0.9950708 0.9942631 0.9926746 0.9922653 0.9926895 0.99139 0.98978966 0.99571216 0.9963938 0.99658716 0.99627733 0.99341655 0.99414945 0.99188346 0.9946347 0.993651 0.994708 0.995436 0.99621165 0.99572974 0.99672866 0.9953566 0.9959962 0.9962062 0.9951733 0.9958158 0.9945154 0.9940536 0.9947716 0.99317515 0.99070597 0.99216026 0.99481285 0.9935879 0.9927249 0.99480003 0.99232435 0.99328 0.9929291 0.99283475 0.9937829 0.99443865 0.9932116 0.9925636 0.9937369 0.9953246 0.9951433 0.9950669 0.99597025 0.99604124 0.99521613 0.994761 0.98337233 0.98725975 0.99507445 0.9951282 0.9924053 0.994123 0.9957474 0.9901762 0.9922662 0.99459237 0.9884721 0.9809641 0.98707384 0.9897565 0.99362993 0.99407107 0.99343437 0.99421835 0.9892256 0.99513876 0.9951569 0.99520826 0.9947097 0.99135727 0.9957012 0.9958257 0.9967509 0.99536765 0.99350107 0.9941288 0.99541086 0.9961959 0.9942244 0.99659175 0.9974003 0.99785316 0.99690765 0.99597347 0.99648094 0.99588865 0.9959288 0.9946699 0.99574107 0.9954441 0.99572957 0.9933854 0.99371016 0.9919303 0.99466 0.9950119 0.99397063 0.9923101 0.9962425 0.9932734 0.9936926 0.99226767 0.9927008 0.99326086 0.9924546 0.9924512 0.9954995 0.99455035 0.9957137 0.994755 0.99639446 0.9965184 0.9965665 0.997195 0.9967548 0.99587464 0.99404573 0.99210596 0.99274415 0.99198174 0.99119693 0.9916705 0.9925498 0.9934894 0.99348265 0.9958137 0.9956316 0.9960223 0.9964083 0.9957711 0.99617755 0.996324 0.9972146 0.9941048 0.99528474 0.9958407 0.99584943 0.996335 0.9939684 0.992449 0.9916905 0.9922197 0.9954136 0.9958569 0.9953514 0.9952774 0.990121 0.9874442 0.9864757 0.9939886 0.9918009 0.9913154 0.99550647 0.9951644 0.99556166 0.99607694 0.99442506 0.99412316 0.99297434 0.98661697 0.99481964 0.99399555 0.994415 0.9902008 0.9913981 0.9889894 0.9872561 0.9916374 0.9926199 0.9945572 0.99286807 0.9915318 0.9910286 0.98983645 0.98684394 0.9942035 0.9934037 0.99375075 0.99310493 0.9936782 0.9928702 0.9930302 0.99321616 0.9943103 0.9955092 0.9947585 0.9943329 0.99589086 0.9933747 0.9950253 0.9953619 0.99502426 0.99324715 0.99294555 0.9896106 0.99489963 0.9899637 0.9906255 0.9946039 0.9917771 0.98728174 0.9883911 0.9902704 0.9944775 0.9876088 0.9933339 0.99090576 0.99348724 0.994493 0.9932752 0.9941448 0.99388915 0.9930106 0.99413764 0.99104816 0.99129 0.9931821 0.9905546 0.991773 0.9913105 0.9924132 0.9914113 0.9918277 0.992025 0.9958298 0.9957462 0.9948297 0.9954473 0.99513614 0.9964236 0.99573714 0.9949132 0.99587834 0.99727046 0.99740434 0.99722964 0.9967997 0.99577326 0.9963929 0.9960886 0.9934381 0.9931564 0.9932597 0.9949029 0.99600214 0.9959075 0.99646044 0.995796 0.9965842 0.99653876 0.99715406 0.99533474 0.9937944 0.99426246 0.9927243 0.99450487 0.9945873 0.99532896 0.99421984 0.9941721 0.9938735 0.9930735 0.991465 0.99362326 0.99331987 0.9939304 0.9937595 0.9919806 0.9926323 0.9921948 0.99578214 0.99609673 0.9956577 0.9959935 0.99572766 0.99464417 0.99601007 0.9965502 0.9963102 0.99571896 0.9968456 0.9960496 0.9952351 0.9957656 0.9964385 0.9956548 0.995661 0.99548435 0.9971669 0.99560374 0.9964214 0.9966861 0.99645936 0.99706715 0.9973515 0.9976717 0.99709815 0.9961539 0.99819803 0.997084 0.99782217 0.99548566 0.9960903 0.9960645 0.9941281 0.9959337 0.99675316 0.9954072 0.9956958 0.9964303 0.99588454 0.99198204 0.9902818 0.98723483 0.9894754 0.9898303 0.9897166 0.9885909 0.9853986 0.9913302 0.9918983 0.9933485 0.99440575 0.9942897 0.9945951 0.993709 0.99483395 0.994198 0.9922869 0.9919486 0.99227 0.9934352 0.9938171 0.9937558 0.99379814 0.9931949 0.9899153 0.9867221 0.9836878 0.9885471 0.99130344 0.9910522 0.9906877 0.9889854 0.9925386 0.9893481 0.9855336 0.9904624 0.9874636 0.98824555 0.98974085 0.98584557 0.98459333 0.9872281 0.9882086 0.9909574 0.992497 0.98928654 0.9906915
IgnxatovicxJakov_SRP18590JakovIDjuradjB-L2_3 0.9906587 0.9930593 0.9942169 0.9914719 0.9911406 0.9955622 0.9952807 0.99272776 0.99066395 0.9896824 0.99117464 0.9917349 0.9900507 0.9900779 0.99177057 0.9890895 0.9892647 0.98987657 0.99085647 0.99106675 0.98792374 0.98971665 0.9879456 0.98702526 0.98755044 0.98608935 0.9878187 0.98421746 0.98807114 0.9871948 0.9875074 0.98828673 0.98834616 0.98132294 0.97961336 0.9885369 0.9869737 0.98600686 0.99019194 0.9906988 0.9907767 0.9897866 0.9917573 0.9884178 0.9878651 0.9885305 0.98961484 0.9915631 0.99116206 0.99279416 0.9944833 0.99495673 0.99539274 0.99340045 0.9934743 0.99105245 0.9912211 0.98569477 0.9883167 0.99415094 0.99437684 0.98885953 0.9913449 0.9911834 0.9887973 0.9888658 0.9941374 0.9934059 0.9942305 0.99344736 0.9942796 0.9910527 0.9963864 0.99541074 0.99661887 0.9948921 0.99288386 0.9943769 0.9965838 0.99438655 0.9952979 0.9917864 0.99224925 0.9921915 0.99016696 0.99349684 0.9919746 0.9935858 0.9932149 0.99331456 0.99385047 0.9897424 0.9977135 0.9967097 0.996596 0.9983582 1.0000005 0.9985123 0.99898815 0.9986822 0.99729764 0.9963371 0.99630874 0.99400723 0.99216545 0.9943536 0.9919438 0.99255055 0.99425465 0.99434954 0.9933783 0.9934776 0.9942021 0.9942029 0.99531007 0.9928015 0.994713 0.9935507 0.9924084 0.9928382 0.9947294 0.9939388 0.99389106 0.9923176 0.9930545 0.9934836 0.99435186 0.9918983 0.99077034 0.99237007 0.9918179 0.99193954 0.9926935 0.99347067 0.9936524 0.98698676 0.98883855 0.99056697 0.9904386 0.990904 0.9900177 0.9883152 0.9903185 0.9942318 0.99259025 0.9934141 0.99450696 0.9933193 0.995711 0.9949784 0.9887523 0.9894322 0.98935324 0.9866792 0.9937747 0.992415 0.9910832 0.99252623 0.99322873 0.9929417 0.99298286 0.99110264 0.9907332 0.9917726 0.9925061 0.9915716 0.9917681 0.99354064 0.994934 0.994495 0.9938908 0.9903649 0.99193215 0.99129146 0.98889107 0.99057615 0.99160373 0.9886202 0.98717755 0.99263114 0.99125314 0.98927975 0.98895687 0.99023986 0.98901176 0.9874255 0.9931478 0.9939232 0.9940366 0.99457127 0.9907217 0.99087787 0.9884962 0.99151003 0.99050885 0.99144137 0.99235433 0.9941245 0.9945379 0.9950305 0.9947933 0.99431384 0.99448293 0.9939743 0.99466884 0.99373925 0.99302197 0.9928001 0.99275833 0.9911067 0.9923891 0.99321985 0.99102527 0.9908929 0.9925765 0.9898453 0.9909595 0.9910413 0.9906035 0.99149823 0.9924615 0.9918854 0.9910708 0.9918181 0.993272 0.99399954 0.99323475 0.99470764 0.99464035 0.9945957 0.9934548 0.9802866 0.98426914 0.99226415 0.9935286 0.99123013 0.9928129 0.99501944 0.98945314 0.9915957 0.99251217 0.98651934 0.97829145 0.98507214 0.9879823 0.9925065 0.99243826 0.9929857 0.9925459 0.9883398 0.994276 0.99396974 0.99413705 0.99484867 0.9901573 0.9951947 0.99428517 0.9960891 0.99433434 0.99278975 0.99283075 0.99477834 0.9966376 0.99392074 0.9964959 0.9961196 0.9970558 0.9972727 0.99709666 0.99354786 0.99254155 0.9936168 0.9915903 0.9931626 0.99351317 0.99326414 0.9917897 0.99124265 0.98931706 0.9919386 0.9930557 0.99302053 0.9909311 0.99451166 0.99170554 0.9926543 0.9918093 0.9907102 0.99157614 0.99082375 0.990564 0.993662 0.9928303 0.99380153 0.9941898 0.9949044 0.99543124 0.99422157 0.9963182 0.99592435 0.9951957 0.9928058 0.9893867 0.9907816 0.9894408 0.98877543 0.9888646 0.9905496 0.99064606 0.99049383 0.9939328 0.99350274 0.99298155 0.9935883 0.9935399 0.9933403 0.9947082 0.99493146 0.9905473 0.9921391 0.9936534 0.99353504 0.99420905 0.99126375 0.98952335 0.9889736 0.9899279 0.9923605 0.9927939 0.9918719 0.9920062 0.98840666 0.98568135 0.984982 0.99219394 0.9893413 0.98956347 0.9925902 0.9920853 0.99232286 0.99327356 0.9914479 0.9913159 0.99014723 0.9830707 0.99165034 0.99105 0.99130887 0.98662853 0.98804605 0.98607314 0.9842239 0.98820156 0.9893077 0.99123394 0.9895079 0.9884397 0.98769677 0.9869621 0.98505455 0.9914522 0.9910032 0.99087846 0.99054986 0.99126905 0.99079853 0.9914502 0.9919041 0.99254924 0.9937657 0.9937608 0.99258363 0.99307394 0.99002826 0.9919649 0.9921169 0.99194753 0.98994136 0.989215 0.9859498 0.99164015 0.98632675 0.98710597 0.9916186 0.9887449 0.98405766 0.98511535 0.9871878 0.9922109 0.98412806 0.99041164 0.9873475 0.9902036 0.9917339 0.9909261 0.9912714 0.99124503 0.98976016 0.99145716 0.9881802 0.9885018 0.9915294 0.98800427 0.9887555 0.98837966 0.9895891 0.9883372 0.9888151 0.98921573 0.9926245 0.99261117 0.9921992 0.9929006 0.9922216 0.9940923 0.99338514 0.9930619 0.994823 0.99642104 0.995816 0.9954192 0.9945419 0.9943856 0.9953444 0.9940878 0.99333423 0.9935496 0.9931408 0.99296564 0.9948742 0.9945948 0.99470544 0.99404097 0.9957004 0.9950316 0.9961133 0.9937484 0.9916571 0.99313426 0.99080354 0.9933108 0.99295723 0.99464864 0.9931911 0.99255925 0.9926524 0.9903348 0.9886349 0.9910133 0.9906546 0.9917546 0.99149907 0.9888911 0.98948 0.9898528 0.9938666 0.9940547 0.9942207 0.9941515 0.9944505 0.9933465 0.9943039 0.99485344 0.99448544 0.9935512 0.9954233 0.9943794 0.9942638 0.9932587 0.9944278 0.9937909 0.99439245 0.99434745 0.9948994 0.99272937 0.9935322 0.9952673 0.99427307 0.9951607 0.9961845 0.9963757 0.9957603 0.99688864 0.9977664 0.99599737 0.9965511 0.9937327 0.99400526 0.9939482 0.99172133 0.9937545 0.9950216 0.9935243 0.99330616 0.9950196 0.99365383 0.988446 0.9866096 0.9840733 0.98609537 0.98617625 0.9861628 0.98505884 0.9818495 0.98996127 0.9901457 0.9921273 0.9932776 0.99309576 0.99356407 0.99259174 0.99418247 0.99296874 0.9906462 0.99068695 0.99101645 0.9921146 0.99229556 0.9914666 0.9927225 0.99015087 0.9869131 0.9835774 0.9806792 0.98464894 0.9878598 0.9873762 0.98700553 0.9856419 0.99024534 0.9862714 0.98273546 0.98801064 0.98444945 0.98506993 0.98709714 0.98315746 0.981327 0.9840647 0.9852097 0.9884582 0.9914479 0.9878876 0.9890622
IgnxatovicxJakov_SRP18590JakovIDjuradjB-L2_4 0.9908984 0.9937784 0.9947888 0.99336785 0.9930417 0.9941654 0.9931102 0.9900039 0.99312663 0.99247 0.9939667 0.9939265 0.99321973 0.9932325 0.99362713 0.99208647 0.9912928 0.99168634 0.99263555 0.9937371 0.99112535 0.9925958 0.99006706 0.98976487 0.9896431 0.9888811 0.99005276 0.98779625 0.9903883 0.99015087 0.9900609 0.99049515 0.9908759 0.9848266 0.98317206 0.9897454 0.98852015 0.987561 0.9925866 0.9939077 0.993769 0.9930676 0.9940623 0.99173033 0.9895805 0.99093074 0.99292207 0.9944578 0.9944464 0.99508363 0.9964498 0.99632037 0.9964282 0.9935972 0.99353623 0.9924269 0.99221563 0.9853682 0.98914236 0.9948298 0.9944927 0.9904321 0.9923529 0.9917917 0.9882781 0.98886365 0.994712 0.99364847 0.9951513 0.9962666 0.9947195 0.99133724 0.9964748 0.9970226 0.9971996 0.9964467 0.99319535 0.9938383 0.99722964 0.99647856 0.9955833 0.9939354 0.99426603 0.99539816 0.99368346 0.9969363 0.9959086 0.99689883 0.9965167 0.99556065 0.99669385 0.99191535 0.99707466 0.9960086 0.99622697 0.9987679 0.9985123 0.9999998 0.997972 0.99804467 0.99588335 0.9961264 0.9964852 0.99675417 0.9954796 0.9955594 0.99452007 0.99519575 0.99635917 0.99677247 0.9962862 0.9965647 0.99654526 0.99658924 0.9975326 0.99563724 0.9956866 0.99608755 0.9943232 0.99489665 0.99609977 0.9947528 0.99506086 0.99455905 0.99603933 0.9953362 0.996476 0.9937373 0.99206764 0.9944583 0.99433863 0.99415785 0.9957547 0.99633336 0.9952991 0.9888385 0.9907702 0.99200404 0.99247426 0.9932137 0.9932461 0.9910046 0.9931351 0.9953745 0.9943213 0.9954058 0.9950625 0.99440557 0.99643075 0.9963963 0.9888719 0.989404 0.9887752 0.9865533 0.99531126 0.9944287 0.99323785 0.99501884 0.9957346 0.99427503 0.9943231 0.9926889 0.9924491 0.99324155 0.99387985 0.9931349 0.9928439 0.9953971 0.99516207 0.9963406 0.9952054 0.9928211 0.9944424 0.9941089 0.9920872 0.99343705 0.99255687 0.9905169 0.9893791 0.99447984 0.99369854 0.9921214 0.9921631 0.9935287 0.9926517 0.99105805 0.995495 0.99638206 0.99669266 0.99620545 0.99267894 0.99319285 0.9914547 0.9936443 0.9933082 0.99409825 0.9945493 0.99551016 0.9954675 0.9961868 0.99528617 0.996574 0.99665266 0.99570423 0.9955095 0.995088 0.99462897 0.99540627 0.99347 0.99131125 0.9931931 0.99608755 0.99271876 0.991515 0.99377185 0.9921923 0.99221635 0.9925385 0.9929783 0.99180096 0.9928898 0.99154913 0.9905564 0.9922232 0.994082 0.9937892 0.99556786 0.99520653 0.9946172 0.99374753 0.9938254 0.9807068 0.9857943 0.9941239 0.99445754 0.99184215 0.99393976 0.99534583 0.98910123 0.99177885 0.9942627 0.98973995 0.98223543 0.98814917 0.990418 0.9931492 0.9934471 0.99261737 0.9928248 0.98822874 0.99507785 0.9955542 0.9953814 0.9942309 0.98925006 0.99507827 0.99435455 0.9955692 0.99405336 0.9921319 0.9934307 0.99460745 0.99631023 0.99303687 0.99672234 0.9972882 0.9975592 0.99680406 0.9957221 0.995483 0.99480295 0.9953226 0.99363434 0.9955163 0.99502265 0.99487555 0.99205357 0.99240667 0.99169147 0.9940687 0.9948221 0.9924682 0.99064046 0.9949746 0.99259555 0.99190795 0.9905584 0.991064 0.9916891 0.99035114 0.99070096 0.99417627 0.9931869 0.99438995 0.993639 0.99526876 0.9956797 0.99574846 0.99625504 0.9957377 0.99470335 0.99421054 0.99246716 0.9920703 0.99242955 0.99168545 0.9921865 0.9923282 0.9921218 0.99236256 0.9951573 0.9954067 0.99562645 0.9958358 0.99517643 0.9959316 0.9955382 0.9970486 0.9925853 0.99353004 0.9951454 0.9951292 0.9957626 0.99410677 0.9927947 0.99250406 0.9929076 0.99423295 0.99479586 0.99400496 0.99412405 0.9895827 0.98772717 0.9865126 0.9953791 0.993201 0.99355865 0.9940395 0.99430203 0.994978 0.9955575 0.99359447 0.9936655 0.9926764 0.9857829 0.99385536 0.99386936 0.99411505 0.98943365 0.9908723 0.9884825 0.98727375 0.990233 0.9910104 0.9924619 0.99110144 0.98919976 0.98886836 0.98810095 0.98818374 0.99481624 0.9938662 0.9943576 0.99398404 0.99457747 0.9935164 0.99305725 0.9939675 0.9948752 0.99558556 0.99541867 0.9948765 0.99471277 0.9924193 0.99437934 0.9941031 0.9944018 0.99307597 0.9920465 0.9894577 0.9936702 0.9890406 0.98963875 0.9937594 0.99134624 0.98759526 0.9877444 0.99015945 0.99329346 0.98720276 0.99247134 0.99058205 0.9923754 0.99376416 0.9943276 0.9943646 0.9944303 0.9929739 0.9941931 0.9911982 0.9918062 0.99301696 0.9911725 0.99171823 0.9916596 0.9926014 0.99108654 0.99152875 0.99193865 0.99456346 0.9942019 0.99376875 0.99477404 0.9951672 0.9947084 0.9941764 0.99415195 0.99611175 0.99697846 0.99736476 0.99639666 0.99674845 0.9954801 0.9954838 0.99589854 0.9920908 0.99198264 0.9922841 0.99572885 0.9962325 0.99620825 0.99627376 0.9955544 0.9959007 0.99620926 0.9972507 0.9950354 0.9946713 0.99340516 0.9925432 0.9948612 0.99460536 0.9957348 0.99521595 0.99535316 0.9955902 0.9932116 0.99281335 0.9935694 0.9937405 0.99487424 0.99338466 0.9916364 0.9923372 0.991473 0.9951702 0.9952946 0.99430406 0.9950161 0.9947581 0.9940149 0.9957472 0.99558467 0.9957522 0.9959224 0.9965369 0.9950425 0.9938557 0.99459803 0.9951333 0.99616754 0.9957361 0.9942403 0.995691 0.9954725 0.9958845 0.9961914 0.9955169 0.9959851 0.9963597 0.99673885 0.9962027 0.9955343 0.99775976 0.99664617 0.99683225 0.9937225 0.9965499 0.995961 0.994805 0.9963493 0.9968312 0.9953748 0.9961079 0.9963866 0.9963348 0.99040306 0.98832405 0.98528755 0.9872298 0.98869324 0.9879135 0.9862823 0.9831795 0.990882 0.9916709 0.9933854 0.9949721 0.995535 0.99526167 0.99379563 0.99520326 0.994775 0.99143595 0.99166703 0.99178344 0.9936447 0.9945936 0.99396765 0.9945761 0.993153 0.98993456 0.98797023 0.98506063 0.9887967 0.9913007 0.9913646 0.99087125 0.9897699 0.9925152 0.9889645 0.98616236 0.99065197 0.98750335 0.98832613 0.9905993 0.9867452 0.98556775 0.987856 0.9885473 0.990734 0.99022937 0.98681176 0.98820597
IgnxatovicxJakov_SRP18590JakovIDjuradjB-L2_5 0.9899865 0.9931854 0.9940064 0.99078673 0.9909254 0.995998 0.99530095 0.9917707 0.9922128 0.99091923 0.9921423 0.9929178 0.9909911 0.9908615 0.99284786 0.9896573 0.98996395 0.99054205 0.99160486 0.991855 0.9890153 0.9902666 0.98926646 0.987917 0.9884497 0.98690933 0.9887411 0.98459214 0.98938423 0.9883547 0.9881933 0.99002975 0.98932683 0.9821353 0.9799595 0.9900484 0.98817444 0.98719966 0.9912374 0.9911022 0.9914293 0.9903874 0.9922574 0.9884294 0.98860884 0.98956454 0.99030465 0.99215305 0.9922266 0.99276334 0.9952877 0.99540025 0.9953144 0.9929374 0.99301267 0.99081707 0.99080795 0.9854792 0.9876401 0.9940711 0.9940838 0.9885121 0.99168473 0.9913522 0.98872924 0.9889965 0.9939183 0.9939601 0.9941276 0.9936328 0.9947497 0.9921286 0.99688566 0.9963448 0.9974534 0.9957534 0.9941679 0.9958448 0.9968376 0.99501914 0.99628204 0.99054253 0.9912351 0.9919429 0.9894334 0.992883 0.9913491 0.9930374 0.99327445 0.9922002 0.99345016 0.9899441 0.99804723 0.9978386 0.9980414 0.99826264 0.99898815 0.997972 1.0 0.999012 0.99823684 0.9969997 0.99703276 0.99442315 0.99188405 0.99462956 0.99166214 0.9926071 0.9947672 0.994297 0.9937875 0.99294096 0.9937789 0.99413663 0.9949867 0.99193597 0.9960149 0.9945863 0.9935589 0.9936936 0.9957397 0.9951212 0.99537736 0.99396294 0.9938613 0.99459726 0.9948106 0.9932671 0.9915024 0.9929485 0.99202645 0.99260855 0.9929257 0.993664 0.99426746 0.9872475 0.98869574 0.99039483 0.9901619 0.989794 0.9890411 0.98647904 0.9889317 0.9947506 0.99378884 0.994388 0.9948564 0.9936452 0.99566025 0.99548376 0.98933744 0.9899818 0.98945737 0.9867065 0.99479985 0.9934234 0.9918065 0.9913138 0.9921091 0.9930728 0.99278307 0.99163467 0.99046856 0.99180067 0.99272144 0.99120086 0.9916407 0.99394387 0.9950407 0.99498796 0.9944266 0.9905007 0.99267405 0.99155366 0.98903966 0.99043137 0.99254525 0.9894726 0.98780787 0.99328727 0.99223065 0.9900165 0.98947906 0.99011725 0.98994243 0.9881328 0.9941009 0.9940977 0.9946198 0.9943222 0.9918408 0.9926045 0.98968303 0.992797 0.99107873 0.9924697 0.9939617 0.99469906 0.99432963 0.9949451 0.9938676 0.9936748 0.9938079 0.9927139 0.99436945 0.9928795 0.9919531 0.9924877 0.99171454 0.98979867 0.99082327 0.9921899 0.99217606 0.9922863 0.9931997 0.99021494 0.99167794 0.99112576 0.99120915 0.9922813 0.9929262 0.9919106 0.99114823 0.9919495 0.99413353 0.99480546 0.99318653 0.9953109 0.995358 0.99574924 0.9940603 0.9822183 0.98520887 0.99329495 0.9940842 0.9915421 0.9932107 0.9945846 0.99069166 0.99155754 0.9932698 0.9870105 0.9791828 0.9857482 0.98856485 0.99251246 0.9927669 0.99321735 0.9934739 0.9887742 0.9938068 0.99346834 0.993488 0.9948571 0.9919542 0.9957772 0.99553555 0.9962954 0.9948413 0.9941879 0.99366146 0.99552715 0.9974575 0.9954079 0.9971112 0.9968379 0.99775964 0.99825704 0.99774116 0.9935469 0.9927465 0.99331754 0.9922704 0.99304956 0.9937807 0.9936841 0.99256533 0.9920815 0.98969644 0.9928061 0.99323606 0.9939444 0.99211234 0.9951782 0.9919405 0.9928908 0.9920602 0.9917789 0.9928404 0.99155414 0.99154884 0.9947814 0.99369925 0.99394214 0.9950322 0.99524045 0.99531287 0.99482834 0.99699086 0.99636436 0.99524105 0.9945957 0.9909316 0.99298984 0.9908314 0.99050504 0.9902602 0.99241155 0.9908522 0.9903173 0.9937901 0.99491364 0.9940994 0.9944724 0.99403125 0.99383557 0.9955654 0.99508226 0.99218994 0.9937068 0.9945642 0.99449235 0.99519587 0.991324 0.98919797 0.98835295 0.9893765 0.9931575 0.9935825 0.99283797 0.99288857 0.987246 0.98443556 0.98344904 0.99182457 0.98932797 0.98896813 0.99339986 0.99252963 0.9929057 0.9934918 0.99158317 0.99155396 0.9899447 0.98322386 0.9921949 0.99113584 0.99161816 0.98729426 0.9883075 0.98602873 0.984126 0.9890644 0.98996997 0.99224913 0.9900208 0.9893614 0.988281 0.98775923 0.9847345 0.99224484 0.9918225 0.9915053 0.9910475 0.9919885 0.9912445 0.99273676 0.99247825 0.99356246 0.99468005 0.9941976 0.9930631 0.99355006 0.9898952 0.9924555 0.9926109 0.9925443 0.98976874 0.98933333 0.9856806 0.9920577 0.9859571 0.9872318 0.9924824 0.9886108 0.9843377 0.9850725 0.9873402 0.9928224 0.9839308 0.9907627 0.98755217 0.99063545 0.99178743 0.9910864 0.9921492 0.99199164 0.99061024 0.9923056 0.9886025 0.98916036 0.99228525 0.9885731 0.9898309 0.98884416 0.99072415 0.9894396 0.98959 0.98974437 0.9934498 0.9930688 0.99247104 0.9934261 0.99292976 0.99503505 0.9943929 0.9935279 0.9951646 0.9966475 0.99594206 0.9961181 0.9948442 0.9944575 0.99582386 0.9940952 0.9932394 0.993701 0.99360245 0.99323136 0.9951373 0.99466753 0.99532044 0.99438536 0.9962317 0.9955799 0.9962925 0.9941466 0.99172884 0.9940005 0.99162954 0.99349004 0.99313045 0.9944448 0.9929871 0.99318796 0.9925289 0.9916488 0.98981744 0.99262136 0.99180156 0.9925221 0.9929282 0.99087644 0.9912528 0.9912108 0.9948153 0.9949475 0.99525034 0.9946973 0.99492717 0.9941086 0.9950018 0.9954643 0.9943873 0.9938129 0.9952535 0.99490166 0.9945935 0.9942793 0.99522465 0.99431676 0.99424905 0.9949947 0.9958183 0.993158 0.9944408 0.9954182 0.99494034 0.99570364 0.9967228 0.9966281 0.9956851 0.99723583 0.9971578 0.99593556 0.99703175 0.9948161 0.9944995 0.99433583 0.99200726 0.9944959 0.99561733 0.99419767 0.9939247 0.9951633 0.994035 0.9883463 0.9866423 0.98370254 0.986006 0.98595417 0.98566175 0.98466885 0.981277 0.991052 0.9914697 0.99326074 0.9939965 0.99322814 0.9941908 0.9932929 0.99421704 0.99344075 0.9923585 0.9918832 0.99255425 0.9930175 0.9931618 0.99307203 0.9935717 0.9909349 0.98688465 0.9838494 0.9808861 0.98570025 0.9886617 0.98776716 0.98789746 0.9858584 0.99065053 0.98690134 0.98307914 0.98850656 0.9844955 0.98580587 0.9873804 0.98260087 0.9813238 0.9840565 0.98569715 0.98903936 0.99213874 0.9883653 0.9901195
IgnxatovicxJakov_SRP18590JakovIDjuradjB-L2_6 0.9914989 0.9931904 0.99500096 0.99319226 0.9927145 0.99500626 0.9943291 0.991343 0.99242306 0.99189425 0.99315923 0.99292904 0.9923831 0.9923934 0.9932204 0.99109364 0.9910362 0.9913452 0.9916946 0.9924496 0.99065727 0.9918829 0.9882164 0.9877504 0.98860884 0.9884399 0.98938406 0.9866808 0.99016917 0.9899268 0.9897847 0.9901078 0.99072754 0.98478705 0.9832967 0.98954856 0.9878049 0.9880059 0.990935 0.9910373 0.9918744 0.9916279 0.99236166 0.9903044 0.9883848 0.9890625 0.9909848 0.9929285 0.99251854 0.99467885 0.9954797 0.9957015 0.9965181 0.9941472 0.993908 0.99134517 0.991153 0.9856956 0.9886865 0.9946105 0.99465644 0.9892036 0.99180263 0.9917198 0.9883383 0.9885666 0.99465287 0.99362355 0.99477106 0.9929043 0.99389905 0.9903971 0.99640274 0.99657434 0.9971586 0.99652606 0.992946 0.9950508 0.99705577 0.9945915 0.9952651 0.99199486 0.99179834 0.9935674 0.9913493 0.9942414 0.99345124 0.994308 0.9946856 0.9935361 0.994314 0.99238145 0.9976541 0.99695927 0.9975423 0.9983115 0.9986822 0.99804467 0.999012 1.0000001 0.9978142 0.9970829 0.9970176 0.994948 0.9936304 0.99450123 0.99348855 0.99400306 0.9949434 0.99504274 0.9942203 0.9943396 0.99488425 0.99518764 0.9954137 0.99380296 0.9949693 0.9931717 0.9917372 0.9921828 0.9943329 0.9936823 0.99457127 0.993062 0.9935147 0.99337006 0.99527705 0.9921163 0.9899357 0.99168897 0.9914175 0.9916077 0.99302894 0.9937407 0.9937391 0.9894316 0.9898351 0.991295 0.9915564 0.99123913 0.99107206 0.98885417 0.9907163 0.9947067 0.9932432 0.9941669 0.9937144 0.99216646 0.99503446 0.994603 0.9879162 0.9879517 0.987623 0.9843755 0.99438953 0.99334484 0.99234116 0.9936224 0.99461913 0.9945117 0.99504197 0.9931138 0.9927719 0.9931692 0.9943146 0.9936625 0.99391943 0.9952228 0.9962009 0.9958852 0.9961256 0.9933546 0.9944116 0.9938846 0.99204457 0.99330634 0.9937519 0.99164814 0.9902572 0.993657 0.99306625 0.9918471 0.9911297 0.9921652 0.9915189 0.9901405 0.99460995 0.99539334 0.9954966 0.99579495 0.9932661 0.9928882 0.99175584 0.99369407 0.99290967 0.9926131 0.9933027 0.993932 0.9936827 0.9954426 0.99450445 0.99470747 0.99470097 0.9940376 0.9943395 0.9934014 0.99304426 0.9930234 0.9924105 0.9904971 0.99193835 0.993772 0.99305034 0.9920131 0.99372077 0.9921088 0.992423 0.99297583 0.9929843 0.99290204 0.99402755 0.9941936 0.9935123 0.99413055 0.9951641 0.99553746 0.99491227 0.99545896 0.9960538 0.995332 0.995175 0.9795594 0.98352283 0.99329627 0.9941734 0.99025446 0.9925863 0.99538106 0.9883711 0.99156654 0.9941252 0.98959255 0.98206604 0.9876536 0.9898868 0.9918674 0.99265885 0.99284476 0.9919376 0.9861748 0.9941186 0.99401677 0.9938185 0.99379295 0.9892382 0.99434197 0.994308 0.99589944 0.99323916 0.9917207 0.9920708 0.9940486 0.9969442 0.99365973 0.9961054 0.99616563 0.9972723 0.9972911 0.9965532 0.99429613 0.9935459 0.99396396 0.99210465 0.9938972 0.9931672 0.9936486 0.99153745 0.9914665 0.98984784 0.99298 0.9938443 0.9929518 0.9906287 0.9953279 0.99263525 0.9918249 0.9902932 0.9900726 0.99135303 0.99015963 0.990673 0.9938618 0.99315786 0.9939885 0.99348676 0.994578 0.994704 0.9938971 0.9964499 0.9954037 0.99440706 0.99502194 0.99219567 0.99328667 0.9922886 0.9922052 0.99175626 0.9932037 0.9905963 0.9909045 0.9938712 0.99385315 0.99402285 0.9940877 0.9934021 0.9940828 0.9945073 0.9947744 0.9916974 0.99345326 0.9957129 0.9950674 0.9961296 0.9925771 0.9911526 0.99065 0.99151146 0.99349344 0.9938999 0.9930494 0.99310386 0.98945266 0.98748124 0.9866452 0.99390453 0.9918602 0.9913066 0.99274206 0.9929872 0.9933591 0.99391586 0.9929201 0.9923128 0.9918942 0.98522985 0.99260396 0.9922695 0.9923299 0.9876992 0.98982704 0.9874321 0.9860361 0.98909634 0.9905853 0.9923989 0.9910568 0.9894583 0.989052 0.9888194 0.98921156 0.99172574 0.9904702 0.99149656 0.9902959 0.99122036 0.99023485 0.99181485 0.9918829 0.99304724 0.9944382 0.9947093 0.99348605 0.99443775 0.992232 0.9927559 0.9931551 0.9931055 0.99181443 0.99095684 0.98916405 0.99280614 0.9893445 0.9903667 0.993903 0.9916172 0.98809284 0.9888589 0.9905564 0.99246824 0.9867402 0.99127865 0.9898055 0.99106956 0.992249 0.993558 0.99362403 0.9936834 0.99275357 0.99400806 0.9907631 0.9885388 0.9906736 0.98736584 0.98840755 0.98845196 0.9893459 0.9885266 0.98947024 0.98925006 0.9941069 0.99433196 0.9938758 0.9941921 0.99428445 0.995613 0.9948171 0.9948209 0.99582016 0.9968644 0.99641687 0.99608874 0.9950509 0.9931309 0.99481326 0.99354476 0.99203104 0.9920437 0.99175733 0.99481297 0.9951241 0.9947375 0.9956078 0.99466264 0.99603266 0.9954523 0.99642617 0.99496245 0.9937527 0.9931908 0.99053276 0.9933233 0.99347675 0.9945918 0.99413395 0.9925907 0.99221516 0.9906841 0.9898064 0.99234444 0.99108166 0.9926378 0.9916302 0.9894711 0.9905004 0.9892252 0.9952546 0.99479496 0.9943181 0.9942324 0.99414665 0.9927542 0.9944118 0.996124 0.9946037 0.9936316 0.9951172 0.9944806 0.9929996 0.9939338 0.9940349 0.9943826 0.9949787 0.994362 0.9962206 0.9936673 0.99486494 0.9960944 0.9951248 0.9963731 0.9963672 0.99656713 0.9955263 0.99615365 0.9969233 0.99652225 0.99622726 0.9931945 0.99419236 0.99482274 0.99328184 0.99480915 0.99629325 0.99552524 0.9944004 0.9959078 0.9947634 0.9899963 0.98802334 0.9858302 0.9875038 0.9886247 0.98783994 0.9864521 0.9832413 0.98891234 0.9895862 0.9920915 0.99378306 0.9939146 0.9939777 0.99255264 0.99438953 0.9933522 0.99021053 0.98990726 0.99066246 0.9917262 0.9926872 0.9927329 0.9933784 0.9924316 0.9904234 0.9874127 0.9850922 0.98829186 0.9909973 0.9904475 0.9903217 0.9891963 0.99279565 0.9896748 0.9869672 0.9912999 0.98784167 0.9888401 0.99044144 0.9867482 0.98542595 0.9876435 0.9890082 0.99161154 0.991552 0.9888153 0.99077517
IgnxatovicxJakov_SRP18590JakovIDjuradjB-L2_7 0.9901414 0.9923189 0.99330187 0.9893966 0.9899326 0.99544 0.9952754 0.9919509 0.99023145 0.9898254 0.99081385 0.9920014 0.9895625 0.98953956 0.99298245 0.98971236 0.99072707 0.99126637 0.99228203 0.99082875 0.9883085 0.98965025 0.98850137 0.9872246 0.98782265 0.9858912 0.9882071 0.9833951 0.989115 0.98791873 0.9874362 0.98942 0.98899966 0.9831952 0.9809203 0.9908228 0.989308 0.9882066 0.99033475 0.98948526 0.9901696 0.9891493 0.99124384 0.98755497 0.9884421 0.9895532 0.98934543 0.9906313 0.9908689 0.99159324 0.9937263 0.9937984 0.9937568 0.9917494 0.9916365 0.9906026 0.99055177 0.9867278 0.9880268 0.99406874 0.9943474 0.98891795 0.9915473 0.9913174 0.9903348 0.9901465 0.9926852 0.99297523 0.992719 0.99122185 0.9931202 0.9904425 0.9954332 0.99477637 0.99630266 0.99473745 0.9944674 0.99603796 0.99572426 0.9933856 0.9962345 0.98935926 0.98997676 0.98855436 0.9857831 0.98969835 0.98848724 0.9900617 0.99073803 0.9895333 0.9907575 0.9897276 0.9974119 0.99860954 0.9988837 0.9967809 0.99729764 0.99588335 0.99823684 0.9978142 1.0000002 0.99836177 0.99724245 0.99206185 0.98939925 0.99229485 0.9894198 0.99034977 0.99310994 0.991996 0.9912753 0.99053204 0.99134195 0.99265444 0.9922481 0.98977625 0.99449885 0.99232113 0.99202865 0.9920769 0.99460214 0.99358016 0.9947487 0.99272585 0.9921983 0.9931893 0.99352205 0.99201494 0.9914414 0.9922351 0.9912772 0.9916875 0.9914304 0.9921454 0.99326897 0.9878526 0.9890064 0.9903681 0.98999834 0.9859728 0.98558897 0.9822741 0.984937 0.9929758 0.9918375 0.992453 0.9928856 0.9921358 0.9936702 0.9936046 0.98973936 0.9900192 0.98981476 0.98697233 0.99350613 0.9922729 0.99074334 0.9896577 0.9906421 0.9906321 0.99068654 0.9895886 0.98896825 0.98993653 0.99057287 0.9899361 0.9909235 0.9930484 0.99437636 0.9934181 0.9931849 0.98885506 0.9910082 0.9893465 0.9869978 0.9884651 0.99312866 0.9901531 0.9887693 0.9927399 0.9911978 0.9892211 0.98846936 0.9877649 0.98662287 0.9846447 0.9936075 0.99320817 0.99289566 0.9932471 0.99197257 0.99206054 0.98903036 0.99242306 0.99076575 0.99193275 0.9932259 0.9933188 0.99210364 0.9929514 0.9913355 0.99157166 0.9916568 0.99093544 0.9927057 0.98934215 0.98873734 0.98912007 0.9884955 0.98685074 0.9876693 0.9889965 0.99189687 0.99262506 0.992841 0.98941743 0.9916018 0.9906353 0.9905341 0.9932179 0.9933883 0.9926881 0.9923468 0.9923574 0.9938648 0.99496156 0.9908953 0.99477965 0.9952285 0.9958958 0.99407226 0.9825636 0.98451936 0.99187213 0.9927162 0.9900734 0.99128664 0.9930706 0.9891423 0.9897321 0.99187076 0.9844578 0.9763531 0.983081 0.9860619 0.99048555 0.9916232 0.99298954 0.9921922 0.98717093 0.9915609 0.9909551 0.9918039 0.99343294 0.9914895 0.99429893 0.9946789 0.9957311 0.9942358 0.992712 0.99193764 0.9939569 0.99568695 0.9942567 0.994828 0.99450123 0.99569595 0.9969204 0.99598175 0.9928138 0.9923729 0.9928923 0.9915671 0.9916278 0.99218297 0.9930833 0.9924508 0.9917816 0.9880456 0.99134886 0.99170077 0.994046 0.99206483 0.994639 0.9910858 0.99268293 0.99177164 0.99175644 0.992825 0.99156415 0.9918113 0.9945807 0.99321955 0.9935889 0.9940865 0.99400294 0.99364775 0.9934316 0.9959537 0.9950311 0.99428576 0.9926259 0.98875517 0.9918432 0.9885024 0.98866326 0.98821336 0.99107605 0.9915066 0.99099725 0.99373317 0.99270946 0.99250925 0.9926899 0.99264705 0.9925413 0.9937612 0.99331933 0.991425 0.99348754 0.99382454 0.99365175 0.99443406 0.98955595 0.98753333 0.9860849 0.9875074 0.9922601 0.9922483 0.9917572 0.9921148 0.9861042 0.98342323 0.98258144 0.9886859 0.9862804 0.9849396 0.99250144 0.9914115 0.99162436 0.9922809 0.99071157 0.990532 0.98899496 0.98325354 0.99128234 0.98919815 0.98984075 0.986856 0.9873214 0.98508346 0.9832153 0.9887087 0.9890431 0.9919843 0.98939747 0.98946387 0.98823106 0.9872028 0.9831809 0.99017435 0.9901785 0.990311 0.98980767 0.990568 0.989783 0.9892697 0.9884361 0.9901501 0.9919569 0.99151134 0.99108875 0.9932834 0.9896441 0.9922102 0.9923342 0.99202466 0.9892456 0.98922426 0.98550105 0.9919274 0.9858716 0.9872428 0.9920902 0.9880968 0.9839715 0.9854806 0.98721915 0.99237245 0.98436683 0.9905266 0.9873939 0.9905163 0.99161917 0.9889384 0.9898808 0.98960453 0.98898566 0.9909439 0.9867115 0.9875988 0.99031496 0.9872506 0.9889026 0.9877594 0.9894237 0.98844117 0.9890691 0.98868525 0.9929572 0.99265057 0.9913485 0.9922675 0.991239 0.99371994 0.9931967 0.99201643 0.99350214 0.9950533 0.9942523 0.9947793 0.9931368 0.9927983 0.9950474 0.99202406 0.9926952 0.99275976 0.9930051 0.9910887 0.993102 0.9927239 0.9937575 0.9932557 0.99561393 0.9939638 0.9942242 0.99253315 0.9894644 0.9928491 0.98934186 0.9908858 0.9914878 0.99244857 0.9910038 0.9897147 0.98886377 0.98896873 0.9867169 0.99003243 0.98917764 0.98981375 0.99079466 0.9886046 0.98952234 0.9894406 0.9933168 0.9936531 0.9940539 0.9933108 0.99359983 0.99216413 0.9926306 0.99441487 0.99324626 0.99240357 0.9934134 0.99367154 0.99338675 0.9927527 0.9940419 0.99173784 0.99169576 0.9933225 0.9945599 0.9921365 0.99269736 0.9935818 0.99354684 0.994761 0.996093 0.9954753 0.99473166 0.9962328 0.99573815 0.9945377 0.99569786 0.9945411 0.9920828 0.9924119 0.98972213 0.992049 0.9936628 0.99249345 0.991663 0.99309194 0.99181753 0.9876685 0.98707503 0.9848895 0.98638976 0.9859925 0.9859446 0.9855199 0.98217916 0.9888741 0.9892138 0.99066395 0.9914899 0.9902524 0.9914027 0.99099565 0.9920042 0.99069464 0.9906384 0.9895074 0.99021244 0.9903117 0.99017394 0.99054325 0.9903425 0.9886864 0.9854403 0.98148024 0.9784613 0.98484755 0.9877442 0.98610187 0.9865344 0.9840717 0.9890188 0.98611677 0.98204964 0.9870677 0.9833629 0.98457825 0.9855075 0.98078805 0.979841 0.9824413 0.9845216 0.98808867 0.9942026 0.9910462 0.99285245
IgnxatovicxJakov_SRP18590JakovIDjuradjB-L2_8 0.9924506 0.99355567 0.99434435 0.99187744 0.9924757 0.99433357 0.9932853 0.9897586 0.99253225 0.9933718 0.9940945 0.9945948 0.9931652 0.9932207 0.9957702 0.9934041 0.99429834 0.9943469 0.99501663 0.994282 0.9926467 0.99393785 0.99073315 0.9904585 0.9911891 0.9898013 0.99192685 0.9879705 0.99237984 0.99183774 0.99123085 0.9923987 0.9927131 0.987934 0.9861858 0.99294126 0.9917387 0.9914736 0.99226624 0.9919446 0.9928892 0.9921971 0.9930976 0.9908134 0.9903548 0.9917409 0.9923954 0.99344814 0.9937247 0.9945678 0.9957505 0.9956921 0.9953406 0.9926537 0.9919234 0.9930417 0.9925627 0.9883188 0.9907097 0.9962237 0.99621326 0.9916687 0.9936822 0.99324614 0.9909812 0.9913245 0.99411374 0.99380004 0.9941286 0.992454 0.99425745 0.99056846 0.99485034 0.99611187 0.9966232 0.99637336 0.99467295 0.99530125 0.996217 0.99505544 0.9959995 0.9924266 0.99257463 0.99052817 0.9879801 0.9914718 0.9912367 0.99205166 0.99288005 0.99085873 0.99239695 0.99379754 0.9969554 0.99907017 0.9987548 0.9974117 0.9963371 0.9961264 0.9969997 0.9970829 0.99836177 1.0000004 0.99933815 0.9943347 0.99289626 0.9938734 0.9926053 0.9933968 0.995192 0.99415994 0.99363256 0.99318683 0.99369437 0.99511653 0.99403006 0.99267006 0.99516654 0.9933344 0.9934752 0.99349046 0.99517345 0.993869 0.9965609 0.9948869 0.99429524 0.99471563 0.9962795 0.9936105 0.99250096 0.99424756 0.9939423 0.99382156 0.9940945 0.994662 0.9955403 0.9914658 0.9915095 0.9925176 0.9925283 0.98737806 0.98789203 0.9839146 0.98673105 0.9939089 0.99343544 0.9945677 0.9931183 0.9923367 0.99381566 0.9941376 0.98989195 0.9895849 0.9897934 0.98632497 0.99510586 0.99432516 0.99344945 0.9924477 0.993189 0.99136025 0.9923669 0.99106896 0.9906778 0.9911301 0.9922371 0.99273664 0.9931795 0.99543524 0.99528205 0.9954541 0.9950355 0.99146837 0.993371 0.9919493 0.9897255 0.9913243 0.995427 0.9938199 0.9929675 0.99510264 0.99431306 0.99312025 0.9923712 0.9907099 0.9892807 0.98774886 0.9953296 0.9951774 0.9948766 0.99501956 0.99464816 0.9947976 0.99265283 0.99528724 0.9943584 0.9949452 0.99538004 0.99408597 0.99258965 0.99464375 0.99203575 0.9932511 0.99333066 0.9924621 0.9932071 0.9903736 0.99021673 0.99140656 0.9892037 0.9868275 0.98818797 0.99137866 0.9937332 0.99401915 0.99468786 0.9923383 0.99320066 0.9928729 0.9929414 0.99432635 0.9945003 0.9935219 0.99326533 0.9939928 0.99560183 0.9956785 0.9931376 0.99644464 0.9960418 0.9961109 0.9955546 0.9831851 0.9859497 0.9938035 0.9929827 0.99005985 0.99189866 0.993569 0.98810065 0.98987997 0.99365926 0.98676175 0.97926897 0.9853318 0.98768103 0.9910409 0.992705 0.992552 0.9927033 0.98638934 0.99194175 0.99229455 0.9926197 0.99237484 0.9903142 0.9936714 0.9950494 0.995694 0.9943803 0.9924889 0.99223584 0.99331 0.9943172 0.99254996 0.9937431 0.99507016 0.9958826 0.99566233 0.99385244 0.9955991 0.99561024 0.9952253 0.9935361 0.99420184 0.9930171 0.9947053 0.99254054 0.99321216 0.9898727 0.99312556 0.99294084 0.9934151 0.991617 0.99584967 0.99235773 0.9924905 0.9907203 0.9920368 0.9930828 0.9919008 0.9922779 0.99506485 0.99354726 0.99517596 0.99317634 0.99404436 0.99398744 0.99464494 0.99593455 0.9945588 0.99380624 0.9933254 0.991614 0.9933252 0.99117196 0.99106425 0.9911987 0.99282527 0.9939954 0.9936519 0.9949343 0.9933689 0.9946606 0.99438655 0.9935937 0.99457276 0.9938556 0.99501747 0.9934685 0.995095 0.99573326 0.99552417 0.99600387 0.99229366 0.9910272 0.98958546 0.99039316 0.9945763 0.99487436 0.9945896 0.99487096 0.9882247 0.9859751 0.98513377 0.99101675 0.9892147 0.98755825 0.99451697 0.99472284 0.9948892 0.9953835 0.99435294 0.9935821 0.9928626 0.9872061 0.9936681 0.99189454 0.99245477 0.9895407 0.99057436 0.9878504 0.98650426 0.9914018 0.9915593 0.9941767 0.9922656 0.99125797 0.99055225 0.98913467 0.9860747 0.9919848 0.9916256 0.99275166 0.992111 0.9924019 0.99104667 0.9886955 0.9884966 0.99035263 0.99220705 0.9916802 0.99200493 0.9957957 0.9937801 0.9948022 0.99511033 0.9947976 0.99320006 0.9932305 0.99027246 0.99478966 0.99099386 0.9918141 0.9949846 0.99237835 0.98869747 0.9901821 0.9914561 0.99458396 0.98924506 0.9933201 0.9918206 0.99375093 0.99456066 0.99195045 0.99292374 0.9924709 0.99256253 0.9935226 0.989621 0.9889983 0.99041265 0.98834145 0.9904072 0.9897637 0.9908696 0.98984194 0.9909317 0.9903109 0.9954161 0.99494016 0.9932271 0.9936595 0.9935644 0.9943941 0.9939298 0.9929234 0.99426657 0.9954258 0.99545455 0.99559706 0.9952632 0.99295396 0.9950267 0.99345493 0.9914093 0.9912502 0.99134654 0.99309915 0.9938579 0.9936573 0.9950726 0.99478453 0.99549603 0.9942536 0.99441284 0.9940407 0.9920879 0.99337137 0.99070644 0.9919942 0.9931814 0.9934575 0.9924929 0.9904474 0.9896227 0.99059534 0.9888443 0.99170375 0.99097645 0.9917714 0.9919113 0.99052805 0.99179614 0.9903377 0.9951279 0.99574155 0.99521834 0.99466527 0.99491656 0.9928461 0.9944824 0.99526215 0.9942886 0.99350387 0.99425507 0.9940791 0.9927176 0.99393505 0.99484867 0.99296904 0.9928248 0.99288446 0.9954091 0.99459344 0.9946805 0.99472004 0.99481106 0.99619657 0.99649125 0.9960654 0.9956774 0.9943078 0.99591154 0.99528015 0.99592966 0.9945544 0.99367887 0.99484104 0.99269503 0.99410176 0.99520993 0.9944214 0.9939567 0.99449664 0.99399465 0.99175185 0.99088556 0.98896396 0.9902372 0.99058926 0.9903867 0.98985386 0.9862139 0.9884418 0.9891186 0.9904739 0.99190456 0.99134475 0.99174744 0.99110067 0.9924637 0.9912555 0.9906232 0.9891339 0.98998576 0.990384 0.991017 0.991475 0.9908228 0.9917297 0.98949015 0.9855507 0.98275715 0.9890449 0.99148923 0.990407 0.990424 0.9881706 0.9916831 0.9897483 0.98588216 0.99025303 0.9874076 0.9885504 0.98918027 0.98512566 0.98451126 0.9868734 0.9885865 0.99118626 0.99331295 0.9907627 0.99261254
IgnxatovicxJakov_SRP18590JakovIDjuradjB-L2_9 0.9915835 0.9930223 0.9936179 0.99191785 0.99239993 0.9930893 0.9915422 0.98781693 0.9931318 0.9936647 0.9944458 0.9944417 0.9937519 0.9939535 0.99556637 0.99323523 0.9937004 0.99350727 0.9942356 0.995061 0.9935994 0.99459255 0.99071634 0.990647 0.9914627 0.9903735 0.9922734 0.9888431 0.99247855 0.9923295 0.991647 0.9926921 0.9930777 0.98815703 0.9865575 0.99233735 0.9909258 0.9911125 0.99212474 0.9921096 0.9932077 0.9928384 0.9928616 0.99097395 0.9894454 0.9909944 0.99261934 0.9940604 0.9943693 0.994911 0.9962932 0.99635714 0.9957834 0.9921844 0.991651 0.9922254 0.9915844 0.9862647 0.9894039 0.9958332 0.99562246 0.99068 0.99316084 0.9924617 0.9888966 0.98951375 0.99420756 0.99373865 0.99429464 0.9929026 0.9944556 0.9903197 0.994356 0.9963647 0.9965727 0.9965749 0.9939339 0.9943203 0.9957594 0.99539584 0.9952111 0.9920029 0.99192476 0.9914963 0.9890165 0.99220324 0.99213237 0.99263835 0.99360126 0.99085045 0.9927349 0.994396 0.99655265 0.99888337 0.99835414 0.9975704 0.99630874 0.9964852 0.99703276 0.9970176 0.99724245 0.99933815 0.9999995 0.9956239 0.9945131 0.9947522 0.994099 0.99486095 0.9962875 0.99549514 0.9949794 0.9943614 0.99477875 0.99585253 0.9949627 0.9937638 0.9957453 0.99421227 0.9943126 0.9942961 0.9955681 0.9947581 0.99686193 0.9955774 0.9949267 0.995059 0.9969929 0.9938308 0.9916992 0.9942822 0.99404585 0.9938873 0.9945812 0.9951273 0.99581 0.9911715 0.9906392 0.99170315 0.99198145 0.9877001 0.9887834 0.9848188 0.98743683 0.9939285 0.9942904 0.9955022 0.99290663 0.9919266 0.9937025 0.9943569 0.9880925 0.988231 0.9885571 0.98443556 0.99555606 0.99483806 0.9940167 0.9927358 0.9933248 0.99193746 0.9928568 0.9919625 0.99101526 0.99157137 0.99286616 0.9935868 0.9932748 0.9960502 0.9952581 0.9963156 0.9956111 0.99258184 0.9946084 0.9931404 0.9909798 0.99242085 0.99537843 0.9939571 0.99301887 0.99525684 0.9951497 0.99397343 0.9933531 0.99207306 0.9915956 0.99043614 0.99536175 0.99535143 0.99570405 0.9948758 0.9949759 0.9956252 0.9937775 0.9958694 0.9950399 0.9955155 0.99577624 0.9938009 0.9923154 0.9948878 0.99185264 0.99371725 0.99352294 0.9921155 0.99266833 0.9909648 0.99053 0.9925451 0.9892957 0.9864508 0.98801035 0.9921733 0.9936138 0.99377096 0.9946714 0.99270535 0.9929673 0.99260217 0.9931571 0.9934233 0.993596 0.9927654 0.99230456 0.9935734 0.99537873 0.99497634 0.99398744 0.99630237 0.99536616 0.99543023 0.99506676 0.98147964 0.98482835 0.99419606 0.9926027 0.98970705 0.9919205 0.9936112 0.9876913 0.9893755 0.9942665 0.9883108 0.98189104 0.98709655 0.9892411 0.9911536 0.9926056 0.99104476 0.99242026 0.98578596 0.99173105 0.99255854 0.99211794 0.9915029 0.9893743 0.9932182 0.9948297 0.9948732 0.99384224 0.9926738 0.99231625 0.99314725 0.9943065 0.9922697 0.99378616 0.9957817 0.9964486 0.99579585 0.99382293 0.9959698 0.9961316 0.9950369 0.99341565 0.9945699 0.9929092 0.99473107 0.99135554 0.9926044 0.9899385 0.9930988 0.99278146 0.99219567 0.9903512 0.99576473 0.9916109 0.9915148 0.9899348 0.99107707 0.99250036 0.99149287 0.990987 0.9944961 0.9926593 0.99473876 0.99223536 0.9933584 0.99361885 0.9944879 0.9954305 0.99421203 0.9932039 0.99413395 0.99335295 0.99419194 0.9927295 0.9923255 0.9927695 0.9938993 0.99330825 0.99283695 0.9942577 0.99395525 0.9953698 0.99468243 0.9932072 0.99471116 0.9938021 0.99521154 0.9934299 0.9947289 0.9958321 0.9955365 0.99614406 0.9928338 0.99145454 0.9904516 0.9908092 0.99467903 0.99557567 0.9950582 0.9952158 0.98728454 0.985109 0.9839877 0.99213135 0.99089944 0.9892642 0.9944764 0.99526894 0.99529773 0.9955315 0.99458784 0.9934731 0.9931613 0.9869341 0.9934813 0.991998 0.99258834 0.98887825 0.99052197 0.98722076 0.9860712 0.99094594 0.99113494 0.99369127 0.9919224 0.98999757 0.989403 0.9881806 0.9869387 0.9924852 0.991687 0.99287283 0.99225616 0.9923712 0.9905292 0.98903465 0.9891883 0.9910701 0.9924906 0.9916181 0.99179775 0.99589086 0.9942712 0.994808 0.9952164 0.9951256 0.99350435 0.99341273 0.99086446 0.9945388 0.99175197 0.99252015 0.9953803 0.9930992 0.9896945 0.9906433 0.9922924 0.99453807 0.9893347 0.9931277 0.99209017 0.993649 0.9942338 0.99325585 0.9946785 0.99416965 0.9940609 0.99424624 0.9900827 0.9887948 0.99027425 0.9878713 0.99002945 0.9894414 0.9908082 0.9893433 0.9902896 0.9898836 0.99590755 0.9953461 0.9938314 0.9936622 0.9946452 0.995002 0.9943832 0.9938544 0.9948808 0.9955532 0.9959278 0.9956436 0.99589765 0.992794 0.9947249 0.9939967 0.9901353 0.9907097 0.99067396 0.9940985 0.99454 0.99410105 0.9956842 0.99506766 0.99517775 0.994298 0.99461824 0.9940204 0.99304813 0.99293065 0.9915077 0.99265 0.993413 0.9937386 0.99288505 0.9913441 0.9907228 0.99189436 0.99043053 0.9929033 0.9919063 0.9930103 0.9926356 0.9918609 0.99299484 0.9908556 0.99581796 0.9965133 0.9955076 0.99509716 0.99495506 0.9928138 0.9953396 0.9954514 0.99391407 0.9934723 0.99445707 0.9938425 0.9923471 0.9941761 0.9949523 0.9937736 0.9933454 0.99244297 0.99584436 0.99502146 0.9954752 0.9951119 0.9950987 0.9964664 0.99604416 0.995904 0.99538374 0.9936578 0.9960264 0.9950035 0.9960542 0.9940518 0.9943304 0.9955776 0.9939222 0.9949796 0.99581283 0.9949449 0.99491274 0.9949508 0.99473464 0.9919543 0.9906917 0.98795277 0.98978704 0.9907679 0.9902481 0.9894265 0.9854388 0.98836243 0.98902375 0.9905307 0.9921182 0.9921711 0.99229145 0.991121 0.99251777 0.99156773 0.99052817 0.9889339 0.990003 0.9907019 0.9917293 0.99223274 0.9916472 0.9931857 0.9911264 0.987542 0.98515105 0.99010897 0.9924784 0.99169827 0.9916923 0.9897503 0.9927438 0.99071085 0.98688203 0.99150586 0.9884128 0.98982155 0.9907704 0.9868622 0.9862531 0.9885395 0.990084 0.99202746 0.9911975 0.98797554 0.99021083
IgnxatovicxJakov_SRP18620JednaZenidba-L2_1 0.9885891 0.99205416 0.99193466 0.991665 0.9922338 0.98945415 0.9866231 0.9827716 0.9947781 0.9937425 0.9954264 0.99462634 0.9953715 0.9959731 0.9943201 0.9930417 0.9916464 0.991216 0.992671 0.9958089 0.9945573 0.9951268 0.98966694 0.9900433 0.9900495 0.99015814 0.99084604 0.98976505 0.9915218 0.99225473 0.9913705 0.99189246 0.99262357 0.9874291 0.9857311 0.9893379 0.98757666 0.98789346 0.9930653 0.9938565 0.9946238 0.9950506 0.99387 0.9928604 0.9884521 0.9906664 0.99412704 0.9957684 0.9961448 0.99651337 0.99770397 0.9975238 0.99674904 0.9920052 0.9922662 0.9900635 0.9887957 0.98061013 0.9855501 0.99279296 0.9920117 0.98765445 0.9920362 0.9908305 0.9840771 0.9852776 0.9950688 0.99428153 0.99602807 0.99550223 0.994015 0.98994875 0.9941128 0.99721485 0.9959054 0.99680746 0.9917965 0.9914377 0.9949485 0.99645376 0.99305546 0.99285895 0.9923429 0.99650395 0.9935259 0.99703467 0.99688405 0.99654466 0.9972001 0.9939225 0.9962022 0.994099 0.99377 0.993526 0.99426377 0.99568135 0.99400723 0.99675417 0.99442315 0.994948 0.99206185 0.9943347 0.9956239 1.0000001 0.99865675 0.99572104 0.9962809 0.99737287 0.9976729 0.99797064 0.99834013 0.9972578 0.9975745 0.9974494 0.99765754 0.9964192 0.996573 0.99706703 0.9956065 0.99554104 0.99620247 0.9954689 0.9952163 0.9955601 0.99594826 0.99433887 0.99629134 0.99311686 0.9902458 0.9936102 0.993499 0.993463 0.9959331 0.9959766 0.9952157 0.9893368 0.9896068 0.99031705 0.9915252 0.9920567 0.9929728 0.9897386 0.99220794 0.99543023 0.9965898 0.99761933 0.9937663 0.99283034 0.99472255 0.99572814 0.9856865 0.9866006 0.9858204 0.9821372 0.99577683 0.9951172 0.9942756 0.9950042 0.9949568 0.9949586 0.9947352 0.99480104 0.9933365 0.9939844 0.9948491 0.9946067 0.9927417 0.996706 0.9943582 0.99737227 0.99565303 0.99473524 0.99669814 0.9958032 0.9941508 0.99447966 0.99445015 0.9929884 0.9920526 0.9958435 0.99652046 0.9951367 0.9951088 0.99561125 0.99584246 0.995196 0.9962133 0.99660313 0.9977793 0.99546957 0.9944538 0.9959442 0.99459296 0.9956016 0.99544466 0.99573016 0.9958337 0.9945794 0.9933601 0.99584347 0.99339443 0.9966344 0.99614656 0.9933477 0.9930546 0.9944029 0.9932761 0.9964334 0.99216425 0.9891767 0.9908513 0.9963562 0.9926543 0.9909682 0.9937905 0.9932157 0.9920636 0.99176866 0.9942855 0.9904467 0.9908342 0.9889405 0.9875434 0.99058247 0.9939203 0.99215764 0.9970375 0.9946642 0.9928177 0.9918854 0.99249464 0.9780173 0.9832551 0.99484354 0.9925871 0.9899791 0.9926232 0.99340504 0.9878341 0.9894597 0.99559903 0.9926615 0.9879007 0.9916518 0.99299335 0.9922166 0.9930959 0.98879015 0.9907326 0.9850587 0.9922209 0.99370414 0.99224466 0.9901438 0.9863745 0.99262965 0.99290377 0.9919978 0.9915207 0.99023706 0.99255013 0.99226224 0.99408585 0.9910234 0.99458754 0.9968453 0.9964786 0.9943052 0.99167323 0.99580866 0.9961868 0.9952638 0.9944728 0.9964086 0.9950887 0.9956938 0.9894516 0.99137336 0.99056405 0.9937515 0.99330527 0.9895605 0.98795986 0.99386877 0.9902694 0.9890606 0.98773295 0.9896663 0.99072045 0.98923916 0.9887568 0.99248266 0.99107015 0.99310553 0.9909437 0.993158 0.9928344 0.99440306 0.9941205 0.99335027 0.9921528 0.99552405 0.9967334 0.99449706 0.9960785 0.995136 0.99614245 0.9953998 0.99038553 0.98981756 0.9923866 0.99622196 0.9972781 0.9959832 0.99397665 0.9964463 0.9945305 0.9967039 0.9936114 0.9932936 0.99600947 0.9954721 0.9963331 0.9948043 0.9931765 0.9928175 0.99269205 0.9941789 0.9958858 0.99492335 0.99491173 0.9862647 0.9851059 0.9830769 0.99651337 0.99570286 0.9952767 0.9940536 0.9956449 0.9960834 0.9959271 0.99443483 0.9939518 0.9937347 0.9866543 0.9942626 0.99400955 0.9944295 0.9891474 0.9914281 0.9879878 0.98720205 0.9901819 0.99060416 0.99170995 0.9908197 0.9873036 0.9871597 0.98689526 0.99058986 0.9953839 0.9940584 0.99470574 0.9942944 0.9946426 0.9915936 0.99167144 0.9927725 0.9942398 0.9944404 0.9938085 0.99356467 0.99502206 0.99402386 0.9950417 0.9948769 0.99575144 0.9945171 0.99286497 0.9918271 0.99376285 0.99131197 0.9923812 0.9956292 0.993332 0.9910546 0.99008226 0.99286574 0.99349076 0.98912686 0.9930593 0.9923962 0.99315447 0.99331665 0.9967381 0.9974946 0.9972892 0.99664307 0.9961702 0.9918046 0.99027556 0.9905862 0.9891869 0.9904681 0.98994416 0.9916181 0.9895183 0.9897394 0.9895517 0.9949899 0.99387074 0.99308527 0.9934504 0.9967119 0.9943139 0.9937383 0.99424154 0.99713767 0.995699 0.9969282 0.99611396 0.99734807 0.99333674 0.99395454 0.995956 0.9879683 0.9888703 0.98929346 0.997401 0.99690706 0.9963594 0.99755365 0.9960748 0.9945157 0.9952168 0.9961201 0.99492717 0.99621475 0.9924705 0.9930593 0.9949186 0.9948097 0.9951315 0.99545616 0.9965545 0.9960207 0.9949463 0.99489105 0.99541414 0.9944063 0.99629843 0.9942368 0.9940866 0.9950721 0.99203986 0.99627197 0.99589545 0.9939173 0.99499226 0.993555 0.99265647 0.9966518 0.9952996 0.99416673 0.99509776 0.9956726 0.99336207 0.99114734 0.9942107 0.99444616 0.99640507 0.99551064 0.9925038 0.99548495 0.996073 0.99718535 0.9959694 0.99536276 0.9954225 0.9941021 0.99413335 0.99335235 0.991568 0.9941167 0.9939122 0.99450535 0.9911208 0.9960381 0.99606854 0.9964942 0.9974106 0.9969836 0.9958749 0.9968069 0.9957062 0.99638313 0.9910691 0.98881596 0.9850299 0.9872677 0.9905002 0.98871315 0.9862768 0.9833304 0.9906523 0.9908359 0.99292165 0.99509114 0.9960468 0.9955504 0.9930498 0.99454087 0.99450433 0.99169946 0.9913892 0.99191695 0.9937591 0.99582964 0.99615467 0.99578094 0.99668527 0.9937774 0.9927907 0.9909369 0.9931376 0.9950951 0.9949598 0.9949089 0.9935136 0.99449646 0.99186933 0.9894114 0.9935372 0.9899361 0.9920506 0.9941761 0.98995477 0.98995304 0.99157935 0.9924463 0.9928833 0.9858273 0.9815183 0.98427504
IgnxatovicxJakov_SRP18620JednaZenidba-L2_2 0.98966485 0.9913211 0.99200535 0.99357754 0.9936582 0.98683023 0.98395336 0.98011374 0.99332017 0.9936104 0.99511755 0.9931947 0.9954426 0.9962803 0.9932491 0.9935101 0.9914964 0.9908716 0.9914068 0.99562156 0.9953227 0.99589664 0.9882421 0.9896712 0.9901248 0.9914326 0.9913321 0.9915542 0.99152166 0.9927412 0.9921559 0.9910411 0.9928434 0.9897829 0.9888121 0.9880777 0.98665696 0.98828626 0.9924628 0.99338704 0.9947265 0.9962979 0.99375236 0.9944741 0.9882011 0.9898108 0.9946039 0.9961107 0.9957898 0.9973996 0.9964186 0.99632096 0.9964521 0.9918959 0.9911469 0.9903573 0.9886984 0.9805167 0.98659307 0.99303675 0.9922219 0.9882339 0.9916439 0.99078953 0.98311114 0.98424596 0.9950533 0.9928599 0.99538803 0.9938576 0.99194604 0.98689294 0.99155027 0.9956497 0.99394494 0.99587303 0.9889535 0.98848534 0.99346495 0.9950806 0.9902088 0.9936526 0.9923354 0.9969673 0.99485236 0.99709517 0.9978879 0.99667835 0.99737304 0.9944563 0.9959798 0.9954055 0.99159765 0.9912988 0.99164563 0.9942093 0.99216545 0.9954796 0.99188405 0.9936304 0.98939925 0.99289626 0.9945131 0.99865675 0.9999999 0.99447995 0.9975922 0.9980101 0.9966692 0.9975451 0.9975249 0.9977163 0.9977457 0.99757564 0.9968171 0.9977203 0.9937405 0.9940074 0.99251455 0.9930102 0.9934522 0.9924402 0.99353474 0.9937396 0.9946899 0.992427 0.9960509 0.9911811 0.9878107 0.99166834 0.99257374 0.9919372 0.9953361 0.99535495 0.9935272 0.99079216 0.9901544 0.99064314 0.992405 0.9930305 0.9947459 0.9919029 0.9935975 0.99351215 0.9941133 0.9958202 0.99102455 0.98990333 0.9926498 0.99321425 0.9830079 0.9827605 0.9823243 0.97818357 0.9943283 0.99402297 0.99392086 0.9966538 0.9966121 0.993933 0.995169 0.99392897 0.9934126 0.99302125 0.9942749 0.9959622 0.99382985 0.99655664 0.99384135 0.9964334 0.99531233 0.9958486 0.9969404 0.9968622 0.9956214 0.99636716 0.99371916 0.9936752 0.99348164 0.9949618 0.9963102 0.99606544 0.99587625 0.99733603 0.99605477 0.99562114 0.9949117 0.9962904 0.99690354 0.9953557 0.99453527 0.99486655 0.99555326 0.995293 0.99632084 0.99505365 0.9938522 0.9923951 0.9915427 0.9952544 0.9930853 0.9966263 0.9960774 0.9939623 0.991995 0.9936142 0.9933917 0.99621296 0.99143595 0.9879216 0.99057376 0.99697214 0.99233973 0.989796 0.99354374 0.99466646 0.9919931 0.99312615 0.99522704 0.9898807 0.9908774 0.9899445 0.98857933 0.9917002 0.99372077 0.9915497 0.99740577 0.9939696 0.9922258 0.9903183 0.9929125 0.9746243 0.9812407 0.99350363 0.9910223 0.98708767 0.9907434 0.9927643 0.98339736 0.987788 0.99528384 0.99377203 0.98898214 0.9921919 0.992762 0.9901627 0.9915889 0.98726606 0.98833936 0.9812783 0.99131525 0.9934982 0.9915651 0.98784924 0.9824984 0.99007493 0.99053466 0.99050635 0.988982 0.9872236 0.98996806 0.98950857 0.9914281 0.9869625 0.99169064 0.9947138 0.9943936 0.99158466 0.98864967 0.9956047 0.9960031 0.9950106 0.99329036 0.99648213 0.9927503 0.9942076 0.9874133 0.99025756 0.99083215 0.9933108 0.9930642 0.98718685 0.98512197 0.993482 0.9904587 0.98710966 0.9849567 0.9868527 0.98821676 0.98687655 0.98714834 0.9905065 0.98954237 0.992643 0.987746 0.99098945 0.9913047 0.9923265 0.9920629 0.9905792 0.989818 0.99372125 0.996027 0.9929513 0.9955601 0.9947424 0.9957306 0.994116 0.9891795 0.98963577 0.99079657 0.9931628 0.9959155 0.99421155 0.99164927 0.9952864 0.99145746 0.9951428 0.991951 0.99172956 0.9957786 0.9950835 0.99561673 0.99562645 0.99505585 0.995066 0.9944513 0.99347144 0.99511886 0.9942115 0.994233 0.9884763 0.9882749 0.98641396 0.9975409 0.9971301 0.99678993 0.9924005 0.99548924 0.99576426 0.9956986 0.9953248 0.99412525 0.9951653 0.9881385 0.9936226 0.9941563 0.99400204 0.9887013 0.9920051 0.98839086 0.98823905 0.98945665 0.9902688 0.99041444 0.9905343 0.9861149 0.9865288 0.98638386 0.9937563 0.9940037 0.9920302 0.99444115 0.99306446 0.9931689 0.9899182 0.9887337 0.99038327 0.9920356 0.9924732 0.9925599 0.9926224 0.99476635 0.9957131 0.9944194 0.9945487 0.99561626 0.9961458 0.9941405 0.9948485 0.993648 0.9941601 0.9947356 0.9958088 0.9957409 0.9942659 0.9931668 0.99538755 0.99241644 0.99182487 0.99298555 0.9942711 0.99319017 0.9932491 0.9977336 0.99747884 0.9974241 0.99731094 0.99634534 0.9934872 0.98859847 0.9877192 0.98726857 0.98832643 0.9890345 0.9894392 0.98801535 0.989 0.988411 0.99447167 0.9935426 0.99253756 0.9925401 0.9964529 0.9926108 0.9916059 0.9931201 0.9962293 0.9947225 0.99619275 0.9945326 0.9965817 0.9906186 0.99147826 0.9940985 0.9854875 0.9859397 0.98593056 0.99771225 0.99561805 0.9955193 0.99646086 0.9954268 0.9928731 0.993534 0.99453735 0.99446905 0.99703413 0.99025625 0.99110353 0.9938872 0.99409354 0.993913 0.9952727 0.9944241 0.99422807 0.9930755 0.99404484 0.9938582 0.9929314 0.9954977 0.99171287 0.9917045 0.9934683 0.98894346 0.99537253 0.9949003 0.9922319 0.99326485 0.9919467 0.9901809 0.99523515 0.9942923 0.9932431 0.9938822 0.99455047 0.99166346 0.9880748 0.99273205 0.99201506 0.99524975 0.9950558 0.9900674 0.9941895 0.9958228 0.99620247 0.9951189 0.99412525 0.99504864 0.99256015 0.99312854 0.9924415 0.989045 0.9929863 0.9938064 0.99258816 0.98833424 0.99457705 0.99548906 0.99688077 0.99636656 0.99617165 0.99576783 0.9961891 0.99518776 0.9958891 0.9927569 0.9899086 0.986912 0.98871326 0.99287426 0.99077517 0.9881476 0.98501533 0.98701626 0.9878344 0.9903852 0.99352396 0.9956848 0.99393564 0.9911103 0.9934695 0.99328536 0.98803455 0.98781365 0.9883275 0.9909387 0.99380744 0.9938746 0.9938942 0.99645287 0.9958095 0.99492395 0.99344677 0.9945265 0.9957896 0.9963056 0.9955768 0.9953951 0.99523586 0.9935025 0.99193853 0.994965 0.99217796 0.9937791 0.99606085 0.9931591 0.9928869 0.99405783 0.9944254 0.9942535 0.98314816 0.9799373 0.98241997
IgnxatovicxJakov_SRP18630JakovIMilanN-L2_1 0.99322784 0.99538726 0.9945523 0.99334663 0.99351233 0.992892 0.99022925 0.98811704 0.99379396 0.9931012 0.9942864 0.9946472 0.99278533 0.99295545 0.9942191 0.992165 0.9918898 0.9923942 0.9935731 0.995023 0.99176186 0.9931448 0.9931009 0.99242103 0.99266446 0.9910523 0.99283516 0.98915094 0.99148154 0.98994875 0.99024653 0.99180794 0.99049664 0.9879876 0.98573524 0.9920259 0.9912704 0.98969734 0.9945655 0.9945468 0.9943077 0.99391294 0.9948575 0.99266493 0.9919106 0.9928064 0.9940714 0.9958861 0.99494743 0.9950778 0.9968564 0.9966285 0.9958206 0.99443823 0.9926256 0.99332935 0.9929593 0.9864654 0.9899836 0.9941931 0.9940754 0.9908749 0.99461335 0.99372107 0.9891635 0.990024 0.9958807 0.99471605 0.9948093 0.99609965 0.9964554 0.99296266 0.99397874 0.9952189 0.9954379 0.99477863 0.9927404 0.99252516 0.9956795 0.99521977 0.9923891 0.9944208 0.994567 0.99516296 0.9945428 0.99513495 0.9943068 0.9952997 0.9953332 0.9953415 0.99694407 0.9929652 0.9951423 0.9937448 0.99359685 0.99624157 0.9943536 0.9955594 0.99462956 0.99450123 0.99229485 0.9938734 0.9947522 0.99572104 0.99447995 1.0 0.995995 0.99670845 0.9982737 0.9977314 0.99719405 0.9967091 0.9972898 0.9973438 0.9973237 0.9961773 0.9970174 0.9961951 0.9952825 0.9953077 0.9951442 0.9940436 0.9949037 0.9942509 0.9948698 0.9948807 0.9951245 0.9936823 0.99287987 0.9948501 0.99443805 0.99445796 0.9954394 0.9959295 0.99512255 0.99065804 0.99271595 0.9937819 0.9939119 0.9935588 0.9939152 0.9909563 0.99320906 0.99633723 0.99593836 0.9957807 0.9956174 0.99476975 0.99585134 0.9956826 0.9908149 0.99048555 0.9899547 0.98654133 0.996174 0.99517137 0.9942547 0.99434644 0.9937557 0.99314976 0.9943634 0.9925771 0.9916799 0.99234706 0.99378884 0.99402446 0.99393463 0.9961153 0.9948937 0.99655724 0.99538624 0.9925829 0.99480176 0.9943299 0.99191815 0.9935149 0.9941227 0.9918216 0.9907885 0.99615455 0.99522287 0.9932979 0.9933474 0.9949639 0.9936125 0.99164045 0.9961804 0.99616235 0.9963459 0.9961618 0.9932387 0.99386036 0.99161863 0.9940298 0.9932115 0.994545 0.9950793 0.99619585 0.9957157 0.99710876 0.9948791 0.99538237 0.9956451 0.9934778 0.9961447 0.99516976 0.9939428 0.9955321 0.99267805 0.98963845 0.9911235 0.99458736 0.9934896 0.99297464 0.9942833 0.9925277 0.9930037 0.9926774 0.9926645 0.9925297 0.9926809 0.99006736 0.9887828 0.9914664 0.9938893 0.9931461 0.99557894 0.9951476 0.9944587 0.99357784 0.9937013 0.98497105 0.9887651 0.99667364 0.9961767 0.9951606 0.9967115 0.9951703 0.9925205 0.99426854 0.9965428 0.9903184 0.9833265 0.9902743 0.9920656 0.99578816 0.99623764 0.99218 0.9933093 0.98885757 0.9940209 0.9950361 0.9943428 0.99218726 0.9900401 0.9946581 0.99480355 0.99524385 0.99438834 0.99126476 0.9936103 0.9935498 0.9935281 0.9924376 0.9952121 0.99666613 0.9962649 0.99348 0.99202263 0.9960852 0.9952142 0.9963771 0.995076 0.9966102 0.9949391 0.9953555 0.99308777 0.994707 0.9949311 0.9957234 0.9962892 0.99272156 0.9914738 0.996082 0.9940392 0.9920544 0.9899028 0.9923854 0.9928449 0.989961 0.99310416 0.9948493 0.9939564 0.99617577 0.9933808 0.9951196 0.9945703 0.9957175 0.99569935 0.9946325 0.9931954 0.99241513 0.9910368 0.9906829 0.9909292 0.9898021 0.99052453 0.98989964 0.99438775 0.9942217 0.99594593 0.9959853 0.99592686 0.99634135 0.99552745 0.9961679 0.996362 0.9967378 0.9954835 0.9959852 0.9961897 0.99691176 0.9959426 0.9967548 0.9944574 0.99373794 0.99425244 0.99512804 0.99638665 0.9952791 0.99535954 0.99129874 0.9887986 0.9877774 0.9945546 0.9921487 0.99225515 0.99570453 0.99525183 0.99522555 0.99558353 0.9942724 0.994725 0.9933163 0.98770255 0.9958414 0.99455565 0.99510163 0.9909518 0.99172306 0.9898133 0.9883014 0.9925314 0.993423 0.994111 0.9923373 0.9905979 0.9903204 0.9895761 0.98594576 0.9955236 0.99494785 0.99465775 0.99397016 0.99419826 0.9931562 0.9925115 0.9932822 0.9945297 0.9951311 0.9945146 0.99469656 0.99617326 0.99341506 0.9957515 0.9959729 0.9960795 0.99353445 0.9937101 0.98971 0.99513066 0.9898354 0.9907215 0.99530864 0.9922162 0.9874316 0.9884052 0.9902887 0.99564 0.98882854 0.9942314 0.9912876 0.99478996 0.9950161 0.99361616 0.99422544 0.9933871 0.99264294 0.9947187 0.9932781 0.9936885 0.994722 0.9924061 0.9931245 0.9923972 0.9937837 0.9927553 0.99244076 0.992953 0.99554634 0.9937849 0.99316067 0.9946512 0.9945436 0.9945926 0.99349284 0.99234456 0.9949461 0.9952358 0.99549735 0.996608 0.9959399 0.9941411 0.9945431 0.99544996 0.99061877 0.99030197 0.9896011 0.99507016 0.99590987 0.99590945 0.9959206 0.9960505 0.99388576 0.9942474 0.99515957 0.9957601 0.9939988 0.9941647 0.99366796 0.99513555 0.994679 0.99448675 0.99344844 0.9952372 0.995195 0.9949507 0.9933537 0.99522066 0.99517816 0.99527574 0.9947923 0.9931 0.99395543 0.99382937 0.9951598 0.99387676 0.99352276 0.99467415 0.9939621 0.9940193 0.99550235 0.99524957 0.99549603 0.99502045 0.9966789 0.9952966 0.9940076 0.9950651 0.99547356 0.99587876 0.99539196 0.9941827 0.9960965 0.99607766 0.9957461 0.99553996 0.99573815 0.9957367 0.99586284 0.99597853 0.99594456 0.99323744 0.9954045 0.9961597 0.99510366 0.99323 0.9971906 0.9966244 0.9952687 0.99605864 0.9969677 0.9950788 0.996124 0.9969108 0.99631506 0.9944629 0.9930315 0.9883153 0.9916435 0.99110734 0.9914394 0.9907039 0.9882373 0.9924081 0.9925792 0.99413884 0.9949747 0.9956836 0.9962513 0.9950873 0.9957768 0.9948597 0.99388176 0.99374354 0.9938209 0.99451345 0.99503535 0.9946586 0.9948383 0.9950227 0.98978674 0.98760355 0.9838112 0.9889394 0.9911812 0.9909534 0.9906535 0.9888174 0.9927985 0.9891119 0.98519766 0.98965013 0.9874319 0.98852724 0.98937356 0.98555064 0.9840462 0.98704123 0.987717 0.9904588 0.9894775 0.9858949 0.9867801
IgnxatovicxJakov_SRP18630JakovIMilanN-L2_10 0.9921448 0.9922684 0.9931681 0.99517745 0.99484986 0.9871655 0.9849628 0.9822556 0.99255764 0.9930781 0.99423456 0.9924748 0.9940397 0.9947633 0.9927891 0.9929381 0.99160206 0.9911328 0.99107 0.9945559 0.99396384 0.9950186 0.98904353 0.989971 0.9911487 0.9926783 0.99228334 0.9916744 0.99147457 0.9919692 0.99197143 0.9908328 0.9918703 0.99057823 0.98964214 0.98872554 0.98789716 0.98927593 0.9921956 0.9929388 0.99404466 0.9957716 0.99347186 0.99468374 0.9888234 0.98979944 0.9942943 0.9960963 0.99491847 0.9966957 0.99575865 0.9958127 0.9962326 0.9930319 0.9911244 0.9912206 0.98972565 0.982177 0.9879348 0.99311197 0.99286973 0.9889578 0.991842 0.99117595 0.9833172 0.9846736 0.99461544 0.9918488 0.99350697 0.99313027 0.9918997 0.9869359 0.9898162 0.9938654 0.9927301 0.99447584 0.9877767 0.9877351 0.99303794 0.99342775 0.9883226 0.9937563 0.99249744 0.9967277 0.99613553 0.9958818 0.9965383 0.99604845 0.9962971 0.99522567 0.9962917 0.9953777 0.99110925 0.9912679 0.9912949 0.9938992 0.9919438 0.99452007 0.99166214 0.99348855 0.9894198 0.9926053 0.994099 0.9962809 0.9975922 0.995995 0.9999999 0.9995437 0.9975853 0.99834055 0.9979194 0.9984698 0.99903077 0.99878085 0.9975385 0.9991806 0.993022 0.99278945 0.9913376 0.9920871 0.9920928 0.9910777 0.9924625 0.99221313 0.9931972 0.9915267 0.99513304 0.990218 0.98677284 0.990422 0.9913136 0.9904951 0.9937016 0.9940056 0.99178445 0.9915997 0.99071866 0.99144286 0.9926675 0.9941486 0.9959601 0.9935864 0.9945436 0.99336237 0.99359936 0.99471474 0.9910656 0.9892117 0.99253124 0.9926261 0.9837975 0.98292714 0.98316777 0.97838616 0.99403363 0.99351066 0.9940135 0.9957507 0.9957602 0.9932615 0.9953561 0.99340886 0.99333584 0.9923362 0.99400306 0.9966481 0.99493635 0.9962593 0.99446183 0.995988 0.99556017 0.9960029 0.9966358 0.9971497 0.9960848 0.9971155 0.9932233 0.99337494 0.992868 0.9945162 0.99556947 0.99566483 0.99554825 0.9976605 0.9966342 0.99610215 0.9944783 0.9959347 0.9963556 0.99608517 0.9942353 0.99358803 0.99491584 0.9947405 0.9956498 0.9941218 0.9929645 0.99175584 0.9911478 0.99554926 0.99351364 0.9952768 0.9951941 0.99331856 0.99253124 0.9940829 0.9943953 0.9960781 0.99207234 0.98848903 0.9913042 0.99627876 0.9931162 0.9903201 0.993208 0.9948399 0.99188095 0.993839 0.9943747 0.99016446 0.9912875 0.99122924 0.9900304 0.9928276 0.99372804 0.9918165 0.997302 0.99356514 0.99313474 0.99094707 0.9941062 0.97609836 0.9822371 0.9942808 0.9922376 0.9883319 0.99238664 0.9941544 0.9840001 0.99015766 0.9961717 0.9945024 0.98884255 0.99310225 0.99374354 0.9918239 0.993037 0.9870986 0.98801535 0.9808905 0.991546 0.9936806 0.9914277 0.9874964 0.98167646 0.98929083 0.9901245 0.9916702 0.9887089 0.98647696 0.9887412 0.9888347 0.9899694 0.9857299 0.990548 0.99364734 0.993675 0.99081165 0.988123 0.99523747 0.9949772 0.9949403 0.9921885 0.9957553 0.99087274 0.99258 0.98784834 0.990736 0.99280256 0.9938153 0.99368256 0.9877217 0.985176 0.99432653 0.992181 0.98766875 0.98478276 0.9865912 0.9881998 0.9861194 0.98783815 0.9908679 0.9899516 0.99384904 0.9874298 0.9908923 0.9916039 0.9918483 0.992463 0.9902519 0.9888513 0.9926519 0.99366236 0.991591 0.99347734 0.9928142 0.9935 0.99213177 0.9901774 0.9910091 0.99186194 0.9919254 0.99432683 0.99299455 0.9904438 0.99362355 0.9910352 0.99372464 0.99162364 0.99239755 0.99591565 0.9957186 0.99586576 0.99683744 0.9963199 0.9966409 0.9962901 0.993895 0.9957001 0.9944589 0.9941011 0.9908692 0.99018806 0.9889281 0.997117 0.9960642 0.99585223 0.9922035 0.995222 0.9951442 0.9954756 0.995627 0.9944584 0.99562573 0.9895432 0.9938676 0.9947351 0.9945448 0.98938096 0.99283934 0.9896687 0.98952997 0.9901731 0.99146783 0.9912191 0.9914032 0.98733544 0.98797166 0.9881064 0.992512 0.9928242 0.9907203 0.9934721 0.9918355 0.99164695 0.98931164 0.98761517 0.9896049 0.99085057 0.991572 0.99197274 0.99237525 0.9947146 0.995021 0.99325687 0.9940008 0.9946191 0.99483037 0.99395853 0.9936259 0.9932483 0.9936454 0.9939667 0.9954635 0.99574107 0.99305713 0.9927611 0.99425364 0.9918307 0.9911536 0.9922569 0.9932657 0.99302435 0.9931097 0.9966638 0.99646765 0.9959799 0.9957066 0.99581105 0.99480873 0.98937094 0.98797834 0.9867979 0.98793864 0.9891944 0.9888372 0.98821515 0.98938274 0.9889478 0.9951112 0.99421686 0.99389666 0.9930095 0.9961925 0.99300474 0.9916341 0.9928397 0.9953159 0.9940917 0.99507046 0.9944308 0.9953042 0.98949844 0.99071324 0.9932891 0.98592657 0.9855835 0.9846794 0.9969574 0.994983 0.99506664 0.99531496 0.99571574 0.99173194 0.99216187 0.993325 0.9946633 0.9961368 0.9898714 0.99023485 0.99324334 0.9935411 0.9927019 0.99384826 0.99288166 0.9933903 0.99174106 0.99267197 0.99322 0.99217665 0.99447167 0.9907797 0.9902507 0.9923113 0.9881136 0.99457324 0.99313956 0.99105763 0.9922087 0.99105996 0.9891153 0.99357736 0.99385047 0.9927451 0.9923645 0.9943167 0.9918985 0.98847854 0.9925697 0.99170667 0.99426645 0.9951012 0.98965234 0.9941212 0.9949691 0.99498254 0.9946714 0.9936632 0.99494076 0.99249935 0.99362475 0.99322903 0.9884534 0.99316984 0.9947936 0.9922081 0.98790437 0.99473774 0.9965861 0.9975846 0.99632746 0.9970836 0.99674046 0.9966655 0.99666655 0.9965511 0.9947724 0.9921006 0.98901904 0.9912203 0.99380213 0.9925685 0.99073666 0.9875517 0.98594373 0.9870946 0.9897281 0.99297607 0.99551463 0.99375284 0.990943 0.99359393 0.9928547 0.9871059 0.9866084 0.987441 0.9895089 0.9923682 0.9920814 0.99278736 0.9958117 0.99457586 0.99338424 0.9913459 0.9927639 0.9938803 0.9944453 0.99343395 0.99356043 0.9952163 0.9930018 0.99119174 0.9943632 0.99213207 0.9932161 0.99476576 0.99249387 0.99136436 0.99317086 0.993475 0.9940864 0.98365235 0.9813121 0.98285663
IgnxatovicxJakov_SRP18630JakovIMilanN-L2_11 0.99165845 0.992783 0.99315715 0.9945843 0.9944294 0.9881437 0.9856113 0.98251504 0.99401385 0.99379057 0.995036 0.9936389 0.9948066 0.9955103 0.99355525 0.99305975 0.99159735 0.99125063 0.99174607 0.9953603 0.99454373 0.995404 0.9902948 0.99070287 0.99171036 0.9928153 0.99255943 0.9915083 0.9919092 0.9922276 0.99182177 0.9915756 0.99218196 0.99012464 0.9888367 0.9889987 0.9880585 0.9887918 0.9927327 0.993247 0.9942082 0.99589133 0.99379814 0.99407935 0.9887536 0.9903141 0.99438024 0.9963117 0.995631 0.9970088 0.9969859 0.9970379 0.9969393 0.99329317 0.9917102 0.9912249 0.9898591 0.98179156 0.9873743 0.9933262 0.99296135 0.98874253 0.9925382 0.9916128 0.98396915 0.9852309 0.99519724 0.99305767 0.9944632 0.9942341 0.9930144 0.98858786 0.9912542 0.9951781 0.9941106 0.9955 0.9895821 0.9894414 0.9940059 0.9949094 0.9899704 0.99364686 0.9925385 0.99707156 0.99588823 0.99628717 0.9967473 0.9962994 0.9967062 0.9951837 0.99670064 0.99513257 0.9917748 0.9922889 0.9925123 0.9945477 0.99255055 0.99519575 0.9926071 0.99400306 0.99034977 0.9933968 0.99486095 0.99737287 0.9980101 0.99670845 0.9995437 0.99999976 0.9984094 0.9990488 0.99873924 0.9987965 0.9990959 0.998833 0.9978481 0.99892914 0.9945117 0.99449617 0.9931984 0.9936726 0.9938105 0.9928541 0.9937507 0.9938206 0.99442744 0.9931106 0.995814 0.99187994 0.9881427 0.9917423 0.992311 0.99173284 0.99471694 0.9949678 0.993235 0.9907616 0.9902621 0.9909826 0.9923397 0.99410564 0.995913 0.99331 0.9946338 0.99476063 0.99544185 0.996307 0.99211395 0.99073017 0.99355 0.9939363 0.9844575 0.98423886 0.98416126 0.97953385 0.9947208 0.99402547 0.9942498 0.9955373 0.9955683 0.99388987 0.9953679 0.9940039 0.9932724 0.9926907 0.9943794 0.99645543 0.9946871 0.996756 0.9945415 0.9966288 0.9958238 0.9960594 0.99732804 0.9973332 0.9960614 0.99687636 0.9936935 0.9932355 0.99278724 0.9953911 0.9963581 0.9958591 0.9957902 0.99791133 0.99708986 0.9965544 0.99522245 0.99623007 0.99705017 0.99614626 0.9946062 0.99478614 0.99517494 0.99535453 0.99583054 0.9951161 0.99428785 0.9930213 0.9923782 0.9961947 0.99379987 0.9956597 0.9955898 0.99336016 0.99318206 0.99450636 0.9942851 0.9965168 0.9923471 0.9889055 0.9914015 0.99636555 0.99357206 0.9910129 0.99367374 0.9948401 0.99236846 0.9937265 0.99463356 0.99058634 0.9914814 0.99054736 0.98937106 0.9924575 0.99379027 0.9918156 0.9975438 0.99392235 0.9932319 0.9913598 0.9939265 0.97776127 0.9834811 0.99496907 0.99283445 0.98952407 0.9932957 0.99407417 0.9858547 0.9904984 0.99662304 0.9946026 0.9893717 0.99361926 0.99440527 0.99263823 0.99394065 0.9879902 0.98952055 0.9832251 0.9921612 0.99427354 0.9918917 0.9887443 0.9836723 0.9907201 0.99169207 0.9922811 0.990135 0.9883497 0.9905268 0.9905286 0.9913214 0.98768 0.9920334 0.995077 0.9948986 0.99210554 0.98944217 0.9955552 0.99571496 0.995326 0.9931986 0.9963345 0.99221754 0.99374 0.989163 0.99200565 0.9932143 0.99465615 0.99442893 0.9889686 0.98691785 0.9949305 0.9927422 0.98875684 0.98615605 0.98834217 0.989865 0.98768747 0.98908335 0.99224156 0.9911741 0.9946047 0.98891026 0.99188274 0.99205506 0.9930355 0.9935519 0.99157184 0.9899751 0.9941801 0.99506235 0.9931725 0.9947711 0.99414384 0.9947434 0.99356353 0.9911483 0.9912987 0.99271953 0.99370205 0.99565595 0.9942426 0.9918582 0.99468344 0.99270844 0.99485797 0.9929753 0.99330443 0.9964876 0.9963395 0.9964527 0.9972435 0.9961972 0.99644154 0.99614555 0.99460953 0.99646825 0.9952083 0.99504834 0.99018705 0.98933977 0.98776764 0.9973305 0.9965422 0.99616796 0.9932566 0.9958487 0.9958592 0.9960827 0.99563015 0.99463344 0.9953022 0.9886134 0.9944818 0.99474883 0.9947122 0.98948604 0.99250937 0.98910475 0.98872447 0.99057823 0.99134314 0.9915487 0.99117494 0.9873329 0.9876097 0.9875986 0.991984 0.99413943 0.9922751 0.99430025 0.99308544 0.99301165 0.99063206 0.98926544 0.9911798 0.99243844 0.9929713 0.9929429 0.9931169 0.9950218 0.99479437 0.9939553 0.99449736 0.99526834 0.99467045 0.99389154 0.9929705 0.9935278 0.99295855 0.9935831 0.9959799 0.99537057 0.99278826 0.99218607 0.99410456 0.9925003 0.9904853 0.99241865 0.9929854 0.99336034 0.9932471 0.9969712 0.99737465 0.9968471 0.99628544 0.9962432 0.99474084 0.9900366 0.98941463 0.9882675 0.9893845 0.9898969 0.9903412 0.98938185 0.99003613 0.9896681 0.9957485 0.99437296 0.9941265 0.99369293 0.9967206 0.99363905 0.99282694 0.99354 0.9958358 0.99479973 0.99582005 0.9953035 0.99615586 0.9907754 0.9920226 0.9943572 0.9869022 0.98692584 0.9862499 0.99724793 0.99560034 0.99556315 0.9959963 0.9960704 0.99269754 0.9932294 0.99438494 0.99546826 0.99669945 0.9915507 0.9921152 0.99451214 0.99455774 0.99395084 0.9947604 0.99430096 0.99458826 0.9933413 0.99399865 0.99458015 0.99366057 0.9957664 0.99246395 0.9921994 0.99397033 0.99009365 0.99554366 0.9940902 0.99234605 0.99349064 0.99230415 0.9908914 0.9952777 0.99452955 0.9934604 0.99348867 0.99522614 0.9929809 0.98984104 0.9935664 0.9931275 0.9953208 0.9957138 0.9907683 0.9949255 0.99566823 0.99603826 0.9955493 0.994495 0.99548525 0.9934679 0.9943478 0.9937454 0.98968494 0.9936809 0.99503875 0.9931477 0.9894013 0.99560344 0.99690795 0.9977016 0.99694884 0.9974876 0.9968364 0.9971191 0.99688315 0.9968803 0.9943725 0.9915999 0.9880687 0.9905241 0.9931339 0.9917959 0.9899412 0.98643357 0.9879271 0.9889715 0.99132764 0.9941695 0.996394 0.99506366 0.99253523 0.9944686 0.9938863 0.9891862 0.98854053 0.98947144 0.99125504 0.99395186 0.99375176 0.9942794 0.9963712 0.994445 0.9935413 0.9915246 0.9929466 0.99427944 0.99459857 0.9939818 0.9934884 0.99499613 0.99261963 0.9906074 0.9942536 0.99136305 0.992947 0.99463874 0.9915193 0.99081117 0.9926473 0.9932385 0.9938521 0.9839494 0.9810381 0.98290443
IgnxatovicxJakov_SRP18630JakovIMilanN-L2_2 0.99149597 0.9945859 0.99394554 0.99356747 0.9940135 0.99128777 0.9888523 0.98555523 0.9950535 0.9941585 0.9952825 0.99534136 0.99470294 0.9950875 0.9952593 0.993458 0.99277514 0.99273896 0.9939835 0.9961705 0.9938544 0.9949963 0.9925645 0.99242634 0.9926438 0.9919083 0.9929461 0.99035275 0.99277604 0.9922207 0.9919243 0.9930228 0.9925219 0.9886411 0.9866381 0.9915164 0.9904952 0.98975295 0.9944945 0.995015 0.99523675 0.9953964 0.99481624 0.9934983 0.99086875 0.9925031 0.9950796 0.9966296 0.9963884 0.99605805 0.99788725 0.997507 0.996698 0.99378705 0.9926031 0.992573 0.9916944 0.98414207 0.9886514 0.99438804 0.9941063 0.99031985 0.9940859 0.9928507 0.9875618 0.9885792 0.9960172 0.9948322 0.99553245 0.9964988 0.99588865 0.9922674 0.994061 0.9967684 0.9963476 0.9965623 0.9932347 0.9928289 0.9959769 0.99677783 0.9936499 0.99329305 0.9933909 0.9957582 0.9945879 0.99581206 0.9953952 0.99595404 0.99663424 0.9946726 0.99668044 0.99420834 0.9944932 0.99491435 0.9951129 0.99631697 0.99425465 0.99635917 0.9947672 0.9949434 0.99310994 0.995192 0.9962875 0.9976729 0.9966692 0.9982737 0.9975853 0.9984094 0.99999994 0.9992791 0.9991476 0.99843335 0.9983875 0.99856037 0.99806833 0.9974068 0.99739206 0.99742746 0.9966168 0.99680215 0.9968093 0.9956211 0.9959525 0.9959398 0.9962815 0.9956994 0.9965858 0.9944688 0.99180734 0.99485993 0.99477243 0.9946682 0.9961528 0.9965348 0.9955286 0.9909733 0.9916988 0.99260956 0.99304444 0.9929826 0.9943338 0.9910692 0.9933366 0.9957994 0.9967632 0.9974032 0.9950761 0.9940881 0.99576724 0.99665624 0.98870355 0.9890481 0.9887696 0.9847242 0.9970416 0.9960413 0.99569494 0.9944473 0.99436283 0.99402225 0.99465054 0.99407995 0.99263537 0.99313647 0.9944529 0.99516016 0.9941611 0.9972282 0.99507767 0.99748945 0.9960989 0.9944438 0.99681246 0.9960097 0.9941065 0.99516374 0.9946744 0.99309814 0.99210113 0.9967005 0.99673325 0.99511695 0.9952995 0.9965349 0.9957266 0.99451053 0.996889 0.99703723 0.9978976 0.9963212 0.99461466 0.9959387 0.99418104 0.9959666 0.9953025 0.9964604 0.99669707 0.99587363 0.9946767 0.99720967 0.9942659 0.99619067 0.9961495 0.9940583 0.99523795 0.99481976 0.9940047 0.9965241 0.9921839 0.98898196 0.9907375 0.9954284 0.99453425 0.9931835 0.99498457 0.9941347 0.99363846 0.99342024 0.99463224 0.99251103 0.9928152 0.9907078 0.989578 0.9924503 0.9945571 0.9932858 0.99659526 0.99532115 0.9944587 0.9934816 0.99423015 0.9825468 0.9871506 0.996727 0.9948683 0.9926819 0.9954096 0.99488014 0.98989284 0.9920987 0.99697006 0.9923221 0.9862178 0.9916585 0.993405 0.9942554 0.9955505 0.9904987 0.9929314 0.9874963 0.99360913 0.99503624 0.99362594 0.9913451 0.98848003 0.9940355 0.9945173 0.9942807 0.9935484 0.9916895 0.99359196 0.99345565 0.9938908 0.99174374 0.994604 0.9972141 0.9968654 0.9944856 0.9923704 0.9965663 0.99665064 0.99668574 0.99577564 0.9972681 0.9950677 0.99591136 0.992048 0.99416226 0.9942778 0.99578136 0.99546933 0.99196756 0.99052715 0.9962606 0.99332386 0.9914266 0.9896246 0.9917884 0.99275506 0.9909105 0.9915986 0.99487436 0.99330807 0.9958392 0.99228305 0.99432224 0.99423575 0.9957318 0.9955051 0.9943285 0.99295425 0.99474794 0.9945285 0.9938468 0.99403745 0.99337405 0.99413806 0.9935306 0.9931672 0.9928409 0.99471974 0.99637616 0.9971843 0.99650747 0.99476624 0.9964348 0.9954613 0.9970718 0.99521506 0.9957472 0.99672335 0.99707407 0.9969564 0.9971152 0.99517715 0.99493074 0.9950016 0.9962001 0.9975821 0.9966155 0.9965855 0.9895834 0.9878378 0.9860698 0.9958104 0.9945068 0.99394214 0.9959162 0.996807 0.9968756 0.99709284 0.99555933 0.9953063 0.9947036 0.9886554 0.9958984 0.99520653 0.9957477 0.9914154 0.993056 0.9899941 0.9888859 0.9927102 0.9930268 0.9939227 0.9924728 0.98998845 0.98980796 0.98910534 0.9886925 0.9964361 0.99530244 0.99614006 0.9959297 0.9956888 0.9935022 0.99212795 0.99322855 0.99477994 0.9950079 0.99422467 0.99459237 0.9961353 0.99398357 0.99577767 0.9958194 0.99627715 0.99402565 0.99391407 0.9907769 0.9945763 0.99073195 0.9917518 0.99605286 0.9933101 0.98976344 0.9897196 0.9921858 0.99479026 0.98919225 0.9939422 0.9920266 0.99443316 0.99459606 0.9954393 0.99679244 0.9960511 0.99514073 0.9961219 0.9934424 0.9928633 0.99283415 0.99135274 0.99280053 0.99232703 0.9935853 0.9921013 0.99204546 0.99229723 0.99670386 0.9949863 0.994128 0.99466676 0.9966159 0.9949556 0.99420667 0.993696 0.9964158 0.9961401 0.9971227 0.9970901 0.99749994 0.9944554 0.995233 0.99682885 0.9901598 0.99035233 0.9902501 0.99682575 0.99685323 0.99644685 0.99706435 0.99684274 0.9946021 0.99524033 0.9962709 0.99624485 0.995966 0.99388915 0.9947684 0.99623716 0.9958525 0.99543476 0.9950112 0.9959866 0.9960094 0.9956987 0.995032 0.99626875 0.99571174 0.99671197 0.9953981 0.9950613 0.99607116 0.9938756 0.99650896 0.9959442 0.9948457 0.9959278 0.9946253 0.99383044 0.9967504 0.9958322 0.9951403 0.9955961 0.9967363 0.99525416 0.9933917 0.9958923 0.9960761 0.9967458 0.9956766 0.9931767 0.996596 0.99700665 0.99723375 0.9966558 0.9963153 0.9965861 0.99545795 0.9959611 0.995607 0.99256897 0.9956664 0.99598265 0.99603206 0.9934901 0.9975135 0.997477 0.9971716 0.99769133 0.9979451 0.996343 0.9978056 0.997172 0.99742335 0.9941477 0.9924164 0.9878429 0.9908539 0.9919004 0.9912069 0.99001646 0.9868202 0.99175787 0.9925472 0.99409956 0.99572706 0.9967995 0.9966475 0.9947074 0.9958679 0.9954259 0.99299496 0.9922747 0.99290514 0.99417007 0.99566376 0.9955046 0.9953722 0.9960852 0.99188846 0.9903061 0.98754495 0.9914873 0.99319315 0.9928125 0.99286926 0.9912769 0.99430263 0.9912733 0.9879629 0.9921473 0.98964775 0.99112177 0.9923606 0.9883301 0.98766416 0.9901786 0.9908938 0.99261695 0.98821664 0.9843429 0.98615247
IgnxatovicxJakov_SRP18630JakovIMilanN-L2_3 0.99070513 0.9932898 0.99320674 0.99365354 0.99345255 0.98987854 0.9874763 0.9846294 0.9942204 0.9931072 0.9946549 0.9940433 0.99440473 0.99490273 0.99374413 0.9923867 0.9911832 0.99108773 0.99214566 0.99517655 0.9932987 0.99441737 0.9908546 0.99066997 0.9911597 0.9911663 0.9916768 0.9899102 0.99111414 0.99116194 0.99076456 0.99127924 0.99134064 0.9879261 0.98630464 0.9892347 0.9882542 0.9879736 0.9931793 0.9940183 0.9944565 0.99521315 0.9941459 0.9931936 0.98896646 0.9908356 0.9942128 0.9962504 0.9958688 0.9962157 0.9974851 0.9974852 0.9970985 0.9936832 0.99270177 0.9911582 0.99027675 0.9818314 0.9869835 0.9933053 0.99304426 0.9885403 0.99260545 0.9914207 0.9852252 0.98619676 0.9954897 0.99402076 0.99527395 0.9959724 0.9943032 0.9903116 0.99308443 0.9961322 0.995421 0.9959851 0.9911616 0.9911063 0.99531 0.99604386 0.9920513 0.9933093 0.99284637 0.9969201 0.9955135 0.9968577 0.9966444 0.99676865 0.9969788 0.99559927 0.99739456 0.9939345 0.9933005 0.99367344 0.9940431 0.9959505 0.99434954 0.99677247 0.994297 0.99504274 0.991996 0.99415994 0.99549514 0.99797064 0.9975451 0.9977314 0.99834055 0.9990488 0.9992791 1.0 0.99943316 0.9991356 0.99882376 0.9985907 0.9981197 0.99835825 0.9962341 0.99671054 0.99559385 0.99588615 0.9959339 0.99497414 0.9944383 0.9945044 0.995433 0.9944656 0.9960728 0.9929444 0.9898946 0.99341637 0.99344754 0.9930814 0.9954673 0.995909 0.99456024 0.989523 0.9901145 0.99108773 0.9920198 0.9941112 0.99567 0.99309266 0.9947785 0.9957206 0.99649066 0.99704146 0.9938357 0.9928092 0.99512124 0.99562943 0.9859519 0.9865327 0.9864777 0.982208 0.9954399 0.9945906 0.9943989 0.9951143 0.9953301 0.9943882 0.99517304 0.994227 0.9930812 0.99315125 0.9945128 0.9955919 0.9939265 0.99678504 0.99462485 0.9972244 0.9958309 0.99526715 0.9968972 0.9965719 0.99503833 0.9958391 0.99352545 0.9921844 0.99124384 0.99568206 0.99608624 0.9946845 0.99496645 0.9971931 0.99667835 0.99591136 0.9958638 0.9966091 0.99777293 0.9963746 0.9939243 0.9948527 0.99398655 0.99512696 0.9950441 0.99528515 0.99512213 0.9946152 0.99409837 0.9968333 0.9944037 0.9963918 0.9961376 0.9940893 0.9943972 0.9953712 0.9946259 0.9970224 0.9929933 0.98991823 0.9919782 0.9965328 0.9931314 0.9913796 0.9937619 0.99364394 0.9922865 0.992768 0.9940764 0.990665 0.99146736 0.9898638 0.988575 0.9916139 0.9935556 0.9919787 0.9972498 0.99419564 0.9933871 0.99182916 0.99325806 0.9791588 0.98476654 0.99566036 0.9940628 0.9916461 0.99472344 0.99502736 0.988304 0.9917902 0.996587 0.9936095 0.9880367 0.99288696 0.9941448 0.9938499 0.9948534 0.98924506 0.9911343 0.98608446 0.9932925 0.9950426 0.99314475 0.99064964 0.98608613 0.9927251 0.99300796 0.9933285 0.9919533 0.99008685 0.9922807 0.9924533 0.9934096 0.990219 0.9941083 0.9966755 0.99638015 0.9938748 0.9917775 0.9958899 0.9959989 0.9958409 0.9941198 0.99668837 0.99404854 0.9948989 0.990352 0.9924812 0.9932128 0.9946441 0.9946988 0.9902046 0.98841965 0.99504787 0.9924866 0.98982173 0.98795915 0.9898363 0.99102974 0.98893636 0.9897175 0.99327165 0.9918712 0.9947712 0.99073327 0.99330086 0.9934015 0.99445313 0.9946655 0.99353397 0.9919366 0.99472445 0.994878 0.9931544 0.9945001 0.99377066 0.9944871 0.99340075 0.99186015 0.99170125 0.9942137 0.9953679 0.99629986 0.9953621 0.9935468 0.99565756 0.9945678 0.9963887 0.993602 0.99391186 0.9962716 0.99626946 0.99646497 0.99688864 0.99517435 0.99540323 0.99538195 0.9947205 0.99646276 0.99518126 0.9951149 0.98907954 0.9876803 0.9861713 0.9970352 0.99592084 0.99580723 0.99413836 0.99572986 0.99588263 0.9962698 0.9947908 0.9942607 0.9940978 0.98709923 0.99467975 0.99466914 0.99488807 0.9893842 0.99184364 0.9885962 0.98773074 0.9905607 0.9912341 0.9919976 0.9909936 0.987649 0.9877016 0.9872352 0.9900614 0.9953975 0.99384654 0.9948645 0.9945167 0.99446553 0.99219745 0.9913396 0.9931913 0.99437046 0.99453306 0.9941371 0.9939573 0.9952761 0.9938039 0.99474615 0.9947824 0.99550265 0.99391663 0.99311733 0.9911966 0.993464 0.991044 0.9918505 0.9956586 0.99384874 0.99057674 0.99018455 0.9926415 0.9932668 0.9888253 0.9925153 0.991683 0.9933196 0.9935739 0.99631876 0.9971669 0.9967059 0.9955526 0.9958646 0.9933452 0.9915077 0.9916002 0.9902153 0.9910346 0.99103904 0.99209464 0.99057066 0.9907222 0.9907762 0.9958189 0.994582 0.99436736 0.9942184 0.99673784 0.994553 0.9938166 0.9942019 0.99635875 0.9955306 0.9965907 0.99617755 0.99689484 0.99296474 0.9937854 0.9959451 0.98878384 0.9890275 0.98867977 0.9970705 0.99647045 0.9961261 0.9965452 0.9960889 0.99366736 0.99439406 0.9957539 0.9957702 0.9965041 0.99288714 0.9936228 0.99566627 0.99534357 0.995386 0.9953806 0.99570554 0.9963279 0.9945782 0.99475944 0.99546814 0.994898 0.9966234 0.99411213 0.99362296 0.9949203 0.9922503 0.9958033 0.99479103 0.9933972 0.9947682 0.99351764 0.9925809 0.9961051 0.99510914 0.99449545 0.9948894 0.996309 0.99409246 0.99214035 0.99444646 0.99450123 0.99638146 0.9960587 0.99224174 0.99568146 0.99614704 0.9966788 0.9963292 0.9952574 0.99564743 0.9944946 0.99522996 0.99457175 0.99171 0.9952313 0.99544954 0.99483883 0.9912543 0.99680847 0.9972007 0.9972847 0.9973917 0.99785835 0.9966035 0.997519 0.99726933 0.9972405 0.9929881 0.99060845 0.9863509 0.98903996 0.9912465 0.9901257 0.9882685 0.9849212 0.99013186 0.99079573 0.9929187 0.99513227 0.99692434 0.99615306 0.9938414 0.9953561 0.9948571 0.9910616 0.9907637 0.9913632 0.993189 0.9952122 0.99472344 0.99535555 0.9962394 0.9931233 0.9919393 0.9897188 0.9915875 0.9934198 0.9935185 0.99317956 0.9923103 0.9941731 0.9910168 0.988552 0.9927398 0.9896253 0.9912627 0.993201 0.98961276 0.9886806 0.99089324 0.9914761 0.9924683 0.98551774 0.98193896 0.98379254
IgnxatovicxJakov_SRP18630JakovIMilanN-L2_4 0.99017143 0.9935701 0.99300396 0.99327564 0.99365973 0.98962283 0.9868209 0.9833897 0.995148 0.99382025 0.9952486 0.99480945 0.99519646 0.9956123 0.99433637 0.99302316 0.99178886 0.99156237 0.9927329 0.9957966 0.9940511 0.9949766 0.99134165 0.99134165 0.99159265 0.9914643 0.992033 0.99046516 0.99195874 0.99207246 0.9914483 0.99221337 0.9921603 0.9878324 0.9859294 0.98994553 0.9887902 0.9883533 0.99398166 0.99501115 0.995265 0.9957243 0.9946064 0.99368215 0.9895964 0.9917396 0.9949654 0.99671376 0.9967357 0.99621093 0.9978244 0.997345 0.9965265 0.9931025 0.99220294 0.99115866 0.9901397 0.9814559 0.98671675 0.9930086 0.9924876 0.98858744 0.9925724 0.9912367 0.98491365 0.9861244 0.99517775 0.99390614 0.99518585 0.99647367 0.9945469 0.99078816 0.99320084 0.9965472 0.99557453 0.9964095 0.991629 0.99126047 0.99521226 0.9965842 0.9923876 0.99272245 0.99269086 0.996853 0.995235 0.9969127 0.9966947 0.9969501 0.99725044 0.9950638 0.99712825 0.99385035 0.99300355 0.9931659 0.9937553 0.99539095 0.9933783 0.9962862 0.9937875 0.9942203 0.9912753 0.99363256 0.9949794 0.99834013 0.9975249 0.99719405 0.9979194 0.99873924 0.9991476 0.99943316 0.99999964 0.99895835 0.99873066 0.9985303 0.99829394 0.9978651 0.9967381 0.9974123 0.9961299 0.99639994 0.9962336 0.99520904 0.99484855 0.9953194 0.99599266 0.9948826 0.9961184 0.9934738 0.99019694 0.9937824 0.99384075 0.99350697 0.9958983 0.99618644 0.99485976 0.9895724 0.99010867 0.99090064 0.99174 0.9938848 0.99520034 0.9922578 0.99442697 0.99586356 0.99695355 0.99764735 0.9941579 0.99309164 0.9951761 0.99602467 0.9864255 0.9870969 0.9865394 0.98256093 0.9959866 0.9952779 0.9949573 0.9947035 0.9947358 0.9945325 0.9949833 0.99439704 0.9931867 0.99341244 0.99472964 0.9950535 0.9934731 0.9967038 0.99421966 0.99728346 0.9956759 0.9950443 0.99696165 0.9965068 0.99493283 0.99547493 0.99375117 0.9925102 0.9915041 0.9961274 0.9966807 0.99521154 0.99562174 0.9970459 0.9968617 0.99607265 0.9962001 0.99675715 0.9981251 0.99608076 0.9941358 0.99546653 0.9942581 0.99544525 0.995172 0.995941 0.99589723 0.995074 0.99409044 0.9967804 0.99411774 0.99646246 0.99627465 0.9939958 0.9942777 0.99513435 0.99437606 0.9972478 0.9926755 0.98931414 0.9913522 0.9964428 0.99358904 0.9916608 0.99390817 0.9937826 0.99254394 0.99260366 0.9944315 0.9907554 0.9913757 0.9893264 0.9879699 0.9912177 0.9938099 0.99192524 0.9973398 0.9943256 0.9931487 0.99168354 0.9929208 0.9802418 0.98576057 0.996051 0.99371856 0.9913828 0.99445 0.99433005 0.98828745 0.9914311 0.99654824 0.9936534 0.9881915 0.9929614 0.9941253 0.9936012 0.99451447 0.98904324 0.9914124 0.9859864 0.9931469 0.9948968 0.9930968 0.99029064 0.9862481 0.99273217 0.99303484 0.9928392 0.9918978 0.9901044 0.9926727 0.9923037 0.9932315 0.99024814 0.99409217 0.99691427 0.9962481 0.99368674 0.99117273 0.99580586 0.9960576 0.99572784 0.99480605 0.9968861 0.9944131 0.9950589 0.99038804 0.9926296 0.99313414 0.9949067 0.9945503 0.99008083 0.9885855 0.994745 0.9920927 0.9895415 0.9876463 0.990038 0.9911843 0.9890926 0.989609 0.9932155 0.99184984 0.99442476 0.99075466 0.9933087 0.99334025 0.994878 0.99445766 0.99329144 0.99173284 0.9953335 0.9957543 0.9939051 0.995369 0.99463207 0.99545133 0.9941471 0.9916062 0.9911919 0.9934991 0.9960333 0.99679434 0.9959514 0.9938883 0.9960524 0.9945642 0.9966357 0.99434394 0.9942483 0.99631345 0.99631417 0.9966582 0.9967851 0.9950764 0.99508035 0.99501294 0.9954167 0.9970175 0.9959242 0.9957703 0.9882462 0.9869572 0.9851268 0.9970471 0.99610543 0.99593145 0.9948061 0.99630105 0.9966184 0.99671507 0.9950905 0.99482876 0.9943574 0.98785573 0.99518764 0.9952212 0.9955955 0.99048436 0.9926376 0.9893722 0.98857415 0.9915195 0.99183375 0.9925313 0.9915236 0.9883232 0.98824406 0.98785514 0.9899667 0.9961769 0.9946754 0.9955537 0.9953581 0.99536365 0.9928375 0.9919406 0.9936435 0.994866 0.99486756 0.994314 0.9943071 0.9952438 0.9935417 0.9949104 0.99488455 0.99566126 0.993946 0.9931396 0.9909287 0.9936813 0.9906463 0.99152654 0.99564683 0.99336267 0.99026746 0.9896527 0.992281 0.99351627 0.98882604 0.99292326 0.99191356 0.9935796 0.9935913 0.9963417 0.9974325 0.9969809 0.99584615 0.99612945 0.99327 0.9922123 0.99178153 0.9907385 0.9917119 0.9916594 0.99276936 0.9911374 0.9912133 0.99126625 0.9959754 0.99434125 0.994066 0.9944506 0.99707866 0.9944264 0.9937457 0.9938453 0.9965541 0.9953704 0.9966165 0.9963258 0.99719304 0.9934102 0.9939094 0.99637806 0.98840773 0.9886196 0.9885988 0.9973825 0.9967526 0.9963024 0.9968972 0.99636596 0.99351865 0.99454474 0.9957746 0.99586475 0.9967226 0.9929 0.99423504 0.9958746 0.99561024 0.9954192 0.9955806 0.99661547 0.99664474 0.99562454 0.99570644 0.9963032 0.99577963 0.9972582 0.9951213 0.9949932 0.99608386 0.9931851 0.9960409 0.99519175 0.99351907 0.99491113 0.99347186 0.9929363 0.99638015 0.9951983 0.99450964 0.9952964 0.99610704 0.99419934 0.99191487 0.9950585 0.99478096 0.9969386 0.9961184 0.9923666 0.9957367 0.99651504 0.99723434 0.99633694 0.9956443 0.9955379 0.9942368 0.9949307 0.99425393 0.99099106 0.9944829 0.9949223 0.9947503 0.99146765 0.99720573 0.9974716 0.9976405 0.9982159 0.9980235 0.9967947 0.9981649 0.9970629 0.99764913 0.99269557 0.9902885 0.98598707 0.98870903 0.9910726 0.9897502 0.9877206 0.9845168 0.99098444 0.9916678 0.993605 0.9956891 0.99704987 0.9964728 0.9941101 0.9954147 0.995335 0.9919762 0.9916085 0.9922164 0.9939823 0.9960586 0.9957738 0.9959026 0.99681175 0.9929831 0.99229276 0.98995316 0.99245477 0.99404436 0.99414885 0.9939759 0.99277 0.9945758 0.99139297 0.988863 0.9928723 0.9900739 0.99182916 0.9935269 0.9895891 0.98906726 0.99130356 0.9917813 0.9927194 0.98532146 0.9816429 0.9837222
IgnxatovicxJakov_SRP18630JakovIMilanN-L2_5 0.99163336 0.99381447 0.9941855 0.9955752 0.99516606 0.98946136 0.98704207 0.98415387 0.9940976 0.9935456 0.9949305 0.9939601 0.9949393 0.9953261 0.9936147 0.99325746 0.9917162 0.99161583 0.99222094 0.99525905 0.993547 0.9948977 0.9904976 0.99133253 0.9915198 0.9920429 0.99212635 0.99146146 0.99187833 0.9919793 0.99178267 0.9912646 0.9920996 0.98846173 0.9871409 0.98901945 0.98831075 0.98827785 0.9934155 0.9950908 0.99528074 0.9959033 0.99459934 0.99464667 0.9896631 0.9912925 0.99510074 0.9967062 0.99606466 0.99661386 0.9968659 0.9964575 0.9964831 0.9940274 0.99232244 0.99201745 0.99114156 0.98262495 0.9885867 0.99356574 0.99316216 0.98996025 0.9923979 0.9913924 0.9853946 0.98657304 0.9954393 0.99281067 0.9950271 0.99594074 0.99368936 0.9895504 0.99290687 0.99587905 0.9949411 0.9959246 0.99048 0.990113 0.99535686 0.99598235 0.99162173 0.9941931 0.9938529 0.99763894 0.9973238 0.9976586 0.9977714 0.9978538 0.9978444 0.99658275 0.99757725 0.9940199 0.9925389 0.99222726 0.99253255 0.99538755 0.9934776 0.9965647 0.99294096 0.9943396 0.99053204 0.99318683 0.9943614 0.9972578 0.9977163 0.9967091 0.9984698 0.9987965 0.99843335 0.9991356 0.99895835 1.0000001 0.99904984 0.9988271 0.998373 0.9989641 0.9948283 0.99550843 0.99384993 0.99477446 0.99460584 0.99315387 0.99360317 0.993874 0.99560624 0.9940231 0.99616235 0.9926507 0.98940945 0.9931157 0.9938794 0.9931747 0.99599063 0.99634045 0.99428356 0.99037224 0.99101454 0.99170256 0.99277246 0.9957223 0.9972476 0.9951049 0.99651796 0.9949294 0.99480665 0.9959909 0.99311674 0.9920436 0.9947635 0.99505305 0.98594165 0.98594826 0.985559 0.98175293 0.99506706 0.99454015 0.99458784 0.9962548 0.9964141 0.9943935 0.9955276 0.9938976 0.9936463 0.9932876 0.99474275 0.99557334 0.99433833 0.9963852 0.9941752 0.9966848 0.99550986 0.9955379 0.99676037 0.9969511 0.9957342 0.99678016 0.99296546 0.9922838 0.9916654 0.9953244 0.99556655 0.9949515 0.9955059 0.9980422 0.9959996 0.9952974 0.9954147 0.99694765 0.99757344 0.9966785 0.9934728 0.99384284 0.99375004 0.9943955 0.99505913 0.9950366 0.9942503 0.9943528 0.9940802 0.99684924 0.995011 0.9969753 0.99704397 0.9958072 0.9948981 0.99548167 0.99538434 0.99717814 0.9930983 0.9899738 0.99262846 0.9973022 0.9935933 0.99096996 0.99378955 0.99448997 0.99251634 0.9937211 0.9948088 0.9907452 0.9918206 0.9904492 0.9892251 0.9922727 0.9933598 0.9917097 0.9974501 0.9938529 0.9931543 0.99082285 0.9932216 0.9787949 0.9854358 0.9949917 0.9932485 0.99018466 0.99354947 0.9946626 0.9857771 0.99120563 0.9957457 0.9933642 0.9870608 0.9919769 0.9930179 0.9926815 0.9936164 0.9893603 0.990551 0.98474324 0.99392486 0.9957415 0.99425733 0.9901229 0.98427516 0.9919212 0.99174875 0.99261504 0.99101204 0.98817635 0.99127793 0.99118024 0.99249345 0.9882887 0.99314785 0.9958427 0.9954466 0.9925438 0.99042404 0.99572426 0.995751 0.9960115 0.9942825 0.9972922 0.99354446 0.99414086 0.9898872 0.99230367 0.9941425 0.9950302 0.9955338 0.9893739 0.98756444 0.9946633 0.9931228 0.98904204 0.9865711 0.988606 0.98976266 0.9879427 0.9890429 0.9923596 0.99151015 0.9944718 0.9898453 0.99275166 0.9933721 0.9943322 0.9938186 0.99266136 0.9914433 0.9938814 0.99430496 0.9920916 0.99427354 0.99358773 0.9943418 0.99238837 0.99152005 0.9921186 0.99372745 0.9940387 0.99553347 0.995165 0.9933618 0.9956167 0.99332553 0.996186 0.9929425 0.9932015 0.9958527 0.995973 0.99613905 0.99750257 0.99649656 0.99705565 0.99678284 0.99523824 0.9964873 0.9954119 0.99538684 0.9912146 0.9902912 0.98869634 0.997884 0.99666286 0.9970449 0.9939533 0.9960212 0.9963188 0.99670106 0.9954677 0.9951087 0.995256 0.9888676 0.9949707 0.9957862 0.99576014 0.99088097 0.99330884 0.99028397 0.9897881 0.99121 0.99204224 0.99206793 0.9917451 0.98821306 0.9886967 0.9880978 0.99168956 0.9957102 0.9936829 0.99546236 0.9948299 0.99475425 0.9927876 0.99108815 0.99325836 0.9942122 0.99447745 0.9946992 0.9947292 0.9949248 0.9942616 0.9943999 0.99444395 0.9950895 0.9946842 0.9937699 0.9922706 0.99354804 0.9917472 0.9920764 0.99496824 0.9942072 0.991042 0.99079365 0.99286175 0.9926635 0.98980266 0.99268985 0.9925208 0.9932697 0.99376607 0.99662304 0.9967725 0.9965743 0.9953762 0.99584216 0.99455523 0.9919637 0.99073565 0.99037504 0.9909253 0.99197286 0.99174595 0.99054736 0.99125636 0.99158096 0.9957292 0.99451804 0.994231 0.99478143 0.9968948 0.9936632 0.99301624 0.9933726 0.99601495 0.9953472 0.9965886 0.9956484 0.99697745 0.9930016 0.99309814 0.9957693 0.98818517 0.98781806 0.9873878 0.9976891 0.9961034 0.99599814 0.9960454 0.99606794 0.9929755 0.99419075 0.9957375 0.99595565 0.99727887 0.9919665 0.9931706 0.99569523 0.9955019 0.99527997 0.995833 0.99543875 0.99631846 0.994266 0.9949965 0.99496037 0.995008 0.9968015 0.99353 0.99288446 0.9943296 0.9912454 0.99508315 0.9942898 0.99215746 0.99381196 0.99269366 0.9920028 0.9954059 0.99490255 0.9947768 0.99519354 0.9959856 0.99385554 0.9907255 0.9943294 0.9936014 0.9965948 0.99615395 0.99142855 0.99510205 0.99638444 0.99645317 0.9964169 0.9952999 0.9954812 0.99383724 0.995036 0.99460727 0.9904127 0.994936 0.99563676 0.9941418 0.99047256 0.99685633 0.9973163 0.99770015 0.9974475 0.99757296 0.99654394 0.99783576 0.99700654 0.99775916 0.9939663 0.9912973 0.98724943 0.9897744 0.9922767 0.9912758 0.98917735 0.9860661 0.9892051 0.99028635 0.99245644 0.99506676 0.9972583 0.9959495 0.99359435 0.99550354 0.99522316 0.9896749 0.9898417 0.9901557 0.9927017 0.99500537 0.9940509 0.9948426 0.9960805 0.99342555 0.992585 0.9902576 0.9920081 0.99351037 0.9941764 0.9934696 0.9931265 0.9945912 0.9915784 0.98970896 0.99293405 0.9910471 0.99198854 0.9938541 0.9908428 0.98997205 0.99212134 0.992075 0.9930011 0.9851099 0.9822966 0.98376983
IgnxatovicxJakov_SRP18630JakovIMilanN-L2_6 0.99268454 0.9943789 0.99465835 0.99507326 0.99502265 0.99047685 0.98824435 0.98616403 0.9939817 0.9935545 0.9949601 0.9941313 0.99454784 0.99500287 0.9937689 0.9931972 0.9921602 0.9920848 0.9926977 0.9951658 0.9934503 0.99488866 0.9906599 0.99122494 0.991751 0.9922453 0.9924646 0.9912442 0.99200946 0.99183035 0.9919567 0.9915773 0.992057 0.9891602 0.9877875 0.99024993 0.98922795 0.98942006 0.9940085 0.99478185 0.9952074 0.99597466 0.9952045 0.99478984 0.99080515 0.9918227 0.9951617 0.99663955 0.9958365 0.9968973 0.99713933 0.99695694 0.99717826 0.9948426 0.99352103 0.99282825 0.99187016 0.9842992 0.989379 0.9941815 0.99399567 0.99044085 0.993528 0.99291724 0.98630667 0.9875832 0.9962632 0.99397117 0.99572754 0.9957574 0.99435675 0.9903783 0.99335384 0.99574345 0.99500275 0.9958058 0.9909667 0.990725 0.99562967 0.9956017 0.9916932 0.99543476 0.9949659 0.99775034 0.9967529 0.9975348 0.9973187 0.9976032 0.9974292 0.9970173 0.997909 0.99459445 0.9937206 0.9928579 0.99302244 0.99585295 0.9942021 0.99654526 0.9937789 0.99488425 0.99134195 0.99369437 0.99477875 0.9975745 0.9977457 0.9972898 0.99903077 0.9990959 0.9983875 0.99882376 0.99873066 0.99904984 1.0000001 0.999417 0.9992076 0.9991875 0.99529207 0.9953157 0.993716 0.99441844 0.9945221 0.9933636 0.9941295 0.99381155 0.9949841 0.9938157 0.99599344 0.9925737 0.9903339 0.9931576 0.99355227 0.9931708 0.9956074 0.9957398 0.99413955 0.99116147 0.9920304 0.99295974 0.9936701 0.9959419 0.9965841 0.99434257 0.9957949 0.9955322 0.99517864 0.9960436 0.9944665 0.9930465 0.9955562 0.9954238 0.9877121 0.98749256 0.98720604 0.983495 0.9955965 0.9950055 0.99481535 0.99636734 0.9963226 0.99516493 0.9960698 0.9946788 0.9942975 0.9942458 0.99537796 0.99609244 0.9950727 0.99683577 0.99560827 0.99709326 0.9961303 0.9955198 0.99659 0.99679154 0.9953596 0.99643564 0.9941096 0.993073 0.9922696 0.99570984 0.9958095 0.99512357 0.9952036 0.99753225 0.9956442 0.994757 0.9959182 0.99730974 0.99756056 0.99732524 0.99415314 0.99420327 0.9938993 0.99494815 0.9952812 0.99506754 0.994627 0.9947803 0.99456763 0.9972702 0.9960587 0.99723315 0.99738556 0.99561656 0.9954513 0.99631476 0.9960729 0.997354 0.99448764 0.9914099 0.9936805 0.997599 0.9939299 0.99170923 0.9944696 0.9946907 0.9930231 0.9939951 0.99476343 0.9916515 0.99256814 0.9913627 0.9901254 0.99284405 0.9943883 0.9930267 0.9979005 0.9949451 0.9943289 0.9926992 0.99442863 0.97985303 0.9856429 0.9955265 0.9942769 0.99139977 0.9943491 0.9955181 0.9877684 0.9924335 0.99650884 0.9935428 0.9872259 0.9923613 0.99365914 0.9940096 0.9946477 0.9904348 0.9910523 0.985437 0.9942292 0.99557596 0.9942541 0.9911201 0.98579127 0.9928353 0.9926127 0.99376863 0.9919382 0.9891478 0.991984 0.9919828 0.99287736 0.98934156 0.9938766 0.9959642 0.9957334 0.9931804 0.99105483 0.99631125 0.9960127 0.9965275 0.9946729 0.9973202 0.99431664 0.9949643 0.9908184 0.99274135 0.99400294 0.9952316 0.995409 0.99065226 0.9886127 0.9952476 0.9935056 0.9905261 0.9883147 0.9898 0.9908995 0.98874885 0.99045056 0.99302655 0.9924762 0.9952525 0.9913321 0.9941285 0.9945798 0.9947775 0.99491316 0.9936692 0.9926154 0.9937874 0.9938083 0.99223197 0.99375576 0.9928148 0.9936906 0.99254453 0.9917822 0.9922254 0.99398506 0.99449706 0.9958554 0.99538887 0.9938758 0.9958814 0.99421144 0.99630165 0.99356884 0.99405 0.9967057 0.99671507 0.99682236 0.99736613 0.99628854 0.99635005 0.9964527 0.99514234 0.996553 0.99548644 0.9952575 0.9918601 0.9905021 0.98918885 0.9975621 0.99583924 0.99610215 0.9943498 0.99604046 0.99613917 0.9965495 0.9957206 0.9954878 0.99542654 0.9893594 0.99549186 0.99610853 0.9960333 0.9911807 0.9935359 0.99097884 0.990161 0.9917596 0.99292946 0.9929375 0.99260724 0.98943037 0.9897683 0.9896163 0.9912469 0.995194 0.9936959 0.9951312 0.9940624 0.99417955 0.99233454 0.9914102 0.9930419 0.9938235 0.9945008 0.9947005 0.99479735 0.9956537 0.9947847 0.99500436 0.995229 0.99575835 0.9951722 0.9940942 0.99264145 0.9945633 0.9922264 0.9927519 0.9956237 0.9944692 0.9910313 0.9910743 0.99296534 0.9937219 0.99046206 0.9937317 0.99302214 0.9942159 0.9945803 0.99635065 0.99624074 0.99584186 0.9951427 0.99596196 0.9945888 0.99177265 0.99118996 0.99011636 0.9908101 0.99150056 0.9916278 0.990781 0.9912913 0.9913417 0.99577683 0.9949531 0.9946525 0.9949065 0.9968462 0.9946514 0.9936731 0.99400795 0.99685663 0.9959769 0.9967613 0.9964925 0.9970815 0.99335605 0.9938435 0.9960802 0.98975194 0.98929596 0.98874146 0.99765897 0.99698067 0.99713546 0.99692565 0.9971227 0.9940033 0.99468946 0.9959623 0.99642634 0.9968388 0.9926242 0.9928395 0.9955976 0.9956194 0.99507207 0.99559885 0.9957082 0.9960617 0.9938673 0.99391246 0.99456036 0.99418813 0.99581915 0.9932662 0.99210095 0.9936518 0.991123 0.9956432 0.9945569 0.99284077 0.99433017 0.993417 0.992288 0.99552023 0.9954667 0.9952683 0.9951427 0.9967295 0.99447215 0.99183214 0.99462277 0.9942372 0.9962818 0.9968398 0.99291044 0.99564993 0.99628484 0.9964949 0.99649286 0.99561197 0.9958414 0.99469006 0.9954596 0.99507797 0.9916499 0.9952599 0.9960836 0.99448574 0.99101204 0.9965286 0.99716383 0.99735403 0.99744415 0.9978641 0.9969763 0.99747705 0.99739236 0.9973708 0.9945296 0.99202764 0.98867 0.9910266 0.9928708 0.9920743 0.9902163 0.98756474 0.9901695 0.99073046 0.9929564 0.99547255 0.99703634 0.9961327 0.99394983 0.9958387 0.99531585 0.99074364 0.9907694 0.99108845 0.99303275 0.99503565 0.99442273 0.99511063 0.99591 0.9931393 0.99201596 0.98939425 0.99175644 0.9934962 0.99385303 0.993004 0.9924808 0.9947981 0.9918557 0.9895037 0.99316317 0.9907802 0.99177533 0.9934785 0.9904127 0.9892973 0.99145156 0.9917927 0.9931081 0.9869345 0.9839962 0.98526764
IgnxatovicxJakov_SRP18630JakovIMilanN-L2_7 0.9937595 0.9950397 0.9951956 0.9955154 0.9956281 0.9911788 0.98891824 0.98645043 0.9939742 0.99422 0.9953675 0.9947693 0.994781 0.99523693 0.9949016 0.9943361 0.9935443 0.9936025 0.99401593 0.9957056 0.99398637 0.9953981 0.9914109 0.9918961 0.99239814 0.9923603 0.9931271 0.99131215 0.992714 0.99250484 0.9924657 0.99230945 0.9927475 0.9907501 0.9893188 0.9919116 0.9911054 0.9912063 0.99494576 0.99542713 0.99600893 0.99659157 0.9961005 0.9955713 0.99216384 0.9931799 0.9960829 0.9972555 0.99647635 0.99712896 0.9972786 0.9969395 0.99693936 0.9946598 0.9930098 0.99383754 0.9929677 0.9860705 0.99068534 0.9951422 0.994954 0.9917229 0.9942609 0.9936934 0.9878949 0.989055 0.99622416 0.99408036 0.99569786 0.9958589 0.9946398 0.99037665 0.99354166 0.9960667 0.9954238 0.99617577 0.99188244 0.9916991 0.99603844 0.9958648 0.99262935 0.9955124 0.9952271 0.9969335 0.99596614 0.99699163 0.99695116 0.9972172 0.9973389 0.9965854 0.99769425 0.99535525 0.9944283 0.99413 0.99423856 0.9962056 0.9942029 0.99658924 0.99413663 0.99518764 0.99265444 0.99511653 0.99585253 0.9974494 0.99757564 0.9973438 0.99878085 0.998833 0.99856037 0.9985907 0.9985303 0.9988271 0.999417 1.0000001 0.998768 0.9989264 0.9956457 0.99544203 0.9941585 0.99474543 0.99486965 0.99332833 0.9950158 0.9944687 0.9954412 0.994413 0.9965583 0.99312246 0.9914276 0.99409056 0.99437064 0.9938875 0.99604577 0.996284 0.99486494 0.99276835 0.99339336 0.994175 0.9947007 0.9949012 0.9957865 0.99307454 0.99486065 0.9954217 0.9949689 0.9959878 0.99437153 0.993302 0.99534285 0.99539113 0.9888195 0.98797333 0.98766935 0.98415244 0.9962545 0.9956852 0.9953412 0.99658203 0.9966765 0.9942094 0.9956732 0.99396074 0.99380505 0.9935918 0.9948434 0.99607366 0.9953294 0.99718857 0.99578613 0.99719185 0.996367 0.99524856 0.99655575 0.9965702 0.9949857 0.9963868 0.9950536 0.99418885 0.9936143 0.996393 0.9963977 0.995643 0.9955664 0.9971008 0.9953098 0.99414074 0.9967868 0.9978295 0.99775124 0.9975437 0.9950729 0.9949241 0.99448985 0.9957129 0.99602413 0.9958305 0.9954779 0.9950977 0.9942489 0.9970878 0.99536115 0.99700886 0.9969728 0.99546707 0.9954429 0.99506223 0.9949979 0.99648917 0.99319386 0.9899267 0.99228203 0.9966967 0.99480337 0.9929236 0.99523836 0.9951942 0.9937563 0.99466264 0.9954042 0.9929102 0.99371636 0.992632 0.9914988 0.9938658 0.99542016 0.99405944 0.9974306 0.9957687 0.9952103 0.9936322 0.99537873 0.9809887 0.9863554 0.99620837 0.9947856 0.9917773 0.99465656 0.9954822 0.98805124 0.9924259 0.99683595 0.9929241 0.9858992 0.9914718 0.9927214 0.9938373 0.99495274 0.99106205 0.991361 0.9853616 0.99388707 0.9952435 0.9942868 0.99111307 0.9866802 0.9930797 0.99321246 0.99438936 0.99253786 0.9894413 0.99197406 0.99194854 0.9930231 0.98984027 0.9938065 0.9959309 0.9957619 0.99330413 0.990929 0.9970237 0.99663013 0.9972909 0.9954173 0.99758875 0.99452716 0.9954866 0.99142855 0.9934815 0.9942303 0.9954814 0.9956157 0.9910545 0.98913956 0.9958325 0.99379927 0.99066585 0.9883233 0.99041504 0.99135065 0.989053 0.99125427 0.9937885 0.992756 0.9957026 0.9915814 0.9943945 0.99463177 0.99516207 0.995202 0.9937572 0.9928221 0.9934116 0.99348694 0.9922752 0.9933002 0.99267 0.9933297 0.9924166 0.9933927 0.9939824 0.99523956 0.9946787 0.99630505 0.99583465 0.9943898 0.9964627 0.9942782 0.99661565 0.9943237 0.9952055 0.9971738 0.9972162 0.99712425 0.997493 0.9963902 0.9960779 0.99619013 0.9957347 0.99701434 0.99602026 0.995903 0.99226683 0.99090207 0.98959905 0.99688023 0.99499655 0.9949443 0.99514157 0.9964217 0.9966152 0.9970639 0.99629205 0.9959924 0.99590975 0.99027145 0.9961363 0.99622273 0.9962556 0.9919919 0.9940641 0.9915347 0.9907771 0.992735 0.99369323 0.9939738 0.99333066 0.9906373 0.99088657 0.9902695 0.9909885 0.99535805 0.9940773 0.99579257 0.9947537 0.9947554 0.9927573 0.9908492 0.9920633 0.99334234 0.9942751 0.99431914 0.99475217 0.996781 0.99556863 0.996063 0.99626863 0.99679697 0.9960312 0.99519384 0.9935564 0.9956225 0.9930895 0.99368274 0.9965124 0.995191 0.9918098 0.99222946 0.99387974 0.9947492 0.99186647 0.9947625 0.99401766 0.9952353 0.99571514 0.9962413 0.99608946 0.9956555 0.9953548 0.99640894 0.9945676 0.99238 0.9915759 0.9907425 0.9916758 0.99220514 0.9924447 0.9916088 0.99228716 0.9920495 0.99636817 0.9954813 0.99453986 0.99514836 0.99690497 0.99472475 0.9934915 0.99347794 0.9966819 0.9957933 0.99667245 0.99664664 0.997126 0.99341077 0.9940474 0.9958058 0.98974985 0.98912716 0.9887999 0.9975004 0.9968088 0.9970476 0.99712557 0.9973911 0.9942341 0.99454457 0.9956659 0.9963641 0.9964004 0.9929651 0.99247855 0.995042 0.99544364 0.9948751 0.99515545 0.9949578 0.9950089 0.9937039 0.99354386 0.99446845 0.994235 0.995498 0.9933176 0.9922222 0.99398065 0.99135417 0.9958009 0.9949832 0.99329495 0.99459016 0.993727 0.9925324 0.9955753 0.99564844 0.9955176 0.9954466 0.9965199 0.9945833 0.99204695 0.9948171 0.9944408 0.9960731 0.996292 0.9928844 0.9960823 0.9968919 0.99656 0.996245 0.99572283 0.99630165 0.99533623 0.99588776 0.9955607 0.9919063 0.99553627 0.99638814 0.9949995 0.99191236 0.99681836 0.997474 0.9974492 0.9975164 0.99810565 0.9972597 0.99762744 0.9975361 0.99758947 0.99515957 0.99317485 0.9900385 0.99206895 0.9936116 0.9928674 0.99141043 0.98871905 0.989941 0.9906293 0.9926587 0.9950789 0.9964635 0.99560815 0.9936403 0.995546 0.9949086 0.9908605 0.9905313 0.99084264 0.99258035 0.9944143 0.9940681 0.9941664 0.99576575 0.9930589 0.99139214 0.98862517 0.9923383 0.99392796 0.9940126 0.99333096 0.99246484 0.994985 0.992431 0.98984796 0.99321324 0.99121445 0.9921594 0.99344504 0.99046314 0.9893572 0.99150896 0.9920056 0.99354595 0.98882145 0.9862824 0.98743427
IgnxatovicxJakov_SRP18630JakovIMilanN-L2_8 0.9918184 0.99463767 0.99486417 0.99425733 0.99436295 0.9921028 0.99013263 0.9875026 0.9945021 0.9936479 0.99499446 0.9946791 0.99438334 0.9946079 0.994128 0.99305135 0.9920432 0.9923396 0.9932295 0.9950711 0.99258024 0.99401957 0.991199 0.991429 0.99148595 0.9911638 0.9917975 0.9901215 0.991963 0.9915139 0.9916774 0.9918011 0.9918781 0.9872596 0.98561966 0.9907165 0.98950183 0.9889279 0.9939972 0.99525565 0.9950791 0.9948987 0.9949553 0.99377674 0.9908615 0.99201137 0.99470484 0.9960544 0.99570864 0.9961556 0.997218 0.9967816 0.99663204 0.9942292 0.9933269 0.993158 0.9925347 0.9851024 0.9895407 0.99436176 0.9939179 0.99084324 0.9933758 0.9925469 0.98697174 0.98827964 0.9955468 0.9937303 0.995381 0.9968194 0.9952714 0.991914 0.99477804 0.9964732 0.9958476 0.9961263 0.9922024 0.9917414 0.9963577 0.9962316 0.9931376 0.99514365 0.9953748 0.99727947 0.9962927 0.9977908 0.99698347 0.997895 0.997542 0.9966823 0.9978714 0.9934005 0.9950556 0.99360543 0.9937805 0.99680305 0.99531007 0.9975326 0.9949867 0.9954137 0.9922481 0.99403006 0.9949627 0.99765754 0.9968171 0.9973237 0.9975385 0.9978481 0.99806833 0.9981197 0.99829394 0.998373 0.9992076 0.998768 0.9999996 0.997844 0.99613935 0.9965762 0.9946934 0.99543357 0.9955072 0.99410796 0.99494696 0.9948888 0.9961991 0.99502164 0.99652547 0.9938598 0.9917828 0.99433213 0.9945164 0.99441004 0.996337 0.9964986 0.99497885 0.99045616 0.9920353 0.9931194 0.99366075 0.9954026 0.9953267 0.993045 0.9949689 0.995752 0.9952934 0.99615103 0.9957573 0.99437165 0.99647826 0.9966308 0.9892274 0.9892459 0.98848873 0.9857114 0.99640536 0.9955499 0.9949231 0.9954756 0.9954344 0.9950116 0.9953505 0.9939912 0.9935329 0.99399936 0.9950025 0.99450225 0.9939986 0.9963565 0.99539363 0.99714535 0.9958226 0.99410975 0.9958003 0.99574196 0.9939575 0.9950851 0.99362594 0.9919754 0.99078554 0.9956658 0.9952153 0.9940746 0.994297 0.9959444 0.9948806 0.9935525 0.9963162 0.9974648 0.99778056 0.9971204 0.9936548 0.99423194 0.9929627 0.9945804 0.9944371 0.9951567 0.99537885 0.9956234 0.9953143 0.9970899 0.99588156 0.99694586 0.99731934 0.99546856 0.9959185 0.9963445 0.99573505 0.99700105 0.99445367 0.9914608 0.9934397 0.9971459 0.9939661 0.9919053 0.9943903 0.9938803 0.99290544 0.99339414 0.99406075 0.9917609 0.99265856 0.99080443 0.98953706 0.9922436 0.99432266 0.99316365 0.99711937 0.99516153 0.99434865 0.9930015 0.993898 0.98162943 0.9869784 0.9957924 0.99476534 0.9923451 0.9947795 0.9953929 0.98934114 0.9926952 0.99586856 0.99179167 0.9848137 0.9904563 0.9923043 0.99435014 0.9944555 0.99125487 0.99232376 0.9869729 0.99512047 0.9959296 0.9950947 0.9922919 0.98746777 0.9939532 0.9934655 0.9944504 0.9930837 0.990502 0.9929349 0.99310666 0.99377793 0.9907724 0.99525607 0.9968189 0.9964447 0.9942236 0.992297 0.9963271 0.9956336 0.99626017 0.99491394 0.9970494 0.9951708 0.99509615 0.9916923 0.9930242 0.99384505 0.9954466 0.9956258 0.9913319 0.98972297 0.99506354 0.9932851 0.99105036 0.98896307 0.99055755 0.99139714 0.9895464 0.9907796 0.9935745 0.9930395 0.99499035 0.99291533 0.995117 0.99552876 0.9961249 0.99563 0.9947636 0.99357766 0.9940379 0.9933452 0.9922557 0.9933435 0.9923111 0.9932062 0.9924869 0.99231434 0.9924782 0.9945913 0.9960103 0.9965267 0.996563 0.9953071 0.9964945 0.99542236 0.9972738 0.99405175 0.9945197 0.9961718 0.9963582 0.99658525 0.9963834 0.99502015 0.9949161 0.99509364 0.99546635 0.99653375 0.99568355 0.99542457 0.9911291 0.9893841 0.98782337 0.9969305 0.9948083 0.9952438 0.9951656 0.9959412 0.9962614 0.9965726 0.9951285 0.99532235 0.99460983 0.9885536 0.9955752 0.9960306 0.996264 0.9917513 0.9932609 0.9909974 0.98988515 0.9922222 0.9931765 0.9933767 0.9926435 0.99007297 0.99016035 0.9898822 0.9894105 0.99603903 0.9947584 0.9954322 0.99480736 0.9950869 0.9937952 0.99318486 0.9944229 0.99501526 0.99553 0.99544805 0.9954739 0.99545735 0.9936016 0.99509555 0.9951103 0.9953621 0.9942875 0.9935524 0.99078375 0.9946015 0.99045694 0.9909968 0.99479645 0.9926408 0.98883635 0.98881686 0.99115765 0.99415386 0.98886377 0.99379236 0.9919167 0.9938937 0.99453443 0.995469 0.9956337 0.99530536 0.9941569 0.9954229 0.99349564 0.99298847 0.99275625 0.9913515 0.9921618 0.9925177 0.99292207 0.99181 0.99206746 0.9926238 0.99543613 0.9943752 0.99394345 0.99509305 0.99627244 0.9947088 0.9938175 0.99346954 0.99681944 0.9966115 0.99727315 0.9969844 0.99739563 0.99531335 0.99488395 0.9969343 0.9908272 0.99034333 0.99014467 0.9972501 0.99720263 0.9973122 0.9971577 0.99716014 0.99469507 0.99585825 0.99691147 0.9961189 0.99593204 0.9930241 0.9935495 0.9958182 0.995358 0.9952629 0.9952954 0.99667716 0.9967604 0.9946389 0.9943637 0.994916 0.994946 0.9959896 0.99433374 0.9929424 0.9938704 0.99224514 0.9957414 0.9950611 0.99353385 0.99505734 0.99418837 0.99362975 0.99590427 0.9954987 0.9957214 0.99592555 0.9969044 0.9952194 0.9930461 0.9953003 0.9953251 0.9968619 0.9965949 0.9938784 0.9958899 0.9963939 0.99670017 0.99654526 0.99616706 0.99610215 0.99543774 0.9960139 0.9958115 0.9928423 0.9960396 0.99633163 0.99548393 0.9925941 0.99745727 0.997248 0.9968543 0.99779797 0.99782926 0.9963266 0.99771345 0.9971483 0.99761873 0.9931035 0.9906842 0.9868574 0.9895574 0.9908806 0.990216 0.9885836 0.9860205 0.99162865 0.9923122 0.9940642 0.9959427 0.99683183 0.9965253 0.99457 0.99601614 0.99586535 0.9920219 0.99227387 0.9924436 0.99422896 0.99571824 0.9951518 0.9955019 0.99529254 0.9912355 0.99005187 0.98693454 0.9904885 0.9924182 0.99267006 0.9921476 0.9911038 0.9942503 0.9906671 0.98785853 0.99193156 0.9896417 0.99045587 0.99221635 0.9884832 0.9874713 0.9898794 0.9902572 0.9921498 0.98833275 0.98478407 0.98609954
IgnxatovicxJakov_SRP18630JakovIMilanN-L2_9 0.9928324 0.99310404 0.9939971 0.9957989 0.99524057 0.988447 0.9862133 0.98443836 0.992142 0.99260247 0.9941617 0.99258786 0.9937241 0.994356 0.9925756 0.9929306 0.99164814 0.9913551 0.99146396 0.99438256 0.99321437 0.9946929 0.9891306 0.99037737 0.99099666 0.99217665 0.99219394 0.9916384 0.9909929 0.99135745 0.99165624 0.99029654 0.99147195 0.99009734 0.98915374 0.9890026 0.988367 0.9890758 0.99307734 0.9941817 0.994893 0.9960769 0.99480945 0.99543065 0.9901494 0.9909385 0.99506617 0.99654317 0.99521965 0.9966706 0.99572873 0.9957758 0.99649364 0.99433684 0.9924774 0.99237585 0.99122715 0.98367393 0.98933536 0.9936366 0.9935835 0.9902897 0.9925944 0.99211854 0.98521715 0.98647803 0.99554044 0.99260277 0.9947123 0.9942859 0.9924422 0.9875676 0.99113756 0.9941014 0.99324423 0.9944456 0.98839486 0.9882993 0.99398416 0.99405855 0.9894132 0.9953196 0.9942917 0.99726236 0.9969165 0.9969465 0.9973501 0.99703634 0.9969014 0.9968178 0.99739915 0.9949226 0.99183595 0.9912769 0.9911928 0.9945287 0.9928015 0.99563724 0.99193597 0.99380296 0.98977625 0.99267006 0.9937638 0.9964192 0.9977203 0.9961773 0.9991806 0.99892914 0.9974068 0.99835825 0.9978651 0.9989641 0.9991875 0.9989264 0.997844 0.9999998 0.9932945 0.9931445 0.99166834 0.99263436 0.9925636 0.9913054 0.9921973 0.9917691 0.9934744 0.9918976 0.9950673 0.9903537 0.988397 0.99167585 0.9924449 0.9915472 0.9945192 0.99496067 0.9926028 0.99144626 0.99204546 0.9926018 0.99352074 0.99554896 0.9969614 0.994909 0.9959095 0.99390924 0.9933162 0.99446607 0.9919963 0.99073637 0.99360824 0.99329466 0.9855424 0.984827 0.98511916 0.98100424 0.9940845 0.9938015 0.9940636 0.9969596 0.9969775 0.99429077 0.9959928 0.994177 0.99433285 0.99369764 0.99487334 0.9966768 0.9953061 0.9964108 0.9949477 0.99628127 0.9956713 0.9959828 0.9962137 0.9969879 0.99586785 0.9971831 0.9930628 0.99295527 0.9925108 0.99459845 0.99505776 0.9950068 0.9950815 0.9978821 0.99540895 0.9947093 0.994779 0.9965979 0.9964352 0.9967467 0.99357265 0.9926915 0.99376154 0.9941101 0.9952131 0.9939065 0.99267405 0.9929727 0.99298674 0.99639463 0.99515045 0.9968113 0.99664813 0.9953813 0.99426657 0.9953624 0.9955345 0.9967907 0.9932638 0.9899141 0.9928241 0.9974064 0.9929508 0.99030066 0.99341184 0.99437916 0.9918953 0.9936895 0.99430287 0.99055815 0.99180186 0.9912524 0.9900851 0.9927313 0.9935539 0.991992 0.9974954 0.99382055 0.99324906 0.9910404 0.9938561 0.976841 0.9834453 0.9941244 0.9929765 0.98951006 0.99294513 0.9947257 0.9847077 0.99091846 0.9957267 0.99397516 0.9878306 0.9926601 0.99331105 0.99234265 0.993415 0.9888736 0.9888298 0.98274064 0.99281394 0.99473226 0.99318844 0.9891105 0.9829139 0.99076515 0.99054575 0.9923599 0.98993295 0.9864994 0.9897238 0.9897665 0.99118257 0.98660463 0.9917119 0.9942516 0.99413145 0.9912551 0.9891271 0.9956283 0.99523604 0.99588495 0.993172 0.996625 0.9924864 0.9936873 0.98890746 0.9912958 0.99344486 0.9940913 0.9945886 0.98857903 0.98615396 0.9942915 0.99260306 0.98857445 0.986161 0.9875303 0.9886001 0.9862563 0.9886347 0.9912916 0.9906379 0.99420273 0.9885152 0.9919704 0.99272954 0.99264365 0.9929121 0.9913994 0.9904472 0.99192655 0.99268645 0.990226 0.99261004 0.9917006 0.99266195 0.9908158 0.990712 0.9919998 0.99297434 0.9920298 0.99422634 0.9936134 0.99182224 0.9945331 0.99196994 0.99488837 0.991691 0.9922407 0.99575424 0.9957494 0.995711 0.9972081 0.9967288 0.99701965 0.9967691 0.9940061 0.9955471 0.99421895 0.9940901 0.99214965 0.9913775 0.9903741 0.9974151 0.9960009 0.99630475 0.9925271 0.99504554 0.9951476 0.9957248 0.9954212 0.994932 0.9956549 0.989658 0.9943659 0.9953159 0.9950676 0.99001294 0.9931816 0.9905142 0.9901227 0.99044985 0.991943 0.991648 0.9918791 0.9880535 0.98881054 0.98861516 0.9923002 0.99381757 0.99196166 0.99429375 0.9929427 0.9928588 0.9906394 0.9886971 0.9907146 0.9918009 0.9925571 0.99313486 0.9933925 0.99519366 0.9954476 0.9942375 0.99445367 0.9952653 0.9956054 0.9941284 0.99404246 0.99391454 0.9933817 0.9935217 0.99529004 0.99547505 0.9923335 0.9924154 0.99389726 0.9924456 0.99167156 0.99309707 0.993634 0.9936945 0.99430823 0.99662375 0.9958174 0.99549705 0.99512243 0.99570996 0.994738 0.99062186 0.98932624 0.98864466 0.9890723 0.9903428 0.9899272 0.98912346 0.99025196 0.9900551 0.9950175 0.99467874 0.9945206 0.99396026 0.99635804 0.99341387 0.9922153 0.99346566 0.9955738 0.99455893 0.9955331 0.9948101 0.9958746 0.99103343 0.991696 0.9943337 0.9874632 0.98691195 0.98625046 0.997103 0.9955275 0.9958265 0.99560755 0.9959328 0.9922998 0.99280226 0.994312 0.9952765 0.9966624 0.9908285 0.99064934 0.9940803 0.99484885 0.9942214 0.9951662 0.9937313 0.99465656 0.9920424 0.9927495 0.9929035 0.99264586 0.9947147 0.991067 0.9899054 0.9918478 0.9886871 0.99437904 0.9930944 0.99101394 0.992453 0.99164754 0.9900132 0.9938554 0.99443936 0.9940769 0.99374706 0.995454 0.99267924 0.98959595 0.9928632 0.9920752 0.9948998 0.995784 0.9906815 0.99420696 0.9954095 0.9951156 0.9951745 0.99412704 0.99471265 0.9930938 0.9941782 0.9938455 0.989717 0.99425125 0.9953775 0.9928184 0.98853683 0.99535036 0.99646497 0.9972479 0.9963059 0.99703217 0.9966235 0.9965806 0.9968277 0.99682677 0.9948752 0.9924602 0.98972183 0.9915648 0.9939933 0.9930364 0.990985 0.9884192 0.9872961 0.98799884 0.99049103 0.9935901 0.99608487 0.9943612 0.99191374 0.99445856 0.993583 0.98785096 0.9879678 0.9882108 0.9906086 0.9930811 0.9922765 0.9933422 0.99559075 0.9941358 0.9929757 0.99066406 0.9921211 0.993577 0.99432117 0.9931389 0.9934018 0.9947287 0.9923745 0.99062014 0.99357915 0.99173516 0.9923266 0.9941035 0.9920826 0.990729 0.99258006 0.99254334 0.9934582 0.9851331 0.9830492 0.98401123
IgnxatovicxJakov_SRP18750JakovIVasaRespekt-L2_1 0.9908098 0.9954601 0.9938166 0.99053586 0.99198806 0.99464166 0.9915968 0.9880599 0.9950306 0.99314183 0.9944651 0.99570245 0.99335945 0.9937559 0.9955373 0.99231607 0.99235153 0.9929484 0.99468267 0.9955949 0.9923335 0.99314904 0.99322957 0.9922829 0.9920368 0.9895458 0.9917696 0.98785776 0.9925093 0.9910897 0.9905878 0.993153 0.99184525 0.9856327 0.98285115 0.99311495 0.9917099 0.989537 0.99539566 0.99507374 0.994874 0.99378276 0.9949752 0.9916129 0.99176335 0.9937662 0.9940919 0.99545395 0.99615675 0.99442047 0.9976135 0.99721354 0.99537545 0.9934047 0.993004 0.9922887 0.99210143 0.9851747 0.9880873 0.9937999 0.9934782 0.98980314 0.99488497 0.9936472 0.9900694 0.9908636 0.99575746 0.9962892 0.9959701 0.9968314 0.99739224 0.9952063 0.99639606 0.9971949 0.99747664 0.9964321 0.996063 0.99569345 0.9965417 0.997246 0.99606186 0.9913953 0.9927393 0.9934844 0.9907399 0.9943203 0.9930142 0.9945114 0.9950795 0.9925866 0.9948441 0.99207515 0.99596125 0.9956489 0.9961155 0.9960752 0.994713 0.9956866 0.9960149 0.9949693 0.99449885 0.99516654 0.9957453 0.996573 0.9937405 0.9970174 0.993022 0.9945117 0.99739206 0.9962341 0.9967381 0.9948283 0.99529207 0.9956457 0.99613935 0.9932945 1.0000002 0.9984049 0.998267 0.9981474 0.9983476 0.9980477 0.997188 0.99694306 0.9966132 0.9969956 0.9959541 0.99606526 0.9952418 0.99684286 0.9958115 0.9963919 0.99642694 0.99672294 0.99732906 0.9893847 0.99128443 0.9924108 0.9923231 0.9905265 0.9901133 0.98621273 0.9894361 0.9967457 0.9973347 0.99725515 0.9969522 0.9964717 0.9969918 0.99782366 0.9922805 0.993182 0.99213445 0.98941255 0.99743134 0.9964325 0.99518573 0.99223703 0.9917787 0.99445057 0.99379814 0.99408 0.9921207 0.99356055 0.99439317 0.9925094 0.9924053 0.9962962 0.99521506 0.9971498 0.99545974 0.99167883 0.9947543 0.99329394 0.99058586 0.9913537 0.9952255 0.9919076 0.99045163 0.9971236 0.99593145 0.9934348 0.9934503 0.9926119 0.99293923 0.9911884 0.99723506 0.99614114 0.99695224 0.99561036 0.9944478 0.9962903 0.9923183 0.99570644 0.99373496 0.99640125 0.9975938 0.99721503 0.9960473 0.9966235 0.99384564 0.99495196 0.9952803 0.9925606 0.9956585 0.9938946 0.99209964 0.9948413 0.99160403 0.9892012 0.98977554 0.9931816 0.99452657 0.99451786 0.9953986 0.99236095 0.9942452 0.9920782 0.9936709 0.9938374 0.9932694 0.9896876 0.9885484 0.991276 0.99467134 0.9938672 0.99501884 0.9962159 0.9947725 0.9951505 0.9932631 0.98658156 0.9895036 0.9968704 0.99523854 0.99444413 0.9954645 0.99425983 0.99346954 0.9928642 0.9958067 0.98955095 0.98331624 0.9895124 0.99195844 0.99483716 0.99519676 0.9933633 0.9953791 0.9913871 0.99445236 0.99479824 0.9942202 0.99410677 0.9935616 0.9966363 0.99683726 0.9954416 0.9961986 0.9939998 0.9960422 0.9958326 0.9957309 0.99530166 0.9969243 0.9982295 0.99760365 0.9959523 0.99423045 0.9962815 0.9959959 0.9960304 0.9967567 0.99637306 0.9970965 0.9970709 0.99432904 0.99497324 0.9921224 0.99505496 0.99470294 0.99440056 0.99388224 0.9957735 0.99264693 0.9932342 0.99224657 0.99445736 0.9950689 0.9928969 0.9935916 0.9961659 0.9949385 0.99543715 0.99546826 0.9957806 0.995204 0.9969034 0.9965428 0.99624395 0.995069 0.99516374 0.9934334 0.99403846 0.9930294 0.9922699 0.99285436 0.9931431 0.9936214 0.99216247 0.99472713 0.9977297 0.99692506 0.9970994 0.99650323 0.9966989 0.9973977 0.99731076 0.9967823 0.9965737 0.9963531 0.99666035 0.99666023 0.99429584 0.9914084 0.99027944 0.9912098 0.9960613 0.99707717 0.99635124 0.9965515 0.9867194 0.9841611 0.9825684 0.9932506 0.9912434 0.9905168 0.9969516 0.9959051 0.9957567 0.99576837 0.99379694 0.9944754 0.99203926 0.98663133 0.9954297 0.9934915 0.99443096 0.9913066 0.9912281 0.98880464 0.98705876 0.9932643 0.99308 0.9948628 0.99265015 0.99153864 0.9904529 0.9896706 0.98500276 0.99623966 0.9964381 0.9948168 0.9953149 0.99577045 0.99440044 0.9945934 0.99465805 0.9958515 0.9963042 0.99511665 0.99492 0.99623996 0.9923292 0.9964965 0.9961835 0.99646366 0.99271643 0.9926572 0.98781914 0.99498236 0.9878058 0.9892397 0.9953326 0.99051404 0.98609 0.9865997 0.9894212 0.99648726 0.9873754 0.9947205 0.99075377 0.9949346 0.9949646 0.99259317 0.99436134 0.99362737 0.9926346 0.9943593 0.9902696 0.993516 0.99532557 0.9930793 0.9943621 0.9928547 0.99519295 0.993286 0.9927823 0.99320525 0.9960356 0.9941029 0.99316424 0.9950744 0.99491036 0.99561596 0.9950641 0.99355114 0.996154 0.9962522 0.9962911 0.9977824 0.9969649 0.99620646 0.99687093 0.99688977 0.99227005 0.9926792 0.99289894 0.9949393 0.9970525 0.9963763 0.9974333 0.9968567 0.9955539 0.99590003 0.9965351 0.99563587 0.9936612 0.99590045 0.99586326 0.9961048 0.9960864 0.99618834 0.9947081 0.9962565 0.9949308 0.9964128 0.99427384 0.9965267 0.9961071 0.99605465 0.9971678 0.99597037 0.99613327 0.99625236 0.9965338 0.9961848 0.9956746 0.9966654 0.9959719 0.99634546 0.99666506 0.99690914 0.9959787 0.99635327 0.9968919 0.9966832 0.9954931 0.99660087 0.9974808 0.99701774 0.99560714 0.9960401 0.9971765 0.9965745 0.99717355 0.9963514 0.99705553 0.99612665 0.9969493 0.99625313 0.9961074 0.9951195 0.9957145 0.995047 0.9967703 0.9959905 0.99757975 0.9968209 0.9948335 0.9971303 0.9970284 0.99537474 0.9967002 0.9959206 0.99625236 0.9908583 0.98962814 0.9852593 0.9882555 0.9883539 0.98807615 0.98690647 0.9840794 0.9951683 0.99502283 0.99599224 0.9962728 0.9953728 0.9966439 0.9958488 0.99595505 0.9956884 0.99646634 0.9957082 0.9960093 0.99626935 0.9964029 0.9964417 0.9957968 0.99487853 0.9890264 0.98682994 0.98352337 0.9893812 0.9916569 0.99052393 0.9911003 0.98831946 0.9927045 0.9888395 0.98465544 0.989379 0.9868409 0.9883174 0.98927546 0.9840574 0.9836487 0.9865199 0.9875981 0.9903446 0.99158186 0.9873716 0.98923236
IgnxatovicxJakov_SRP18750JakovIVasaRespekt-L2_2 0.987517 0.99370635 0.9919328 0.98910505 0.99036294 0.9920383 0.9892425 0.9848456 0.995057 0.9926165 0.9939109 0.99521184 0.99325997 0.9934623 0.9943316 0.99144715 0.9903801 0.99114496 0.99331546 0.99494493 0.99136364 0.99213195 0.99307483 0.9917221 0.99095356 0.98838544 0.99021035 0.98685586 0.99110794 0.989987 0.98922414 0.99217796 0.99041736 0.9834285 0.980423 0.9908836 0.989704 0.9867625 0.99434716 0.99510074 0.9942391 0.99304265 0.99398863 0.9903946 0.9898128 0.9927765 0.99341375 0.9947093 0.99607563 0.9933531 0.99724936 0.99639964 0.99409044 0.9909443 0.99086183 0.99052626 0.99036777 0.9821465 0.9857003 0.9921873 0.99130887 0.98824936 0.99294966 0.99105394 0.9871866 0.9881778 0.99371487 0.99441874 0.9944374 0.9981021 0.9957562 0.9943112 0.9950088 0.9965739 0.9963097 0.99557626 0.99476194 0.9936521 0.99548507 0.997575 0.99503684 0.9905293 0.99215204 0.99428594 0.99156386 0.995341 0.9937879 0.99524933 0.9956024 0.99276245 0.9954164 0.9900084 0.99399704 0.99406433 0.9945569 0.9952456 0.9935507 0.99608755 0.9945863 0.9931717 0.99232113 0.9933344 0.99421227 0.99706703 0.9940074 0.9961951 0.99278945 0.99449617 0.99742746 0.99671054 0.9974123 0.99550843 0.9953157 0.99544203 0.9965762 0.9931445 0.9984049 1.0000004 0.9988463 0.99863064 0.9986534 0.9973842 0.99620724 0.9969618 0.9974832 0.9971396 0.9955707 0.9961791 0.9939263 0.9965559 0.9957584 0.9961417 0.9967201 0.9968723 0.9965098 0.98654485 0.98904073 0.99015564 0.99067026 0.9908562 0.9909382 0.9872408 0.9904883 0.99624217 0.9974188 0.99742997 0.9961105 0.9961269 0.9964647 0.9978132 0.98971826 0.9912846 0.9895741 0.987568 0.9961998 0.9953137 0.9939308 0.99116564 0.9909482 0.99279493 0.991727 0.9918673 0.99016 0.9914755 0.99239385 0.9904449 0.98986983 0.99477917 0.9924709 0.9959215 0.9931817 0.9903473 0.99390185 0.99242365 0.98988444 0.99042326 0.9922738 0.9889977 0.98759 0.9957714 0.9948654 0.99199796 0.9926289 0.99254906 0.99356097 0.991682 0.9963595 0.9953605 0.9968067 0.99421144 0.9924903 0.99523586 0.99104303 0.99419934 0.9924481 0.9958476 0.99701023 0.9965771 0.99528563 0.99542326 0.99227715 0.99448967 0.9948569 0.9919406 0.994402 0.99344766 0.9916848 0.9948612 0.9909278 0.9883762 0.98927426 0.99350023 0.9927697 0.9924803 0.99361014 0.9911414 0.99259126 0.99033284 0.99239004 0.99096805 0.9907435 0.98622334 0.98478687 0.9883543 0.99205935 0.99070805 0.99418104 0.99386376 0.99168533 0.99173474 0.9905351 0.98539275 0.9891587 0.99582016 0.9938099 0.99357253 0.9948495 0.9925888 0.99236596 0.9913324 0.9945572 0.98882526 0.982641 0.98861736 0.9910652 0.99410266 0.99391776 0.99109524 0.9943962 0.9908358 0.9938385 0.99469596 0.99380344 0.992821 0.99121964 0.9951435 0.99532413 0.9936388 0.99468666 0.9934189 0.995503 0.9950053 0.994072 0.99344313 0.99596125 0.99768525 0.99677205 0.9947848 0.9926537 0.9949392 0.9949025 0.99478114 0.9955329 0.9954512 0.9959918 0.9956641 0.992667 0.9938862 0.9921162 0.9946266 0.99402183 0.9922424 0.99183756 0.99390495 0.99131966 0.99112993 0.98986834 0.9930623 0.99354875 0.9913348 0.9915685 0.99465543 0.99318784 0.9938777 0.99376917 0.9945575 0.99398476 0.99671113 0.9951966 0.9949462 0.99326205 0.99460644 0.9932205 0.9930365 0.9929809 0.99208623 0.99281543 0.99244225 0.9927983 0.99090916 0.9940005 0.9982192 0.9973432 0.9972988 0.9961157 0.9965955 0.9967802 0.9974811 0.99547976 0.99507517 0.99442005 0.9950734 0.99521327 0.99385977 0.9911866 0.9904461 0.99091345 0.99495125 0.9959129 0.9954261 0.9956349 0.98471075 0.9825216 0.98030424 0.99367964 0.9919746 0.99191314 0.9960531 0.995257 0.995574 0.9954442 0.99256206 0.99352187 0.99076724 0.984687 0.99452186 0.9932329 0.99427176 0.99064034 0.9902689 0.98742455 0.98609024 0.99196774 0.9909139 0.99255633 0.9901903 0.9888463 0.9875073 0.9868331 0.9835286 0.9972695 0.9971983 0.9955852 0.9964959 0.99687165 0.9956186 0.9948019 0.995512 0.99658126 0.99629974 0.99488163 0.99498606 0.99435806 0.9902139 0.995458 0.9947486 0.9952466 0.9914558 0.99145293 0.98584586 0.99337274 0.98562926 0.9869455 0.99370426 0.98856366 0.98446745 0.9839947 0.98755056 0.99474347 0.98487157 0.9928668 0.9889969 0.9932435 0.9932671 0.9924255 0.9944217 0.99384904 0.9920087 0.9934317 0.9894954 0.99426615 0.9951984 0.99409515 0.99518114 0.9936558 0.99603873 0.99384266 0.9928262 0.99346775 0.99467653 0.99191827 0.9912112 0.9937754 0.9943663 0.9932775 0.99299806 0.9915204 0.99500763 0.9949989 0.9958044 0.99649394 0.9966236 0.99610335 0.995598 0.996871 0.9903326 0.990773 0.9913623 0.99453706 0.99617666 0.99556166 0.9961895 0.995412 0.9940674 0.99546975 0.99591494 0.99444896 0.9934354 0.9946016 0.99626625 0.9961609 0.9948644 0.99534726 0.99427414 0.9974202 0.99651444 0.9972384 0.99618655 0.9968869 0.997088 0.9970495 0.99739546 0.9968824 0.99686563 0.9964858 0.9952505 0.99506277 0.99433744 0.9956905 0.9948117 0.99581504 0.9966451 0.9946594 0.9950908 0.9966089 0.99610615 0.99532515 0.99432707 0.9958436 0.9967397 0.9973378 0.99480265 0.994206 0.9955026 0.99634874 0.99681515 0.9953717 0.9960043 0.99488485 0.995505 0.9952093 0.9949537 0.9929957 0.9946351 0.99389225 0.9956519 0.99465513 0.99782896 0.9961697 0.99470156 0.9970871 0.9963406 0.9939617 0.9968919 0.99507296 0.9963512 0.9888558 0.98717594 0.981794 0.98508096 0.9860373 0.9852123 0.9836888 0.98050594 0.9945674 0.9950936 0.99573445 0.99605787 0.99564606 0.9965076 0.9954564 0.995118 0.9957662 0.9953807 0.9948977 0.9953147 0.9962699 0.99681306 0.9964985 0.9958419 0.99391115 0.9872809 0.9864242 0.98287 0.9887386 0.9906024 0.9899388 0.9904357 0.98775023 0.9912871 0.9868912 0.9830491 0.98809695 0.9849639 0.98688465 0.988478 0.9826686 0.9825902 0.98538023 0.9862845 0.9885395 0.9879271 0.9828774 0.98504215
IgnxatovicxJakov_SRP18750JakovIVasaRespekt-L2_3 0.98690414 0.9933415 0.99069315 0.98697495 0.9887744 0.99202985 0.989069 0.9851961 0.9939094 0.99146485 0.9929532 0.9948524 0.99234337 0.9926654 0.9939158 0.99039876 0.99005747 0.99079394 0.9932222 0.9945112 0.9907462 0.99154603 0.99311787 0.99149024 0.99094254 0.98764825 0.9901655 0.9856399 0.99064493 0.9893005 0.98856 0.9920144 0.98980397 0.98182684 0.9786267 0.9904755 0.989361 0.986111 0.99373174 0.99391574 0.99307114 0.9918525 0.9930606 0.9888437 0.989188 0.9923847 0.99235183 0.99357855 0.99516016 0.9917774 0.9965152 0.99604064 0.9934378 0.99098784 0.99138117 0.98995405 0.9897608 0.98166925 0.9850252 0.99193656 0.9915478 0.98761344 0.9932554 0.9913994 0.9881226 0.98890376 0.9936421 0.99529296 0.9945903 0.9971098 0.9956575 0.9949548 0.99422586 0.99567944 0.99583364 0.99457896 0.9948541 0.993676 0.99446476 0.9969374 0.994875 0.98938453 0.99115175 0.9917613 0.98841476 0.9927576 0.9914108 0.9931041 0.9936047 0.99081147 0.99346954 0.98947054 0.993159 0.99439377 0.9943098 0.9944163 0.9924084 0.9943232 0.9935589 0.9917372 0.99202865 0.9934752 0.9943126 0.9956065 0.99251455 0.9952825 0.9913376 0.9931984 0.9966168 0.99559385 0.9961299 0.99384993 0.993716 0.9941585 0.9946934 0.99166834 0.998267 0.9988463 1.0000002 0.99937683 0.99906373 0.99831456 0.9962795 0.9965788 0.9964646 0.9970822 0.99501944 0.99608856 0.9946275 0.9968992 0.9957988 0.9962541 0.99592686 0.99619836 0.9968078 0.9857022 0.9885969 0.98970765 0.989768 0.9884303 0.988328 0.9840781 0.9875008 0.99526477 0.9966741 0.99656516 0.9959613 0.99635243 0.99619585 0.99739414 0.98978645 0.99214184 0.9913206 0.98885757 0.99528116 0.994208 0.99329233 0.9887495 0.98857105 0.99163586 0.9904179 0.99119854 0.9891075 0.9906775 0.9912981 0.989581 0.98880494 0.993946 0.99201906 0.994956 0.9921547 0.9887032 0.99231887 0.9904755 0.98748165 0.98819274 0.99236804 0.98877966 0.987171 0.9951826 0.9943603 0.99115896 0.99184614 0.9908297 0.9912818 0.98959863 0.9951406 0.9938441 0.9954376 0.9930675 0.99182975 0.9950322 0.9901794 0.9941187 0.9917239 0.99566674 0.996814 0.99632484 0.99502176 0.9952017 0.9917621 0.9936237 0.99384946 0.9909553 0.99378335 0.992553 0.9906938 0.99419427 0.9902752 0.98786306 0.98829556 0.9920569 0.9913615 0.9919668 0.9930703 0.98961306 0.9919646 0.9888254 0.9910364 0.99070704 0.9901137 0.9852442 0.98412645 0.98754996 0.99134654 0.9900636 0.9927294 0.9934384 0.99117064 0.99183327 0.98965156 0.986045 0.9892647 0.99518687 0.99292827 0.99344563 0.9941387 0.9922119 0.9924387 0.9907798 0.9937961 0.9870674 0.98143727 0.98763686 0.99033797 0.9939795 0.9937582 0.99077564 0.9951707 0.9926115 0.99314725 0.9939745 0.992767 0.99314445 0.99260664 0.9953929 0.99588233 0.9934933 0.9955577 0.9946225 0.99605876 0.9955274 0.9932069 0.9935438 0.99506265 0.997108 0.99612087 0.994405 0.9923664 0.99468803 0.9952776 0.9945933 0.99587566 0.99498683 0.99615735 0.9961575 0.99306446 0.99400496 0.9907705 0.9934621 0.99241805 0.9927156 0.99252796 0.9937102 0.99034023 0.99239546 0.9916771 0.9943339 0.9947728 0.99321514 0.99200404 0.995084 0.99329543 0.9941493 0.99373615 0.9944423 0.9939144 0.9963025 0.99481785 0.9951226 0.99383026 0.9933558 0.9919575 0.99250036 0.99145246 0.9903999 0.991354 0.9914498 0.992407 0.9899828 0.99310476 0.9967471 0.9960219 0.9959617 0.995023 0.9953643 0.9963719 0.9966499 0.9955853 0.9946733 0.9935895 0.994414 0.9943835 0.9923603 0.9892956 0.9884082 0.9888964 0.99426496 0.99542534 0.9948842 0.9950973 0.98253614 0.9798667 0.97794044 0.9915742 0.98986244 0.98925966 0.9962014 0.9951602 0.9948889 0.9949533 0.99203765 0.99272835 0.98959535 0.98384595 0.99395007 0.9918822 0.99307376 0.9896997 0.989192 0.98616827 0.98437846 0.9915976 0.9904366 0.9926881 0.9901084 0.9889718 0.9872402 0.9860636 0.9808559 0.9962865 0.9969306 0.9944366 0.9960885 0.99630326 0.9948474 0.99341923 0.9941042 0.9951252 0.9949579 0.9929618 0.9931597 0.9940711 0.98978436 0.99540216 0.9946211 0.99517846 0.99053836 0.9906038 0.9846162 0.9928213 0.9845957 0.98605096 0.9931519 0.98767173 0.98271346 0.98292637 0.98632497 0.99490994 0.98393816 0.9925802 0.9881389 0.99364585 0.9934161 0.98981994 0.9928725 0.99199224 0.99050754 0.9914909 0.98696697 0.9927674 0.99461603 0.9932889 0.99461764 0.9926353 0.9954634 0.99317145 0.9919966 0.99233544 0.99473506 0.9923496 0.9913016 0.99290025 0.99326074 0.99333245 0.99304575 0.9913671 0.99432373 0.9941239 0.9947187 0.9960313 0.99596065 0.9956562 0.9958627 0.9967526 0.9912889 0.9920191 0.99231493 0.99283135 0.99564373 0.99499625 0.9957975 0.9951203 0.9937196 0.99447536 0.9946313 0.99370056 0.99200547 0.9952839 0.99647427 0.9956946 0.99510986 0.99552 0.99357206 0.9956716 0.9948149 0.99637103 0.9944335 0.99588037 0.99618953 0.9958799 0.99721634 0.99668795 0.99658686 0.99694943 0.99464786 0.99499446 0.99487007 0.9958306 0.99525946 0.99588484 0.9964452 0.9947141 0.99487555 0.9960529 0.99609816 0.9953439 0.99532616 0.9958425 0.99721557 0.9961712 0.99411935 0.9944154 0.9954699 0.99543464 0.99626476 0.9950136 0.9957366 0.9941067 0.9951199 0.99492157 0.99462056 0.9929737 0.9943035 0.99285245 0.9957702 0.995126 0.996514 0.9952793 0.99319315 0.99580413 0.9952015 0.9929078 0.9956672 0.9941428 0.994863 0.9881325 0.9870502 0.9819848 0.9852066 0.9856586 0.9852091 0.98380566 0.9803434 0.99493754 0.9948083 0.9949924 0.99475026 0.9939034 0.99507445 0.9946277 0.99402356 0.9945278 0.99552554 0.99470085 0.9950611 0.9956557 0.9956284 0.9951849 0.99473727 0.9927042 0.98621523 0.9843084 0.98095846 0.98695874 0.9890083 0.98792106 0.98842335 0.9855735 0.9896817 0.9855274 0.9809377 0.9866669 0.9832228 0.9852424 0.98653424 0.98066634 0.9806077 0.98355436 0.9846251 0.987108 0.9877138 0.982785 0.98468256
IgnxatovicxJakov_SRP18750JakovIVasaRespekt-L2_4 0.98768187 0.9938706 0.9917085 0.9883497 0.98974043 0.9920685 0.9892513 0.9856271 0.99392974 0.9915744 0.9930112 0.99472296 0.9924901 0.99285483 0.9939641 0.9908314 0.99047285 0.991359 0.9932889 0.9945612 0.99079376 0.9917892 0.9928766 0.99162835 0.9911018 0.9881672 0.9903472 0.9862937 0.9910208 0.98967946 0.9891938 0.9920234 0.9902085 0.9824099 0.97945905 0.9907515 0.9898425 0.9866612 0.99413574 0.9945641 0.9937148 0.99254435 0.99360454 0.9899571 0.9897947 0.9927733 0.99287605 0.99412286 0.99550825 0.99239033 0.99645406 0.99596244 0.993752 0.99157554 0.99151266 0.99110305 0.991025 0.98284334 0.9864309 0.99241334 0.992012 0.9887695 0.9936085 0.9919773 0.9887269 0.9896656 0.9940644 0.99496186 0.99474734 0.9975371 0.9957807 0.9949301 0.99444544 0.9957985 0.9958292 0.99472845 0.9946654 0.9933909 0.994925 0.997223 0.9948545 0.98998183 0.9918582 0.99263895 0.9898027 0.9935559 0.9921739 0.9939733 0.9942079 0.99183697 0.99409133 0.9897857 0.99325573 0.99421364 0.9942095 0.9946033 0.9928382 0.99489665 0.9936936 0.9921828 0.9920769 0.99349046 0.9942961 0.99554104 0.9930102 0.9953077 0.9920871 0.9936726 0.99680215 0.99588615 0.99639994 0.99477446 0.99441844 0.99474543 0.99543357 0.99263436 0.9981474 0.99863064 0.99937683 1.0 0.9990844 0.9982173 0.9960376 0.99642974 0.99676543 0.9972374 0.9953965 0.9961284 0.99474347 0.99716467 0.99636304 0.99664104 0.99644935 0.9967168 0.99696016 0.98643553 0.9893502 0.9904529 0.9905223 0.9899382 0.9898317 0.9860629 0.9890562 0.9950575 0.9959733 0.9960786 0.9960731 0.99612635 0.9963965 0.99755937 0.9901767 0.99219406 0.99120903 0.98907685 0.9954425 0.9944859 0.9938477 0.9897157 0.98968226 0.9921662 0.99122405 0.99163204 0.9898981 0.9912189 0.99198824 0.9902077 0.9895888 0.9943299 0.99253136 0.9953539 0.9926822 0.9894094 0.99274325 0.9913742 0.98856586 0.9893378 0.9921882 0.98892516 0.987356 0.9953584 0.99435425 0.9915856 0.99236387 0.99163914 0.9915611 0.98987883 0.995419 0.9946086 0.9959743 0.993971 0.99218595 0.99490345 0.99057233 0.9942788 0.9922768 0.99602807 0.996739 0.9961871 0.9952751 0.9955537 0.99258476 0.9939553 0.99451673 0.9920101 0.9945403 0.9932848 0.99169564 0.9946558 0.99109966 0.9886335 0.98945504 0.9928663 0.9919938 0.9920641 0.99337864 0.99040633 0.99237037 0.9898255 0.99170387 0.9910343 0.9907671 0.98597145 0.98492014 0.98842686 0.99183404 0.99039435 0.99335414 0.99377835 0.99176264 0.99202216 0.990341 0.9859227 0.98985535 0.9951593 0.9930313 0.9932777 0.9942034 0.99261355 0.9915265 0.9912749 0.9938482 0.9876673 0.9815255 0.9879665 0.99065125 0.9940053 0.99369013 0.9912298 0.99513507 0.9923528 0.9942131 0.99504673 0.99370295 0.99348736 0.9917966 0.99539363 0.9954852 0.99379057 0.99529105 0.99369246 0.9958343 0.99517053 0.9931255 0.99272364 0.9951909 0.9972904 0.99622226 0.9942283 0.9923002 0.99501216 0.99532306 0.99491507 0.9960291 0.99563444 0.9962077 0.9959289 0.9931998 0.994074 0.99152154 0.993849 0.9931468 0.9927025 0.99245435 0.99374187 0.9912327 0.99214596 0.9912226 0.99360466 0.9941804 0.9925366 0.9919103 0.99480325 0.99353904 0.9943354 0.99366623 0.99462444 0.9946978 0.9966174 0.99497586 0.9951476 0.9939087 0.9933722 0.991844 0.9921992 0.99149144 0.99062586 0.9914388 0.99123937 0.9928252 0.99083036 0.9936204 0.99662167 0.99605364 0.9963348 0.99553746 0.99557227 0.9962289 0.9970355 0.9954403 0.99472827 0.99394536 0.99474096 0.99470377 0.9931208 0.9903836 0.9898001 0.99031407 0.9948071 0.9956684 0.9952519 0.9954775 0.98425156 0.981721 0.97994375 0.9925732 0.99067986 0.99037516 0.9962235 0.9954979 0.99510676 0.9953626 0.9926512 0.99343383 0.99059105 0.985065 0.9941677 0.99279654 0.993793 0.99062234 0.99025285 0.9875096 0.98587173 0.99222094 0.99125737 0.9930819 0.99088156 0.98963124 0.9881256 0.9871001 0.9822599 0.99653065 0.99682885 0.99477124 0.9963893 0.99655634 0.9954515 0.99382186 0.9948377 0.99554247 0.99549013 0.99394333 0.9940692 0.9944166 0.9903739 0.99549156 0.99480265 0.99522775 0.9911405 0.99114656 0.9852472 0.9930929 0.98520327 0.9863682 0.9931777 0.9882704 0.98333406 0.98344696 0.9869019 0.9949004 0.98462653 0.99303794 0.9887902 0.9937338 0.99388576 0.990512 0.99315685 0.9924047 0.9906815 0.9919871 0.9878105 0.99325466 0.99440765 0.9935138 0.9946587 0.9933373 0.9953977 0.99326676 0.9923924 0.9930184 0.9948077 0.992617 0.99160385 0.99348754 0.9934881 0.9931514 0.9928598 0.9912956 0.9945142 0.99454373 0.995016 0.9961126 0.9962821 0.9959567 0.9957883 0.9970899 0.9914291 0.99160093 0.9918881 0.9934075 0.995842 0.99539596 0.995988 0.99558496 0.9934694 0.99456996 0.9950945 0.99424064 0.99276316 0.9951292 0.99655586 0.9961086 0.9957142 0.9960895 0.9942973 0.99572635 0.9951372 0.9962576 0.9947488 0.9958906 0.99633825 0.99626917 0.99714094 0.9962733 0.9962463 0.9965075 0.9946389 0.9949275 0.99441206 0.99568486 0.9952119 0.99598044 0.9963263 0.9948516 0.9951167 0.9964108 0.9963935 0.9956812 0.99504715 0.99601954 0.9971707 0.996603 0.9946324 0.9943842 0.99534947 0.9958294 0.99630314 0.9953683 0.9961225 0.99446964 0.9952926 0.99531025 0.9952863 0.99295247 0.99481094 0.9934988 0.99590784 0.9950517 0.99698985 0.99588084 0.99366975 0.9961182 0.9955652 0.993435 0.9962888 0.9946061 0.9955506 0.9888696 0.9875334 0.98268133 0.985869 0.98624676 0.9859103 0.9845134 0.98115474 0.9947073 0.9948737 0.99518955 0.99534327 0.9946637 0.9954976 0.9949661 0.99472326 0.9951622 0.9950822 0.99430984 0.9946202 0.99552613 0.995729 0.9948689 0.9947957 0.99284285 0.9865068 0.9848922 0.98146766 0.98710537 0.9890628 0.9881725 0.98858416 0.98607755 0.9905641 0.9862054 0.98196626 0.98724616 0.98462915 0.98606336 0.9874184 0.9819091 0.981651 0.98466384 0.9854405 0.98794055 0.988244 0.9837555 0.9852788
IgnxatovicxJakov_SRP18750JakovIVasaRespekt-L2_5 0.98808485 0.9943069 0.9928196 0.98881745 0.99028766 0.99385226 0.9918706 0.98739105 0.99483055 0.9924006 0.9937903 0.9954731 0.99323726 0.9935401 0.9946229 0.9914572 0.99097455 0.99176186 0.9938538 0.99471647 0.9914866 0.99226606 0.9930244 0.9916067 0.99121904 0.9887065 0.990675 0.9866848 0.9916557 0.9904067 0.98968476 0.9925706 0.9909082 0.9830039 0.979873 0.99161553 0.99030805 0.98764735 0.9946593 0.9945599 0.9942752 0.99326193 0.99438715 0.9903529 0.99053556 0.9932873 0.9934131 0.9944813 0.9958918 0.9933925 0.9971479 0.99662375 0.9948585 0.9925525 0.99284905 0.9913769 0.9911695 0.9840226 0.98694384 0.9937782 0.99338746 0.98937356 0.9942751 0.9928822 0.9899481 0.99044967 0.9949808 0.99626094 0.9958267 0.9973637 0.99574065 0.9955751 0.99613756 0.99709487 0.9974056 0.99632484 0.996115 0.9954314 0.99622977 0.9979757 0.99656737 0.99049675 0.9920182 0.9933657 0.98992515 0.99419856 0.9927264 0.99432725 0.99488944 0.9924215 0.9944744 0.9904038 0.9948641 0.9960687 0.9962858 0.99564147 0.9947294 0.99609977 0.9957397 0.9943329 0.99460214 0.99517345 0.9955681 0.99620247 0.9934522 0.9951442 0.9920928 0.9938105 0.9968093 0.9959339 0.9962336 0.99460584 0.9945221 0.99486965 0.9955072 0.9925636 0.9983476 0.9986534 0.99906373 0.9990844 0.99999994 0.99885017 0.9970397 0.99706656 0.9970653 0.9975493 0.99597865 0.99680233 0.9950088 0.9969213 0.9960293 0.9966258 0.9963982 0.9965986 0.99720114 0.98706985 0.98976165 0.9908178 0.99118346 0.99018496 0.98978955 0.98606676 0.9890742 0.99612266 0.99667543 0.99676085 0.9962919 0.9965092 0.99713683 0.9981241 0.99083126 0.99270564 0.9912633 0.98924977 0.9960921 0.99512386 0.99423033 0.99046123 0.99053437 0.99347186 0.9922829 0.992588 0.99098194 0.99215317 0.9928497 0.9909771 0.99078536 0.9951349 0.99374956 0.9957403 0.9934567 0.99050486 0.99377155 0.9921507 0.98956627 0.99014384 0.9932273 0.98975486 0.9882207 0.99562573 0.994621 0.99196804 0.99235654 0.99205256 0.9915959 0.98972136 0.9961121 0.9950869 0.99618655 0.99449986 0.9931937 0.9956258 0.9914497 0.9950608 0.99285775 0.99620414 0.9971188 0.99691266 0.99581224 0.9960466 0.9933945 0.99471223 0.9951452 0.992775 0.9951015 0.9935924 0.9921106 0.99450946 0.99173874 0.989782 0.99034154 0.9932719 0.992977 0.9933591 0.99439365 0.9914576 0.99344814 0.991077 0.9930074 0.99228615 0.99226874 0.9878447 0.9869524 0.98986083 0.9930562 0.9923793 0.994051 0.99507505 0.99322736 0.9939837 0.99214 0.9862578 0.98946464 0.9949375 0.9937604 0.99320567 0.99421924 0.9932195 0.99224067 0.99142873 0.9943683 0.9883311 0.9821986 0.9882481 0.99095774 0.9939401 0.99384266 0.9930437 0.9961159 0.99290884 0.9949721 0.99541783 0.9944547 0.9951494 0.9933291 0.9967321 0.9969069 0.9951037 0.9963932 0.9957605 0.99685943 0.9968292 0.9951771 0.994491 0.99640703 0.9977048 0.9971802 0.99647474 0.9945799 0.9948648 0.9954182 0.99503124 0.9961033 0.99554247 0.99634707 0.9964526 0.9945587 0.9949242 0.9918195 0.9948053 0.9940154 0.99463046 0.99406844 0.99509466 0.9925382 0.9939506 0.99313253 0.9950496 0.9958362 0.9944526 0.99338245 0.9961138 0.9949907 0.9952627 0.9951103 0.99538684 0.9949847 0.9968563 0.996316 0.9961595 0.9949801 0.995496 0.9930526 0.99449265 0.9928816 0.9923087 0.9927529 0.99343544 0.9925826 0.9904188 0.99358284 0.99716336 0.9964986 0.9964915 0.9957023 0.99603516 0.9967205 0.9970231 0.99570394 0.995294 0.9950228 0.9955863 0.9958684 0.99335545 0.9907592 0.9899471 0.9906945 0.9949197 0.99552315 0.9952283 0.9956357 0.98518974 0.98292977 0.9809998 0.9929401 0.9912012 0.9905865 0.99636793 0.9957133 0.9955051 0.9955934 0.9931183 0.9937629 0.9909789 0.98526114 0.9945498 0.99291044 0.9938172 0.9907453 0.9903677 0.98765016 0.98603755 0.99227935 0.9912243 0.99320996 0.99092406 0.99005646 0.9884037 0.98781157 0.9840683 0.99669945 0.99698645 0.9952968 0.99641997 0.996876 0.99586934 0.9945419 0.9949986 0.9959351 0.9961247 0.9949992 0.9948883 0.994575 0.99074554 0.9957521 0.9948773 0.99538296 0.99158126 0.9913664 0.986066 0.9935179 0.9857131 0.9872659 0.9938515 0.9887639 0.98447967 0.98452026 0.9878452 0.9951939 0.98510766 0.99324125 0.98925084 0.99375266 0.9939171 0.9913075 0.99364084 0.9930768 0.9915605 0.9929398 0.9888985 0.9929059 0.99462867 0.99360394 0.9947481 0.99324155 0.9954328 0.99358314 0.9928008 0.9930432 0.9951507 0.9928044 0.9919044 0.9940152 0.99402136 0.99395186 0.9938345 0.9923587 0.9957122 0.9962661 0.99635434 0.9971762 0.9969933 0.9965473 0.99728096 0.99712527 0.9933684 0.99391985 0.99400944 0.9941891 0.9963485 0.9959608 0.9966241 0.9960708 0.99596715 0.9964761 0.99654776 0.9954215 0.99373317 0.9964989 0.9969329 0.99690425 0.996345 0.99685 0.99555075 0.99626285 0.9952476 0.9961442 0.994758 0.9961042 0.9961257 0.9963268 0.9971162 0.9961 0.9962913 0.99622416 0.9959841 0.99620074 0.99622065 0.9965812 0.9965677 0.9967468 0.9971224 0.99585325 0.99592054 0.99704045 0.9969319 0.99647385 0.99567735 0.9965394 0.99771476 0.99702185 0.9953447 0.99550027 0.9960977 0.9960829 0.9969501 0.996301 0.9967291 0.9956343 0.9966168 0.9963102 0.9958043 0.9950291 0.99547875 0.99470323 0.9966176 0.9959657 0.9966556 0.99551713 0.9934893 0.99613523 0.995853 0.99384797 0.9960458 0.99486315 0.9954655 0.9890082 0.98765004 0.98324436 0.9861419 0.98684615 0.98613656 0.9847143 0.9813122 0.99506783 0.9954391 0.9960711 0.99628013 0.99530065 0.9962354 0.99577606 0.9954546 0.9958595 0.9956816 0.99500126 0.9955039 0.99611247 0.9964071 0.99596703 0.99583185 0.9928652 0.987276 0.9857228 0.98249507 0.9880534 0.9900878 0.9887942 0.9893604 0.98688066 0.9911629 0.98739207 0.9834894 0.98876953 0.9850458 0.98687303 0.98832035 0.98234594 0.982462 0.98508734 0.98643696 0.98914266 0.9897366 0.9852159 0.98726606
IgnxatovicxJakov_SRP18750JakovIVasaRespekt-L2_6 0.98601186 0.9924612 0.9906316 0.9864783 0.98789805 0.9926918 0.99030024 0.9861839 0.99336255 0.99035805 0.99213946 0.99354297 0.9916693 0.9921656 0.99269044 0.9890324 0.9887836 0.98926526 0.991454 0.9933269 0.99031913 0.99087024 0.9909676 0.98944616 0.9892778 0.9871333 0.98904145 0.9850287 0.98973185 0.9888349 0.9879775 0.9909007 0.98948425 0.9808831 0.97795445 0.9890639 0.98755515 0.9852389 0.9922699 0.99203485 0.99196374 0.9911883 0.991946 0.9880756 0.98739934 0.9903881 0.9909045 0.9925395 0.99399704 0.99172384 0.99599355 0.9960377 0.9942969 0.9914687 0.992622 0.9884923 0.9882306 0.98032457 0.9835079 0.99143296 0.9913577 0.98605305 0.9923613 0.9909827 0.9870666 0.98767275 0.9937156 0.99535257 0.99498194 0.9953829 0.99472845 0.99441224 0.9952502 0.9959812 0.9964806 0.99508613 0.9943385 0.9939648 0.99450743 0.99630713 0.9949841 0.98820645 0.98945534 0.9919022 0.98786974 0.9925792 0.9911918 0.99270594 0.99324024 0.990253 0.9925323 0.9893014 0.99383336 0.9949623 0.99511516 0.99466586 0.9939388 0.9947528 0.9951212 0.9936823 0.99358016 0.993869 0.9947581 0.9954689 0.9924402 0.9940436 0.9910777 0.9928541 0.9956211 0.99497414 0.99520904 0.99315387 0.9933636 0.99332833 0.99410796 0.9913054 0.9980477 0.9973842 0.99831456 0.9982173 0.99885017 0.9999993 0.9956485 0.99573493 0.9952885 0.9959611 0.9945824 0.9950128 0.993134 0.9952232 0.9939745 0.99478775 0.99460065 0.99479926 0.9959967 0.9848209 0.98710567 0.9883673 0.9884871 0.9881657 0.9878206 0.98403823 0.9867852 0.9949485 0.9960082 0.9958422 0.9951648 0.9951049 0.9960108 0.9969755 0.98837626 0.99146366 0.99058455 0.98794705 0.9944807 0.9932715 0.99240464 0.9885819 0.98872524 0.99373347 0.99182475 0.99339104 0.9907854 0.99245524 0.99295986 0.9902598 0.9894415 0.9942646 0.9934387 0.9953172 0.99312335 0.9901042 0.99314076 0.99133384 0.98875767 0.9889083 0.992607 0.9887268 0.98678505 0.99406475 0.9933803 0.99062157 0.9909291 0.99075866 0.99116206 0.9899601 0.99442 0.9935952 0.9951596 0.9932216 0.9921668 0.99469846 0.9905562 0.9940921 0.9915943 0.9947101 0.99557436 0.99536884 0.99461126 0.9949369 0.99236846 0.99356335 0.9937572 0.9908125 0.9934183 0.9928893 0.9910101 0.9939978 0.99103093 0.98909897 0.98934495 0.99216145 0.99081635 0.9911213 0.99249923 0.9892721 0.99130595 0.98850286 0.990953 0.99011415 0.9898024 0.98585534 0.9850005 0.9878509 0.99149954 0.9906787 0.993137 0.99355096 0.99182487 0.9927853 0.99020076 0.9833759 0.9865044 0.99344236 0.99198693 0.99158657 0.9924141 0.9922627 0.9910634 0.9897909 0.9929002 0.98775977 0.98310655 0.9881949 0.9909927 0.99266124 0.99228984 0.9909732 0.9946875 0.99206877 0.9936345 0.99388826 0.99231786 0.99400246 0.99242 0.9955844 0.99581516 0.99338347 0.9949825 0.99497277 0.99570394 0.99604374 0.9945242 0.9940068 0.9957736 0.99715143 0.9966817 0.9959976 0.9944433 0.9935552 0.99423987 0.99312353 0.99443954 0.9940388 0.99557495 0.9954777 0.9928246 0.9928238 0.98910296 0.9927889 0.991909 0.99317765 0.99250185 0.99360704 0.99019736 0.99293065 0.9929807 0.99365777 0.9948614 0.99390966 0.9914025 0.9946961 0.9934342 0.9935172 0.99384266 0.9941321 0.9937983 0.995107 0.9950977 0.9954724 0.99420184 0.99513143 0.9931393 0.99404883 0.9926032 0.99184036 0.99248165 0.9933956 0.9900425 0.98766357 0.9915324 0.99589694 0.994897 0.99467486 0.99398565 0.9940618 0.9958635 0.99534756 0.9940673 0.9932566 0.99380857 0.9941249 0.994868 0.9912769 0.9881919 0.9876268 0.9884291 0.9933024 0.9942929 0.99379927 0.9939983 0.9817502 0.9791731 0.97741324 0.99171954 0.9904334 0.9895189 0.99455017 0.9940602 0.99354494 0.99356085 0.9912333 0.9915962 0.98887175 0.98266387 0.9922547 0.9906749 0.99159503 0.9876618 0.9880084 0.98488986 0.98303044 0.98966044 0.9890486 0.9916279 0.98943454 0.9877295 0.9861572 0.9856765 0.9830867 0.9945246 0.99481887 0.9923816 0.99375486 0.99438787 0.9929827 0.99359286 0.99424934 0.9949291 0.99500644 0.993531 0.9929165 0.9931168 0.9894692 0.99404037 0.9933194 0.9939591 0.9897297 0.98913664 0.9846004 0.99165195 0.9843953 0.9860927 0.9927828 0.98774105 0.9833318 0.9833076 0.98672074 0.9934912 0.9829163 0.9913028 0.987423 0.9920034 0.99200976 0.9903588 0.9932336 0.99265105 0.9911402 0.9916092 0.9865445 0.9903479 0.9930015 0.99076235 0.9919297 0.9902467 0.9930583 0.99062145 0.99001265 0.9903137 0.994196 0.99253374 0.9920862 0.9929884 0.9933329 0.99435914 0.9943733 0.9931971 0.9955642 0.9953446 0.99535394 0.996188 0.99584454 0.99515134 0.99635464 0.9960596 0.9923245 0.9936337 0.99351114 0.99327326 0.9960215 0.99513507 0.9962126 0.9951604 0.9951162 0.99544406 0.99567366 0.9939468 0.99271214 0.9953625 0.99574596 0.9956472 0.99560386 0.9961592 0.99468404 0.9950412 0.9941466 0.99499756 0.99319017 0.99505484 0.99450904 0.99506474 0.996048 0.994948 0.994913 0.9949933 0.9952677 0.9953408 0.99527436 0.9957098 0.99539244 0.9954412 0.99604434 0.9955854 0.9943014 0.9950173 0.9959178 0.9952835 0.9947948 0.99503535 0.99673367 0.9957252 0.99475706 0.99482644 0.9955348 0.9940939 0.99596584 0.9954055 0.9955933 0.9941406 0.99507666 0.99475276 0.9940735 0.99456215 0.99450636 0.9927316 0.9956612 0.99451673 0.99499995 0.9942805 0.9922463 0.9949244 0.9946967 0.9930634 0.994557 0.9936276 0.99388164 0.9866837 0.98510855 0.98059744 0.9836848 0.9848087 0.9840968 0.9823404 0.97858196 0.99430215 0.9940203 0.99475384 0.9949274 0.9939898 0.99507195 0.9943494 0.9941508 0.9944679 0.9948039 0.9939324 0.99455756 0.9951665 0.99544346 0.9950827 0.9952785 0.9925648 0.98743457 0.98556274 0.9830715 0.9867046 0.9892867 0.9879595 0.98862493 0.9862485 0.9903716 0.98639065 0.9823671 0.98824227 0.9838726 0.9860164 0.9876935 0.9818299 0.9819008 0.9844828 0.9859218 0.98815536 0.98760116 0.9826199 0.98489577
IlicxDragutinJ_SRP19040DragutinIDjera-L2_1 0.9916266 0.99559164 0.99498975 0.9911553 0.9929278 0.99518836 0.99266094 0.9881117 0.9966131 0.99608517 0.99659574 0.9976392 0.9959671 0.9960277 0.99781084 0.99517226 0.9949316 0.99566203 0.9968018 0.99736047 0.99511653 0.99555063 0.9957268 0.99475056 0.99503356 0.992928 0.9948017 0.99088836 0.99605495 0.99473804 0.9939425 0.996457 0.99511564 0.9884258 0.98564225 0.9951026 0.99373496 0.99228406 0.9957093 0.99505174 0.99520725 0.9946036 0.99511325 0.9921466 0.992666 0.9949483 0.9949486 0.99542904 0.9969473 0.9953048 0.9977129 0.996824 0.995347 0.9935716 0.9927028 0.9943831 0.9937406 0.9883199 0.9910076 0.9965591 0.9958073 0.9926211 0.99602175 0.99468976 0.9920563 0.99273384 0.9954796 0.99610406 0.9955632 0.99618506 0.99668527 0.99562657 0.9962605 0.99797183 0.9979662 0.99774945 0.99762464 0.99697876 0.99716026 0.99783194 0.99707127 0.9918703 0.99343413 0.9928123 0.989751 0.9935529 0.9929881 0.99416554 0.99532783 0.9918536 0.9937328 0.9940597 0.996014 0.99700403 0.996449 0.996269 0.99389106 0.99506086 0.99537736 0.99457127 0.9947487 0.9965609 0.99686193 0.9952163 0.99353474 0.9949037 0.9924625 0.9937507 0.9959525 0.9944383 0.99484855 0.99360317 0.9941295 0.9950158 0.99494696 0.9921973 0.997188 0.99620724 0.9962795 0.9960376 0.9970397 0.9956485 1.0000004 0.9991346 0.99823934 0.9986912 0.99857193 0.9985776 0.99629265 0.99748254 0.99738944 0.9976602 0.9976391 0.99759877 0.9984031 0.992165 0.99300313 0.99382293 0.99425733 0.98904616 0.98900974 0.9843358 0.9876738 0.9959558 0.99612784 0.9968334 0.99607444 0.9959144 0.9963817 0.9972469 0.992687 0.9930618 0.99181163 0.98935217 0.99756527 0.9967654 0.9960861 0.9921324 0.9919492 0.99312097 0.9932207 0.99241453 0.99159914 0.99206597 0.9932891 0.9926592 0.9933892 0.99664026 0.99530154 0.9964946 0.99553496 0.99219805 0.9954632 0.9934397 0.9910549 0.99206585 0.99643236 0.9940357 0.9929621 0.99744266 0.99673843 0.99506664 0.9945568 0.99267435 0.9916415 0.98946035 0.9972103 0.9964224 0.9966761 0.995438 0.9964038 0.9979857 0.9946335 0.9975821 0.9956669 0.99812734 0.99857867 0.9971064 0.9951564 0.9962015 0.99284494 0.9943524 0.9951915 0.9929266 0.9951513 0.9917786 0.9909733 0.9933087 0.9900917 0.9873674 0.9883864 0.99244225 0.9962567 0.99677575 0.99734557 0.9946041 0.9965874 0.9942439 0.99544036 0.9961401 0.99564445 0.9919438 0.9912454 0.9937964 0.99637634 0.99548507 0.99467856 0.99753124 0.99591476 0.99618685 0.99538183 0.9892286 0.99141127 0.9962438 0.9943341 0.9923591 0.9935323 0.993166 0.9912326 0.99082613 0.9953931 0.98880035 0.9824358 0.9877156 0.99025655 0.9930053 0.9938323 0.99432546 0.9966512 0.9907933 0.9944859 0.9949561 0.99470186 0.99435234 0.99425066 0.99590236 0.9979826 0.9961449 0.99686974 0.995829 0.9964808 0.99624056 0.99458283 0.9944268 0.9954406 0.9970754 0.9969627 0.9956277 0.9929271 0.9967509 0.9973515 0.99610436 0.99700785 0.99625933 0.99553347 0.9968175 0.9953292 0.9965619 0.9926335 0.99608564 0.9951227 0.99536884 0.9950417 0.996869 0.99415237 0.9943551 0.9920495 0.9954124 0.9962402 0.99449044 0.99511135 0.9970166 0.9961794 0.996545 0.99585456 0.9958699 0.99521244 0.99764186 0.99704576 0.99592453 0.9950073 0.9956938 0.9940915 0.99615437 0.99423295 0.99376446 0.99398124 0.994692 0.9943093 0.9925799 0.9939711 0.9966019 0.9973865 0.9969746 0.99578714 0.99657446 0.9960134 0.99676603 0.9977724 0.99779326 0.9971645 0.99734974 0.9974162 0.9946884 0.9929251 0.991272 0.99213934 0.99709773 0.99712247 0.9975042 0.99778414 0.9882059 0.9861092 0.9841764 0.99294806 0.9917788 0.9900684 0.99831223 0.99749047 0.9975176 0.99727076 0.996012 0.99590284 0.9936923 0.9887277 0.9966591 0.99438953 0.9950583 0.99323773 0.9927313 0.9899771 0.98850584 0.9952769 0.99419713 0.99619263 0.9941175 0.9936537 0.99215984 0.99109167 0.98671585 0.99607384 0.9961009 0.9961244 0.99539477 0.9960989 0.9953193 0.993767 0.99314106 0.9948288 0.9959398 0.99474347 0.99533755 0.9968493 0.9940351 0.99696183 0.9971572 0.99682415 0.9941493 0.9950455 0.98986715 0.9964237 0.9902499 0.9915894 0.9963532 0.9921141 0.9885605 0.9890659 0.99153596 0.9972695 0.98962814 0.9956533 0.99303687 0.996261 0.99594384 0.99271727 0.9944974 0.9939651 0.99361515 0.9948562 0.9920137 0.99295163 0.99447626 0.9932115 0.9954501 0.9942946 0.9957895 0.99500066 0.99506253 0.9945085 0.99687237 0.99445325 0.9928836 0.99524283 0.99453104 0.99483424 0.9945384 0.99270153 0.99538445 0.9968016 0.9970138 0.9979953 0.9972625 0.99604523 0.99695 0.99631 0.99305505 0.992806 0.9929481 0.9947213 0.9957342 0.9956222 0.9968095 0.99668 0.9966211 0.9969563 0.99626803 0.9957458 0.9941185 0.996094 0.9959094 0.99546945 0.9956126 0.99536455 0.9948814 0.99456906 0.99249554 0.99614376 0.99432707 0.99648356 0.99601865 0.9958132 0.9970215 0.9963107 0.9968101 0.9958508 0.99742115 0.99772197 0.99726117 0.99720645 0.99724865 0.996492 0.99686766 0.9966655 0.9967978 0.99702156 0.99642015 0.9971305 0.99500245 0.9976777 0.99805033 0.9964377 0.9949129 0.99564946 0.99744743 0.9975281 0.9978907 0.9964397 0.9977264 0.9981225 0.9981502 0.9976224 0.9971662 0.9944843 0.99556166 0.9956845 0.99682623 0.99718183 0.99621326 0.9960655 0.99395895 0.9960559 0.99590206 0.9946082 0.996149 0.9947193 0.99568474 0.992381 0.9909994 0.9872423 0.9897603 0.9904483 0.98997635 0.9891126 0.98537284 0.99408025 0.9949876 0.9954202 0.99574685 0.99446166 0.99539924 0.9953803 0.9950609 0.9953041 0.9954536 0.9939544 0.9949401 0.9950268 0.9954897 0.995858 0.994225 0.99398 0.989896 0.9874774 0.98418736 0.99123216 0.9926254 0.9912631 0.9918859 0.98931706 0.9935089 0.9910549 0.9869437 0.9912374 0.98870236 0.99025726 0.99083185 0.9854605 0.98574597 0.9880231 0.98955405 0.99232435 0.9920877 0.988551 0.99114716
IlicxDragutinJ_SRP19040DragutinIDjera-L2_2 0.98965883 0.994769 0.993661 0.99020195 0.99202216 0.9934286 0.99038255 0.9843225 0.9975315 0.9965388 0.99688655 0.99767834 0.99664605 0.99673384 0.9974338 0.9951383 0.9940776 0.9945356 0.99600667 0.9976349 0.9955695 0.9955734 0.99572015 0.9948412 0.99476254 0.99302554 0.9942534 0.9910795 0.9958981 0.99486107 0.99358827 0.9962467 0.99501705 0.9874594 0.9846113 0.9932896 0.99209803 0.99013996 0.99493575 0.9948477 0.9946899 0.99417394 0.9937932 0.9913223 0.9908035 0.99386674 0.9942825 0.9948347 0.99686986 0.9948566 0.9975619 0.9962842 0.9941674 0.9915111 0.9903568 0.99306244 0.99239105 0.9854538 0.98902655 0.99521005 0.9941051 0.9913127 0.9949841 0.9931754 0.9896673 0.9906546 0.9939311 0.9946161 0.9943038 0.9967083 0.99624133 0.995423 0.9955508 0.99806124 0.99762386 0.9977902 0.99700224 0.9955555 0.9961668 0.9982646 0.99622 0.9905452 0.99225503 0.99303067 0.9901722 0.99399453 0.9934926 0.9944237 0.9956396 0.9907378 0.99324906 0.9931511 0.9945145 0.9952282 0.99508816 0.99520296 0.9923176 0.99455905 0.99396294 0.993062 0.99272585 0.9948869 0.9955774 0.9955601 0.9937396 0.9942509 0.99221313 0.9938206 0.9959398 0.9945044 0.9953194 0.993874 0.99381155 0.9944687 0.9948888 0.9917691 0.99694306 0.9969618 0.9965788 0.99642974 0.99706656 0.99573493 0.9991346 0.99999994 0.9990987 0.9989734 0.9984496 0.99891204 0.99515045 0.9971711 0.9973986 0.99763227 0.9980864 0.99786365 0.9980367 0.99071187 0.99120414 0.99190414 0.9928581 0.9886512 0.9891282 0.9842649 0.9877773 0.99535173 0.99639845 0.99720055 0.9951031 0.9951653 0.99569446 0.9971891 0.99088734 0.9913335 0.9893554 0.98716336 0.9972459 0.9962284 0.9957856 0.99139094 0.99102384 0.9924525 0.9923304 0.99180007 0.99054164 0.9910282 0.99258727 0.99172044 0.9919915 0.9961074 0.99356455 0.9961745 0.9945839 0.9918874 0.9958485 0.9938068 0.99148965 0.99197817 0.99499595 0.99261945 0.9917887 0.99704033 0.99671656 0.99504447 0.9947926 0.992859 0.9928172 0.9909054 0.9969036 0.99594563 0.99680156 0.994534 0.99578977 0.99799544 0.9946469 0.99705374 0.99529356 0.9983162 0.9986531 0.9966175 0.9943828 0.99534667 0.9912721 0.99357325 0.99454725 0.9917424 0.9939924 0.9911756 0.9901421 0.9935439 0.9888047 0.98573405 0.9870289 0.9923141 0.9955192 0.9951372 0.99632645 0.99436295 0.9957813 0.99347174 0.99507487 0.9944415 0.9939697 0.98951316 0.98872 0.99208224 0.99478215 0.99306035 0.9942235 0.9961045 0.9941013 0.9939713 0.9937554 0.9886149 0.9912936 0.9957934 0.99292374 0.9911191 0.9926621 0.9911743 0.989844 0.989174 0.9946573 0.98901343 0.98337185 0.98785204 0.99039644 0.9918997 0.99251914 0.9923713 0.9959879 0.9901849 0.9940823 0.99485856 0.9938358 0.9929229 0.9925382 0.99472976 0.9971266 0.9943964 0.9954955 0.99512124 0.9957363 0.9952215 0.99289113 0.992692 0.99451774 0.9968357 0.9961568 0.9944733 0.9912999 0.99587727 0.9967656 0.99491704 0.9964067 0.9957437 0.99482906 0.9955639 0.9943981 0.9961506 0.99266267 0.9962554 0.99482834 0.99382216 0.9941023 0.9960314 0.9936155 0.9927118 0.9902972 0.9944356 0.9954067 0.9938698 0.99367553 0.99631065 0.9954657 0.99544317 0.9943251 0.9945531 0.9938963 0.9975221 0.99583167 0.9945396 0.9931704 0.99606186 0.99518585 0.9964465 0.9951358 0.9947223 0.99510133 0.9952868 0.993755 0.99159825 0.99282736 0.99731547 0.99802166 0.9973523 0.99576956 0.99670744 0.99554044 0.99665815 0.9974546 0.99682957 0.99620134 0.99658245 0.99676913 0.9945991 0.9927746 0.99149245 0.9919843 0.9972093 0.9972261 0.9978724 0.99808 0.98652124 0.98483413 0.9822222 0.99344337 0.9929401 0.99130434 0.99787414 0.99760294 0.9977565 0.9970986 0.9955847 0.99557716 0.9933244 0.987767 0.9960231 0.99400413 0.99479955 0.9928982 0.9922482 0.98904395 0.9879756 0.9949662 0.9931211 0.99472034 0.992729 0.99165577 0.9901983 0.989372 0.9868936 0.9966975 0.9964107 0.9963555 0.9960183 0.99661416 0.9956858 0.99387723 0.9938206 0.99538016 0.9959666 0.9945661 0.99530095 0.9956924 0.99306303 0.9962441 0.9963889 0.99615276 0.9935205 0.9946326 0.98909414 0.99546564 0.9895278 0.9907182 0.99547374 0.9913142 0.98832035 0.9878734 0.9909226 0.9959396 0.98831695 0.9945936 0.9923594 0.99515486 0.994593 0.99322796 0.99544626 0.99488485 0.99411726 0.99487525 0.9917998 0.9933903 0.99415123 0.99362737 0.9957445 0.9947344 0.99627346 0.9949482 0.9949726 0.99477255 0.9963276 0.99277323 0.9915311 0.9947711 0.99452883 0.9933595 0.9934231 0.99137837 0.9947799 0.9962084 0.9969238 0.9972772 0.99742025 0.9956951 0.996168 0.9961037 0.99095744 0.9909415 0.9912769 0.9949331 0.9951818 0.99501526 0.99625546 0.9959671 0.99559075 0.996715 0.9959783 0.99520373 0.9945303 0.995184 0.9966022 0.9956027 0.9953907 0.9949336 0.994708 0.99519485 0.99310553 0.9971825 0.9960829 0.99730235 0.9970739 0.9968747 0.99744415 0.99749655 0.9976447 0.99598724 0.99739224 0.99746543 0.996714 0.9970961 0.99661785 0.99658436 0.997038 0.9956658 0.99579257 0.99684155 0.99546236 0.99657303 0.9934857 0.9972998 0.9976912 0.99695975 0.99426764 0.99422276 0.99659634 0.99758345 0.998128 0.9957074 0.997311 0.9974561 0.99688333 0.9964721 0.996256 0.99277675 0.99428904 0.9947119 0.99610287 0.9965754 0.99655163 0.99592364 0.994332 0.99629045 0.9953328 0.9936035 0.99647623 0.99369943 0.9958277 0.9913067 0.98926806 0.9845704 0.98776126 0.9892603 0.9882363 0.9871766 0.9828208 0.99366164 0.99541056 0.9955097 0.9957804 0.9948893 0.9955343 0.99525625 0.99449545 0.9953667 0.99530137 0.993545 0.99469066 0.9951104 0.99596375 0.996474 0.9945362 0.99436486 0.9898843 0.9884987 0.9852494 0.9918389 0.9928757 0.99195236 0.99264216 0.9900059 0.99342775 0.9907369 0.9869372 0.99124545 0.9886745 0.99051297 0.99139607 0.98563015 0.98641604 0.9885622 0.98991007 0.9920933 0.9892745 0.98512006 0.9881172
IlicxDragutinJ_SRP19040DragutinIDjera-L2_3 0.9905188 0.9952849 0.99479353 0.9922696 0.99340326 0.9935317 0.99086815 0.985288 0.9970328 0.99625665 0.99689406 0.9974424 0.99668294 0.99668884 0.99697965 0.99555385 0.9940096 0.9947236 0.99582547 0.9976288 0.9951853 0.995596 0.9957631 0.99543613 0.994887 0.99325013 0.99425876 0.99199235 0.9956051 0.99468464 0.9938757 0.9956179 0.99484503 0.9874457 0.9848472 0.9928277 0.9921193 0.9899049 0.99543065 0.9964721 0.99571246 0.99497676 0.99480563 0.9929235 0.9915265 0.99451184 0.99533045 0.99584174 0.99746794 0.9955132 0.99759793 0.9961932 0.9945612 0.9923206 0.990956 0.99377775 0.9933816 0.98591244 0.9901068 0.9953836 0.9942167 0.99240726 0.9947901 0.9929986 0.9898738 0.99090844 0.9941595 0.99407876 0.9945433 0.9981346 0.99607944 0.9950595 0.9957255 0.9979124 0.9974037 0.9976162 0.9960175 0.99459136 0.9965807 0.99849 0.9959052 0.99234724 0.9940144 0.99488884 0.9930148 0.9961927 0.9956634 0.9966554 0.99725163 0.99326754 0.99524367 0.99318016 0.99439853 0.99443084 0.99431294 0.99574995 0.9930545 0.99603933 0.9938613 0.9935147 0.9921983 0.99429524 0.9949267 0.99594826 0.9946899 0.9948698 0.9931972 0.99442744 0.9962815 0.995433 0.99599266 0.99560624 0.9949841 0.9954412 0.9961991 0.9934744 0.9966132 0.9974832 0.9964646 0.99676543 0.9970653 0.9952885 0.99823934 0.9990987 1.0 0.99899125 0.99880874 0.9987184 0.9953308 0.9976704 0.99824715 0.9981608 0.99908686 0.99899125 0.9981392 0.9909399 0.992337 0.99300754 0.99404174 0.9913559 0.9918949 0.98778856 0.99082524 0.9957055 0.9958712 0.9967995 0.9954521 0.995673 0.9964731 0.99762744 0.99109066 0.99147516 0.9894084 0.9879032 0.99704427 0.99641716 0.9960953 0.9933075 0.9930996 0.9932207 0.9933492 0.9920385 0.99170476 0.9918295 0.9932194 0.992285 0.99255735 0.99617505 0.9937257 0.9964942 0.99480563 0.9925923 0.99580604 0.9945606 0.99244696 0.9932115 0.9942357 0.9921522 0.991395 0.997052 0.9963286 0.99497414 0.99526364 0.99416727 0.9935931 0.9915951 0.9972264 0.9969828 0.9975047 0.9957882 0.99525684 0.9967919 0.99423146 0.9963218 0.9952925 0.9979604 0.99791306 0.996931 0.9954206 0.9959858 0.99263424 0.995045 0.9960395 0.9939077 0.99522656 0.9928393 0.99217904 0.99483645 0.9903947 0.987605 0.9892686 0.99439645 0.99546546 0.99440736 0.9960861 0.99477476 0.9957428 0.9940746 0.99543124 0.9939627 0.99402356 0.98976105 0.9887975 0.9922071 0.9945005 0.9927819 0.9951545 0.99577916 0.9939158 0.99298584 0.9934663 0.98783875 0.9918752 0.9961219 0.9938565 0.9919795 0.9935547 0.992513 0.9895382 0.99048114 0.9948248 0.9898641 0.9834689 0.98839766 0.9907676 0.99271333 0.99298126 0.9928901 0.9957117 0.99030447 0.99559647 0.99650294 0.9957939 0.9935043 0.9913606 0.9947441 0.9962742 0.9946855 0.99523115 0.9939371 0.9954036 0.99499404 0.99300134 0.99187756 0.99492496 0.9970052 0.99627995 0.9942326 0.9914653 0.9965152 0.99687284 0.9957802 0.9965913 0.99671173 0.9953255 0.99571574 0.9942135 0.9960523 0.994045 0.99668586 0.9960245 0.99339604 0.9934055 0.99583447 0.99427354 0.99232996 0.9895697 0.99370253 0.9944209 0.9926557 0.9931996 0.9958271 0.9951896 0.995554 0.9941449 0.9949728 0.9947258 0.9979284 0.99577373 0.99475366 0.9934254 0.99541074 0.99446356 0.9947917 0.994695 0.9941537 0.9946794 0.99390805 0.99410707 0.99285716 0.9940316 0.9971241 0.9979134 0.99782 0.996437 0.9973733 0.99591345 0.99756837 0.99687076 0.9963621 0.995962 0.99657995 0.9966721 0.99552625 0.9941817 0.9933896 0.9937094 0.9974073 0.99715906 0.99762946 0.9979138 0.98850197 0.9872388 0.98484266 0.9952659 0.994322 0.9935832 0.9976685 0.9976735 0.99797803 0.99755704 0.9959226 0.9962821 0.99414563 0.9888767 0.996333 0.99531275 0.9959766 0.99394053 0.9934085 0.9906142 0.9898085 0.9949834 0.99363554 0.9947331 0.9932036 0.9918515 0.9907408 0.98988354 0.98821783 0.99776745 0.9971964 0.99734765 0.9970435 0.99767107 0.9971009 0.9948264 0.99537474 0.9966244 0.99698985 0.99609846 0.99692386 0.9959515 0.99364024 0.99676555 0.9965488 0.99643856 0.9945856 0.9953363 0.990103 0.99587154 0.9900832 0.990846 0.9954051 0.9919273 0.9886211 0.9882829 0.9912031 0.9959033 0.9890924 0.99504805 0.9930665 0.9954765 0.9953975 0.99420464 0.99551857 0.9951643 0.99404687 0.995162 0.992957 0.99545777 0.99523175 0.99534124 0.99673676 0.9965803 0.9972399 0.995957 0.9962018 0.9964608 0.9963408 0.99318266 0.99216074 0.9956088 0.9950396 0.99318427 0.9930809 0.9915664 0.99513596 0.9965436 0.9974196 0.99734575 0.99784654 0.99660856 0.995959 0.99680686 0.99105656 0.9905603 0.99090606 0.9959605 0.99571484 0.9957193 0.99641 0.9962851 0.9954322 0.9970297 0.99662346 0.9955024 0.9955346 0.9947121 0.99657077 0.9962747 0.9958178 0.9955959 0.9956574 0.99622095 0.9949832 0.9975359 0.9972557 0.99741244 0.99795663 0.9978442 0.99749535 0.9970309 0.9972496 0.9958752 0.9967498 0.9967706 0.9954725 0.9964927 0.9960876 0.9964815 0.99671555 0.99580353 0.99678266 0.99792516 0.99612194 0.99662745 0.9934233 0.9972561 0.99725544 0.99798465 0.9951072 0.9942004 0.9965094 0.9983312 0.998109 0.9962312 0.99757457 0.9973687 0.99688864 0.99694633 0.99695337 0.9928242 0.9952765 0.99576956 0.99614763 0.9959377 0.99786323 0.99689126 0.99549186 0.997069 0.99617225 0.99437374 0.9975567 0.99485356 0.9972445 0.99187195 0.98983485 0.9852797 0.9880802 0.98989666 0.98889583 0.98756224 0.98375607 0.9935992 0.9954775 0.99569076 0.9962319 0.9961341 0.99609977 0.9956263 0.9953526 0.996343 0.99444973 0.99359 0.9942095 0.9956009 0.9965221 0.99627495 0.99504113 0.99474996 0.99038744 0.98936516 0.98584855 0.992038 0.99298865 0.9926494 0.99289846 0.9910215 0.9939917 0.9908351 0.9876439 0.99135774 0.9895248 0.9907716 0.9919498 0.98687005 0.98730034 0.9894676 0.9901587 0.9922658 0.98915124 0.9854976 0.9878775
IlicxDragutinJ_SRP19040DragutinIDjera-L2_4 0.990716 0.99611264 0.9945496 0.99051255 0.9918606 0.9952626 0.9923983 0.98773444 0.9963652 0.99495244 0.9955431 0.99712753 0.995022 0.9949451 0.9964171 0.99376005 0.99295354 0.9941071 0.9956304 0.9965247 0.9931506 0.9938628 0.99638736 0.9949819 0.99466944 0.99187845 0.9936178 0.98945 0.99460757 0.9926447 0.99197906 0.9949818 0.99303627 0.98485017 0.9816815 0.9930576 0.99234366 0.9890161 0.99535567 0.9953571 0.99437964 0.9933803 0.9945233 0.9907181 0.99177086 0.9946685 0.99389017 0.9945593 0.9963198 0.9937384 0.99716157 0.99600375 0.9941006 0.99292064 0.9916114 0.9939624 0.9940197 0.98689884 0.99021554 0.99533045 0.99466896 0.9920589 0.99552107 0.99400693 0.9918806 0.99278516 0.9944619 0.99521244 0.99459934 0.99803954 0.9968845 0.99710363 0.9966183 0.9974935 0.99782324 0.9968249 0.9975167 0.9963401 0.99705815 0.9984788 0.9970076 0.9911728 0.9934265 0.9929574 0.9905923 0.9940776 0.9929331 0.9947297 0.9951467 0.99226224 0.9940987 0.9911408 0.9950489 0.99534523 0.99502826 0.99579096 0.9934836 0.9953362 0.99459726 0.99337006 0.9931893 0.99471563 0.995059 0.99433887 0.992427 0.9948807 0.9915267 0.9931106 0.9956994 0.9944656 0.9948826 0.9940231 0.9938157 0.994413 0.99502164 0.9918976 0.9969956 0.9971396 0.9970822 0.9972374 0.9975493 0.9959611 0.9986912 0.9989734 0.99899125 1.0000002 0.9979207 0.9993793 0.9969314 0.9984417 0.99838805 0.9985921 0.99832964 0.998411 0.9987083 0.98926556 0.9916568 0.9926269 0.99304515 0.99051386 0.9902938 0.9860489 0.9892997 0.99585754 0.9957058 0.9960952 0.9966923 0.99721295 0.9972755 0.9980661 0.9929438 0.9936533 0.9917732 0.9904033 0.99654627 0.995484 0.99501 0.9910458 0.9910254 0.992103 0.99191326 0.9908487 0.98988986 0.99063396 0.99193543 0.9906638 0.9914097 0.9950723 0.99333626 0.9955 0.99368197 0.99026525 0.9940452 0.99244153 0.98972726 0.9907874 0.99356735 0.99041605 0.9894136 0.9965171 0.9952443 0.9929722 0.993121 0.99216914 0.9910079 0.9887718 0.9962969 0.99559885 0.99617255 0.99494845 0.9939317 0.99603117 0.9919588 0.995428 0.9934368 0.9973725 0.9978098 0.99772185 0.99666303 0.99631935 0.9931907 0.9941767 0.99536484 0.99335325 0.9960973 0.9927561 0.99170476 0.99406266 0.9906511 0.98797977 0.9893727 0.9928246 0.9947394 0.9948839 0.99593097 0.99301684 0.99549997 0.9930209 0.99380547 0.99443746 0.99414295 0.9891104 0.9883644 0.99152166 0.9939696 0.9927022 0.9935255 0.9957853 0.99418026 0.9942553 0.99327254 0.9909114 0.99390256 0.9958191 0.99422306 0.99353415 0.99434114 0.9924488 0.99173343 0.991483 0.9942523 0.98752856 0.9806613 0.98685163 0.9898144 0.9938128 0.9936889 0.9945362 0.99753445 0.993826 0.99602836 0.9964937 0.99584126 0.99556077 0.99460495 0.9965678 0.9979712 0.9960086 0.9973712 0.99593484 0.9971495 0.99675006 0.99382496 0.9939882 0.99593407 0.99744153 0.9966994 0.9951518 0.99293786 0.9958655 0.9962938 0.9955516 0.99695665 0.9960339 0.9959715 0.99595207 0.9962189 0.99708664 0.9937979 0.9963821 0.99564886 0.9955046 0.99598014 0.996216 0.99485135 0.99447453 0.99238366 0.9959725 0.9965226 0.9941902 0.9951217 0.99726635 0.99675727 0.99639827 0.9961258 0.9962229 0.9959359 0.9985869 0.99688596 0.9963429 0.9951249 0.9946255 0.99239445 0.9941577 0.99254936 0.99201953 0.99238455 0.9924703 0.99470776 0.99272335 0.99449486 0.9970293 0.9970162 0.9974147 0.996956 0.9966576 0.996872 0.9973662 0.9974656 0.9968923 0.9955164 0.99655366 0.9961945 0.99461603 0.99253726 0.9914266 0.9922698 0.9969613 0.9966731 0.9971343 0.9975027 0.9881095 0.98584694 0.9837983 0.99309784 0.9915645 0.99080384 0.99818665 0.9969928 0.99696857 0.9969677 0.9947544 0.9955428 0.99231654 0.98681116 0.99603623 0.9941373 0.9948698 0.9931145 0.99173176 0.9892976 0.98772 0.9950288 0.99338865 0.9950446 0.9927236 0.99248487 0.99077 0.9895365 0.98443943 0.9970665 0.99743116 0.9962783 0.9965366 0.9972911 0.9973623 0.99550337 0.99569887 0.99662316 0.9973115 0.99594116 0.9964452 0.99555045 0.9917871 0.9963837 0.99612164 0.9960041 0.9926679 0.9937905 0.98697937 0.99520683 0.98727477 0.98823315 0.9943567 0.9896198 0.9851633 0.9854526 0.98849523 0.99634874 0.98661876 0.99443066 0.99089175 0.99534804 0.9952567 0.9913131 0.99335426 0.9928365 0.9915012 0.99315125 0.99089706 0.99482876 0.9964745 0.9959731 0.9971831 0.99616975 0.997665 0.99644935 0.99602264 0.9962602 0.9958205 0.9927094 0.99160033 0.9953278 0.99347895 0.99332356 0.99342585 0.9909291 0.99442065 0.99620265 0.996577 0.9974495 0.9971049 0.9972092 0.99704266 0.99691457 0.99345315 0.9927541 0.9930306 0.99404925 0.99550563 0.99568367 0.99593925 0.9961292 0.9954462 0.9965262 0.99617237 0.9957411 0.9938587 0.9965815 0.9973483 0.996449 0.9962612 0.9961706 0.9950518 0.9955426 0.9942382 0.9972168 0.99564064 0.99688566 0.99777746 0.99699634 0.9980078 0.99703383 0.99691176 0.9971557 0.99622697 0.9963402 0.9961545 0.99701446 0.99720925 0.99804604 0.99712497 0.9957668 0.9970975 0.9978651 0.99674743 0.99780756 0.9957837 0.9977166 0.9983471 0.9972485 0.99500793 0.99570453 0.9966186 0.9973767 0.9974203 0.9960518 0.9974936 0.9970027 0.9978239 0.9976655 0.9976635 0.9946366 0.9960441 0.99581844 0.9972453 0.9978907 0.9973532 0.9961792 0.9934805 0.9958802 0.99540436 0.99341464 0.9963823 0.9945295 0.9959443 0.990945 0.9891203 0.9845237 0.98781 0.9880988 0.9878263 0.986931 0.98279685 0.99558586 0.9970329 0.9967265 0.99643165 0.9953632 0.9962553 0.9967965 0.9957262 0.9963604 0.9963461 0.99512076 0.99577427 0.99631655 0.99628365 0.99572366 0.99478734 0.9926078 0.9871275 0.98547 0.9816543 0.98848844 0.9900273 0.9892354 0.98955065 0.987032 0.9916117 0.98803073 0.98390543 0.9886989 0.98627037 0.9875738 0.9885426 0.9828019 0.982954 0.9856626 0.98672235 0.9897798 0.99070776 0.98687327 0.98880047
IlicxDragutinJ_SRP19040DragutinIDjera-L2_5 0.9923401 0.99513316 0.99582916 0.99405557 0.9947319 0.9936956 0.9914904 0.986683 0.9965953 0.9969111 0.99755514 0.9972526 0.9974794 0.99760354 0.997659 0.99648374 0.99552494 0.9957903 0.99625695 0.99794793 0.9964868 0.99700975 0.99447227 0.9946897 0.9951125 0.994531 0.9953162 0.99333733 0.9962734 0.9961069 0.9955718 0.99598736 0.9962603 0.98992085 0.9881383 0.9933925 0.9923851 0.9920605 0.9948608 0.99562943 0.99587494 0.9956794 0.99474865 0.9940677 0.99157155 0.99366486 0.9955425 0.99632865 0.997285 0.99700034 0.99778336 0.99695706 0.99630964 0.99392 0.9925415 0.99486464 0.99397916 0.98758906 0.9918109 0.9971088 0.996298 0.993318 0.99524075 0.9939306 0.9901863 0.991076 0.99521005 0.99447495 0.9953134 0.99640703 0.99578685 0.99346703 0.99532187 0.9981671 0.9974692 0.9983254 0.9951329 0.99449944 0.99702156 0.9977712 0.9955065 0.99372655 0.9945415 0.9950039 0.99304 0.99606967 0.9961808 0.99668455 0.9973717 0.99375653 0.9953983 0.99603647 0.99526376 0.99596673 0.9954409 0.9969355 0.99435186 0.996476 0.9948106 0.99527705 0.99352205 0.9962795 0.9969929 0.99629134 0.9960509 0.9951245 0.99513304 0.995814 0.9965858 0.9960728 0.9961184 0.99616235 0.99599344 0.9965583 0.99652547 0.9950673 0.9959541 0.9955707 0.99501944 0.9953965 0.99597865 0.9945824 0.99857193 0.9984496 0.99880874 0.9979207 0.99999934 0.9975665 0.994155 0.9964823 0.997402 0.9970891 0.9983602 0.9984569 0.9978227 0.99356806 0.9935497 0.9942832 0.995225 0.9913875 0.9922599 0.9883224 0.9908853 0.9952943 0.9952493 0.99659944 0.994703 0.9940365 0.9958575 0.9965377 0.9901994 0.9899157 0.98906374 0.9862209 0.9972283 0.99661094 0.9967783 0.9949143 0.99502635 0.9940372 0.9950693 0.99334973 0.99331754 0.99298537 0.9945079 0.99491304 0.9949557 0.99750835 0.9957344 0.99745905 0.99676424 0.9949434 0.9970998 0.99607444 0.9943711 0.99540704 0.99600816 0.99493766 0.9940679 0.99728024 0.9972016 0.9965985 0.99633694 0.9951678 0.99416167 0.9925694 0.99730766 0.99770653 0.99792445 0.9969203 0.9969146 0.9974824 0.996442 0.99780446 0.997275 0.9981247 0.9976331 0.99604124 0.9945317 0.9966234 0.9935297 0.9956438 0.9963623 0.99466074 0.99488866 0.9930647 0.9929844 0.9951319 0.99110526 0.98803824 0.9899637 0.9951659 0.9961794 0.9949432 0.99695426 0.99628913 0.9961069 0.9956558 0.996567 0.9951132 0.9955369 0.99313354 0.9924936 0.99509823 0.99659795 0.9950797 0.9964623 0.9971763 0.99588144 0.99469554 0.9958906 0.9851267 0.98943055 0.9961737 0.9941174 0.9908221 0.9930825 0.9940468 0.9878404 0.9905865 0.9958447 0.9916199 0.985392 0.9896588 0.99159074 0.9923657 0.99331844 0.99263155 0.9948678 0.9879687 0.9953282 0.99632293 0.99532914 0.9930341 0.99005336 0.9939969 0.99594855 0.9953498 0.99474674 0.99345934 0.99420553 0.9943636 0.99330723 0.99116385 0.99417657 0.99654186 0.9964532 0.9946061 0.9918173 0.9975841 0.99789935 0.9964312 0.9960508 0.9970551 0.99455446 0.9957666 0.993405 0.99531835 0.99337274 0.99635714 0.9956603 0.9930901 0.992202 0.99674386 0.99451333 0.99250925 0.98952085 0.99271196 0.99376166 0.9925696 0.99267274 0.9955381 0.9948274 0.99619013 0.9933477 0.9946552 0.9949306 0.9969984 0.99598825 0.99453515 0.99349016 0.9956917 0.9953689 0.99565905 0.9955195 0.9950682 0.9955387 0.9950631 0.99384725 0.99327075 0.99411976 0.9956744 0.99748623 0.99680084 0.9950643 0.9967901 0.99478906 0.9969858 0.99628294 0.9964572 0.99732983 0.997315 0.99766743 0.9961234 0.99537635 0.9947047 0.9948386 0.9974749 0.9974719 0.9977884 0.9978738 0.9903347 0.9890914 0.9872443 0.995976 0.9952432 0.99394095 0.9972438 0.998143 0.99831593 0.99817836 0.9974745 0.9967597 0.9959108 0.9904777 0.99651647 0.9958189 0.9961622 0.9934393 0.9943465 0.99135196 0.99058795 0.99480677 0.9944074 0.99560606 0.994658 0.99267495 0.9921183 0.99127036 0.9910795 0.99613 0.9950317 0.996536 0.99560857 0.99604857 0.9950127 0.9926546 0.9931881 0.99458957 0.9955847 0.9951376 0.9957153 0.99710786 0.9960971 0.9968014 0.9971381 0.99675447 0.9960272 0.9965795 0.9931836 0.99669385 0.9935875 0.9940895 0.9969419 0.9949527 0.9920003 0.9920521 0.99429756 0.99607956 0.99178356 0.99560845 0.9949181 0.9961223 0.9961839 0.9955864 0.9964684 0.9962039 0.99579406 0.9962644 0.99410594 0.99317 0.9931663 0.99243397 0.9942916 0.99470186 0.9947929 0.99394506 0.9950095 0.9947324 0.99730515 0.9953437 0.994297 0.99577093 0.9960199 0.9947246 0.9942734 0.99365324 0.99584275 0.99725854 0.9979604 0.9975046 0.99801683 0.9953126 0.9956521 0.99627864 0.99109304 0.99058026 0.9904442 0.9966132 0.99571896 0.9958143 0.99688786 0.99670565 0.9959678 0.9969214 0.99663806 0.9959761 0.9963456 0.9942494 0.9947522 0.9954067 0.9958811 0.9956107 0.9960237 0.99450266 0.9934029 0.99543977 0.99516857 0.9961165 0.9959131 0.9965135 0.9955976 0.9950639 0.9958406 0.9934602 0.9977467 0.9978699 0.9964012 0.9968722 0.99657524 0.995224 0.9964989 0.99661 0.9966924 0.9968255 0.99619275 0.9962811 0.99288666 0.9969988 0.99670285 0.9969319 0.99561065 0.99397886 0.997119 0.9980206 0.99827117 0.996814 0.99747205 0.9984714 0.9971582 0.99754655 0.9972991 0.99298894 0.9961364 0.996599 0.9964572 0.9950834 0.99679667 0.99735177 0.9961528 0.9969888 0.99679834 0.995769 0.997465 0.9956983 0.99724966 0.9938443 0.9917388 0.98824966 0.9905586 0.9927165 0.99172705 0.9903918 0.9865434 0.99107313 0.9927684 0.99370325 0.995115 0.995459 0.99494904 0.9939948 0.9947916 0.9950485 0.992278 0.99114853 0.992054 0.99335676 0.9948217 0.99485683 0.99387 0.9956678 0.9934902 0.9914092 0.98867023 0.99345 0.99457943 0.99434584 0.99429435 0.9931241 0.99573755 0.99351203 0.9905998 0.994033 0.9922635 0.9931869 0.9943062 0.9904371 0.9903892 0.99225324 0.9930084 0.9947278 0.9897739 0.9868497 0.9892733
IlicxDragutinJ_SRP19040DragutinIDjera-L2_6 0.9899892 0.99590397 0.99441296 0.98960465 0.9914275 0.994998 0.99230456 0.9871346 0.99679226 0.9953236 0.9956437 0.9972955 0.995114 0.9949857 0.9963747 0.9937077 0.9926808 0.9939917 0.9955182 0.9964083 0.9932163 0.99359506 0.99679136 0.9953896 0.99510956 0.9924351 0.9938934 0.98992515 0.99540544 0.9931639 0.9924191 0.99564016 0.9933663 0.98472244 0.98132676 0.9934289 0.9926197 0.9892937 0.99539965 0.99493164 0.99415535 0.99310863 0.9939531 0.9902843 0.99190766 0.9947397 0.99369437 0.9939771 0.99601203 0.99340427 0.9965501 0.99510866 0.9930888 0.9925531 0.9910882 0.99372035 0.9936946 0.98733103 0.99021995 0.99506646 0.9942026 0.9921491 0.99582106 0.99422157 0.9921847 0.99297214 0.9940071 0.9950557 0.99409544 0.99731076 0.9961151 0.9976073 0.9959974 0.99694026 0.99717385 0.9965155 0.9977167 0.99631727 0.9964546 0.9980094 0.99642515 0.99044245 0.99286854 0.99250025 0.98982394 0.9934059 0.9922304 0.9939815 0.99478817 0.9913477 0.9929588 0.99075913 0.9940723 0.99443597 0.9940917 0.9945157 0.9918983 0.9937373 0.9932671 0.9921163 0.99201494 0.9936105 0.9938308 0.99311686 0.9911811 0.9936823 0.990218 0.99187994 0.9944688 0.9929444 0.9934738 0.9926507 0.9925737 0.99312246 0.9938598 0.9903537 0.99606526 0.9961791 0.99608856 0.9961284 0.99680233 0.9950128 0.9985776 0.99891204 0.9987184 0.9993793 0.9975665 0.9999998 0.9967437 0.9978306 0.9979076 0.9984042 0.99795794 0.99774855 0.99820286 0.9891323 0.9914193 0.9923276 0.99308914 0.98958117 0.9890611 0.98467386 0.9879472 0.9955409 0.99526983 0.99545634 0.99594355 0.9965087 0.9966496 0.9973992 0.9929229 0.9935663 0.9909851 0.9900293 0.99616826 0.99535084 0.99489206 0.9898761 0.98949075 0.9919598 0.9916117 0.9903443 0.9898085 0.9902197 0.9916777 0.9899885 0.9913046 0.99461335 0.99291307 0.99462515 0.9930078 0.9898777 0.99384654 0.9919672 0.9894097 0.99016917 0.99345034 0.9902161 0.9891982 0.9960534 0.99460685 0.99275357 0.9927637 0.99171406 0.99017376 0.9876858 0.99589133 0.9948919 0.99531037 0.9942371 0.99399287 0.99606055 0.99189615 0.99534345 0.9930828 0.9971083 0.9974999 0.9974122 0.9958477 0.9956006 0.9921892 0.99308985 0.9946303 0.99235636 0.9954419 0.99157286 0.9905716 0.99267405 0.9897402 0.9872852 0.9882276 0.9916619 0.99510807 0.9954139 0.9961548 0.9933505 0.9961437 0.993314 0.9940429 0.99480027 0.9943526 0.9885876 0.98799115 0.9914017 0.993502 0.9922847 0.9929594 0.9954295 0.99354583 0.9937465 0.9928519 0.9920851 0.99438673 0.9949368 0.9933248 0.99232125 0.99299943 0.9910965 0.99114025 0.9904375 0.9935314 0.98682106 0.98025346 0.98594606 0.98910975 0.9928327 0.9925441 0.9947889 0.99796665 0.99363786 0.99592584 0.99627614 0.9957322 0.9952972 0.9947587 0.9960376 0.99808776 0.99555486 0.9970536 0.996231 0.9973317 0.9967689 0.99281484 0.99327224 0.9948925 0.9963045 0.99568516 0.9941629 0.99169624 0.99487054 0.9955808 0.99463046 0.99676204 0.9952975 0.9950018 0.99532014 0.99637836 0.9972681 0.993677 0.99661285 0.9955161 0.9957059 0.99631417 0.9958217 0.9950766 0.99447227 0.9918164 0.99601805 0.99663126 0.9945083 0.9955404 0.996879 0.99698997 0.9960468 0.9958704 0.9954885 0.99484307 0.9981805 0.9963454 0.9954543 0.9942841 0.9947281 0.99192923 0.9945033 0.9924731 0.99209833 0.99219215 0.9923016 0.9940753 0.99167264 0.99308276 0.9966009 0.99668264 0.99701035 0.9963161 0.99629164 0.9962205 0.9964057 0.9975469 0.9968401 0.9951908 0.99622226 0.9958535 0.99409366 0.992205 0.9909012 0.9918759 0.9967941 0.9961334 0.99710065 0.9975049 0.98766714 0.98549235 0.9832474 0.99234647 0.991043 0.9899346 0.9981635 0.9968746 0.99663144 0.99622834 0.9945027 0.99529135 0.9918173 0.9870242 0.99592495 0.99374735 0.99446666 0.9934876 0.9915873 0.9891206 0.9877367 0.99541175 0.9933526 0.994783 0.9926183 0.9927459 0.99071044 0.9898793 0.9842509 0.99674726 0.9969425 0.9959598 0.99582744 0.9967761 0.99734056 0.9957268 0.9954577 0.99642295 0.99710476 0.99589306 0.99653536 0.99487036 0.9913565 0.9959207 0.9957962 0.99542004 0.99227786 0.9937721 0.9864883 0.99503237 0.98677796 0.98797566 0.99392873 0.9889892 0.9847241 0.9850991 0.9880163 0.9961001 0.9862028 0.9940745 0.9906688 0.99501514 0.9946133 0.99047935 0.9926394 0.99205005 0.9908546 0.9926624 0.99121606 0.9945811 0.99585724 0.99576336 0.9972972 0.996362 0.99751306 0.99677163 0.99639094 0.99647903 0.9954923 0.99164855 0.99062943 0.99496937 0.99269223 0.99242914 0.99269444 0.9899413 0.99356157 0.99590176 0.9958951 0.9971217 0.99651724 0.99658597 0.9966771 0.9960544 0.9932275 0.9924882 0.99233115 0.9933009 0.9944713 0.9945385 0.9950791 0.9954193 0.99527663 0.9966334 0.9956843 0.9956229 0.9935595 0.99656135 0.99762744 0.9964157 0.9957185 0.9953896 0.99478555 0.9949649 0.99288 0.9971834 0.99572295 0.99707913 0.9975426 0.99662524 0.99795103 0.9969834 0.9968812 0.9970684 0.9959354 0.99582756 0.9958185 0.996205 0.99682844 0.9979341 0.99651504 0.9955027 0.9968981 0.99777526 0.99606484 0.9977762 0.9949144 0.9979267 0.99808395 0.99714017 0.99449015 0.9956027 0.9963856 0.99714744 0.997333 0.9957248 0.997575 0.9969798 0.99755913 0.997241 0.99710137 0.9935279 0.994513 0.99511427 0.9959285 0.9975214 0.996251 0.995117 0.9924412 0.99492586 0.99427074 0.9924088 0.9955082 0.9932332 0.9951384 0.9906579 0.988811 0.984093 0.98740727 0.9877625 0.98736227 0.98651236 0.98238695 0.99532837 0.9971924 0.99682796 0.9963477 0.9948467 0.99587536 0.996752 0.99529636 0.99636865 0.99629194 0.9949551 0.99594206 0.9961182 0.99615794 0.995859 0.99458414 0.9919681 0.9864523 0.9851748 0.9810983 0.98848706 0.9896656 0.9886023 0.9890906 0.9865195 0.99134266 0.9878881 0.98384166 0.98840904 0.9859495 0.98744845 0.9881333 0.981787 0.9824363 0.98504174 0.9863429 0.9895736 0.9901022 0.9863681 0.98870605
IlicxDragutinJ_SRP19061DragutinIHadziDisa-L2_1 0.9913813 0.99611664 0.9936987 0.98746216 0.9896147 0.99580574 0.9929965 0.99071753 0.99233085 0.9916674 0.99255097 0.99516815 0.990746 0.99065596 0.9946836 0.9916204 0.99221766 0.99406904 0.9956942 0.9935233 0.9890645 0.9905124 0.99524987 0.99373007 0.9929304 0.9887942 0.9918406 0.98627937 0.9921703 0.9890525 0.9890839 0.99244565 0.9898301 0.9845953 0.98115903 0.99488986 0.9945384 0.9902851 0.9959661 0.99469036 0.99339676 0.99135137 0.995081 0.9899409 0.99456745 0.9963928 0.99314857 0.99272335 0.9941024 0.9911946 0.99419874 0.9930457 0.9910763 0.99272966 0.9913354 0.99488664 0.99547815 0.9911069 0.99227697 0.99432737 0.9941345 0.99336225 0.99654883 0.99561405 0.9956922 0.9962252 0.9936441 0.9949926 0.99369746 0.9959114 0.9955822 0.99652183 0.9950205 0.9936449 0.9948536 0.9930101 0.99677503 0.9953255 0.9953634 0.9951887 0.9955243 0.99187356 0.99465835 0.9892834 0.98638254 0.99094814 0.9893164 0.9917805 0.9916664 0.9910203 0.99209374 0.9888398 0.99420786 0.9929652 0.9923499 0.99318063 0.99077034 0.99206764 0.9915024 0.9899357 0.9914414 0.99250096 0.9916992 0.9902458 0.9878107 0.99287987 0.98677284 0.9881427 0.99180734 0.9898946 0.99019694 0.98940945 0.9903339 0.9914276 0.9917828 0.988397 0.9952418 0.9939263 0.9946275 0.99474347 0.9950088 0.993134 0.99629265 0.99515045 0.9953308 0.9969314 0.994155 0.9967437 0.99999994 0.9987605 0.9978438 0.99844414 0.9965318 0.99633896 0.9974532 0.9891035 0.99394435 0.994851 0.9943038 0.98787457 0.9857883 0.98113346 0.98485214 0.9943944 0.9923352 0.9919857 0.9965769 0.9976882 0.9961198 0.9958104 0.99722093 0.99668807 0.9945866 0.9947679 0.99448967 0.9939003 0.9926671 0.98895043 0.9883094 0.9897334 0.98945326 0.9881834 0.9880828 0.98921597 0.9895725 0.9874138 0.9896275 0.992588 0.99263513 0.99260074 0.9909112 0.9857021 0.98911846 0.98762286 0.98431 0.985924 0.9930082 0.9891126 0.98806566 0.9949664 0.9919194 0.98955274 0.9894556 0.9874475 0.98414266 0.9807997 0.99532634 0.9940097 0.9928249 0.9939345 0.9918853 0.99292314 0.9877125 0.9927703 0.9905113 0.99472624 0.9955026 0.9972591 0.99628955 0.9944577 0.9923269 0.9921342 0.99386036 0.9918283 0.99612784 0.99039274 0.98930675 0.9901899 0.9892341 0.987428 0.9878452 0.989727 0.99301517 0.9945937 0.9950937 0.9901743 0.9943851 0.99098086 0.9912454 0.99495685 0.99414283 0.9878897 0.9872261 0.9897969 0.99267143 0.99239486 0.9904837 0.995 0.99309725 0.9941949 0.9917471 0.9934946 0.99496984 0.9938149 0.9936181 0.99424094 0.9930488 0.99086195 0.99284965 0.99163914 0.99159724 0.98233694 0.9742019 0.9823005 0.98558277 0.99304515 0.99256164 0.9964712 0.9966192 0.99419594 0.9945298 0.9939948 0.99552256 0.99572456 0.9963408 0.9965205 0.99685764 0.995691 0.9976112 0.9932259 0.9960673 0.9952111 0.9915889 0.99312323 0.99428225 0.99428725 0.99338675 0.9918492 0.99001074 0.9946665 0.9943723 0.9952284 0.9967102 0.9944564 0.996045 0.99613065 0.99694294 0.99641633 0.9914759 0.99403566 0.9937356 0.9958537 0.99660665 0.9937013 0.99329436 0.99442154 0.99298614 0.9966553 0.99598676 0.99256575 0.996543 0.99595475 0.9963076 0.9953061 0.996508 0.9962205 0.99533415 0.99724257 0.9954468 0.9954418 0.9950407 0.9891679 0.9856943 0.9883807 0.98618656 0.98527205 0.9858878 0.9861497 0.99516773 0.9934534 0.99450547 0.9941461 0.9938557 0.99543995 0.9966419 0.9954252 0.995834 0.99568665 0.9970816 0.9965566 0.993826 0.9951296 0.99393433 0.9918461 0.98956424 0.98713934 0.9890324 0.99426234 0.993536 0.9941565 0.9948359 0.988041 0.9849622 0.9839414 0.9883305 0.9851144 0.9843299 0.99726623 0.99412763 0.9938066 0.9941022 0.99212855 0.9942245 0.9896417 0.98623234 0.99527806 0.9922655 0.9930356 0.99312353 0.98993045 0.98918515 0.9871136 0.9949503 0.9936256 0.995217 0.99275184 0.9942191 0.99227756 0.99066395 0.9790013 0.9945446 0.99633723 0.9940361 0.9940341 0.9951608 0.99621874 0.9932904 0.9924121 0.9931217 0.994772 0.99374247 0.99474347 0.995371 0.9906472 0.996776 0.9961481 0.99568367 0.9920837 0.992873 0.98543143 0.99580425 0.985076 0.9862149 0.992823 0.98720425 0.98132277 0.9835791 0.98567253 0.9973804 0.98713124 0.9956569 0.9902877 0.9962933 0.9964963 0.98618335 0.9869458 0.98623216 0.9860048 0.9893871 0.9879653 0.9946128 0.9965893 0.99652785 0.9970831 0.99563235 0.9970413 0.99661404 0.9959975 0.99598634 0.99357283 0.99093825 0.9893653 0.9940635 0.9897412 0.99147624 0.9911449 0.9878507 0.9913761 0.99348044 0.9929766 0.9957891 0.9942389 0.9961322 0.9959076 0.9946323 0.99404883 0.9920885 0.99249625 0.98966384 0.9929379 0.99380934 0.99367684 0.99448335 0.99381775 0.9941363 0.99345833 0.9935963 0.9894022 0.9959267 0.9942643 0.9933216 0.9943832 0.9938394 0.99203324 0.9922288 0.9902873 0.9935271 0.9902831 0.99256015 0.9941658 0.99218047 0.9951488 0.9922452 0.99250937 0.99535125 0.9927957 0.9928838 0.9932352 0.9943476 0.99550307 0.99636006 0.99323684 0.9941263 0.99695176 0.9967888 0.99554837 0.9967896 0.9955764 0.9954496 0.9964612 0.99397695 0.9926605 0.9960567 0.99434894 0.9954507 0.9941208 0.99293566 0.995477 0.9938892 0.99703074 0.99574953 0.99622035 0.9939326 0.99370587 0.993673 0.99450916 0.9967349 0.99441206 0.99264437 0.9885899 0.9918496 0.991835 0.9901923 0.9920916 0.9914857 0.99212587 0.9896268 0.9893116 0.9860804 0.98829144 0.98668724 0.9874814 0.98730457 0.98490864 0.99549127 0.9956103 0.99488604 0.9939542 0.99130917 0.99307394 0.99507105 0.9936635 0.99368334 0.99604857 0.9952391 0.9948258 0.9945952 0.99298376 0.9924379 0.99117863 0.9884583 0.9821737 0.9793788 0.97419196 0.98431844 0.9862203 0.9847019 0.98491794 0.9816488 0.987675 0.9840972 0.97902703 0.9834281 0.9821053 0.9825448 0.98265725 0.97698814 0.9767379 0.9797828 0.98094183 0.98533535 0.9939891 0.991358 0.99187154
IlicxDragutinJ_SRP19061DragutinIHadziDisa-L2_2 0.9917032 0.9962663 0.9940899 0.98993534 0.9915687 0.9948472 0.9916792 0.98843104 0.994153 0.99353427 0.9944246 0.99623525 0.99325556 0.99330425 0.99601513 0.99351543 0.99344933 0.9947177 0.9962251 0.9958122 0.9919523 0.99313587 0.9955589 0.9946982 0.993837 0.9903232 0.99300516 0.98850524 0.9934299 0.9912721 0.9909886 0.99364626 0.9918965 0.98622286 0.9832533 0.9944877 0.9942035 0.99047875 0.99631274 0.99626666 0.9950966 0.9934325 0.99575484 0.9917831 0.993751 0.9963009 0.99472946 0.99486494 0.9962654 0.99333626 0.99620664 0.99513936 0.9930043 0.9927752 0.99138856 0.9946552 0.99508095 0.9887781 0.99166304 0.9950601 0.9945456 0.9932653 0.996197 0.99497765 0.9935896 0.9944445 0.99455386 0.9951713 0.9947082 0.9976374 0.9965598 0.99629855 0.9956063 0.9956708 0.9962591 0.99501944 0.99664676 0.9949868 0.99607056 0.9972529 0.9960484 0.992535 0.9948413 0.99183017 0.989519 0.9934331 0.9922628 0.9941099 0.9941781 0.9923444 0.9938718 0.9910961 0.99465185 0.99435735 0.99378115 0.994918 0.99237007 0.9944583 0.9929485 0.99168897 0.9922351 0.99424756 0.9942822 0.9936102 0.99166834 0.9948501 0.990422 0.9917423 0.99485993 0.99341637 0.9937824 0.9931157 0.9931576 0.99409056 0.99433213 0.99167585 0.99684286 0.9965559 0.9968992 0.99716467 0.9969213 0.9952232 0.99748254 0.9971711 0.9976704 0.9984417 0.9964823 0.9978306 0.9987605 1.0 0.99930537 0.9994111 0.998439 0.9985285 0.99891025 0.9900727 0.9936649 0.9944596 0.99433494 0.9896047 0.98896563 0.98448 0.9879191 0.99517906 0.99444366 0.9945857 0.9965648 0.9975811 0.9967145 0.9972386 0.9948735 0.99524033 0.993474 0.9927145 0.9960346 0.99549264 0.99461746 0.99150574 0.99104464 0.99135226 0.99131685 0.99024534 0.9897923 0.99076796 0.9914781 0.9899419 0.9909686 0.99464536 0.99323034 0.9950317 0.9928391 0.98869 0.99207634 0.9908029 0.9877099 0.9891884 0.993761 0.99061555 0.9897849 0.99638003 0.9943022 0.9922022 0.99241835 0.990721 0.98867273 0.986157 0.9964697 0.9955849 0.99532145 0.9950841 0.99338937 0.9949578 0.9905542 0.9946185 0.993007 0.9968306 0.9970526 0.99750566 0.9966311 0.9958211 0.9929377 0.994028 0.9952341 0.99329776 0.9962868 0.9920763 0.9909702 0.99307966 0.99010366 0.9876998 0.98887783 0.9922486 0.9940815 0.9949638 0.99564284 0.9919269 0.9949383 0.99220407 0.99295664 0.9945365 0.993997 0.98844135 0.98762435 0.9906746 0.99340093 0.9923926 0.99273705 0.9958318 0.9934905 0.9938963 0.99241 0.9910726 0.9939601 0.9953857 0.99390143 0.9941954 0.9940861 0.9920765 0.99186045 0.99173075 0.99342215 0.9854692 0.978047 0.9851995 0.9881304 0.9937519 0.99350154 0.99497205 0.99657696 0.9934233 0.9951401 0.9955522 0.9960085 0.9950138 0.99455875 0.996256 0.9969407 0.9955014 0.99720347 0.993602 0.9963531 0.9953715 0.99263585 0.9931122 0.9951202 0.9964189 0.9954002 0.99327964 0.99124557 0.9963125 0.99626386 0.9963819 0.99747604 0.996352 0.9967752 0.9969257 0.9958454 0.9964032 0.99276865 0.9951347 0.994862 0.9948302 0.9952912 0.9947869 0.99360305 0.99359834 0.9921 0.99575275 0.99553406 0.9926384 0.9950404 0.9961712 0.9957698 0.9957195 0.99549264 0.9958548 0.99559265 0.9979363 0.9956137 0.9956269 0.994805 0.99148667 0.989503 0.9906884 0.9896003 0.9887113 0.98958105 0.9890765 0.995879 0.9943912 0.9954059 0.9957454 0.9959294 0.9970603 0.9972372 0.9968928 0.9964318 0.99741185 0.99736047 0.99673814 0.9949412 0.9961457 0.9953145 0.9937762 0.9917388 0.9901553 0.9912686 0.9958797 0.99579775 0.99605274 0.9967253 0.98815 0.9856124 0.9841951 0.9914213 0.9889807 0.98841715 0.99801683 0.9962871 0.99603796 0.9962028 0.9940782 0.9955591 0.99201 0.9875431 0.99595547 0.993729 0.99456656 0.9934636 0.9915668 0.98979485 0.9882973 0.99515116 0.99385273 0.99548376 0.99332875 0.9931959 0.9917847 0.99006975 0.9821441 0.9965226 0.9974548 0.9958315 0.9962705 0.9969627 0.99703413 0.9940876 0.99418324 0.99513716 0.9961255 0.99482644 0.9958036 0.99635917 0.9926246 0.9976787 0.9969773 0.99691325 0.9937844 0.99440527 0.98788834 0.9962462 0.9878508 0.9885049 0.9943583 0.98980546 0.98459935 0.9859402 0.9884031 0.9975901 0.98861176 0.9960393 0.99207604 0.9967115 0.99709725 0.98990923 0.99115664 0.99050444 0.9898516 0.9920466 0.9896667 0.99546385 0.9966841 0.9965016 0.9974683 0.9965039 0.9977943 0.9964155 0.9961739 0.99646187 0.9952739 0.9927073 0.9911277 0.99505806 0.99250984 0.9926595 0.9923322 0.9899183 0.9932712 0.9946819 0.9950344 0.9966157 0.9963974 0.99680483 0.99632514 0.99640656 0.9927474 0.9916371 0.9921274 0.9926327 0.99488735 0.99523526 0.9954183 0.99578625 0.9943181 0.9950624 0.9948674 0.9947553 0.99234813 0.9960047 0.9959311 0.9951396 0.99584454 0.9955523 0.9939382 0.9942946 0.99310637 0.995939 0.99369824 0.9951079 0.99651885 0.99529314 0.9968577 0.99503464 0.9952067 0.9966203 0.99449086 0.99492335 0.99437064 0.995642 0.99615824 0.99697703 0.99548715 0.995206 0.99712294 0.9977463 0.99641687 0.99693435 0.99534076 0.9965637 0.9973948 0.9961022 0.99399674 0.99542904 0.99555945 0.997234 0.9960888 0.9947231 0.99675745 0.99539495 0.9972105 0.9964911 0.9970266 0.9936513 0.9952635 0.9947078 0.99593717 0.9969213 0.99696094 0.99559504 0.9924707 0.9948984 0.9944266 0.9926959 0.99530023 0.99382734 0.9951321 0.99127424 0.9904589 0.9865015 0.9890305 0.988628 0.98889554 0.988213 0.9851521 0.99530846 0.9958834 0.99545723 0.9951444 0.99376845 0.9946789 0.995638 0.99490166 0.99510205 0.9959504 0.9950301 0.9949122 0.99553776 0.9948598 0.9941285 0.99308574 0.99159825 0.9858965 0.98350495 0.9790975 0.9874776 0.98926187 0.9883703 0.98843807 0.98570716 0.99032366 0.9868073 0.98225933 0.9865776 0.9852889 0.9859019 0.986543 0.9813397 0.98115504 0.9840463 0.9847888 0.98811734 0.99217296 0.98897475 0.990096
IlicxDragutinJ_SRP19061DragutinIHadziDisa-L2_3 0.9924423 0.9964787 0.9951892 0.9919867 0.9933779 0.99432987 0.9913873 0.9874656 0.9949064 0.99505335 0.9956096 0.9968253 0.99481744 0.99480987 0.9969146 0.9952928 0.9947988 0.9959127 0.9969464 0.9968413 0.99354666 0.99467355 0.9961543 0.996038 0.9953818 0.9925608 0.9946031 0.9911511 0.9951767 0.99335253 0.9932845 0.9949704 0.99389386 0.9879993 0.9854661 0.99454045 0.994455 0.99150157 0.9964199 0.99695987 0.9958496 0.9945002 0.99576116 0.99326783 0.9940673 0.9963995 0.9955733 0.99560755 0.996878 0.99442625 0.99626935 0.9948357 0.9930781 0.9929563 0.99089575 0.99585354 0.99586475 0.98982555 0.99336106 0.99617666 0.99545014 0.9948144 0.99640524 0.9949975 0.99361163 0.99452066 0.99461365 0.99443626 0.99442124 0.9975502 0.99655086 0.9955621 0.9949452 0.9958801 0.99601716 0.9955914 0.99608177 0.9942241 0.9961433 0.997593 0.9956553 0.99323803 0.9954298 0.9925812 0.991068 0.99414074 0.9935473 0.9950508 0.9952405 0.9928661 0.9941615 0.9926038 0.99402726 0.9937255 0.99295914 0.99474657 0.9918179 0.99433863 0.99202645 0.9914175 0.9912772 0.9939423 0.99404585 0.993499 0.99257374 0.99443805 0.9913136 0.992311 0.99477243 0.99344754 0.99384075 0.9938794 0.99355227 0.99437064 0.9945164 0.9924449 0.9958115 0.9957584 0.9957988 0.99636304 0.9960293 0.9939745 0.99738944 0.9973986 0.99824715 0.99838805 0.997402 0.9979076 0.9978438 0.99930537 0.9999998 0.9995017 0.99915415 0.99921143 0.9987102 0.9918781 0.99466896 0.99522775 0.99556 0.9906083 0.9905499 0.9862136 0.989411 0.99480253 0.9938289 0.99452555 0.99562377 0.9963834 0.9961523 0.9965967 0.9941914 0.99369246 0.99191475 0.99093074 0.9962251 0.99581295 0.9956039 0.992766 0.9922789 0.9912883 0.9919676 0.9901448 0.99053377 0.9907973 0.9917689 0.9909287 0.99199224 0.99501276 0.9932366 0.9949473 0.9931791 0.98990726 0.9928706 0.9918815 0.9892563 0.99087 0.99396634 0.991764 0.9912629 0.9969612 0.9952977 0.9939044 0.99418044 0.99206215 0.9893954 0.9868212 0.99651086 0.9960447 0.9955678 0.99552214 0.99430466 0.9952433 0.992118 0.9952421 0.9943967 0.99748343 0.99707794 0.9971577 0.9961502 0.9960448 0.99296194 0.99427927 0.99583936 0.9943287 0.9961931 0.9919296 0.9914767 0.9933543 0.9898054 0.98720133 0.98892826 0.9929954 0.995112 0.9950829 0.9963309 0.9938556 0.9957841 0.99390477 0.99443316 0.99512976 0.9949098 0.9898569 0.98913145 0.99225605 0.99428135 0.9929848 0.99368626 0.99610454 0.9938274 0.99332947 0.99329233 0.99082154 0.9944811 0.99556017 0.99361175 0.993065 0.99349546 0.9921326 0.98970413 0.9913162 0.9937808 0.98682344 0.9793161 0.9859479 0.9885366 0.99302715 0.9930949 0.9945054 0.9962306 0.9916684 0.9955611 0.996279 0.99659663 0.9941503 0.99268454 0.99512076 0.9961836 0.9952981 0.99638355 0.9927611 0.9953306 0.994344 0.9916187 0.9913057 0.9940164 0.99577713 0.9948739 0.9924702 0.9899906 0.99662644 0.9966588 0.99658245 0.99740285 0.99689996 0.99580806 0.99611175 0.9954437 0.9967475 0.994002 0.9959558 0.99576557 0.9941776 0.9945204 0.99539155 0.9945185 0.9932637 0.99065083 0.9949118 0.994754 0.9925593 0.9947201 0.99585694 0.99569285 0.9961216 0.99442714 0.99520427 0.99533737 0.9978538 0.99511224 0.9945746 0.9938736 0.9916415 0.99021256 0.99103993 0.99059224 0.9898078 0.99060017 0.98949665 0.99588484 0.9948412 0.99495053 0.9950041 0.99615616 0.9969684 0.9966076 0.9968 0.9953183 0.9971765 0.99721193 0.9966503 0.99521625 0.9963948 0.9955673 0.9947809 0.9936101 0.992268 0.9929744 0.9969496 0.99632215 0.9969052 0.99749637 0.99013215 0.98825294 0.9868284 0.9928669 0.9909221 0.9902656 0.9981181 0.99726915 0.99711025 0.99724704 0.9956029 0.99673486 0.9938953 0.9898859 0.9965739 0.9950171 0.9956194 0.99498236 0.99338317 0.99159455 0.9905191 0.9962421 0.9948967 0.99587184 0.9944076 0.99396837 0.99285793 0.9912484 0.9848973 0.996777 0.99715364 0.99677855 0.99671584 0.99724865 0.9973452 0.99321336 0.9936819 0.9946555 0.9957469 0.9949631 0.9963016 0.99652016 0.9938408 0.9976975 0.99732363 0.99690723 0.9949087 0.9958913 0.9897198 0.99674976 0.98982567 0.9901857 0.99499685 0.9915201 0.98699653 0.987971 0.9902392 0.99752855 0.99049395 0.99669105 0.99370927 0.99720573 0.99741936 0.9910692 0.9919319 0.991398 0.990878 0.9929396 0.99175924 0.99576265 0.9958478 0.99633074 0.9974727 0.99734175 0.997571 0.9967083 0.99694544 0.9971905 0.995942 0.99312264 0.9914937 0.9954026 0.99293065 0.9921483 0.9918493 0.9897441 0.99319494 0.9950768 0.9955008 0.9963673 0.99673903 0.9964631 0.99562615 0.99618655 0.9917903 0.99028766 0.99067646 0.9935787 0.9944659 0.99492836 0.9952365 0.99584424 0.9941148 0.99517757 0.99490505 0.9949711 0.99350345 0.99516636 0.99568427 0.99515945 0.99576867 0.9953363 0.99449044 0.9940179 0.9929549 0.9959825 0.994506 0.9953277 0.9968671 0.9958998 0.9966249 0.995124 0.99549776 0.9957536 0.994808 0.9954003 0.99431664 0.9955881 0.99595934 0.99631965 0.9953345 0.995229 0.9974013 0.9978327 0.99615604 0.99675614 0.9939924 0.9968094 0.9969434 0.99643075 0.99402535 0.9944751 0.99548006 0.99795705 0.9965426 0.99501306 0.99699956 0.9962582 0.99688697 0.9967653 0.9974873 0.9925256 0.9951965 0.9954388 0.9957251 0.9963017 0.9969854 0.9960547 0.993351 0.99507064 0.99444544 0.992913 0.9958429 0.9939513 0.99575263 0.992972 0.9918653 0.98799783 0.99046266 0.9906023 0.99072134 0.9899785 0.98683417 0.9939442 0.99515074 0.99488235 0.9950464 0.99431115 0.9945101 0.99522537 0.9950095 0.99530506 0.99450374 0.9937041 0.9936098 0.99474037 0.99456686 0.9937694 0.9926673 0.9925074 0.98775804 0.985603 0.98129886 0.9894413 0.9905694 0.99014777 0.98997724 0.9878336 0.99192417 0.9888937 0.9849025 0.9883662 0.9879635 0.9881585 0.9886865 0.9841852 0.98407483 0.9867165 0.9870241 0.9900653 0.99148273 0.9887825 0.98990476
IlicxDragutinJ_SRP19061DragutinIHadziDisa-L2_4 0.99157494 0.99652684 0.9948626 0.9907311 0.9923047 0.9950932 0.99215233 0.9880584 0.9952846 0.9948051 0.9954699 0.99702275 0.9945197 0.99449295 0.99667376 0.994607 0.9942463 0.9954476 0.99680567 0.9964451 0.99293375 0.99395955 0.9961257 0.99569935 0.994937 0.9920236 0.9940302 0.9902264 0.9948636 0.9927929 0.9926719 0.99479514 0.993324 0.98704356 0.9842212 0.9947755 0.9943604 0.99133134 0.99649405 0.9966453 0.9955791 0.9938885 0.99548495 0.9923909 0.9940529 0.9963002 0.995141 0.99518275 0.9965668 0.99386144 0.99625814 0.9947579 0.9929098 0.99304354 0.991334 0.99544567 0.9955915 0.9898224 0.9927652 0.99591666 0.9952896 0.9943655 0.99671054 0.9952427 0.9939846 0.99484736 0.99467283 0.99498194 0.99469924 0.9975558 0.9966613 0.9967008 0.99572134 0.99614906 0.996439 0.9957668 0.9969148 0.99507207 0.9963989 0.997674 0.9962983 0.99281687 0.9951938 0.99235106 0.99037606 0.99379593 0.99284804 0.99458796 0.9949445 0.99234 0.9937742 0.9918741 0.9945264 0.99407405 0.9934392 0.994735 0.99193954 0.99415785 0.99260855 0.9916077 0.9916875 0.99382156 0.9938873 0.993463 0.9919372 0.99445796 0.9904951 0.99173284 0.9946682 0.9930814 0.99350697 0.9931747 0.9931708 0.9938875 0.99441004 0.9915472 0.9963919 0.9961417 0.9962541 0.99664104 0.9966258 0.99478775 0.9976602 0.99763227 0.9981608 0.9985921 0.9970891 0.9984042 0.99844414 0.9994111 0.9995017 1.0000004 0.9989228 0.99876225 0.9987912 0.9912254 0.99431366 0.995002 0.9952157 0.99013597 0.9895726 0.98508024 0.9885171 0.99504113 0.9940917 0.9945137 0.9962404 0.99697083 0.9965785 0.9971134 0.9949088 0.9945017 0.99240416 0.9916893 0.9964152 0.9958262 0.9954428 0.99168783 0.99110585 0.9917096 0.9918606 0.9904874 0.9903449 0.9910084 0.9919457 0.9902959 0.99166495 0.9948903 0.99344707 0.9949837 0.9931019 0.9894639 0.9927064 0.9914416 0.9887059 0.99012804 0.9941571 0.9912705 0.9904587 0.9966241 0.99470335 0.9931207 0.99324703 0.9913348 0.98879766 0.9861 0.99667394 0.99591273 0.9954446 0.99527925 0.99408484 0.9953394 0.99166524 0.99513453 0.9937448 0.99728984 0.9973201 0.9975978 0.9964918 0.99598956 0.9929636 0.9939446 0.9955965 0.99372786 0.9963804 0.99201274 0.9911776 0.99303204 0.9899083 0.9875183 0.9887636 0.992488 0.9949323 0.9951998 0.9963477 0.99332666 0.99570024 0.9934145 0.99414206 0.99514216 0.9948152 0.98928106 0.9886772 0.9917332 0.9940587 0.9930271 0.99331146 0.9961156 0.99385935 0.9938607 0.9931175 0.99168175 0.9946488 0.9952953 0.9937316 0.9931512 0.9933579 0.9918096 0.99061245 0.99118805 0.99339056 0.9860908 0.9787339 0.9852846 0.98815906 0.9929133 0.99279547 0.9951576 0.9970408 0.99282473 0.99594855 0.99619 0.996611 0.9949817 0.9940852 0.99603516 0.99693483 0.9954642 0.9970575 0.9937991 0.9960978 0.9952938 0.99215114 0.99219453 0.99450916 0.99589604 0.99503833 0.9930672 0.99077994 0.996194 0.99626744 0.99617934 0.997589 0.9965252 0.99632055 0.99645704 0.9961893 0.99694324 0.99368227 0.9961404 0.9956247 0.995065 0.9955741 0.9953892 0.9945953 0.9939446 0.9917743 0.9958143 0.9957062 0.9934187 0.9954006 0.9963636 0.99639267 0.99606824 0.9955034 0.9957331 0.99557924 0.99815196 0.9955979 0.99529094 0.99456376 0.9922922 0.9902538 0.99172276 0.9905968 0.9898757 0.9906086 0.99000746 0.9955117 0.9940444 0.99453443 0.99572986 0.9963975 0.99737114 0.9971805 0.99704623 0.9961026 0.9973123 0.9976062 0.9969858 0.9952463 0.99649596 0.9957025 0.9943007 0.99268 0.9912312 0.99217266 0.9968522 0.99611324 0.9967983 0.9974535 0.9894255 0.98732525 0.98571336 0.9923094 0.99026513 0.98945683 0.99830604 0.99699485 0.9967423 0.9967403 0.9949427 0.99638486 0.99305296 0.9890844 0.9965068 0.99468404 0.9953561 0.9948777 0.9928893 0.9912418 0.9898685 0.9961959 0.9948665 0.99589056 0.99418414 0.9940542 0.99273956 0.9914844 0.9841268 0.99687064 0.9974568 0.99647236 0.9965328 0.9972457 0.9975463 0.9942265 0.9943002 0.9951656 0.99625945 0.9954027 0.99650425 0.9962463 0.9931425 0.99764746 0.9971987 0.9967287 0.9942802 0.99522346 0.9887355 0.9965905 0.988706 0.98942995 0.994719 0.9904667 0.9859227 0.986956 0.9894053 0.9976052 0.9894311 0.9964621 0.9929081 0.9969448 0.9970577 0.9903966 0.99152005 0.9909259 0.9903672 0.9926426 0.9911981 0.9955428 0.9961414 0.99645346 0.99753773 0.9970945 0.9977376 0.9968075 0.9967016 0.99708986 0.9955667 0.992528 0.9909689 0.99531376 0.99259526 0.9924135 0.9921808 0.9896285 0.9934379 0.995506 0.9957155 0.9968403 0.9968909 0.9970153 0.9964324 0.9964276 0.992763 0.99141973 0.99186116 0.9932732 0.9946418 0.99508315 0.99543566 0.9958754 0.9948499 0.9959525 0.9954643 0.99528605 0.99324054 0.9958854 0.996303 0.995574 0.9960164 0.99541014 0.99445593 0.99431485 0.992938 0.9961209 0.994289 0.9954761 0.996795 0.99562645 0.997007 0.99525714 0.99544626 0.996175 0.9952939 0.9957884 0.99500287 0.9961455 0.99666244 0.997144 0.9956958 0.99556077 0.9975011 0.9980188 0.99635804 0.9973263 0.9946485 0.99712646 0.9974647 0.9965408 0.9940757 0.99536437 0.995715 0.99764 0.9967086 0.9951591 0.9972924 0.996253 0.997288 0.9968138 0.99741155 0.9933891 0.9950475 0.99538463 0.9959318 0.9970339 0.99672806 0.99546087 0.99245745 0.9947143 0.99407685 0.99226373 0.995311 0.9934276 0.9951728 0.9921473 0.9910879 0.9868991 0.9897061 0.98962414 0.9897153 0.98902535 0.9860392 0.9950211 0.99613464 0.9957488 0.99555874 0.9943296 0.9950092 0.9959084 0.99520564 0.99568737 0.9955493 0.99478346 0.99472344 0.995453 0.99502885 0.9944326 0.9932571 0.99214166 0.9868178 0.9847678 0.98035866 0.988622 0.98995745 0.98921317 0.98932314 0.9868605 0.9915036 0.9883486 0.9841628 0.9879204 0.9870359 0.98745745 0.987911 0.98279935 0.9829272 0.9856511 0.98625827 0.98959255 0.99202347 0.9889378 0.990231
IlicxDragutinJ_SRP19061DragutinIHadziDisa-L2_5 0.9924342 0.9964614 0.9956181 0.99344456 0.99446315 0.99375415 0.9907252 0.9864762 0.99669194 0.9964653 0.9972213 0.9976117 0.9967571 0.9968663 0.99732596 0.99627894 0.9950532 0.9958357 0.996799 0.9979676 0.9954454 0.99629754 0.99578017 0.9959995 0.9954435 0.9938939 0.9949671 0.99281824 0.9959111 0.99485886 0.9945081 0.9956356 0.9952102 0.98950505 0.9873118 0.99377996 0.9933416 0.99138105 0.9965507 0.9972784 0.99661565 0.99597853 0.9960901 0.99455625 0.99343264 0.9957365 0.9963573 0.99674255 0.99781024 0.9965159 0.9977563 0.99640965 0.99503255 0.993822 0.9921076 0.99557894 0.9952718 0.9884231 0.9926196 0.996376 0.9954218 0.9942525 0.99634236 0.99483925 0.99177396 0.99276495 0.9956072 0.9949127 0.9956666 0.99826133 0.9966479 0.99504125 0.9956637 0.997406 0.9969052 0.9972682 0.99582505 0.99418473 0.9969332 0.99831307 0.99560845 0.99451864 0.99592066 0.99549866 0.99370116 0.99666005 0.9963404 0.9972043 0.9974448 0.994618 0.9960553 0.99437916 0.994509 0.9936211 0.9934392 0.99569833 0.9926935 0.9957547 0.9929257 0.99302894 0.9914304 0.9940945 0.9945812 0.9959331 0.9953361 0.9954394 0.9937016 0.99471694 0.9961528 0.9954673 0.9958983 0.99599063 0.9956074 0.99604577 0.996337 0.9945192 0.99642694 0.9967201 0.99592686 0.99644935 0.9963982 0.99460065 0.9976391 0.9980864 0.99908686 0.99832964 0.9983602 0.99795794 0.9965318 0.998439 0.99915415 0.9989228 1.0000002 0.99965537 0.99868137 0.9925428 0.99439406 0.99497426 0.9959021 0.9927562 0.9930018 0.9890809 0.99194586 0.996117 0.99547714 0.9963902 0.9957955 0.9960378 0.9966957 0.99720657 0.9925385 0.99198574 0.9901106 0.9886443 0.99701744 0.99657536 0.9964328 0.994812 0.9943273 0.9935609 0.9941996 0.9923766 0.9926309 0.9926385 0.9938267 0.99324214 0.9936848 0.9966365 0.99451274 0.99668044 0.99509245 0.9928891 0.9955209 0.99475497 0.9925916 0.9936684 0.9951383 0.99330115 0.99284863 0.99774617 0.99675655 0.99572134 0.99597627 0.9947695 0.9927495 0.99069595 0.9976484 0.99765116 0.99754125 0.9968323 0.9956504 0.99654406 0.9943127 0.99641347 0.9959825 0.9981993 0.99763757 0.9974117 0.9963248 0.9969221 0.994047 0.99589515 0.9971758 0.995197 0.99634624 0.99369264 0.9932223 0.9952923 0.9915059 0.98878187 0.9905693 0.99532664 0.99590987 0.9947538 0.9968966 0.99552894 0.99629074 0.9950404 0.99600005 0.99498916 0.99504024 0.9906651 0.98978186 0.9931624 0.99517983 0.9934213 0.99601966 0.996396 0.9943571 0.9932108 0.99402 0.9884646 0.99282384 0.9963387 0.9942302 0.99263555 0.99382585 0.99312574 0.9893841 0.99151903 0.9951634 0.9899862 0.9833054 0.9887362 0.9909387 0.99340147 0.9935827 0.9939221 0.99557596 0.99038506 0.99618644 0.99705684 0.9967786 0.99387014 0.99129146 0.99499595 0.9960435 0.9951065 0.9955309 0.99251574 0.99528307 0.99445784 0.9926237 0.9912856 0.9947486 0.99672294 0.9958463 0.9932826 0.9906101 0.9974424 0.99760723 0.99710107 0.9975782 0.9979504 0.9963329 0.9967055 0.9948533 0.99655735 0.9945619 0.9969455 0.99669206 0.99364316 0.9936516 0.99594116 0.9949737 0.99276423 0.99008185 0.9941231 0.9944156 0.9923644 0.99414897 0.99570066 0.9956489 0.9963293 0.9942185 0.995559 0.99547046 0.99800354 0.9956862 0.9949217 0.9939932 0.99414957 0.99348575 0.9933426 0.99384725 0.9930737 0.9938519 0.9925298 0.99531674 0.9944509 0.9950186 0.99646926 0.9977932 0.9980879 0.9970573 0.9981178 0.99595594 0.99806696 0.9975276 0.9968561 0.9967145 0.997325 0.9970202 0.9964517 0.9954025 0.9944272 0.9948791 0.9975974 0.997356 0.9977801 0.9981618 0.9908686 0.9895089 0.9876845 0.9957655 0.99432015 0.9937688 0.9981429 0.99810857 0.99820375 0.9980675 0.9967401 0.9974168 0.9953493 0.9905749 0.99740505 0.9964752 0.9968837 0.9951271 0.9945295 0.9922902 0.9914829 0.9960762 0.9951246 0.99569684 0.99469256 0.99320054 0.9924315 0.9914759 0.9888259 0.9976586 0.9971958 0.9974541 0.996895 0.9975136 0.99709773 0.99428385 0.9949799 0.99597096 0.9968115 0.9963108 0.9971825 0.99707514 0.995227 0.9978856 0.9977666 0.99761814 0.99631417 0.99667406 0.9919476 0.9971586 0.9918594 0.9923351 0.99638295 0.993546 0.9899978 0.99032116 0.9926182 0.99715126 0.9917033 0.9967825 0.9949492 0.9971514 0.99714535 0.99438524 0.99486846 0.9945336 0.99396193 0.9953402 0.9939461 0.99562854 0.99525607 0.9957727 0.9967355 0.9969344 0.997109 0.9962446 0.9965656 0.9967241 0.9965773 0.99392027 0.9926553 0.99614525 0.99511105 0.9933002 0.9929968 0.9915841 0.99523574 0.9964484 0.99715036 0.9973943 0.9980637 0.9965163 0.99586284 0.99695265 0.99130636 0.9901372 0.9905524 0.9960723 0.99584454 0.9962161 0.9967069 0.9968219 0.99520504 0.99660635 0.9964752 0.9962634 0.99596626 0.99512774 0.99625033 0.99631345 0.9965186 0.9961049 0.9960911 0.9959589 0.99481606 0.9969504 0.9962765 0.99670786 0.9975398 0.9973949 0.9969656 0.9958644 0.99652123 0.9954714 0.9964738 0.9964409 0.99492973 0.99640137 0.99614763 0.99635017 0.9964877 0.9962372 0.9977417 0.99841344 0.996869 0.9969812 0.9935278 0.99716735 0.99698174 0.99789405 0.9957526 0.9948063 0.9964765 0.9988786 0.99809676 0.99638927 0.9977653 0.99729 0.99706084 0.99708307 0.9973877 0.9927326 0.9955037 0.996217 0.99589944 0.99556524 0.99777263 0.99702847 0.99538094 0.99669445 0.9959886 0.9946441 0.9972602 0.99522674 0.9971467 0.9937777 0.9918358 0.9878893 0.99040663 0.9918751 0.9912399 0.9898966 0.9867145 0.9937777 0.9951824 0.99554527 0.9964282 0.99632144 0.9960905 0.9959326 0.99603206 0.99655503 0.9944234 0.9938672 0.9940095 0.9955148 0.99623966 0.99578416 0.9947349 0.99509 0.9910999 0.9897405 0.9860449 0.9923356 0.9934149 0.9931965 0.99306357 0.9913285 0.9943002 0.99144953 0.98830354 0.9915274 0.9904264 0.9911206 0.9920978 0.9877144 0.9877897 0.9900061 0.9903884 0.9925575 0.9900644 0.9871325 0.9888281
IlicxDragutinJ_SRP19061DragutinIHadziDisa-L2_6 0.99291795 0.9965065 0.9959424 0.9941659 0.99489015 0.9942094 0.99132276 0.9872345 0.9962645 0.9962084 0.9969944 0.9974115 0.99644583 0.9964897 0.9973216 0.99620193 0.99511355 0.9959046 0.99680215 0.99773866 0.99503815 0.996042 0.9956883 0.99582434 0.99533224 0.9935543 0.99493134 0.9924783 0.99551463 0.9944857 0.9942794 0.9953431 0.99490166 0.98919106 0.9870165 0.9937605 0.99342966 0.9913591 0.996449 0.9973973 0.9966668 0.99593765 0.99623996 0.99462223 0.9934742 0.9956821 0.99639034 0.99700546 0.9978483 0.9964734 0.997812 0.9966336 0.99536216 0.994069 0.99236846 0.99563295 0.995374 0.98848337 0.99273163 0.99651587 0.9957347 0.99427027 0.99602604 0.99465245 0.9917924 0.9927734 0.99559414 0.9948726 0.99550486 0.9982823 0.9969146 0.9949195 0.99581474 0.9974729 0.99712926 0.99721617 0.9955368 0.9943612 0.9971125 0.99831575 0.9957821 0.99438286 0.9957423 0.9953142 0.9939366 0.99662346 0.99622107 0.9971939 0.99740845 0.99485546 0.9963331 0.99429536 0.9948422 0.99421567 0.99396163 0.9962193 0.99347067 0.99633336 0.993664 0.9937407 0.9921454 0.994662 0.9951273 0.9959766 0.99535495 0.9959295 0.9940056 0.9949678 0.9965348 0.995909 0.99618644 0.99634045 0.9957398 0.996284 0.9964986 0.99496067 0.99672294 0.9968723 0.99619836 0.9967168 0.9965986 0.99479926 0.99759877 0.99786365 0.99899125 0.998411 0.9984569 0.99774855 0.99633896 0.9985285 0.99921143 0.99876225 0.99965537 1.0 0.99877536 0.9926361 0.99453175 0.9951453 0.9958777 0.9929489 0.9933818 0.98958325 0.9924101 0.9961263 0.9954684 0.9963261 0.9958994 0.9961443 0.9968749 0.99739254 0.9925851 0.9921869 0.9906565 0.98899966 0.99721944 0.9967309 0.99653804 0.9950774 0.9948499 0.9934497 0.99428564 0.9922726 0.99262106 0.99262977 0.9938103 0.99329495 0.99370265 0.9965434 0.9945168 0.996714 0.9952727 0.9928313 0.99533105 0.99472195 0.9925135 0.99386936 0.994861 0.9930763 0.9926127 0.99781656 0.9968743 0.99564445 0.9959092 0.99470633 0.993004 0.99090576 0.9975532 0.9975179 0.99751437 0.9969425 0.9954722 0.9962801 0.99419737 0.9963144 0.99597865 0.9980338 0.9975989 0.9974643 0.99658364 0.9972763 0.99434334 0.9960908 0.9971852 0.9955888 0.9966629 0.99403876 0.9935509 0.99555767 0.99171984 0.9889517 0.9908723 0.99541825 0.99588937 0.9948049 0.996737 0.9953338 0.9959649 0.9951409 0.99579436 0.994988 0.9951575 0.9912358 0.99038315 0.9935065 0.99550426 0.99389124 0.9960884 0.9966837 0.99490803 0.99373114 0.99443465 0.98818696 0.9926887 0.99674743 0.99495023 0.9934358 0.9947334 0.9939193 0.98993856 0.9923173 0.9956629 0.99029374 0.98325956 0.9890648 0.9912282 0.9940457 0.9944029 0.9941179 0.99574 0.9906949 0.996297 0.9973341 0.9969666 0.9941036 0.99152327 0.9952991 0.9962336 0.99570525 0.9959166 0.99277556 0.9953337 0.99474174 0.9933871 0.9919907 0.9953122 0.99718535 0.9964754 0.9940648 0.9916328 0.99762 0.9975065 0.99724424 0.9974025 0.99796665 0.99642295 0.9967345 0.99489146 0.9964089 0.99485517 0.9968591 0.99683875 0.99384874 0.9936546 0.99636763 0.99510527 0.99302256 0.9903335 0.9941294 0.99432755 0.992275 0.9939718 0.9960726 0.99560237 0.9964813 0.99428797 0.99559695 0.99569345 0.99796146 0.9958664 0.9951696 0.9941547 0.9939762 0.993115 0.99299246 0.993408 0.99269104 0.99334425 0.99209446 0.9953908 0.99490595 0.9955083 0.9962964 0.99742234 0.997846 0.9969058 0.9978066 0.9961175 0.9981059 0.9971943 0.99673134 0.99659944 0.9973886 0.9969167 0.9964199 0.99535114 0.9945056 0.9948429 0.9976458 0.9974844 0.99761146 0.99799377 0.99123013 0.98982763 0.9882425 0.9957657 0.99421793 0.9937874 0.9979708 0.9979494 0.99807143 0.99817395 0.99665725 0.99731386 0.99536204 0.99053746 0.99724156 0.99635625 0.9968101 0.994789 0.99446166 0.99225074 0.99142087 0.9958276 0.9951219 0.9958433 0.9947614 0.9933224 0.99267036 0.9914197 0.9885886 0.99768746 0.99722004 0.9974857 0.9971474 0.99767494 0.9971249 0.99430996 0.9950382 0.99613744 0.9968927 0.99632376 0.99716854 0.9972442 0.9951556 0.997832 0.9976082 0.99753755 0.9961068 0.99652493 0.99177325 0.997015 0.99171394 0.9920976 0.99637693 0.99364805 0.98987913 0.99014556 0.99252486 0.9971934 0.99153656 0.99664974 0.9946878 0.9970566 0.9973492 0.99436426 0.99484813 0.9944526 0.9937883 0.9952903 0.9938597 0.99587005 0.99574035 0.9956941 0.9967042 0.99683267 0.99719125 0.99605584 0.9964545 0.99671954 0.9967555 0.9944516 0.99320847 0.9962344 0.9951965 0.9937361 0.99333274 0.99211186 0.99526775 0.9965856 0.9972007 0.9973898 0.99793386 0.99661726 0.9959352 0.9970244 0.9915507 0.9905243 0.9909644 0.99616903 0.99604607 0.9963566 0.99681836 0.99693596 0.99523985 0.9963989 0.99652886 0.9962462 0.99583817 0.99532896 0.99595547 0.99624354 0.99655455 0.9964494 0.9961013 0.9958967 0.99519277 0.99684525 0.99622494 0.9966639 0.9976976 0.9975107 0.9969864 0.995803 0.99631757 0.9955497 0.9962787 0.99636495 0.99498975 0.9963171 0.9961248 0.99636465 0.9965932 0.99637973 0.9977584 0.9982629 0.9969902 0.9970099 0.994033 0.9972457 0.9970948 0.9978702 0.9957561 0.9948873 0.9967145 0.9987081 0.99789286 0.9964557 0.99768037 0.99740666 0.99721646 0.9974572 0.9977991 0.9932937 0.9963028 0.9967389 0.9964988 0.9957138 0.99835753 0.99765146 0.99593616 0.9971306 0.99660695 0.99526125 0.99768007 0.9960744 0.99764836 0.993876 0.9921774 0.9883375 0.99078906 0.9919479 0.99144053 0.9901973 0.9870356 0.9937098 0.99504006 0.9954784 0.99628615 0.9964001 0.9961545 0.9959182 0.99628896 0.9965296 0.9943342 0.99387115 0.99399954 0.9954784 0.99610907 0.9955653 0.9947443 0.9951173 0.9910262 0.9893321 0.98568976 0.99190944 0.99311215 0.9930167 0.99280524 0.9911962 0.99427587 0.9912629 0.9880997 0.99139667 0.9903649 0.9909239 0.9919474 0.9877687 0.9875463 0.98987114 0.99017674 0.99251235 0.99051416 0.9877145 0.9891859
IlicxDragutinJ_SRP19061DragutinIHadziDisa-L2_7 0.9922006 0.996431 0.9949777 0.9913461 0.99264854 0.9954267 0.99218005 0.9886692 0.9958405 0.99499667 0.9959645 0.99722666 0.9952826 0.99535114 0.9969856 0.9944405 0.9941744 0.9950685 0.9964834 0.9969295 0.9940172 0.99490803 0.9952953 0.994715 0.99445236 0.99175704 0.9939384 0.99024665 0.9946728 0.9931843 0.99254125 0.9948323 0.9939017 0.9867703 0.9840955 0.9940135 0.9932529 0.990803 0.99581677 0.99570096 0.995331 0.9941309 0.99533105 0.99215084 0.9927183 0.9953468 0.9947297 0.99546254 0.9968717 0.9950735 0.9975879 0.996743 0.9950452 0.9940789 0.99302334 0.9944157 0.9945251 0.9878936 0.9912079 0.9957871 0.9952979 0.99269927 0.99608636 0.99486774 0.992732 0.9935503 0.99561745 0.99607635 0.99616736 0.9972177 0.9971454 0.9960868 0.99670416 0.9975103 0.99763966 0.9970249 0.9971336 0.99613273 0.99726564 0.9981241 0.99702084 0.9927584 0.99438983 0.9931737 0.9904391 0.9944231 0.99369913 0.99501747 0.9955231 0.9926859 0.99422115 0.99300975 0.9952689 0.9954699 0.9952017 0.9959608 0.9936524 0.9952991 0.99426746 0.9937391 0.99326897 0.9955403 0.99581 0.9952157 0.9935272 0.99512255 0.99178445 0.993235 0.9955286 0.99456024 0.99485976 0.99428356 0.99413955 0.99486494 0.99497885 0.9926028 0.99732906 0.9965098 0.9968078 0.99696016 0.99720114 0.9959967 0.9984031 0.9980367 0.9981392 0.9987083 0.9978227 0.99820286 0.9974532 0.99891025 0.9987102 0.9987912 0.99868137 0.99877536 1.0 0.99079466 0.9930121 0.9937679 0.9941762 0.9904614 0.99017954 0.98587495 0.989078 0.9964521 0.99588734 0.99626356 0.996418 0.99698883 0.99705535 0.99751943 0.99328715 0.993892 0.9923321 0.99066556 0.996659 0.9960503 0.9954979 0.9927358 0.9926141 0.99330556 0.9933435 0.9922398 0.9917797 0.99232966 0.9934843 0.991863 0.9924989 0.9959217 0.99427724 0.99630076 0.9946273 0.99120885 0.9941271 0.9927238 0.9901376 0.9911602 0.9953509 0.99256116 0.99172395 0.997387 0.99601024 0.99408823 0.99412704 0.99233645 0.9905473 0.9886999 0.9967779 0.9962038 0.9963833 0.9959218 0.99481595 0.99636006 0.99268615 0.9959576 0.9945331 0.9974552 0.99756515 0.9977528 0.9968167 0.9969059 0.993907 0.9951722 0.9961332 0.99428606 0.99632686 0.99312943 0.9920005 0.99418783 0.9912855 0.9891 0.9901363 0.9936191 0.9950278 0.9954742 0.99648225 0.9934667 0.99568933 0.9934343 0.99450743 0.9950902 0.9946794 0.99005747 0.98937607 0.9922659 0.99492025 0.99381393 0.9945612 0.9967078 0.9946703 0.9946406 0.99357176 0.9895265 0.9927849 0.9959317 0.9942877 0.9936435 0.9940263 0.99308574 0.9915061 0.99199075 0.99459875 0.9878949 0.9813059 0.98732585 0.9899976 0.9938767 0.9940059 0.9949811 0.9968902 0.9930334 0.9957736 0.99633497 0.99620134 0.9953002 0.99423844 0.99640375 0.99756855 0.9958101 0.99730456 0.99442613 0.9967345 0.99602884 0.9944333 0.9941514 0.9959997 0.997396 0.99685585 0.9948562 0.9926988 0.9967887 0.9972763 0.99665993 0.9976303 0.9970593 0.9970748 0.9972555 0.99572426 0.9964675 0.9925609 0.9956129 0.99540424 0.9951103 0.9953652 0.9958235 0.9941891 0.9941035 0.992192 0.9955882 0.9958717 0.99368924 0.9948802 0.996632 0.99613315 0.9962183 0.9957783 0.9961417 0.9958028 0.99804854 0.9965158 0.9963905 0.9955465 0.994311 0.99278694 0.99371505 0.99290335 0.99225754 0.9928251 0.9924199 0.9952475 0.99370396 0.99513286 0.9962186 0.996648 0.9972475 0.9970894 0.9972986 0.99680036 0.99760896 0.9975724 0.9967979 0.99631053 0.9968153 0.99656105 0.99440247 0.9925006 0.9912066 0.99221176 0.996723 0.9967574 0.99690264 0.99748063 0.9884928 0.9862702 0.98484755 0.9934148 0.99174815 0.99078166 0.9982058 0.9972179 0.99705076 0.9971477 0.99528754 0.99602747 0.99325526 0.9880501 0.9964263 0.9944566 0.9950607 0.99316764 0.99224186 0.990041 0.9885295 0.99502695 0.99404186 0.9959082 0.99408484 0.99331534 0.992156 0.99055785 0.9857946 0.99639183 0.99665153 0.99560505 0.99573386 0.99656624 0.9961767 0.9947203 0.9949386 0.9959047 0.9969553 0.9958456 0.996199 0.9967642 0.99395436 0.9976086 0.9972662 0.99714166 0.9945189 0.99487585 0.98949707 0.99638855 0.9896724 0.9905814 0.9956262 0.9916498 0.9871876 0.9881766 0.9905838 0.99743956 0.9893205 0.99581075 0.9929359 0.9966047 0.9967031 0.99208176 0.99350464 0.9930621 0.9924838 0.9937494 0.9910449 0.9939432 0.9956194 0.99495417 0.99611616 0.9952563 0.9965834 0.9952057 0.995248 0.99529755 0.99632245 0.99418545 0.9927976 0.99591404 0.9942095 0.9943225 0.9944211 0.9922733 0.9948903 0.99611145 0.9964089 0.997515 0.997382 0.9966842 0.9968766 0.9968937 0.99297565 0.99235135 0.9925741 0.9945351 0.9957796 0.9957973 0.99655 0.9964851 0.9954666 0.99613196 0.9961655 0.9960333 0.9944735 0.99681944 0.99656177 0.996097 0.9967286 0.99685496 0.99565643 0.9949112 0.99373186 0.99635303 0.9944068 0.99617237 0.99676627 0.9963382 0.9972773 0.9957712 0.9961163 0.9963815 0.9962065 0.9965401 0.99577475 0.99674404 0.9970519 0.9974857 0.9970198 0.99657923 0.99758726 0.99790454 0.99691886 0.99744993 0.9952847 0.99722856 0.9977682 0.9970012 0.9953928 0.99605685 0.9968877 0.9976808 0.99758667 0.99649096 0.99767894 0.9967976 0.9976989 0.99726605 0.9972875 0.9944018 0.9959283 0.9954712 0.99674046 0.99700546 0.9970092 0.99634427 0.9936139 0.9958616 0.9954678 0.99422574 0.996024 0.994796 0.9958967 0.9919441 0.9905854 0.9869471 0.9893241 0.98992985 0.9897387 0.9885948 0.98513174 0.9950735 0.99559516 0.9957978 0.99597925 0.99493086 0.9956185 0.9961178 0.99581146 0.9958587 0.99590075 0.99500245 0.9953051 0.9959829 0.9959921 0.99548924 0.99460393 0.99377793 0.9893123 0.9869026 0.9835103 0.9898322 0.99183375 0.990981 0.99114347 0.9886651 0.99241054 0.9893668 0.9854667 0.9896504 0.987657 0.98882794 0.98959535 0.98445976 0.98456395 0.98708844 0.98806417 0.99069065 0.99167204 0.9886128 0.99040806
JaksxicxDxura_SRP18740DjuraJSeljaci-L2_1 0.99391806 0.99229264 0.9944816 0.99414647 0.9948329 0.98860997 0.98706275 0.9830319 0.99069965 0.99481446 0.99462694 0.9933728 0.9931761 0.99349266 0.9960476 0.99739814 0.9977623 0.9973586 0.9959999 0.9941794 0.9942832 0.99528676 0.98933166 0.99197775 0.99292034 0.9936858 0.99437094 0.99341416 0.9948906 0.99511015 0.9958545 0.99343336 0.9950533 0.99594384 0.99507 0.99483067 0.9947276 0.996858 0.99330306 0.993528 0.9945338 0.9943911 0.9932908 0.99642396 0.9937615 0.99317044 0.9954543 0.9949585 0.9938082 0.9950266 0.9916472 0.99039495 0.99068564 0.9912488 0.987819 0.9957945 0.99425584 0.9923942 0.99550325 0.9957556 0.99545604 0.9958224 0.9937868 0.9933558 0.9897506 0.99088943 0.99196124 0.98896813 0.99007636 0.98856604 0.9909527 0.98602515 0.98768 0.9912113 0.99032456 0.9928998 0.9886072 0.98807377 0.99143153 0.9899902 0.98810416 0.9924164 0.99274886 0.9896464 0.9891347 0.9900008 0.99133325 0.9910209 0.992579 0.9899372 0.9907917 0.9974579 0.99064195 0.98968786 0.98895246 0.9904085 0.98698676 0.9888385 0.9872475 0.9894316 0.9878526 0.9914658 0.9911715 0.9893368 0.99079216 0.99065804 0.9915997 0.9907616 0.9909733 0.989523 0.9895724 0.99037224 0.99116147 0.99276835 0.99045616 0.99144626 0.9893847 0.98654485 0.9857022 0.98643553 0.98706985 0.9848209 0.992165 0.99071187 0.9909399 0.98926556 0.99356806 0.9891323 0.9891035 0.9900727 0.9918781 0.9912254 0.9925428 0.9926361 0.99079466 1.0000005 0.99770856 0.9971851 0.9975008 0.9864608 0.9875697 0.98303825 0.98583317 0.988968 0.9873108 0.98895496 0.98842734 0.9865548 0.98881567 0.98898596 0.9897052 0.9846104 0.98388416 0.9804324 0.99416053 0.9946657 0.9956907 0.9942501 0.9930428 0.9892874 0.9935975 0.9894477 0.99231464 0.9901008 0.99166113 0.994378 0.9959715 0.99522936 0.9942528 0.9933454 0.99478704 0.9932174 0.99293894 0.9933672 0.99253136 0.99434185 0.996032 0.99719554 0.9970098 0.9946756 0.9942982 0.9961778 0.99496543 0.9910054 0.9884857 0.98558456 0.99511373 0.9953576 0.9928826 0.9948696 0.9961477 0.99297583 0.9951396 0.99520653 0.9962882 0.994162 0.9925077 0.9902452 0.987557 0.9918533 0.9885989 0.9901896 0.9913199 0.99058884 0.9903807 0.9868373 0.9883207 0.988127 0.9848168 0.981678 0.9838539 0.9897192 0.9948762 0.99297225 0.9950432 0.9957335 0.99392396 0.995653 0.9952713 0.99479055 0.9954853 0.99500006 0.9946031 0.99592024 0.99660796 0.9956511 0.99317 0.99545544 0.9949381 0.99264216 0.99626184 0.98119265 0.9847146 0.9930924 0.9913405 0.98587567 0.9886486 0.99054205 0.98099303 0.9875769 0.9933395 0.9890299 0.9810367 0.9859953 0.9868888 0.98697346 0.9897018 0.9893378 0.98750097 0.97669935 0.9892503 0.99030375 0.9908451 0.985294 0.9826142 0.9870041 0.9890372 0.9914033 0.9882198 0.98333263 0.985449 0.98503745 0.9855086 0.9825079 0.98544395 0.9879862 0.9882966 0.98581123 0.98227495 0.9945635 0.99365234 0.9939674 0.9919587 0.9935584 0.9882104 0.9910589 0.9886014 0.99098617 0.98967206 0.99215525 0.9920033 0.98781645 0.9860072 0.9933087 0.99150294 0.9866686 0.98224336 0.9864558 0.9867904 0.98558784 0.98943335 0.98970735 0.98959535 0.9925983 0.9862684 0.98880386 0.98885715 0.9901008 0.98975533 0.98644733 0.98614556 0.98760486 0.9877511 0.9882224 0.98859996 0.9884275 0.9886341 0.9875332 0.9914146 0.9930293 0.9901924 0.98760456 0.9914395 0.99104303 0.9890776 0.9918276 0.9867552 0.99039996 0.99250364 0.9943113 0.99520844 0.9945719 0.9943484 0.9935903 0.9946871 0.99250484 0.9930662 0.99443114 0.99328375 0.9939115 0.99397683 0.99297917 0.9929515 0.99242836 0.9906948 0.98917776 0.98685205 0.9930576 0.9947342 0.99469346 0.99448395 0.99676305 0.9961774 0.99712694 0.9965264 0.9952731 0.9950309 0.99476767 0.9948902 0.99634856 0.9953535 0.99553317 0.9954749 0.99637103 0.9956857 0.99651664 0.99471766 0.995954 0.9957102 0.9911746 0.98957795 0.9881251 0.9926188 0.9896407 0.9895651 0.9882397 0.98263645 0.9823848 0.9847875 0.98732847 0.98879844 0.9909636 0.99585915 0.99654233 0.994126 0.9954397 0.9941398 0.9960817 0.9970299 0.99568 0.9961702 0.99599963 0.9961586 0.99586695 0.9960328 0.99371356 0.9955993 0.9956149 0.99436724 0.99752814 0.996744 0.9973724 0.99555737 0.99586207 0.99268115 0.9903268 0.98963416 0.99210787 0.9950787 0.99435693 0.9893707 0.9858635 0.98601824 0.9882173 0.9902893 0.98815054 0.98918843 0.9919123 0.9905176 0.99350697 0.9922098 0.9900924 0.9913948 0.9908983 0.98949486 0.9872461 0.9872216 0.99066 0.9916548 0.9919324 0.99239546 0.99220157 0.98748606 0.9887476 0.98864967 0.9845543 0.98211277 0.98189443 0.9924086 0.9895562 0.990399 0.99206203 0.99303126 0.9908457 0.9902675 0.98971915 0.9917318 0.9917492 0.98764545 0.9855528 0.9878262 0.9900314 0.98812485 0.9899313 0.9855003 0.98361313 0.9871715 0.98705226 0.98900014 0.9879654 0.98849237 0.98737526 0.9856866 0.98818153 0.9846138 0.99325144 0.99264234 0.9902519 0.99064404 0.9901084 0.98653585 0.9878835 0.9927951 0.99216014 0.99038196 0.98982364 0.9905098 0.98488694 0.99119663 0.9893676 0.98999345 0.98953277 0.9881501 0.99222547 0.9944722 0.9922517 0.9904861 0.9925888 0.99475104 0.9920707 0.99200106 0.99295425 0.9858157 0.98940676 0.99320114 0.9892085 0.9882302 0.99084055 0.9926932 0.991939 0.9910977 0.9919399 0.9918615 0.99188626 0.99149686 0.9924886 0.99619174 0.9961731 0.99538684 0.9957452 0.99687064 0.9964265 0.9963493 0.99522275 0.98240983 0.9840735 0.98617744 0.9888878 0.9896376 0.988148 0.9867578 0.9899659 0.98870456 0.98452264 0.9833348 0.9838674 0.9845673 0.9864118 0.9876467 0.9851576 0.99273133 0.9923269 0.9890927 0.9852838 0.99362034 0.99328023 0.9926746 0.99248517 0.99178034 0.9958541 0.99602854 0.99368936 0.99345565 0.99582386 0.99465805 0.9929705 0.9923944 0.99137217 0.99304307 0.9932564 0.9958882 0.99040616 0.99072015 0.9919003
JaksxicxDxura_SRP18760DjuraJCicaTima-L2_1 0.99483997 0.99484324 0.99571794 0.9938053 0.99473596 0.992053 0.99048054 0.98818934 0.9909944 0.9938702 0.99424684 0.9943424 0.9922184 0.9922672 0.99564564 0.9961053 0.9967704 0.9973483 0.99682593 0.9941082 0.99210435 0.9939203 0.99212587 0.9938435 0.99376553 0.9928596 0.99446815 0.99197614 0.9943845 0.9931621 0.9944081 0.99334854 0.9933237 0.9929521 0.9911644 0.9960947 0.9961978 0.99584186 0.9958971 0.99604225 0.9956918 0.99475366 0.99618274 0.99643445 0.99685377 0.99624956 0.9966203 0.9956676 0.9946027 0.99436677 0.9925561 0.99123734 0.99138933 0.99386156 0.9909599 0.9975877 0.99689686 0.9949391 0.9972765 0.99642634 0.9963248 0.9974789 0.9960132 0.9958303 0.99383515 0.9948158 0.9940326 0.9918133 0.99240786 0.99223983 0.99319035 0.9902325 0.99053514 0.99172777 0.9917601 0.99252486 0.9910896 0.9903059 0.9934172 0.9917759 0.9904118 0.9950552 0.99626637 0.99096227 0.99039793 0.99189866 0.9920241 0.9928487 0.99354345 0.9934121 0.99353397 0.99495435 0.99237114 0.99043906 0.98942935 0.991953 0.98883855 0.9907702 0.98869574 0.9898351 0.9890064 0.9915095 0.9906392 0.9896068 0.9901544 0.99271595 0.99071866 0.9902621 0.9916988 0.9901145 0.99010867 0.99101454 0.9920304 0.99339336 0.9920353 0.99204546 0.99128443 0.98904073 0.9885969 0.9893502 0.98976165 0.98710567 0.99300313 0.99120414 0.992337 0.9916568 0.9935497 0.9914193 0.99394435 0.9936649 0.99466896 0.99431366 0.99439406 0.99453175 0.9930121 0.99770856 0.99999994 0.99947596 0.99903345 0.9895434 0.98906404 0.9851082 0.98799163 0.9913054 0.9884054 0.9892756 0.9923941 0.991633 0.9925131 0.9918555 0.9944965 0.9907178 0.98953605 0.9879155 0.9946438 0.99514174 0.9954059 0.994101 0.9928869 0.9904505 0.99346584 0.9896382 0.99235535 0.9913277 0.9919642 0.99287134 0.99526435 0.9947381 0.99476296 0.993244 0.9938132 0.9910799 0.99127907 0.99173903 0.990016 0.9924107 0.9951503 0.9946694 0.9942618 0.9949698 0.9932069 0.9938395 0.99324226 0.99099165 0.9863458 0.9826553 0.99570984 0.9958194 0.9930601 0.99581987 0.9943739 0.9919291 0.99206394 0.9940941 0.994299 0.9941715 0.9932438 0.994016 0.99245054 0.9942544 0.9924136 0.99275136 0.99408394 0.99383706 0.99468195 0.9901958 0.9909885 0.99013543 0.9884558 0.9859612 0.98775643 0.9914892 0.9945848 0.9938301 0.99555165 0.9943087 0.99443835 0.9949743 0.99432665 0.9955406 0.9962488 0.99364924 0.99316174 0.99466646 0.9958121 0.9956155 0.9932124 0.99602836 0.99534464 0.99388254 0.9958326 0.98673785 0.9898573 0.99384177 0.99370754 0.99058145 0.99179924 0.992223 0.9859141 0.9910171 0.9934243 0.9870071 0.9777425 0.9849089 0.98648274 0.9905629 0.9920661 0.9935642 0.9912045 0.9835775 0.9925243 0.9929535 0.994618 0.9902588 0.98779213 0.9914882 0.9917955 0.99412644 0.99236906 0.98645556 0.9897007 0.9890205 0.9881826 0.9862688 0.9891043 0.99021184 0.99013424 0.9877904 0.98525953 0.9951778 0.99403715 0.99585795 0.9947447 0.9952702 0.992222 0.99376523 0.9924893 0.99371743 0.99232286 0.9938133 0.9942871 0.99140775 0.9902551 0.9940622 0.99337906 0.9904898 0.9869868 0.9906892 0.99007607 0.9880195 0.9931401 0.9922249 0.99264485 0.994779 0.9905254 0.9926284 0.9924959 0.9931762 0.9922447 0.9902332 0.9903995 0.9869415 0.9852545 0.9864136 0.986395 0.9856551 0.98621273 0.9849727 0.9933354 0.99459845 0.99284136 0.98936427 0.9918925 0.9929742 0.9923679 0.99361944 0.99029946 0.99290454 0.99454826 0.9957354 0.9951341 0.99548155 0.9945005 0.9944403 0.9947834 0.99250644 0.99348843 0.99472344 0.9934027 0.99390024 0.9942514 0.9946805 0.9935797 0.9933969 0.9906707 0.9878057 0.98663354 0.9950785 0.99491346 0.99477446 0.9950329 0.99595976 0.9968423 0.99578816 0.99531543 0.99684095 0.99604106 0.9960067 0.9964632 0.99608016 0.9961442 0.995342 0.9965685 0.9973531 0.99691147 0.9968937 0.9966573 0.9970595 0.99633694 0.98736775 0.99280494 0.9924246 0.99479884 0.9926048 0.9927882 0.99255574 0.98696756 0.9865466 0.98825496 0.9905846 0.99170446 0.9937865 0.9964184 0.9953029 0.99601513 0.9964663 0.9953897 0.99586356 0.9963249 0.99322665 0.9970809 0.9925975 0.99301183 0.9951035 0.99355876 0.98930544 0.9918889 0.9922293 0.9963937 0.9954638 0.99784774 0.99586606 0.9969941 0.9977775 0.990475 0.98828137 0.9875036 0.9891952 0.99338853 0.99383736 0.99327964 0.9910083 0.9915067 0.992583 0.9938465 0.9922482 0.9933241 0.9948429 0.9941165 0.9940267 0.9928031 0.99091864 0.99345016 0.99098355 0.99078524 0.98887587 0.9878987 0.9912877 0.992864 0.9926871 0.9941558 0.9933737 0.991707 0.9917531 0.9915773 0.98939806 0.9864443 0.9862563 0.99200463 0.99139184 0.9926461 0.9929987 0.99433947 0.9923831 0.9921194 0.9917595 0.9935093 0.99166745 0.9912146 0.98869467 0.99072844 0.9925239 0.990925 0.9915289 0.98880506 0.98721945 0.9895588 0.98825806 0.9899715 0.99053276 0.9898827 0.99009705 0.98722255 0.9891433 0.9885662 0.99261135 0.9921755 0.9908099 0.9914757 0.9918641 0.989819 0.9894629 0.9938106 0.9954153 0.9937551 0.9931816 0.99337316 0.9895704 0.99330556 0.99202937 0.9920728 0.9918786 0.9919881 0.99321204 0.9954968 0.99287796 0.9919587 0.9942913 0.99463713 0.994276 0.99410176 0.99505216 0.9893046 0.9916959 0.99482226 0.991125 0.99107265 0.9929911 0.993055 0.9912098 0.99162865 0.9926472 0.9919143 0.99239063 0.99277973 0.99316514 0.996072 0.9966499 0.99547106 0.99605995 0.9954925 0.99586487 0.99595785 0.99549544 0.9877614 0.9885648 0.9898464 0.99140066 0.99119437 0.9905937 0.99043584 0.9924918 0.99140126 0.9888367 0.988705 0.98819256 0.98895717 0.989184 0.9894329 0.98784393 0.99142426 0.9884783 0.9854389 0.98041475 0.9900803 0.9904452 0.9898032 0.9892906 0.98809993 0.9933396 0.9922223 0.9889948 0.98991555 0.9916678 0.9902887 0.9890193 0.9873028 0.9859814 0.98829925 0.98849696 0.992449 0.99328893 0.9933091 0.99321544
JaksxicxDxura_SRP18760DjuraJCicaTima-L2_2 0.9955358 0.99595654 0.99663186 0.9941781 0.9949986 0.9935233 0.9921315 0.99025184 0.9914341 0.99389666 0.9942627 0.9947001 0.99250734 0.9924674 0.99581504 0.9957342 0.9964929 0.99738246 0.99683714 0.9942013 0.99171036 0.9937269 0.99251574 0.9936919 0.9938192 0.99258786 0.9942393 0.9913355 0.99423873 0.992686 0.9940453 0.9932382 0.9930502 0.9919357 0.9901854 0.99617 0.9960803 0.99546254 0.9962161 0.99609876 0.9957049 0.99463177 0.9963286 0.9960237 0.9970039 0.9963121 0.9963806 0.99570394 0.9945838 0.994682 0.9933342 0.99215883 0.9924872 0.9949144 0.9922087 0.9979951 0.9975594 0.9953778 0.99752986 0.9969698 0.9970857 0.99749315 0.9966272 0.99649864 0.9947159 0.9955424 0.99480414 0.9928639 0.99333507 0.993321 0.9943664 0.9915237 0.9919623 0.99268097 0.9928451 0.9933654 0.99210286 0.9915921 0.9946757 0.992647 0.99170774 0.9958992 0.9971139 0.99157906 0.9909547 0.9926094 0.9924484 0.9936637 0.99387693 0.9942052 0.99431384 0.9947786 0.99388194 0.99157906 0.99073136 0.9934805 0.99056697 0.99200404 0.99039483 0.991295 0.9903681 0.9925176 0.99170315 0.99031705 0.99064314 0.9937819 0.99144286 0.9909826 0.99260956 0.99108773 0.99090064 0.99170256 0.99295974 0.994175 0.9931194 0.9926018 0.9924108 0.99015564 0.98970765 0.9904529 0.9908178 0.9883673 0.99382293 0.99190414 0.99300754 0.9926269 0.9942832 0.9923276 0.994851 0.9944596 0.99522775 0.995002 0.99497426 0.9951453 0.9937679 0.9971851 0.99947596 1.0000002 0.99918085 0.99077237 0.9899193 0.9861418 0.9889692 0.9922992 0.98925644 0.9901157 0.99401975 0.9928804 0.9939026 0.9930675 0.9954714 0.9918103 0.9908967 0.9892285 0.99526894 0.9953902 0.99544364 0.99421906 0.99333596 0.9909941 0.993793 0.9899437 0.9923184 0.9915645 0.9922646 0.99305665 0.99539554 0.9949901 0.9956889 0.9939466 0.99444795 0.9910003 0.9915883 0.99199504 0.9899612 0.9924301 0.9953617 0.9945698 0.99390084 0.99542964 0.9935044 0.9937447 0.99314916 0.99129957 0.9870102 0.9834702 0.99621475 0.9964589 0.9940429 0.9966634 0.99440867 0.9922537 0.9918768 0.99426705 0.99422765 0.9944459 0.9938767 0.99487734 0.99354833 0.9951369 0.9935896 0.99348885 0.9948423 0.99438065 0.99566144 0.99140495 0.9921886 0.99112886 0.9900741 0.98755574 0.9891091 0.9922297 0.9950446 0.99426746 0.99612033 0.9945058 0.9949975 0.9954478 0.9944028 0.99616677 0.9968522 0.994411 0.99388313 0.99527735 0.9964864 0.99631095 0.9937978 0.99661046 0.9963025 0.99498886 0.9963426 0.98749626 0.9907418 0.99493986 0.99504167 0.99197507 0.9930811 0.9937554 0.9876445 0.99264306 0.99431187 0.9873197 0.9779661 0.98543125 0.9873344 0.9921376 0.99320275 0.99456644 0.9922837 0.98514056 0.9937807 0.9938569 0.99544036 0.9917453 0.9892911 0.9928715 0.9928516 0.99554914 0.99351144 0.9877818 0.99074113 0.99039245 0.9894532 0.9877071 0.99055016 0.9914686 0.9913989 0.9892806 0.9871151 0.99617815 0.9947887 0.9966338 0.9955313 0.99590665 0.9934124 0.99464315 0.99364334 0.99448395 0.9930588 0.9945294 0.9948923 0.99279 0.99151146 0.99501413 0.99435806 0.991926 0.98872703 0.99180233 0.99130213 0.98923284 0.99414486 0.9933411 0.99390304 0.9956729 0.9922516 0.9942695 0.9942897 0.99445254 0.993794 0.9920491 0.99207544 0.9877898 0.9856047 0.9871095 0.98654324 0.98590624 0.9863941 0.9856367 0.9940722 0.9953696 0.9940461 0.9906862 0.99277997 0.99393934 0.993597 0.9944648 0.9918505 0.9940451 0.9952064 0.99662435 0.99571353 0.9962312 0.9951618 0.9949282 0.9948332 0.9927417 0.99385655 0.9952087 0.99406344 0.99453557 0.994733 0.99529016 0.99372077 0.9935708 0.9915332 0.988274 0.9873581 0.9957464 0.99528646 0.995114 0.99554414 0.9960763 0.9969348 0.9955607 0.9944672 0.9971134 0.99636734 0.996322 0.99631095 0.9958128 0.99579173 0.9947269 0.99669904 0.9976796 0.9972577 0.99702203 0.99703 0.99718374 0.99639386 0.9871779 0.99324507 0.9929832 0.9949615 0.9929774 0.99325395 0.9932869 0.98858666 0.9881106 0.98958296 0.9918175 0.99268675 0.9944604 0.99711335 0.9953829 0.9964562 0.9970342 0.9959421 0.9960542 0.99656 0.9927835 0.99754065 0.99248385 0.9928799 0.99552387 0.993583 0.9889463 0.99159503 0.9920893 0.9969975 0.9947113 0.9979762 0.9953582 0.9973212 0.99808323 0.9905466 0.98871297 0.9879494 0.9893166 0.9933704 0.9938089 0.9939198 0.9921485 0.99218255 0.99324626 0.9944519 0.99299496 0.9940954 0.9953045 0.9947798 0.99451077 0.9933505 0.99151325 0.99396133 0.9913852 0.99183035 0.9898218 0.9888276 0.99231935 0.99394584 0.99362284 0.9952732 0.99413514 0.99291515 0.9930337 0.99280465 0.99108744 0.98818856 0.988003 0.99248177 0.9924826 0.9937497 0.99400383 0.9951544 0.9934498 0.99314815 0.992882 0.99427587 0.9918414 0.9920158 0.9895128 0.9915745 0.99309045 0.9916249 0.9917896 0.98989075 0.98836905 0.99013406 0.98862576 0.99072385 0.991207 0.9904894 0.99092376 0.9879372 0.98970723 0.989469 0.99322736 0.9928909 0.99185467 0.9926412 0.99303085 0.9911327 0.99049187 0.9945742 0.99621534 0.99452 0.99425924 0.99452233 0.99127275 0.9942015 0.9931326 0.9928335 0.99280393 0.99343926 0.9943262 0.99588424 0.9935667 0.99291927 0.9950142 0.9953919 0.9953934 0.9953103 0.9961793 0.99107885 0.9933329 0.99597067 0.9927296 0.99243957 0.9938904 0.9939809 0.99174404 0.9925878 0.9936085 0.9928861 0.99326795 0.9938346 0.9939184 0.995968 0.99613523 0.99476445 0.9956598 0.99466574 0.99531066 0.9953922 0.99474466 0.9888576 0.98964167 0.9908804 0.9922031 0.99176395 0.991531 0.9915298 0.993305 0.9922657 0.98988926 0.9898088 0.98925775 0.9899366 0.98995763 0.9900637 0.98877364 0.9915639 0.9882856 0.9850558 0.9800321 0.9894437 0.990157 0.98954946 0.9889462 0.9876509 0.9931714 0.99144554 0.9878925 0.98946816 0.9907562 0.98953766 0.9886041 0.9865065 0.984978 0.987593 0.9878425 0.9918851 0.9942658 0.99403673 0.9938178
JaksxicxDxura_SRP18760DjuraJCicaTima-L2_3 0.99550104 0.99593526 0.9969168 0.99496686 0.99577063 0.99286264 0.9912926 0.98850507 0.99283004 0.9952829 0.9954764 0.9952649 0.99400604 0.99423707 0.9965496 0.9968392 0.9966236 0.9975232 0.9970621 0.9952785 0.9935253 0.99493396 0.99307215 0.9942366 0.9944335 0.9937914 0.99487424 0.9927993 0.9952083 0.9939753 0.9948584 0.9939967 0.994055 0.99359256 0.991953 0.99612343 0.99601495 0.995836 0.9966556 0.9963444 0.9965054 0.9961877 0.9966804 0.99692035 0.99677056 0.9963106 0.9969933 0.9964924 0.99573857 0.9963178 0.9941637 0.9929917 0.99307424 0.99468535 0.99175876 0.99775773 0.9970112 0.994565 0.99714595 0.99735737 0.9969391 0.9972731 0.9969943 0.9966539 0.99407357 0.9946885 0.9951484 0.99314255 0.99369496 0.9937791 0.99376386 0.99126613 0.991781 0.9933305 0.993139 0.9943028 0.9922276 0.99148786 0.99470794 0.993402 0.99140984 0.99605703 0.9968447 0.9935067 0.9926226 0.99418294 0.99430406 0.99481064 0.9953916 0.99483985 0.99506974 0.99584293 0.99339014 0.9913549 0.99072564 0.9932965 0.9904386 0.99247426 0.9901619 0.9915564 0.98999834 0.9925283 0.99198145 0.9915252 0.992405 0.9939119 0.9926675 0.9923397 0.99304444 0.9920198 0.99174 0.99277246 0.9936701 0.9947007 0.99366075 0.99352074 0.9923231 0.99067026 0.989768 0.9905223 0.99118346 0.9884871 0.99425733 0.9928581 0.99404174 0.99304515 0.995225 0.99308914 0.9943038 0.99433494 0.99556 0.9952157 0.9959021 0.9958777 0.9941762 0.9975008 0.99903345 0.99918085 1.0 0.9915623 0.9912075 0.98748356 0.98996437 0.9931891 0.99046934 0.9911969 0.99298257 0.9921542 0.9935257 0.99285984 0.9938907 0.9900449 0.9885181 0.98688287 0.995373 0.99571186 0.9958105 0.9953259 0.9943439 0.9916629 0.99466014 0.9903667 0.9929651 0.99162996 0.9927393 0.99388146 0.9960025 0.9958255 0.99560386 0.99427485 0.9946449 0.99242985 0.9932263 0.99351776 0.9917898 0.99387866 0.9955478 0.9950542 0.99471533 0.99598616 0.99445194 0.9950854 0.9943876 0.99292773 0.9890043 0.98559487 0.99675244 0.9968662 0.9945802 0.9968567 0.9958785 0.9936278 0.9938508 0.99543613 0.995797 0.99539256 0.9944399 0.99475425 0.9930295 0.9951557 0.9931266 0.9938227 0.99518836 0.9944119 0.9951553 0.9911463 0.99192965 0.99122906 0.9897712 0.9872623 0.9890739 0.9929683 0.9961434 0.995104 0.9970126 0.99635506 0.99621135 0.9970399 0.9961674 0.9966425 0.997365 0.99463135 0.9940971 0.9960299 0.9966019 0.9960921 0.9950537 0.99690866 0.99602926 0.99441874 0.99683833 0.98691934 0.9904035 0.9946668 0.99447536 0.99098974 0.99245316 0.99309605 0.98681223 0.99179476 0.9949171 0.9890813 0.9803611 0.9869697 0.98857033 0.99163127 0.9927235 0.9944336 0.99226457 0.9843755 0.9940628 0.9944889 0.9956481 0.9912746 0.98834246 0.9923256 0.99308 0.995201 0.9929707 0.98785204 0.9908946 0.990411 0.98929363 0.98711157 0.9904438 0.9916454 0.99160105 0.9892092 0.98643863 0.99618345 0.9951661 0.9964831 0.9953186 0.99614394 0.9926898 0.9945015 0.99357474 0.9949091 0.99375105 0.9954291 0.9957714 0.99245924 0.9912337 0.99531394 0.9951976 0.99139786 0.98748845 0.99132335 0.9911696 0.9890655 0.9941167 0.99318683 0.9940099 0.99582773 0.99139774 0.9934256 0.9932851 0.9944076 0.9936188 0.99114555 0.9909685 0.9894228 0.9875375 0.9886633 0.9887098 0.98826706 0.9884353 0.9873096 0.99454814 0.99549806 0.9938953 0.99140364 0.99402153 0.9944922 0.9936054 0.99534345 0.9916529 0.9942335 0.9955058 0.9965996 0.9965632 0.99685603 0.9958767 0.99580836 0.99604595 0.9940491 0.99497473 0.9954545 0.9944756 0.99504304 0.99540234 0.9954917 0.99469054 0.9941716 0.9931599 0.9905574 0.98950964 0.99566084 0.99581695 0.9956755 0.9957857 0.99672383 0.997192 0.9962216 0.99455637 0.99722725 0.99640185 0.99624866 0.99604976 0.99570227 0.99508077 0.9947129 0.9965847 0.9969596 0.9962845 0.9963409 0.9957349 0.9958183 0.9954005 0.98973477 0.9939397 0.9932348 0.9957419 0.9932118 0.99366045 0.99374604 0.9889123 0.9886152 0.9902506 0.9923499 0.9935156 0.995248 0.9972974 0.99635935 0.9969171 0.9974714 0.9966096 0.9972603 0.99771065 0.99453104 0.9979506 0.9941424 0.9945591 0.99649334 0.99521554 0.9916086 0.99355423 0.9941324 0.99708384 0.9959063 0.99796 0.99660015 0.9975179 0.9978781 0.9924465 0.9903811 0.9897579 0.9910083 0.99449307 0.9955197 0.99373966 0.99177593 0.992471 0.993505 0.9947638 0.9931751 0.99435854 0.9956752 0.994983 0.99507797 0.9932147 0.9914523 0.99442506 0.992436 0.99152935 0.9897934 0.9890476 0.99266636 0.99441946 0.99410844 0.99522537 0.9946603 0.9921438 0.9924967 0.99232537 0.98976356 0.9871019 0.9866794 0.99369854 0.99252677 0.9936965 0.9941542 0.99530673 0.99368256 0.99373436 0.99324787 0.99499583 0.9934194 0.9923065 0.9904072 0.9923619 0.9933394 0.9920382 0.99295187 0.9906633 0.9888473 0.99116087 0.9906107 0.99194825 0.99213004 0.9919257 0.99143493 0.9888361 0.9908337 0.9896705 0.99390554 0.99314874 0.9917471 0.99240977 0.99294424 0.9913117 0.9912441 0.99461854 0.9963249 0.99510956 0.99432373 0.99457026 0.99007833 0.9943388 0.99295324 0.9938127 0.9934622 0.9929945 0.9944421 0.99689794 0.9944949 0.99335384 0.9952948 0.9961993 0.9955666 0.9953617 0.9960526 0.9903352 0.99276984 0.99610573 0.99199533 0.991796 0.99413323 0.9944132 0.9929055 0.9931452 0.99400294 0.99346197 0.99386674 0.9940306 0.9945508 0.99629045 0.99579555 0.99417216 0.9950968 0.995269 0.99509466 0.9949497 0.9937164 0.98842615 0.98978895 0.9912511 0.99305445 0.9929438 0.99222815 0.99204165 0.99376756 0.9930889 0.98962396 0.98953116 0.9893956 0.9902079 0.9908892 0.9912925 0.98986197 0.99258804 0.99019146 0.9877363 0.98288894 0.99172723 0.9919969 0.9915309 0.9909482 0.98988104 0.9942846 0.9927802 0.98995304 0.9912439 0.9919733 0.99123365 0.9907719 0.98827934 0.9872562 0.9893483 0.9897713 0.9931926 0.99282056 0.992367 0.9928537
JankovicxMilica_SRP19180MilicaJPreSrece-L2_1 0.99132943 0.99367833 0.99424887 0.9943249 0.9935621 0.9892193 0.98761785 0.9864517 0.9906453 0.9894833 0.99088144 0.9905975 0.9906096 0.9905962 0.9887731 0.9889279 0.9872067 0.9882593 0.9883328 0.9906008 0.98782825 0.9899662 0.98868877 0.9891023 0.98941696 0.9896102 0.98933965 0.98846143 0.9883521 0.98695594 0.98811567 0.98740476 0.9872488 0.9828176 0.9811293 0.9865862 0.98610973 0.98515874 0.99275064 0.993542 0.99327123 0.9938073 0.9941334 0.9932154 0.9906551 0.99069524 0.9929884 0.9944562 0.9927235 0.9940988 0.9933421 0.9928421 0.9939856 0.99484897 0.99237776 0.99171734 0.9912502 0.9840339 0.98895013 0.99099296 0.9911427 0.98911124 0.991332 0.991361 0.9857792 0.98701286 0.9945473 0.9914385 0.99324507 0.99435294 0.9915085 0.9891885 0.99134827 0.9919079 0.9915816 0.9918869 0.9874286 0.9875172 0.9937787 0.9927783 0.9883824 0.99390113 0.9940163 0.99728173 0.9972426 0.99656343 0.995669 0.9967698 0.99539286 0.99810755 0.9969386 0.9886813 0.989784 0.9868143 0.98719645 0.9915801 0.990904 0.9932137 0.989794 0.99123913 0.9859728 0.98737806 0.9877001 0.9920567 0.9930305 0.9935588 0.9941486 0.99410564 0.9929826 0.9941112 0.9938848 0.9957223 0.9959419 0.9949012 0.9954026 0.99554896 0.9905265 0.9908562 0.9884303 0.9899382 0.99018496 0.9881657 0.98904616 0.9886512 0.9913559 0.99051386 0.9913875 0.98958117 0.98787457 0.9896047 0.9906083 0.99013597 0.9927562 0.9929489 0.9904614 0.9864608 0.9895434 0.99077237 0.9915623 1.0 0.9987746 0.99833995 0.99882734 0.9941204 0.99067336 0.9911829 0.9927454 0.9910989 0.9942535 0.9925387 0.9871822 0.98564726 0.9843003 0.98258466 0.99155796 0.9909317 0.9907581 0.99429476 0.99421614 0.9924127 0.9938822 0.9899777 0.9916494 0.9906908 0.9919925 0.99175197 0.9920589 0.9915538 0.99164814 0.9918501 0.9912557 0.9909852 0.9914407 0.9931993 0.99175394 0.99321973 0.9883118 0.9870787 0.98640966 0.99207586 0.9910779 0.9904099 0.9913256 0.99556077 0.9906935 0.98886865 0.9914555 0.99370086 0.99340963 0.9951774 0.9883103 0.987298 0.9870941 0.9886492 0.9893302 0.9896443 0.98894304 0.99311453 0.99452066 0.99592125 0.9968935 0.9955578 0.99674547 0.9960336 0.99584955 0.99648464 0.99702454 0.9955178 0.9958239 0.99340004 0.9958662 0.9966079 0.99044 0.98769957 0.9912461 0.99176097 0.9903078 0.99228084 0.9915329 0.98862416 0.99029744 0.988035 0.9866718 0.9896274 0.99064666 0.98975796 0.99534535 0.99094564 0.9912224 0.98892486 0.9910029 0.9804669 0.98746186 0.99230033 0.9931311 0.9908695 0.9931001 0.99419355 0.98627955 0.99362254 0.993402 0.9906198 0.98190767 0.9893666 0.9906195 0.99350524 0.99260736 0.9915625 0.98992634 0.98561144 0.99535537 0.9961562 0.99549997 0.99183524 0.9840439 0.99200606 0.98980606 0.99282116 0.9902215 0.985927 0.990479 0.9903607 0.9907936 0.98620844 0.9923369 0.99286354 0.99256104 0.99011546 0.98898417 0.9921484 0.99103916 0.9940096 0.99217194 0.9952187 0.99187887 0.9912344 0.99087363 0.9918017 0.9950079 0.9944469 0.99567926 0.9899671 0.98809856 0.9927808 0.99456435 0.9900403 0.9868061 0.9881313 0.9887391 0.9856313 0.9902085 0.9906671 0.99210346 0.99377227 0.9903032 0.9929733 0.99383414 0.992779 0.99294394 0.9918398 0.99106467 0.99000233 0.98746043 0.98667467 0.9885797 0.98785204 0.9879478 0.9861593 0.98806936 0.9892578 0.99100965 0.9905827 0.9909853 0.9923613 0.99190044 0.9927949 0.9918342 0.99336827 0.9904456 0.99046814 0.9930332 0.99395597 0.9931202 0.99588144 0.99523866 0.99576515 0.9963931 0.9919645 0.99210083 0.99137545 0.99122196 0.993767 0.99258804 0.99173915 0.9966502 0.9933699 0.99573654 0.9911916 0.9922778 0.9924117 0.9934269 0.99246305 0.9935292 0.9923099 0.9873188 0.99322534 0.99512035 0.9944683 0.99047244 0.9917183 0.99077356 0.99000263 0.9899709 0.99162 0.9897552 0.9902254 0.9882817 0.988196 0.9886087 0.9890211 0.9932461 0.9917772 0.99258417 0.99123883 0.9920766 0.99236274 0.9919536 0.99399686 0.9934602 0.9941511 0.99575895 0.9953851 0.99146956 0.98986554 0.99098957 0.9910437 0.99166274 0.9916539 0.9902779 0.98732877 0.99101686 0.98620975 0.9865608 0.99074084 0.9896195 0.98521566 0.9855832 0.98719186 0.99056184 0.9860435 0.9905203 0.9888004 0.9911071 0.9916718 0.9918273 0.99032694 0.99017966 0.98869634 0.99117744 0.99415165 0.9914071 0.9901968 0.9904232 0.9894076 0.991269 0.98984116 0.9903847 0.9904915 0.99107105 0.99084693 0.9896226 0.98997176 0.99235797 0.99173874 0.9894174 0.98853135 0.988558 0.9938027 0.9935674 0.9931363 0.9935399 0.9935165 0.9915987 0.99099207 0.9932602 0.9897385 0.98779166 0.9865758 0.9949184 0.9940732 0.99504143 0.9934365 0.99442303 0.99080175 0.9920118 0.99354416 0.9953215 0.9945516 0.9910495 0.99085546 0.9944826 0.99371463 0.99329716 0.9941126 0.99465144 0.995183 0.9914239 0.9921507 0.99220425 0.9930628 0.99425787 0.9911233 0.98830366 0.989875 0.9887582 0.9908752 0.989026 0.9880771 0.9897945 0.99013555 0.99094176 0.9923521 0.9926358 0.9946023 0.9939816 0.9952721 0.9932064 0.99006706 0.99245083 0.9909122 0.9948643 0.9962883 0.99235666 0.9921647 0.99307114 0.99275744 0.99466485 0.99325573 0.99238646 0.9922912 0.9939023 0.99358726 0.99014944 0.9930779 0.9955492 0.9912752 0.98791456 0.99415517 0.99398 0.9933946 0.99391824 0.9946714 0.99391836 0.9944943 0.9956105 0.9950516 0.9919765 0.98852056 0.9855076 0.9880486 0.98889196 0.98874545 0.98653936 0.9847296 0.9894458 0.9904163 0.99289924 0.9952027 0.996479 0.99563074 0.99442214 0.9961671 0.99578154 0.9887804 0.9905637 0.9901887 0.9923797 0.99399734 0.9918709 0.9943511 0.9915753 0.98716456 0.9873706 0.98368555 0.98596156 0.9876027 0.9885737 0.98704255 0.987113 0.9908433 0.9865483 0.98509306 0.9881497 0.9865726 0.9867585 0.98846996 0.98528457 0.9836212 0.98626614 0.98588693 0.9883073 0.9834215 0.9820347 0.98165596
JankovicxMilica_SRP19180MilicaJPreSrece-L2_2 0.99100167 0.99241555 0.99349785 0.9955881 0.9943329 0.98684955 0.98489136 0.9826911 0.99090356 0.9903761 0.9916535 0.99053675 0.9917602 0.99187386 0.98935413 0.99015373 0.9879281 0.9883937 0.9882394 0.9917553 0.98992 0.9916899 0.98881006 0.9896883 0.9901932 0.9911593 0.9904799 0.99041396 0.98898065 0.98845506 0.989172 0.98797286 0.98853004 0.9855479 0.9843076 0.985901 0.9857964 0.9856915 0.99197686 0.9932598 0.9933909 0.9946816 0.9934535 0.9940003 0.9891259 0.9897687 0.993372 0.99523014 0.9934797 0.9949079 0.9936922 0.993088 0.9941487 0.99345523 0.9903816 0.99077237 0.9899585 0.98183644 0.98793364 0.9908735 0.99078834 0.98850083 0.990164 0.98969626 0.9834154 0.98467606 0.99370444 0.9900402 0.99220455 0.9937081 0.9907267 0.9868944 0.98962575 0.99194545 0.9911909 0.9923247 0.98616076 0.98612857 0.99287605 0.9928386 0.9872903 0.9931166 0.99253494 0.9974537 0.9981814 0.9965426 0.9964982 0.996726 0.99592483 0.9972092 0.9967214 0.9904297 0.9885824 0.9869817 0.9872941 0.9913719 0.9900177 0.9932461 0.9890411 0.99107206 0.98558897 0.98789203 0.9887834 0.9929728 0.9947459 0.9939152 0.9959601 0.995913 0.9943338 0.99567 0.99520034 0.9972476 0.9965841 0.9957865 0.9953267 0.9969614 0.9901133 0.9909382 0.988328 0.9898317 0.98978955 0.9878206 0.98900974 0.9891282 0.9918949 0.9902938 0.9922599 0.9890611 0.9857883 0.98896563 0.9905499 0.9895726 0.9930018 0.9933818 0.99017954 0.9875697 0.98906404 0.9899193 0.9912075 0.9987746 0.9999999 0.9990493 0.99934536 0.99329436 0.9910434 0.99188733 0.990384 0.98896515 0.9924394 0.9914412 0.9839757 0.98241293 0.98147637 0.9785856 0.9915048 0.99095446 0.9912757 0.9953991 0.9955125 0.9916288 0.9939317 0.9900888 0.99155366 0.99002963 0.9917984 0.9930703 0.9924718 0.99239177 0.9909581 0.992439 0.9918994 0.99281746 0.99319637 0.9948879 0.9939343 0.9953515 0.9886501 0.9884291 0.9882547 0.9925692 0.992575 0.9922895 0.99325496 0.99732006 0.99333316 0.9919977 0.9916565 0.99391615 0.99406165 0.9949425 0.9894716 0.98832124 0.9893952 0.9896106 0.99110514 0.9905132 0.9892001 0.9916966 0.99268043 0.99528015 0.9949232 0.99510694 0.99595654 0.9952345 0.9941714 0.99502605 0.9958176 0.9955598 0.99327767 0.9903293 0.99356633 0.9964433 0.99070346 0.98737586 0.99098223 0.9928199 0.99009657 0.9926718 0.9924345 0.98791784 0.9896659 0.9882945 0.9869178 0.99006915 0.990662 0.98915607 0.99589735 0.99044454 0.9906027 0.9874484 0.9910009 0.9777843 0.9854956 0.9924861 0.9921896 0.98914194 0.9923668 0.9934732 0.9835555 0.9917259 0.993911 0.9924801 0.98474455 0.99095225 0.9915878 0.9918905 0.9921591 0.98889565 0.98811495 0.98255396 0.9936626 0.995448 0.9940171 0.98898685 0.98103905 0.9896718 0.9885046 0.9912622 0.98828787 0.98440933 0.98851633 0.98848176 0.98957855 0.98440546 0.9907306 0.9924921 0.9923346 0.989286 0.98755246 0.9924061 0.99170876 0.99379975 0.99132663 0.9952624 0.99022114 0.9903793 0.98880345 0.991142 0.99531025 0.99436367 0.99557626 0.9878917 0.9857926 0.9929821 0.993926 0.9878438 0.98409146 0.9863017 0.98730344 0.9842581 0.9883505 0.9900106 0.990495 0.9932917 0.9876691 0.9909519 0.99187183 0.9916595 0.9916221 0.9899806 0.9887279 0.9904504 0.98957217 0.9875214 0.99033266 0.98981905 0.9899858 0.9874669 0.98821723 0.989814 0.9909308 0.99005467 0.9915761 0.9920537 0.9905714 0.9925351 0.99051845 0.9929035 0.9898361 0.99007 0.99328077 0.9941029 0.9933959 0.9967931 0.9965328 0.99749047 0.9975242 0.99245983 0.9928573 0.9919332 0.991892 0.9932377 0.99283624 0.9917132 0.9976603 0.99561626 0.9974526 0.99045855 0.9928034 0.9930157 0.99392956 0.99322355 0.99360764 0.9935146 0.98802215 0.9927298 0.994926 0.99427426 0.98981994 0.9921437 0.9903176 0.99014175 0.9892904 0.99076456 0.9890227 0.9896209 0.98657256 0.98694205 0.9872565 0.9913801 0.99312395 0.99095553 0.99308825 0.9915122 0.9919617 0.9912128 0.9897485 0.9924819 0.99257743 0.9931377 0.9946229 0.99465925 0.99168015 0.99125624 0.9909827 0.99123055 0.9919237 0.9924519 0.99141276 0.989612 0.99086034 0.98864675 0.9888747 0.9919886 0.99195194 0.9887641 0.9883947 0.990004 0.989852 0.98769975 0.9901732 0.9902522 0.990972 0.9913645 0.99406844 0.9927216 0.99255556 0.991215 0.99273443 0.99551475 0.99099684 0.9889228 0.98927397 0.98869276 0.9908737 0.98938936 0.9893948 0.9900038 0.9904986 0.99158853 0.9900943 0.99042726 0.99198365 0.99272066 0.98896706 0.98814726 0.988787 0.99351156 0.992953 0.9932986 0.9927184 0.9935985 0.9898069 0.9894255 0.9924059 0.9864627 0.9849834 0.9839527 0.9959427 0.993477 0.9941292 0.99300206 0.9938443 0.9897364 0.9910405 0.9927838 0.9947526 0.99574816 0.98947704 0.9901147 0.9937114 0.9931299 0.9925378 0.9939157 0.9937426 0.99494195 0.99164325 0.99331343 0.9927722 0.9933518 0.99512 0.99073446 0.9889509 0.9908279 0.9879443 0.99126625 0.98941064 0.9876769 0.98949945 0.98908913 0.98935205 0.9924063 0.99216664 0.9933635 0.99308115 0.9941458 0.99175346 0.98790973 0.99174297 0.9899129 0.99459976 0.99520767 0.98965776 0.9919885 0.9936202 0.9930851 0.9942931 0.9926728 0.9927546 0.9912677 0.99324787 0.9929093 0.988173 0.9925298 0.9951863 0.9907566 0.9865548 0.9942459 0.994651 0.99501115 0.9942789 0.9949847 0.994328 0.9951626 0.99570554 0.99561214 0.9931144 0.9895872 0.9860059 0.9885943 0.9906066 0.9899398 0.9876548 0.985191 0.98690104 0.9885011 0.9911545 0.99407905 0.99678266 0.9949969 0.99308527 0.99525684 0.99473816 0.9867663 0.9880095 0.9880212 0.9907803 0.9932686 0.99139994 0.9935394 0.9931411 0.99007607 0.9904285 0.98748577 0.9885864 0.9897395 0.9910597 0.98958725 0.99010396 0.9922669 0.98872304 0.9877977 0.9902366 0.9889749 0.9894063 0.991191 0.98877734 0.98729616 0.9895383 0.9889199 0.99030185 0.98111683 0.9797073 0.9798995
JankovicxMilica_SRP19180MilicaJPreSrece-L2_3 0.98803395 0.98917675 0.9908718 0.9938196 0.99186754 0.98371506 0.98241353 0.9808093 0.9867021 0.98571885 0.98724884 0.9858898 0.9873395 0.98745966 0.9844858 0.9854495 0.98294485 0.98366696 0.98332417 0.9872302 0.9849298 0.98714924 0.98420215 0.985061 0.98576343 0.9869934 0.98592484 0.9862598 0.98432505 0.98370934 0.9849108 0.98312855 0.9838804 0.98057663 0.979642 0.98097545 0.98084456 0.98084605 0.9879114 0.9897274 0.9896937 0.99126905 0.9901756 0.99077266 0.9852377 0.98529285 0.9895983 0.9918386 0.9894054 0.99187136 0.99022484 0.9899516 0.9916694 0.99117213 0.9880951 0.98731184 0.98667455 0.97830784 0.98468226 0.9873322 0.9873711 0.9847405 0.98609626 0.9859916 0.97947764 0.98062 0.9910711 0.98651516 0.98923135 0.99057394 0.9871405 0.9829924 0.9866532 0.9883671 0.9877451 0.9885663 0.98164785 0.9821739 0.98999953 0.98920804 0.9834481 0.99040264 0.98960143 0.9957135 0.9970066 0.9945747 0.99417007 0.9945962 0.99324715 0.9961337 0.99477464 0.9861686 0.9852773 0.98307925 0.9834022 0.98850477 0.9883152 0.9910046 0.98647904 0.98885417 0.9822741 0.9839146 0.9848188 0.9897386 0.9919029 0.9909563 0.9935864 0.99331 0.9910692 0.99309266 0.9922578 0.9951049 0.99434257 0.99307454 0.993045 0.994909 0.98621273 0.9872408 0.9840781 0.9860629 0.98606676 0.98403823 0.9843358 0.9842649 0.98778856 0.9860489 0.9883224 0.98467386 0.98113346 0.98448 0.9862136 0.98508024 0.9890809 0.98958325 0.98587495 0.98303825 0.9851082 0.9861418 0.98748356 0.99833995 0.9990493 0.99999994 0.9993154 0.9902761 0.9872669 0.9881387 0.9872561 0.9854306 0.9898387 0.988153 0.9797636 0.97838897 0.97758335 0.9747971 0.9876029 0.98695767 0.98726153 0.99315965 0.9935189 0.9890902 0.9914361 0.9868366 0.98883027 0.98712176 0.9888631 0.99022675 0.989505 0.9885791 0.9878101 0.9887095 0.9884078 0.9898078 0.9896418 0.99191505 0.99116945 0.99279374 0.9839613 0.983585 0.98340225 0.9884381 0.9882451 0.9880068 0.9892861 0.99512696 0.99029654 0.9890801 0.9874391 0.99051505 0.99066424 0.9921778 0.984874 0.9833356 0.9848803 0.98495287 0.98685116 0.9858467 0.9844585 0.9880992 0.99011576 0.99263084 0.99356973 0.9927232 0.9935614 0.99359894 0.9918441 0.99362063 0.99451095 0.99318695 0.99223316 0.9896032 0.99308544 0.9945289 0.98686516 0.983023 0.9871013 0.9894802 0.98613983 0.98973376 0.98884463 0.983755 0.9861009 0.9855618 0.98404664 0.9870055 0.98686314 0.98569137 0.9933526 0.9866449 0.9873635 0.98375905 0.98764575 0.9726576 0.98131853 0.98857325 0.9890826 0.9859635 0.98952925 0.99142486 0.97993064 0.98952353 0.9905613 0.9897325 0.9810692 0.9878858 0.9885356 0.98940825 0.9891936 0.9858283 0.9843241 0.97918606 0.99150795 0.99328464 0.99182695 0.9865295 0.9764491 0.9866026 0.98446995 0.98847556 0.98467654 0.98074067 0.98505944 0.98541844 0.98725903 0.98102635 0.9883231 0.9895158 0.9895773 0.9865539 0.98560345 0.98859483 0.9874193 0.99051565 0.9872564 0.9921979 0.98678285 0.98639655 0.9848963 0.9870896 0.99272466 0.9908928 0.9929624 0.9842248 0.98161083 0.9895233 0.9910888 0.9845236 0.98068583 0.9818113 0.9829095 0.9802233 0.98428 0.9859524 0.98676133 0.9900662 0.98433304 0.98785526 0.9892527 0.9879632 0.9885757 0.98703605 0.98595583 0.9869704 0.985372 0.9832333 0.986447 0.9859136 0.9858579 0.9832483 0.9838818 0.98593557 0.9877593 0.9862524 0.9873885 0.9882301 0.9868735 0.9886067 0.9871223 0.98948324 0.9849559 0.98550266 0.98945785 0.9902478 0.98961246 0.99391043 0.9938343 0.9954427 0.9953716 0.9885627 0.9889792 0.9877285 0.98754966 0.99155784 0.9911363 0.99030757 0.9955329 0.9928988 0.99575764 0.9862148 0.98880875 0.98894453 0.9903295 0.98952335 0.9898437 0.99013853 0.9841362 0.9888894 0.9919934 0.9910189 0.98571706 0.9886206 0.98712415 0.9868683 0.98478746 0.9868581 0.98468065 0.9856311 0.9824166 0.9829458 0.9833734 0.98886573 0.9895332 0.9869467 0.98925 0.98764914 0.98805195 0.9877077 0.98697513 0.99023694 0.9898003 0.9901635 0.99230015 0.9916937 0.9875089 0.98702246 0.9863742 0.9867091 0.9874012 0.98827815 0.9868254 0.9853594 0.98630166 0.9842843 0.984375 0.9876204 0.98825175 0.98462975 0.98416454 0.98582006 0.9854306 0.9831591 0.98570746 0.985614 0.9862859 0.987102 0.99091685 0.98909307 0.9891275 0.9871415 0.9889161 0.99265474 0.9871945 0.98522353 0.98523873 0.9841289 0.98682517 0.9848758 0.9850556 0.9857265 0.98653793 0.9876041 0.9866579 0.9874328 0.9887005 0.98946553 0.9855821 0.9846427 0.9858383 0.9906166 0.9902508 0.99016714 0.98929036 0.9901247 0.9867003 0.9860102 0.98932576 0.98390245 0.98238194 0.98074126 0.9930745 0.99062246 0.99121803 0.98956573 0.99056566 0.9863347 0.9878479 0.99024117 0.9918397 0.9928533 0.98596126 0.9865382 0.99123704 0.9898461 0.98994017 0.99129164 0.9911293 0.9930387 0.9877006 0.98966384 0.98888284 0.9896239 0.9919403 0.9867613 0.98441064 0.98640287 0.9837215 0.98727435 0.98520684 0.98375326 0.9855218 0.985332 0.98578537 0.98913044 0.98877054 0.9902735 0.9897451 0.99157196 0.9884344 0.9848488 0.9880575 0.98619604 0.99176556 0.9931602 0.9865971 0.9884599 0.9896743 0.98917884 0.99180734 0.98920673 0.9893249 0.98774314 0.9903807 0.98989826 0.9854896 0.99023384 0.9927311 0.9874713 0.98228145 0.9911218 0.99163157 0.9922017 0.9912062 0.99230033 0.9916433 0.99214256 0.99349385 0.9928012 0.9896923 0.98568803 0.9822862 0.9848794 0.9867325 0.98622227 0.9837373 0.9814518 0.9833264 0.98487306 0.98814803 0.99155897 0.9947762 0.9926262 0.9903369 0.9932267 0.99241894 0.98258215 0.98452675 0.98439646 0.98768014 0.9903001 0.987645 0.9910193 0.9893726 0.9863534 0.98695624 0.98408884 0.98380977 0.98524386 0.9869362 0.9851109 0.98622215 0.98887384 0.9846052 0.9841561 0.98671496 0.9852882 0.9853916 0.98773676 0.9856521 0.9834476 0.9858832 0.9850462 0.9866258 0.9771667 0.97585315 0.97548395
JankovicxMilica_SRP19180MilicaJPreSrece-L2_4 0.99002826 0.9917849 0.99294955 0.9951653 0.9937106 0.9867727 0.9851166 0.98285186 0.9898967 0.9889882 0.99035084 0.9894798 0.99022144 0.9901931 0.9879879 0.9886432 0.98642904 0.9870849 0.98710907 0.9902022 0.98765206 0.9897863 0.9873041 0.9881271 0.9884365 0.98902845 0.9884716 0.98834354 0.98726135 0.9864986 0.98747504 0.986339 0.9867651 0.9829388 0.98168683 0.98451686 0.9841535 0.98378414 0.9908189 0.9927006 0.9923352 0.9931619 0.9926224 0.99260557 0.98824364 0.9885909 0.99222887 0.9941195 0.99209565 0.99377364 0.9928055 0.99213576 0.99322575 0.99270093 0.989806 0.9900941 0.98959917 0.9814503 0.9874022 0.9900631 0.9899316 0.98774564 0.9890127 0.98862463 0.98287547 0.98405963 0.99303836 0.9890293 0.9915199 0.99329334 0.99042344 0.9862248 0.9895999 0.99131376 0.99061835 0.99135476 0.98540634 0.9856149 0.99268794 0.99221283 0.98703194 0.99258465 0.99230903 0.9967238 0.99774045 0.99617624 0.99567425 0.9962868 0.99518853 0.9971115 0.9964484 0.9884454 0.9882945 0.9859418 0.98633325 0.9910209 0.9903185 0.9931351 0.9889317 0.9907163 0.984937 0.98673105 0.98743683 0.99220794 0.9935975 0.99320906 0.9945436 0.9946338 0.9933366 0.9947785 0.99442697 0.99651796 0.9957949 0.99486065 0.9949689 0.9959095 0.9894361 0.9904883 0.9875008 0.9890562 0.9890742 0.9867852 0.9876738 0.9877773 0.99082524 0.9892997 0.9908853 0.9879472 0.98485214 0.9879191 0.989411 0.9885171 0.99194586 0.9924101 0.989078 0.98583317 0.98799163 0.9889692 0.98996437 0.99882734 0.99934536 0.9993154 1.0000002 0.992756 0.9901873 0.9911497 0.99023837 0.9886885 0.99234635 0.9911363 0.98355323 0.98201996 0.98080045 0.97822195 0.9907266 0.9901021 0.99013984 0.99486434 0.99496406 0.9908708 0.9929888 0.98878896 0.99035966 0.989256 0.99094135 0.9916694 0.9912286 0.9909658 0.9898421 0.991258 0.9905912 0.9911722 0.99156547 0.9933421 0.9922324 0.99396044 0.98692614 0.98626935 0.98614514 0.99146503 0.9910662 0.9904358 0.99153227 0.99600184 0.99178976 0.9902551 0.9905205 0.9928505 0.9929981 0.9939834 0.98744017 0.9864726 0.98714817 0.9876917 0.9891749 0.98898524 0.98809797 0.9912363 0.9926108 0.99462795 0.99490505 0.99452984 0.9953972 0.9952449 0.9940009 0.9949545 0.9954577 0.99478966 0.9931797 0.99040294 0.99355805 0.99578184 0.989544 0.98605216 0.98976916 0.9914399 0.9886643 0.9916232 0.9911132 0.98665255 0.98878145 0.9874878 0.9859768 0.98896205 0.989532 0.9883085 0.99490035 0.9895729 0.98980236 0.9864939 0.9898167 0.9768834 0.9848556 0.99158525 0.991719 0.98882866 0.99213433 0.99291897 0.98330104 0.99146014 0.9926656 0.990652 0.9820172 0.9889486 0.9897749 0.9914837 0.9915503 0.98843527 0.987368 0.98214674 0.9933225 0.9949029 0.9939336 0.98882824 0.98016125 0.98949075 0.9875075 0.990826 0.9877799 0.98376304 0.9879036 0.98795503 0.98959017 0.98413074 0.9906939 0.9919598 0.99171793 0.98881036 0.9876286 0.9911759 0.99012935 0.9930037 0.99039495 0.9944546 0.98998564 0.9894211 0.9877573 0.98997205 0.9944203 0.9932672 0.99504405 0.9869004 0.9848635 0.9918689 0.99291146 0.9869279 0.98318326 0.9851573 0.9858544 0.98329544 0.9871458 0.98887736 0.9894193 0.9922587 0.9873734 0.99062455 0.991508 0.99103206 0.991059 0.989621 0.98860294 0.98923755 0.987809 0.9859322 0.98873097 0.98814386 0.98824376 0.9857948 0.9870961 0.98873454 0.99035734 0.98973376 0.99065745 0.99160254 0.99039257 0.9918164 0.99017566 0.9925415 0.9884114 0.9888441 0.99175555 0.992568 0.9918266 0.9957199 0.99534345 0.99632293 0.9963606 0.9915751 0.99182534 0.9907055 0.9906757 0.9931058 0.99252325 0.9914386 0.9966875 0.994062 0.9965366 0.9895966 0.99153674 0.991987 0.9931103 0.9918606 0.9924668 0.9923019 0.98648894 0.99194866 0.99437064 0.99364936 0.98891205 0.9910844 0.98972905 0.98920083 0.9882028 0.9898718 0.98799103 0.9884208 0.985783 0.98616767 0.9863044 0.9896125 0.9925639 0.99036 0.9923268 0.9909738 0.99137753 0.99075234 0.9894569 0.99226534 0.9921633 0.9925658 0.99427503 0.9938842 0.9902628 0.9892722 0.98950976 0.9897524 0.99024796 0.990656 0.98952234 0.9872873 0.9893543 0.98636425 0.9865896 0.99023205 0.98985946 0.98628736 0.9859395 0.9877167 0.98863345 0.9856547 0.98889613 0.98810935 0.98920846 0.9899033 0.99267256 0.9911516 0.99106544 0.9893261 0.99142873 0.99415976 0.99023694 0.9884176 0.9885681 0.987754 0.98986495 0.98844784 0.9884579 0.9888252 0.9895942 0.9900074 0.988517 0.9889393 0.9909702 0.9914342 0.9878646 0.9870308 0.98747873 0.99242884 0.9923651 0.9925726 0.99192864 0.9927375 0.989868 0.98902047 0.9919927 0.98622096 0.9847845 0.98369217 0.9946749 0.9925641 0.99322224 0.9918703 0.9926213 0.98899 0.99043745 0.9925416 0.99392277 0.99447227 0.98879087 0.9893452 0.99333894 0.992051 0.99210006 0.9930449 0.9935391 0.9948791 0.9906224 0.99202895 0.9914935 0.9923688 0.99406993 0.989828 0.98781884 0.9894928 0.98707736 0.9901129 0.98848295 0.9870555 0.9888742 0.9885221 0.9890032 0.9919175 0.99104977 0.99269557 0.9924837 0.9935275 0.9909296 0.9875343 0.9908239 0.98916394 0.9940371 0.99458784 0.98918927 0.99092793 0.9924072 0.99184144 0.99367905 0.9917478 0.9916698 0.99045783 0.9925745 0.99227554 0.9878979 0.9922335 0.99467975 0.9902588 0.9858837 0.99385905 0.9937364 0.9939309 0.993596 0.99425673 0.9931935 0.9943248 0.9950399 0.9948976 0.9917028 0.9881855 0.98459196 0.9872043 0.98872906 0.9882616 0.9860293 0.9839358 0.9864516 0.9879189 0.990772 0.99363303 0.9963032 0.9947238 0.9926788 0.99499154 0.9943207 0.9861082 0.98778915 0.98754084 0.9904369 0.9927145 0.99047387 0.9929085 0.99172795 0.9879018 0.9882334 0.9849977 0.98646384 0.9878612 0.9892849 0.98779947 0.9881079 0.9907458 0.98670423 0.9856922 0.9882435 0.98708516 0.98723316 0.98919934 0.98670775 0.9848004 0.98740214 0.9866603 0.98851705 0.9808854 0.97928834 0.9791354
JanxicxVelislav_SRP18992VelislavJLutajuceDuse-L2_1 0.99288386 0.99623054 0.99574316 0.9924058 0.99334705 0.9949581 0.99267894 0.9902787 0.9959207 0.99454224 0.9956278 0.9965057 0.99434686 0.99447376 0.9951706 0.99274695 0.99213594 0.99314797 0.994547 0.9955584 0.992958 0.9939363 0.99492085 0.9936211 0.99380237 0.9921642 0.9935526 0.99032164 0.99292976 0.99156106 0.99114275 0.99367577 0.9920838 0.98665255 0.98380464 0.9925025 0.9915396 0.9895162 0.9954597 0.99477625 0.99477226 0.9943943 0.99538296 0.99227786 0.9925369 0.99435014 0.9943237 0.9956508 0.9960464 0.9963451 0.99829847 0.9979963 0.9967885 0.99553466 0.99476993 0.99364626 0.99332726 0.9871626 0.98975146 0.9946265 0.9943119 0.9910667 0.9958181 0.99475116 0.99090517 0.99159986 0.9962926 0.99665594 0.99625325 0.99678177 0.99640685 0.9947435 0.99553025 0.9964481 0.9966102 0.99630284 0.9953493 0.9952505 0.9970836 0.99692535 0.9950131 0.9941309 0.99480695 0.996022 0.9928637 0.99577606 0.9946956 0.995978 0.9960156 0.995401 0.99648386 0.99277914 0.99486977 0.99398696 0.9944762 0.99550897 0.9942318 0.9953745 0.9947506 0.9947067 0.9929758 0.9939089 0.9939285 0.99543023 0.99351215 0.99633723 0.99336237 0.99476063 0.9957994 0.9957206 0.99586356 0.9949294 0.9955322 0.9954217 0.995752 0.99390924 0.9967457 0.99624217 0.99526477 0.9950575 0.99612266 0.9949485 0.9959558 0.99535173 0.9957055 0.99585754 0.9952943 0.9955409 0.9943944 0.99517906 0.99480253 0.99504113 0.996117 0.9961263 0.9964521 0.988968 0.9913054 0.9922992 0.9931891 0.9941204 0.99329436 0.9902761 0.992756 1.0000002 0.99851537 0.9978099 0.996252 0.9958912 0.99713427 0.99646616 0.9922621 0.9923304 0.9907329 0.9886811 0.9957639 0.99537045 0.9943138 0.9935639 0.99336874 0.9952444 0.9952446 0.9934851 0.99367225 0.9937842 0.99499464 0.99343276 0.9939236 0.9958114 0.9952898 0.9961436 0.995132 0.9928025 0.9945324 0.9939982 0.9918803 0.9923188 0.9947649 0.99216175 0.99129844 0.9973691 0.9960772 0.9940058 0.9942347 0.9941107 0.99274397 0.99067605 0.99642617 0.9957844 0.9960789 0.9963601 0.99437016 0.99486524 0.9918912 0.99470234 0.9934295 0.99518454 0.99574685 0.99733514 0.9966044 0.9974255 0.9955219 0.99537104 0.9963347 0.99404484 0.9963292 0.9954297 0.9945487 0.9951426 0.9947021 0.9931322 0.9935672 0.99516696 0.9947027 0.9942698 0.9953783 0.9935831 0.99479973 0.9935996 0.994027 0.9940078 0.99411744 0.9903768 0.9893124 0.9920514 0.9947519 0.9940469 0.99636966 0.9955175 0.99445105 0.9940883 0.9935864 0.98818266 0.99151975 0.9965874 0.99628353 0.9956436 0.99618155 0.9953234 0.99455106 0.9955545 0.99647814 0.9915799 0.98509747 0.9916206 0.9935702 0.9966921 0.9962526 0.99528784 0.9956339 0.9917913 0.9960634 0.9965458 0.9961839 0.9953849 0.9926287 0.9961002 0.9968633 0.99661887 0.99625933 0.99371386 0.99623024 0.9962779 0.9951087 0.99442047 0.9965744 0.9969921 0.9970392 0.9953703 0.99348223 0.9956535 0.99561673 0.99635094 0.99592084 0.9962522 0.9957723 0.99645424 0.9956213 0.99643004 0.994263 0.996577 0.9965726 0.99538374 0.99458057 0.9962914 0.99555045 0.9945394 0.99172324 0.9950125 0.99548763 0.99244 0.9955798 0.9963601 0.99627596 0.9969501 0.9955238 0.996588 0.99530613 0.99687296 0.9973176 0.9961212 0.9947057 0.99575776 0.9928772 0.9938987 0.9936892 0.9930105 0.99282724 0.9928749 0.9942681 0.9926978 0.9951173 0.9968704 0.99637824 0.9966521 0.9963039 0.996792 0.9977122 0.99679315 0.99647254 0.9961576 0.9967011 0.99697965 0.99665385 0.99569446 0.9939292 0.9925265 0.993791 0.9957078 0.99604994 0.9955455 0.99588335 0.9900095 0.988088 0.9867511 0.9950892 0.993114 0.9928851 0.9966391 0.99568665 0.9959198 0.99606144 0.994743 0.9955643 0.9930278 0.9878706 0.99639463 0.99500936 0.99542195 0.99221236 0.9920752 0.9902577 0.98893094 0.9935876 0.9933868 0.9945387 0.99292904 0.9921584 0.9907207 0.9905037 0.9872932 0.9957464 0.9956909 0.9946117 0.9936729 0.9949124 0.9949646 0.9951351 0.995497 0.9959662 0.99685776 0.9967537 0.9965063 0.9961479 0.9931144 0.9963042 0.99616385 0.9963244 0.9938421 0.9936389 0.98906654 0.99583185 0.9889803 0.9904715 0.9957502 0.9918648 0.98738295 0.9882568 0.9900251 0.996271 0.9883617 0.994527 0.9918196 0.99557805 0.99492586 0.9935317 0.99413407 0.99352914 0.99263865 0.99458253 0.99379796 0.99400866 0.9955832 0.99440885 0.99463964 0.9935734 0.99508095 0.99494827 0.9943616 0.9941069 0.9958429 0.9936529 0.993859 0.9958467 0.9947085 0.9947743 0.9949451 0.99335337 0.9955593 0.99633604 0.99561936 0.9975577 0.9962727 0.9949485 0.9958947 0.99577796 0.99302715 0.9924898 0.9919333 0.99497306 0.9957532 0.99566823 0.99621546 0.9963412 0.9955045 0.99582845 0.99611837 0.9968725 0.9949131 0.9969584 0.99585885 0.9964913 0.995923 0.9963514 0.99598104 0.9965175 0.995127 0.9958525 0.9947189 0.9964894 0.9961186 0.99640346 0.9963959 0.99450284 0.99546343 0.9953278 0.9961256 0.9944563 0.99467266 0.99527836 0.995747 0.9965936 0.9967575 0.9965966 0.997347 0.9970033 0.9973798 0.9970038 0.99531543 0.99636066 0.9965996 0.99736524 0.9976795 0.9967375 0.99695826 0.996698 0.99696314 0.99706554 0.99682105 0.9961203 0.99736494 0.9972062 0.99641424 0.99465394 0.9950367 0.9963207 0.99500585 0.9943275 0.9965485 0.99617875 0.9941936 0.99627274 0.99683535 0.9958383 0.9960027 0.99673784 0.99637276 0.99233234 0.99045 0.9874885 0.98935527 0.98991376 0.9895061 0.9879245 0.9852523 0.9944102 0.994763 0.9963127 0.99711436 0.996239 0.9969635 0.9968188 0.9969138 0.99665624 0.9954986 0.99538237 0.9960903 0.996266 0.9969721 0.996633 0.9968003 0.99497837 0.9899366 0.9888088 0.98505855 0.990624 0.99277604 0.9918878 0.99200463 0.98965013 0.99302226 0.9892778 0.986043 0.9905562 0.9870522 0.9889705 0.9898492 0.9844336 0.9840943 0.98666966 0.9881283 0.9907813 0.9900295 0.9874466 0.98874766
JanxicxVelislav_SRP18992VelislavJLutajuceDuse-L2_2 0.9895477 0.9937084 0.9926139 0.98991877 0.99137557 0.99187195 0.98883533 0.98504156 0.9961663 0.99427736 0.9953446 0.9959608 0.9944038 0.99484444 0.9949497 0.99195653 0.99104875 0.9914905 0.99351364 0.9958664 0.9936616 0.9940099 0.99397826 0.99251705 0.99270636 0.9912378 0.99257773 0.9894264 0.9924349 0.99164087 0.99049646 0.99371105 0.9920462 0.98604655 0.9831186 0.9908374 0.9894588 0.9876194 0.9936751 0.9932532 0.9934744 0.9935433 0.99326193 0.9903459 0.98924494 0.99205256 0.99306303 0.9947193 0.9958515 0.99538153 0.9983568 0.9981743 0.9959605 0.9924357 0.9922714 0.9906289 0.9898501 0.9823146 0.9856095 0.9927635 0.9920329 0.98783433 0.9939903 0.992138 0.9868324 0.98772025 0.9947602 0.9956097 0.99505246 0.9960025 0.9957094 0.9934186 0.9938214 0.9963868 0.99601287 0.99604166 0.9945388 0.9939204 0.9952136 0.9967409 0.99388653 0.9911097 0.9917734 0.9948204 0.99122936 0.99447775 0.9936551 0.99439573 0.99525845 0.9923523 0.99479973 0.9924809 0.9932403 0.99368423 0.99420077 0.9945075 0.99259025 0.9943213 0.99378884 0.9932432 0.9918375 0.99343544 0.9942904 0.9965898 0.9941133 0.99593836 0.99359936 0.99544185 0.9967632 0.99649066 0.99695355 0.99480665 0.99517864 0.9949689 0.9952934 0.9933162 0.9973347 0.9974188 0.9966741 0.9959733 0.99667543 0.9960082 0.99612784 0.99639845 0.9958712 0.9957058 0.9952493 0.99526983 0.9923352 0.99444366 0.9938289 0.9940917 0.99547714 0.9954684 0.99588734 0.9873108 0.9884054 0.98925644 0.99046934 0.99067336 0.9910434 0.9872669 0.9901873 0.99851537 0.99999934 0.9992169 0.99475825 0.9943991 0.9955161 0.99612844 0.98854864 0.9898964 0.9886717 0.98540926 0.9957761 0.99521613 0.9942299 0.9916266 0.99126047 0.99430805 0.9936565 0.9936214 0.9920951 0.99286914 0.9942122 0.9930528 0.9923153 0.9959645 0.9939413 0.9964282 0.99469835 0.99285465 0.9954826 0.99407125 0.99196714 0.9918954 0.9941879 0.99161124 0.9906101 0.99697167 0.9966947 0.99426746 0.99439085 0.9939134 0.9946847 0.9933477 0.9959977 0.9947448 0.99619377 0.99425405 0.9943538 0.99634576 0.9929458 0.9953894 0.9937316 0.99581736 0.99660474 0.9958618 0.9942513 0.99590224 0.99239725 0.9939546 0.9943527 0.9909463 0.99342835 0.99340427 0.9918096 0.9947237 0.9916373 0.9892601 0.98978007 0.9935281 0.9938687 0.99345577 0.99446344 0.99281585 0.99365795 0.99169576 0.9933995 0.992093 0.9917904 0.98794544 0.9866977 0.9901991 0.99330324 0.9918378 0.9956262 0.994303 0.9924823 0.992346 0.9917482 0.9852768 0.98841006 0.9962158 0.9940018 0.99345434 0.9947258 0.9929855 0.99299824 0.9921125 0.99614406 0.9919274 0.9872711 0.99226916 0.9940305 0.9947906 0.9950183 0.99132454 0.9941032 0.98964745 0.9930202 0.99422973 0.9927984 0.99215466 0.9907886 0.9940994 0.9958862 0.994001 0.99437386 0.9935512 0.9952979 0.99499315 0.99379325 0.9935459 0.9951139 0.99702036 0.996759 0.99461365 0.99201065 0.9949174 0.9954685 0.9947554 0.9949889 0.99512625 0.9946734 0.995668 0.992812 0.9946021 0.9921943 0.99518925 0.99425215 0.99273515 0.9921461 0.9950719 0.99238735 0.9919546 0.9896954 0.9932057 0.99413574 0.99176157 0.9927055 0.9951215 0.99388003 0.99504524 0.9930321 0.9940617 0.9927572 0.9956576 0.99551076 0.99424356 0.9923475 0.99640214 0.99515355 0.9953071 0.99524415 0.99441224 0.994714 0.9947391 0.99273324 0.99018776 0.9929439 0.9975575 0.9972247 0.99628484 0.99481696 0.9960155 0.99659437 0.9961023 0.995854 0.99515617 0.9958529 0.99581033 0.9959322 0.9946107 0.9923528 0.99112487 0.99186236 0.99520534 0.9965519 0.9958766 0.9960379 0.9853016 0.9833982 0.98130965 0.99406046 0.9933498 0.9923694 0.9958717 0.9955077 0.99573344 0.99538046 0.9937025 0.993899 0.9917906 0.98555064 0.9948957 0.9930132 0.9938726 0.98975945 0.99023575 0.98707056 0.98586065 0.9918852 0.9909436 0.9927335 0.9907424 0.9890197 0.98752755 0.9872061 0.98597157 0.9953698 0.9950805 0.99399143 0.99352884 0.99430764 0.99306834 0.99353504 0.99406713 0.99520105 0.9954162 0.9942588 0.99408805 0.99502623 0.9921048 0.9952619 0.99528575 0.99561554 0.99233985 0.99240696 0.98792803 0.9941355 0.9882454 0.9899224 0.99536407 0.99109954 0.98736745 0.9871062 0.98976576 0.9949027 0.98659855 0.992849 0.99050236 0.9939468 0.992875 0.9939021 0.99600697 0.9952368 0.99408656 0.99478185 0.99189776 0.9919588 0.99372417 0.9920596 0.9933293 0.9913977 0.99405426 0.9927461 0.99190855 0.99172646 0.9957297 0.993057 0.99319965 0.99424195 0.9952903 0.9944861 0.9948363 0.99351776 0.99492747 0.9952283 0.9953515 0.9967421 0.9960187 0.9936052 0.9948802 0.9954971 0.98979944 0.9905705 0.99029905 0.9946735 0.99532056 0.9945885 0.9958597 0.9953775 0.9943127 0.9949787 0.99523294 0.9950311 0.9942707 0.99526286 0.99599874 0.99578446 0.99481696 0.9952305 0.99478596 0.99628687 0.9948173 0.996587 0.9955436 0.9971356 0.99597335 0.9966658 0.99658567 0.99635 0.9969274 0.99559623 0.9963654 0.9949956 0.9948212 0.9954357 0.99494237 0.99542046 0.9969917 0.9953868 0.9948706 0.99549925 0.99593043 0.9953025 0.99361885 0.995713 0.9963906 0.99672747 0.99598837 0.99439365 0.9963467 0.99616224 0.99718744 0.9960284 0.995914 0.99551135 0.99561894 0.99533606 0.994478 0.9923534 0.99347836 0.9939352 0.9943558 0.9934613 0.9962004 0.9959844 0.99498975 0.9966951 0.9965308 0.99530643 0.99619734 0.9955634 0.9959335 0.99073225 0.98872584 0.9844028 0.98699695 0.98857284 0.9874827 0.98569643 0.98223865 0.99330986 0.99374306 0.9950451 0.99595314 0.99546397 0.99622434 0.99523175 0.995031 0.99512845 0.9949616 0.9939211 0.9952587 0.9953397 0.99660593 0.99691206 0.9962906 0.99574375 0.9905348 0.9898035 0.98679286 0.99154884 0.99349606 0.9924401 0.993092 0.9903374 0.99276316 0.98937285 0.9857645 0.99093676 0.98660016 0.9893954 0.99064964 0.9847118 0.98497283 0.98736185 0.98902094 0.9907384 0.98695123 0.9827357 0.98533684
JanxicxVelislav_SRP18992VelislavJLutajuceDuse-L2_3 0.99023616 0.99407357 0.99339455 0.9917419 0.99316317 0.99185324 0.9889968 0.9844035 0.9966962 0.99545985 0.9964938 0.99662346 0.9959811 0.99637425 0.9958563 0.9935118 0.9925606 0.9925828 0.99421895 0.9969054 0.99524033 0.9956434 0.9934786 0.99297017 0.99311227 0.99226457 0.99330336 0.99095786 0.9936997 0.9934911 0.9923274 0.9946177 0.99393666 0.9873464 0.9849384 0.9909009 0.989342 0.9884208 0.9938594 0.99416924 0.9945048 0.9945618 0.9937584 0.9917219 0.9896239 0.99212503 0.9941729 0.99553984 0.9965073 0.9963598 0.9987369 0.99835306 0.9966649 0.99264073 0.99234354 0.9916667 0.9905918 0.9831201 0.98698676 0.99417293 0.9932872 0.98927337 0.9940849 0.9922929 0.9871572 0.98806006 0.9954065 0.9955952 0.9959077 0.99616045 0.9962986 0.9925512 0.9944172 0.997668 0.99680024 0.99740875 0.9946727 0.99401367 0.995934 0.9976246 0.99483436 0.9924195 0.99282086 0.99521345 0.99225587 0.99523455 0.9950078 0.995395 0.99643624 0.99286586 0.9951908 0.9940357 0.99404967 0.99442005 0.99470204 0.99560463 0.9934141 0.9954058 0.994388 0.9941669 0.992453 0.9945677 0.9955022 0.99761933 0.9958202 0.9957807 0.99471474 0.996307 0.9974032 0.99704146 0.99764735 0.9959909 0.9960436 0.9959878 0.99615103 0.99446607 0.99725515 0.99742997 0.99656516 0.9960786 0.99676085 0.9958422 0.9968334 0.99720055 0.9967995 0.9960952 0.99659944 0.99545634 0.9919857 0.9945857 0.99452555 0.9945137 0.9963902 0.9963261 0.99626356 0.98895496 0.9892756 0.9901157 0.9911969 0.9911829 0.99188733 0.9881387 0.9911497 0.9978099 0.9992169 0.99999994 0.99462485 0.9939169 0.99548274 0.9963968 0.9881108 0.98895955 0.9882666 0.9845462 0.9966514 0.9959723 0.9952633 0.99311453 0.992971 0.9945087 0.9941634 0.99404955 0.9926967 0.9934162 0.9948156 0.9942208 0.99326056 0.9966682 0.9944427 0.9971422 0.99560106 0.99392855 0.9965167 0.9951152 0.9930848 0.99333644 0.99493206 0.99323195 0.9924572 0.99733573 0.9976069 0.9955939 0.99569476 0.9950168 0.9951765 0.9941482 0.99641347 0.9958485 0.99712527 0.99482435 0.99494004 0.9970018 0.9943131 0.99618036 0.9950234 0.99667674 0.997178 0.9957809 0.9940043 0.99621505 0.9928743 0.99506605 0.9953094 0.9923887 0.9935678 0.9935482 0.9924554 0.99561477 0.99156106 0.98880625 0.9898299 0.99460304 0.99470735 0.99352217 0.99518764 0.99417305 0.9942363 0.9928249 0.9947258 0.9927348 0.9926276 0.9897597 0.98851335 0.9917788 0.9944706 0.99291605 0.996281 0.9949022 0.99324864 0.9926363 0.9927717 0.98366845 0.9876218 0.9964998 0.99376756 0.99199 0.99409276 0.99346745 0.99087995 0.9911101 0.99629503 0.99235725 0.9874599 0.99197245 0.9936095 0.9938041 0.99461156 0.9907832 0.993653 0.9880086 0.9929714 0.9943514 0.9929609 0.9915924 0.9896333 0.9938604 0.9954142 0.9937676 0.9939304 0.9932866 0.9947098 0.99440044 0.9940442 0.9926513 0.9947505 0.997223 0.9969483 0.99481875 0.99208444 0.9960031 0.9966933 0.995651 0.9956572 0.9962367 0.9950459 0.9960574 0.99230695 0.99470055 0.9926591 0.9956511 0.994755 0.992189 0.9913763 0.995829 0.99254936 0.9916785 0.98938245 0.9926184 0.993558 0.9922242 0.9921643 0.9950736 0.9936857 0.9952776 0.9926512 0.9941287 0.9931346 0.9958396 0.9954547 0.99416924 0.99271965 0.9968835 0.9966127 0.9963679 0.99656856 0.9957903 0.9962461 0.9961828 0.9925422 0.9907538 0.9928912 0.9975318 0.9981279 0.9970105 0.99503446 0.9967798 0.9960949 0.99699324 0.9957584 0.9953506 0.9963476 0.99609697 0.99642825 0.9953656 0.99350405 0.9924605 0.9927329 0.9963347 0.99758756 0.99699616 0.9970551 0.9865542 0.9850696 0.9826951 0.9952173 0.99475336 0.9937357 0.9963208 0.9966796 0.99723125 0.9968993 0.9953071 0.9949496 0.99367225 0.9872728 0.99567366 0.99421287 0.9949125 0.99084187 0.99187815 0.9884361 0.9872958 0.9924584 0.9918324 0.99338156 0.9916725 0.9895665 0.9884855 0.9879184 0.9884274 0.9960792 0.9953525 0.99534154 0.9948352 0.9952723 0.99331754 0.99280256 0.99340236 0.9949244 0.99515 0.9941074 0.9941454 0.99557525 0.99361295 0.99558675 0.9957552 0.996109 0.9936914 0.99347144 0.989908 0.99468255 0.9901919 0.9916122 0.9959338 0.99244136 0.9893395 0.98889494 0.9914667 0.99475586 0.988302 0.99361277 0.99192417 0.99430376 0.9934014 0.9952728 0.9972486 0.99671847 0.9957544 0.9959606 0.99269843 0.9916089 0.99248445 0.99125165 0.99281955 0.99144197 0.9936134 0.9922661 0.9919221 0.9916219 0.99651164 0.99417806 0.99369967 0.9946731 0.99650586 0.99487615 0.9950003 0.9941281 0.99574184 0.9961623 0.9967699 0.9971851 0.99725634 0.99423665 0.99531853 0.9962538 0.9896514 0.9904747 0.99047506 0.9959873 0.9958825 0.9952388 0.9967179 0.99599653 0.99505097 0.99581355 0.99611366 0.9953308 0.99530524 0.99452204 0.9956841 0.99594986 0.9952557 0.9955184 0.9953723 0.9964872 0.9950762 0.9964751 0.99577606 0.996979 0.9958947 0.99698764 0.9963032 0.9965875 0.99730164 0.994756 0.9972868 0.996682 0.9959721 0.996404 0.99552506 0.99521255 0.99778104 0.9959238 0.99517906 0.9958954 0.9960929 0.99517095 0.99309444 0.9960917 0.99649715 0.99710166 0.9960728 0.99386245 0.9967006 0.9969545 0.9979729 0.99677205 0.996407 0.9964612 0.995637 0.9956877 0.99484783 0.9923049 0.9942527 0.99467176 0.99529624 0.9936268 0.9966245 0.99668837 0.9962882 0.9976572 0.9971268 0.995993 0.99712914 0.9958893 0.9968146 0.99197143 0.9897528 0.98586017 0.98832476 0.9903295 0.9891408 0.98725414 0.9836981 0.99236226 0.99310493 0.9945721 0.9958881 0.995796 0.9960289 0.9946074 0.99497414 0.99516094 0.99394274 0.9929707 0.994122 0.9948459 0.99648863 0.9968412 0.9960549 0.99667704 0.9924067 0.99136746 0.9887987 0.99342364 0.99511653 0.9943744 0.9949105 0.99242383 0.99414504 0.9913932 0.9879673 0.9925933 0.98890686 0.9913433 0.99267185 0.9874071 0.98772013 0.9899316 0.9912379 0.99257237 0.98728883 0.98331517 0.9860193
JevticxaStevanaJ_SRP18911StevanJJDanica-L2_1 0.9914694 0.99635667 0.9946729 0.98991436 0.9912187 0.99611783 0.9939773 0.9929216 0.9936111 0.99167967 0.9930727 0.99523455 0.9919735 0.99179274 0.9940582 0.9909223 0.9912925 0.99266315 0.99426234 0.9935245 0.98915625 0.9909857 0.9932529 0.9917664 0.991484 0.9887366 0.9908085 0.9862036 0.9914769 0.9890451 0.98954177 0.9919206 0.9898584 0.98202294 0.97903234 0.9917456 0.9906133 0.9873599 0.9945947 0.99441916 0.99299675 0.9915089 0.9944414 0.99002504 0.9923875 0.9937228 0.9926805 0.9934109 0.9937301 0.99286395 0.9963041 0.99590975 0.99501187 0.9955775 0.99549955 0.9937707 0.9940095 0.98761165 0.99017644 0.99372655 0.994045 0.99100286 0.995151 0.99453336 0.9918588 0.9928831 0.99588716 0.9963973 0.995941 0.99728024 0.99740404 0.997053 0.99694824 0.99594605 0.99667066 0.99485064 0.99591374 0.9956272 0.99710214 0.9961437 0.9958828 0.99311644 0.9951362 0.99299514 0.99042016 0.99403304 0.99202865 0.99470603 0.99405724 0.9944327 0.9952118 0.9895902 0.9960048 0.9936266 0.99363035 0.99597424 0.99450696 0.9950625 0.9948564 0.9937144 0.9928856 0.9931183 0.99290663 0.9937663 0.99102455 0.9956174 0.9910656 0.99211395 0.9950761 0.9938357 0.9941579 0.99311674 0.9944665 0.99437153 0.9957573 0.9919963 0.9969522 0.9961105 0.9959613 0.9960731 0.9962919 0.9951648 0.99607444 0.9951031 0.9954521 0.9966923 0.994703 0.99594355 0.9965769 0.9965648 0.99562377 0.9962404 0.9957955 0.9958994 0.996418 0.98842734 0.9923941 0.99401975 0.99298257 0.9927454 0.990384 0.9872561 0.99023837 0.996252 0.99475825 0.99462485 1.0000006 0.9988918 0.9992051 0.9987552 0.9952494 0.9962087 0.9954208 0.9938925 0.99603057 0.9946847 0.9936844 0.99088466 0.9907138 0.9937373 0.9928567 0.99199504 0.99130756 0.9926511 0.9929701 0.9907569 0.9915794 0.99412054 0.9950118 0.99518263 0.99382484 0.98914087 0.99169344 0.99095494 0.98796445 0.98924255 0.99341923 0.98963225 0.98774225 0.99551183 0.9934626 0.99067855 0.9909114 0.9908394 0.98878276 0.9864834 0.99553734 0.9955169 0.9956303 0.99594086 0.99161875 0.9931586 0.98866624 0.9932082 0.9909335 0.9945047 0.9957937 0.99816346 0.9981742 0.9973484 0.9966244 0.99550015 0.9965761 0.9945605 0.9977766 0.9960027 0.9949 0.9951796 0.99529076 0.9934935 0.99367934 0.9941709 0.9927957 0.9927999 0.99474037 0.99067235 0.9937794 0.9913639 0.9916141 0.9936559 0.9934621 0.98949087 0.98834443 0.9907495 0.99399054 0.99358475 0.9939195 0.99521303 0.9948205 0.9952199 0.99276215 0.989378 0.9924718 0.9961033 0.99626404 0.99611557 0.99614984 0.9956309 0.99495703 0.9952435 0.99479866 0.98709315 0.9794502 0.9870787 0.99041545 0.9966833 0.9957641 0.99545705 0.9965512 0.9944664 0.99651986 0.995947 0.9961522 0.99688625 0.9952741 0.99790114 0.9968262 0.9967902 0.9974973 0.99429286 0.99697 0.9967726 0.9951941 0.9954118 0.9971985 0.99731004 0.99671656 0.9952442 0.9942756 0.9957947 0.9951357 0.99641365 0.99714077 0.99627304 0.99796176 0.99695444 0.99603975 0.99537075 0.9924191 0.9946958 0.9945225 0.9959939 0.99556786 0.99514496 0.9936376 0.99566096 0.99479175 0.99591225 0.995866 0.99353933 0.9950715 0.99625134 0.99621975 0.99608845 0.99771184 0.99841934 0.9982085 0.99810946 0.99770766 0.99813956 0.9975384 0.99226433 0.98904485 0.99086607 0.9892179 0.9881886 0.9888045 0.98946154 0.9927311 0.991598 0.99462855 0.9959946 0.99485934 0.9960997 0.9967086 0.99557227 0.99760425 0.99707556 0.9963671 0.99617493 0.9950484 0.9958946 0.99552315 0.99375874 0.9911072 0.98981106 0.9913471 0.99505407 0.995263 0.99510694 0.99488187 0.989189 0.98594344 0.98477787 0.99250346 0.9890338 0.989241 0.9973108 0.9951757 0.9950674 0.9956632 0.9933121 0.9947433 0.9911696 0.9863384 0.99605066 0.99482834 0.9953771 0.9927015 0.991678 0.9905224 0.98797566 0.99397916 0.99444246 0.9955931 0.9936657 0.99377704 0.99247867 0.9914169 0.9824448 0.99557424 0.99649304 0.99420446 0.99451005 0.9954647 0.99553365 0.9959475 0.995801 0.9958527 0.99667215 0.9957708 0.9955847 0.99526364 0.99042124 0.9952645 0.99514604 0.9948908 0.99127454 0.9912793 0.9848878 0.9944277 0.9848816 0.98613155 0.9931191 0.9878738 0.98174876 0.9831648 0.98566896 0.9958979 0.98509705 0.99429345 0.98866314 0.99475014 0.9950904 0.9893427 0.9905074 0.98983353 0.9886982 0.99154675 0.98934263 0.9939834 0.99614733 0.994272 0.9949871 0.993855 0.9953044 0.99461645 0.99379325 0.994191 0.99443823 0.99316245 0.9925669 0.99470556 0.9927305 0.9948071 0.9941748 0.99213874 0.9956561 0.9961394 0.9958586 0.9979754 0.99617696 0.99792165 0.9976172 0.9979215 0.99648637 0.9952026 0.9954234 0.99343276 0.99698055 0.9973419 0.9967967 0.99691385 0.9956542 0.99611956 0.99648666 0.9957216 0.9921613 0.9964473 0.9954355 0.9960399 0.99599844 0.9958977 0.99415886 0.99613714 0.99524134 0.99499184 0.9921241 0.9946982 0.995309 0.99456626 0.996372 0.9937859 0.99381065 0.99598086 0.9947524 0.99458975 0.99501616 0.9964212 0.99628025 0.9968056 0.99551636 0.996284 0.9975973 0.9971175 0.9980893 0.99799263 0.99809223 0.99709785 0.99798286 0.9962239 0.99621665 0.9981539 0.9968516 0.99535733 0.99594295 0.99617577 0.996998 0.9954674 0.99734914 0.9972777 0.99726456 0.9965153 0.99678946 0.99588454 0.99732953 0.99696445 0.99654406 0.99526954 0.9922809 0.99561465 0.9957482 0.99390167 0.99534315 0.9955477 0.99508256 0.9904136 0.9892195 0.98559093 0.98845935 0.98722726 0.9879064 0.9868162 0.98474383 0.99690306 0.9965167 0.9969875 0.9966537 0.99498 0.9966291 0.99688405 0.99672437 0.9965418 0.9966596 0.99674225 0.9965251 0.996771 0.9959487 0.99503386 0.99521065 0.9916048 0.9850085 0.982686 0.9785279 0.98503786 0.98752207 0.9865051 0.9864305 0.9840178 0.99031013 0.9857168 0.981077 0.9862934 0.9839626 0.9846987 0.98555374 0.9804749 0.97945344 0.9827619 0.9835763 0.9874518 0.99249655 0.9890676 0.98964655
JevticxaStevanaJ_SRP18911StevanJJDanica-L2_2 0.99053234 0.9959902 0.9933817 0.9881533 0.9897535 0.996008 0.99330235 0.99162257 0.99273247 0.9906296 0.99217963 0.99474365 0.99072653 0.99062616 0.9931382 0.98987997 0.9898901 0.99147016 0.9936577 0.9929578 0.98822117 0.9897842 0.9938872 0.9918858 0.99105644 0.9873877 0.99006766 0.98471826 0.99031293 0.9874606 0.98751485 0.99095756 0.98829406 0.9809742 0.9774432 0.9911032 0.99035543 0.9858579 0.99454975 0.99401087 0.9923655 0.9908053 0.9944412 0.98868656 0.99193966 0.9940587 0.99214786 0.9925411 0.9935079 0.9915013 0.9956792 0.99513304 0.9936393 0.99409527 0.9938963 0.9926508 0.99325466 0.9863393 0.9888265 0.9928637 0.99302316 0.9901762 0.9948935 0.9941866 0.9923486 0.99310404 0.9949875 0.9962979 0.9954326 0.99743867 0.9965786 0.99745435 0.99693924 0.99528253 0.99649495 0.9938905 0.9964038 0.9958138 0.9964332 0.99624455 0.9960573 0.9919954 0.9942729 0.9918716 0.98911715 0.99324965 0.9911025 0.9936696 0.9932516 0.99332464 0.99430835 0.98781544 0.99500036 0.9929273 0.99288297 0.9948809 0.9933193 0.99440557 0.9936452 0.99216646 0.9921358 0.9923367 0.9919266 0.99283034 0.98990333 0.99476975 0.9892117 0.99073017 0.9940881 0.9928092 0.99309164 0.9920436 0.9930465 0.993302 0.99437165 0.99073637 0.9964717 0.9961269 0.99635243 0.99612635 0.9965092 0.9951049 0.9959144 0.9951653 0.995673 0.99721295 0.9940365 0.9965087 0.9976882 0.9975811 0.9963834 0.99697083 0.9960378 0.9961443 0.99698883 0.9865548 0.991633 0.9928804 0.9921542 0.9910989 0.98896515 0.9854306 0.9886885 0.9958912 0.9943991 0.9939169 0.9988918 0.9999994 0.998793 0.9984002 0.99522495 0.9968479 0.9953958 0.9949085 0.9948584 0.99354804 0.9923307 0.9899236 0.9897245 0.99233824 0.9910994 0.9905075 0.9895467 0.9911079 0.99129236 0.9887505 0.9896807 0.99304247 0.9930966 0.9938363 0.9918902 0.987261 0.99045956 0.9892746 0.98601073 0.9874034 0.9921227 0.98761123 0.9862465 0.9947831 0.99240136 0.98903984 0.98921984 0.98964494 0.98722017 0.9847088 0.9949126 0.9943411 0.99419844 0.9945539 0.99043244 0.9923918 0.9870472 0.9921566 0.98965776 0.9940084 0.9952731 0.9982494 0.99844474 0.99646676 0.9953082 0.9948257 0.99581003 0.99380946 0.99754936 0.99440354 0.9927779 0.99390286 0.9931984 0.9915567 0.991876 0.99286485 0.9917356 0.9925499 0.99397165 0.9892607 0.99325013 0.9899733 0.99072486 0.9929166 0.99244714 0.9872364 0.9861138 0.988731 0.992011 0.9915511 0.99217 0.99410427 0.9929557 0.99390304 0.99098676 0.9905279 0.9930368 0.99479 0.9952978 0.9962169 0.9955821 0.99353415 0.99519026 0.9936341 0.9932903 0.98488736 0.9771716 0.98499995 0.9884515 0.9956749 0.9948657 0.9957803 0.9969822 0.99642384 0.9958813 0.9954932 0.99585456 0.99717706 0.9965928 0.9981296 0.9973705 0.9960124 0.99804205 0.99494797 0.9975886 0.99729866 0.99471295 0.99595356 0.99723244 0.9969338 0.99616176 0.99473447 0.9937015 0.99467313 0.9944697 0.99564666 0.99709684 0.9954276 0.9978437 0.9968911 0.99661916 0.9958365 0.9922006 0.994413 0.9943013 0.99620396 0.99647254 0.99447966 0.9931725 0.9956943 0.9951206 0.99714357 0.9966716 0.99364275 0.9956542 0.9967533 0.9963201 0.9956503 0.9976552 0.99780816 0.9968761 0.997795 0.99692535 0.9976676 0.99706143 0.990995 0.9876673 0.9895683 0.9878083 0.9867244 0.98739195 0.9879048 0.9931268 0.991436 0.99455655 0.9956277 0.9943963 0.9957566 0.9968736 0.99562156 0.9976513 0.99677014 0.99626243 0.9955362 0.99389285 0.99510586 0.9943746 0.9927906 0.989773 0.98829085 0.98987144 0.9941497 0.9943222 0.99411094 0.9943998 0.987537 0.984311 0.98300093 0.99088836 0.9875987 0.987865 0.99698436 0.9941422 0.99399334 0.9946289 0.991772 0.993701 0.9892733 0.98405594 0.99511904 0.9929558 0.993624 0.9913398 0.9895268 0.9883571 0.98572636 0.9929466 0.9924346 0.99415046 0.9916028 0.99209297 0.9904128 0.98894864 0.9801222 0.9957692 0.9974528 0.99435407 0.9949781 0.99611855 0.9962411 0.99598265 0.9957084 0.99601203 0.9967788 0.99544233 0.99549246 0.9944957 0.9894313 0.9957642 0.9949499 0.9951676 0.9907935 0.9907063 0.98392045 0.99404067 0.9832985 0.9847182 0.992269 0.986406 0.9802691 0.98159677 0.9844278 0.99574155 0.98402524 0.99374866 0.98790497 0.99460673 0.9949417 0.98785174 0.9891648 0.9885403 0.9873316 0.9902417 0.9878014 0.994319 0.9973086 0.9959669 0.9963237 0.9944074 0.9967188 0.99544924 0.9943618 0.9946025 0.9936156 0.9917718 0.9909395 0.99434286 0.99165237 0.99347466 0.9932095 0.99054873 0.9942417 0.99503934 0.994934 0.9971811 0.99553794 0.99781716 0.99743676 0.99713314 0.99620366 0.99522203 0.995626 0.9921572 0.99615115 0.9966289 0.9956741 0.99593675 0.9951596 0.9955413 0.99565446 0.9950696 0.99142295 0.99723715 0.995874 0.99585867 0.9960414 0.99607986 0.9940533 0.9956542 0.9949068 0.9952646 0.992152 0.99421555 0.995685 0.9943382 0.99646777 0.9937165 0.9935706 0.9967444 0.99374676 0.99359065 0.99442893 0.9958331 0.9961438 0.9974122 0.99552226 0.99528897 0.99744296 0.99751997 0.9976762 0.99761456 0.998021 0.9963843 0.9978159 0.9957634 0.9950359 0.9975342 0.9959 0.99515617 0.99522066 0.99499524 0.996213 0.9943148 0.99718904 0.9965762 0.99652225 0.99631137 0.99584764 0.99477124 0.99657977 0.9971527 0.99614835 0.99398077 0.9908774 0.994294 0.9942759 0.9921323 0.9940172 0.99407846 0.9938844 0.9889517 0.9879855 0.984046 0.98689675 0.9857861 0.9862388 0.98527724 0.9827494 0.9978574 0.9974603 0.99722236 0.9962296 0.9944809 0.9962414 0.99726963 0.9961592 0.9962244 0.9974936 0.9974387 0.9970092 0.99723274 0.9959438 0.99478614 0.99474186 0.9898512 0.9830892 0.98084134 0.9765262 0.9836949 0.98623 0.98503 0.98501086 0.9823499 0.98808414 0.9836254 0.97888297 0.98431 0.9813933 0.98242784 0.98357785 0.97792596 0.97724235 0.9803178 0.98134506 0.98538405 0.99186385 0.9881171 0.9887645
JevticxaStevanaJ_SRP18911StevanJJDanica-L2_3 0.9921448 0.99688613 0.9957215 0.99171865 0.99268955 0.9966466 0.9948724 0.99291474 0.99453354 0.99257135 0.9939941 0.9956151 0.99310744 0.9930714 0.994368 0.99180895 0.9915135 0.9927025 0.99422014 0.9943909 0.9904447 0.9920802 0.9936664 0.9924733 0.99222535 0.9900099 0.991639 0.98777056 0.9922593 0.99022233 0.99049455 0.99245614 0.9908887 0.9828783 0.9800056 0.99134856 0.990338 0.9874386 0.9949476 0.9950806 0.9939643 0.99298537 0.9951127 0.9912076 0.9923093 0.993835 0.99362385 0.9944212 0.9947531 0.99425995 0.99712324 0.9968101 0.9962055 0.9964862 0.99630386 0.99382454 0.9940344 0.98714936 0.99035525 0.99474865 0.9949856 0.9913763 0.9954409 0.9948048 0.9919736 0.9926383 0.99677974 0.9969408 0.99689317 0.99792147 0.9973413 0.9972034 0.9977824 0.99701196 0.9977126 0.9961532 0.99612993 0.9960072 0.9978372 0.99720937 0.9964825 0.99373317 0.9953709 0.9948187 0.99250394 0.995762 0.99399596 0.9962083 0.9957083 0.995824 0.9963166 0.9906315 0.99619174 0.99426097 0.9943106 0.9966414 0.995711 0.99643075 0.99566025 0.99503446 0.9936702 0.99381566 0.9937025 0.99472255 0.9926498 0.99585134 0.99253124 0.99355 0.99576724 0.99512124 0.9951761 0.9947635 0.9955562 0.99534285 0.99647826 0.99360824 0.9969918 0.9964647 0.99619585 0.9963965 0.99713683 0.9960108 0.9963817 0.99569446 0.9964731 0.9972755 0.9958575 0.9966496 0.9961198 0.9967145 0.9961523 0.9965785 0.9966957 0.9968749 0.99705535 0.98881567 0.9925131 0.9939026 0.9935257 0.9942535 0.9924394 0.9898387 0.99234635 0.99713427 0.9955161 0.99548274 0.9992051 0.998793 0.99999964 0.99926555 0.9941934 0.9954842 0.99447954 0.9929468 0.99632365 0.9950831 0.9943945 0.9926239 0.99265593 0.99523306 0.99448663 0.99322116 0.9929434 0.9937908 0.99427074 0.9922075 0.99284035 0.9950841 0.99561846 0.9958491 0.9945633 0.99111235 0.9933412 0.99277675 0.99017924 0.99134994 0.99373996 0.9901203 0.98864734 0.9959035 0.9941563 0.991781 0.9920153 0.9929668 0.9904816 0.98846817 0.9958573 0.996137 0.99628544 0.996741 0.9925725 0.9937494 0.9901036 0.9940006 0.9921582 0.9951716 0.9959228 0.99847424 0.99874353 0.99817693 0.9975803 0.9967474 0.99764943 0.9962325 0.9983923 0.99699426 0.99595726 0.99625045 0.9959885 0.9944389 0.99497277 0.9957204 0.9936762 0.99329925 0.99545324 0.99232125 0.994685 0.9929314 0.9932983 0.9940231 0.9942329 0.9906767 0.98967355 0.9920427 0.99437064 0.99404323 0.99526936 0.9958094 0.9953641 0.9953875 0.99373114 0.98841697 0.9921133 0.99597305 0.99645096 0.9957211 0.9961896 0.9961366 0.99399453 0.9951538 0.995356 0.98885024 0.9813861 0.9883204 0.9914961 0.9966667 0.99584895 0.9960841 0.9971593 0.99495876 0.9978868 0.9975994 0.9973969 0.9978622 0.99489695 0.9983656 0.9974498 0.9973565 0.9978476 0.99539655 0.9975495 0.9978289 0.99623436 0.99556094 0.99785614 0.99789536 0.9976016 0.9964918 0.9955845 0.9960048 0.99571234 0.996788 0.99729747 0.99702317 0.9979938 0.9971959 0.9964566 0.9960247 0.9936702 0.99581677 0.9959009 0.996539 0.9958588 0.9962947 0.99497926 0.9964214 0.9953541 0.9961927 0.99643373 0.99468637 0.99529105 0.9969388 0.9968913 0.99692667 0.99761134 0.9983735 0.99818975 0.99826056 0.99812585 0.9983961 0.9977702 0.99403334 0.9906884 0.99244505 0.9910703 0.9902518 0.9906422 0.99111336 0.99268025 0.99163115 0.9947008 0.9961837 0.9953581 0.99637175 0.9966712 0.9961318 0.997681 0.99735564 0.9961486 0.9958959 0.9957748 0.996488 0.9963593 0.99485564 0.9925842 0.9917758 0.99306345 0.99570096 0.99577445 0.99555683 0.9955294 0.9903562 0.98776793 0.98648566 0.9943559 0.99142015 0.99176705 0.99734104 0.9959712 0.9957914 0.99642676 0.9942714 0.9953785 0.9922539 0.9869662 0.99632484 0.9954259 0.9957643 0.9926927 0.99225694 0.99081063 0.9885937 0.9938155 0.9940837 0.9951803 0.9935944 0.9931803 0.99199337 0.991123 0.98544914 0.99655706 0.99697125 0.99527574 0.995461 0.9963976 0.9963983 0.9966454 0.99693435 0.9970246 0.99767274 0.99721825 0.99687535 0.9953921 0.9915341 0.9957126 0.9953747 0.99537176 0.9923586 0.99207217 0.98662984 0.99464357 0.98629844 0.9874724 0.9938211 0.9894365 0.9838747 0.9848709 0.98745984 0.9957965 0.9860934 0.99435055 0.98972374 0.99492854 0.9952837 0.9911803 0.99209964 0.9916097 0.9902953 0.9927365 0.9910895 0.9942385 0.9962598 0.99478114 0.99519265 0.9945152 0.99564725 0.99488866 0.9944229 0.9947332 0.9951867 0.99382186 0.9934344 0.99563825 0.9940202 0.995264 0.99487454 0.9933082 0.99677336 0.99755263 0.99723274 0.9986265 0.99729985 0.9983254 0.9983673 0.99836046 0.99709404 0.99631655 0.9960652 0.99510485 0.99776876 0.9980022 0.9973431 0.99756587 0.99698824 0.9974451 0.99783045 0.9969989 0.9943852 0.9974176 0.9966109 0.9976669 0.9973689 0.9975165 0.9963185 0.9969471 0.99642134 0.9957601 0.9936742 0.9955806 0.9962212 0.99599254 0.9968042 0.99431324 0.99454343 0.9960814 0.9957739 0.99549574 0.9958676 0.9969326 0.99706525 0.99751616 0.9966835 0.99720305 0.99841577 0.99813354 0.998829 0.9985223 0.99794596 0.99757874 0.99836755 0.9975239 0.9975084 0.9982995 0.9975344 0.9962758 0.99692404 0.9975258 0.99775183 0.99651164 0.9979373 0.9982023 0.9978976 0.9972075 0.9976762 0.9970655 0.99776 0.9969989 0.9972599 0.99610484 0.9937322 0.996384 0.99658674 0.9948827 0.9962581 0.9964779 0.99621797 0.9911449 0.98953414 0.98606205 0.9887159 0.988457 0.9886153 0.98727864 0.9846999 0.99678624 0.996874 0.99762297 0.9976885 0.9967429 0.99773055 0.9977588 0.9978674 0.99778813 0.9964149 0.9966871 0.9965907 0.99738413 0.99706286 0.99592197 0.9965476 0.99258876 0.9871677 0.9851612 0.98149997 0.9866915 0.9890599 0.98821807 0.9880086 0.98622966 0.991645 0.98737484 0.98349035 0.98844504 0.9855902 0.98643166 0.98779845 0.98285186 0.98195046 0.98486185 0.9856745 0.98922884 0.99192643 0.9886593 0.9895512
JevticxaStevanaJ_SRP18911StevanJJDanica-L2_4 0.9904486 0.9959411 0.994704 0.9908917 0.9920625 0.99537224 0.9933258 0.9900584 0.99531204 0.9932149 0.99448454 0.9960732 0.9938491 0.99392176 0.99513984 0.9925124 0.992011 0.9929104 0.994633 0.99508977 0.9914913 0.9926915 0.99348015 0.9924549 0.99194324 0.989843 0.99141914 0.98786634 0.99278414 0.99113417 0.9909774 0.9930734 0.99171144 0.98335296 0.9803566 0.9915216 0.9903531 0.98754734 0.99478656 0.99534744 0.994309 0.99317944 0.99467224 0.99109346 0.9914536 0.9936379 0.9939159 0.99468887 0.99553883 0.99417824 0.9975171 0.9969123 0.9958051 0.99479294 0.99480987 0.99309224 0.9931193 0.9855475 0.9890781 0.99438506 0.99423796 0.9908367 0.9947838 0.99379957 0.99060094 0.9915166 0.996006 0.99633235 0.99638927 0.99817187 0.9973263 0.9970177 0.9975689 0.9978448 0.9980545 0.99684346 0.99653834 0.99605644 0.99751246 0.9979427 0.99691457 0.99237734 0.9941643 0.9944426 0.99195606 0.9955454 0.9938983 0.99587405 0.99591 0.99434745 0.9957261 0.99092484 0.99581426 0.9946301 0.99487054 0.99638605 0.9949784 0.9963963 0.99548376 0.994603 0.9936046 0.9941376 0.9943569 0.99572814 0.99321425 0.9956826 0.9926261 0.9939363 0.99665624 0.99562943 0.99602467 0.99505305 0.9954238 0.99539113 0.9966308 0.99329466 0.99782366 0.9978132 0.99739414 0.99755937 0.9981241 0.9969755 0.9972469 0.9971891 0.99762744 0.9980661 0.9965377 0.9973992 0.9958104 0.9972386 0.9965967 0.9971134 0.99720657 0.99739254 0.99751943 0.98898596 0.9918555 0.9930675 0.99285984 0.9925387 0.9914412 0.988153 0.9911363 0.99646616 0.99612844 0.9963968 0.9987552 0.9984002 0.99926555 0.9999993 0.9932579 0.99499524 0.99377155 0.99204963 0.99718624 0.9959733 0.99532187 0.99207896 0.99208724 0.9949567 0.9939169 0.9934955 0.99248314 0.9935441 0.99419194 0.99200165 0.9922965 0.9956719 0.9949913 0.9965696 0.9948981 0.99144393 0.9943028 0.99329305 0.99076134 0.99163103 0.9939345 0.9904575 0.98887366 0.99631 0.9949435 0.99250764 0.9927286 0.992939 0.9917364 0.98984164 0.99657404 0.9964054 0.9970749 0.99608517 0.99324214 0.9952729 0.99140704 0.99508 0.99302775 0.99639004 0.9972934 0.998067 0.9976999 0.99748755 0.9958305 0.9962235 0.99694395 0.9950085 0.99724674 0.9958953 0.99462795 0.9960346 0.9942325 0.99221486 0.99285 0.99500585 0.9941428 0.9935815 0.99534446 0.9924378 0.9946552 0.99254775 0.99368083 0.9935739 0.99363756 0.9897558 0.98874754 0.991518 0.9944108 0.9936335 0.99512553 0.99582297 0.99496514 0.9951207 0.9934193 0.9874895 0.9911475 0.99638814 0.9958897 0.99485326 0.9958608 0.99498385 0.99337983 0.99351704 0.99552023 0.98926073 0.98252946 0.9887325 0.99183595 0.99564284 0.99542636 0.9945534 0.99691725 0.9940144 0.9967746 0.99680644 0.9961682 0.9963294 0.9942641 0.9976865 0.9972754 0.996204 0.9971691 0.9953954 0.9974204 0.9973315 0.99585056 0.99527603 0.9973716 0.9983224 0.9977046 0.9964716 0.9950161 0.99614185 0.99609727 0.9963843 0.9974822 0.9969946 0.99794513 0.9972166 0.99560136 0.99561024 0.99306977 0.9957696 0.9954056 0.99569654 0.9952115 0.99599475 0.9939717 0.9952152 0.99424946 0.99566966 0.99610686 0.9946739 0.99420124 0.996794 0.99614906 0.996148 0.9967496 0.99729115 0.9970063 0.99818486 0.99740756 0.9975697 0.99657357 0.9950524 0.99253106 0.99397117 0.9925592 0.9919014 0.99242765 0.9927926 0.9925316 0.9912424 0.9942154 0.9971787 0.9964584 0.9970109 0.99674916 0.9964927 0.99742645 0.9976585 0.9964776 0.9961286 0.9957522 0.9963656 0.996491 0.9947561 0.9922527 0.99152285 0.9925366 0.9961629 0.996449 0.9962841 0.9963645 0.988544 0.9862713 0.984364 0.9941783 0.9919048 0.9917502 0.997595 0.9965744 0.9965432 0.9967732 0.9944049 0.99530697 0.9924327 0.9870538 0.9962369 0.99520236 0.99580103 0.9928493 0.9924736 0.99044216 0.9884142 0.9939699 0.9938133 0.9951779 0.9933708 0.9925385 0.99150896 0.9905729 0.9856057 0.99734396 0.9975627 0.99600214 0.99663305 0.99731 0.9966927 0.99652594 0.99672556 0.99730104 0.99758637 0.99665153 0.9965511 0.99532115 0.99142414 0.99582434 0.9953406 0.9954491 0.9921962 0.9921401 0.986575 0.99436945 0.9863356 0.98758024 0.9940721 0.98924357 0.9844099 0.98466563 0.9878694 0.9955499 0.985952 0.99427885 0.9898426 0.9945253 0.99489784 0.99201953 0.99358106 0.9930347 0.9916213 0.99372673 0.9905906 0.99429184 0.99580455 0.9945303 0.9956234 0.9946373 0.99614555 0.9947068 0.9941787 0.9946375 0.9954953 0.993694 0.99295753 0.9952753 0.9945487 0.99507827 0.99481446 0.9931573 0.9967472 0.9974502 0.9976907 0.9986245 0.99791485 0.998485 0.9983967 0.9987593 0.9956111 0.9953429 0.9956034 0.9954604 0.9977099 0.99777085 0.99762774 0.9975018 0.99687546 0.99767965 0.99797237 0.9964535 0.99455726 0.9967649 0.9971815 0.99762535 0.997209 0.9972097 0.9961422 0.9972558 0.9966024 0.9967213 0.99503154 0.9965222 0.9968564 0.99670774 0.99750274 0.99592406 0.99590695 0.9965973 0.99649197 0.996584 0.99646944 0.99759626 0.997125 0.99747795 0.99717784 0.99687606 0.997413 0.99803466 0.9981245 0.9979781 0.997112 0.99778163 0.9986858 0.9977088 0.9966101 0.99717945 0.9974074 0.9967441 0.99751866 0.9972182 0.99780107 0.9966951 0.9975081 0.9974875 0.99736553 0.9961365 0.9970263 0.99625134 0.9978351 0.99728876 0.99793005 0.9965022 0.9944412 0.99718815 0.99679565 0.9947711 0.99705523 0.9960766 0.9966725 0.99064946 0.98912936 0.98487854 0.98791707 0.98816484 0.9878986 0.98653424 0.9837432 0.9965272 0.99693155 0.99749565 0.997562 0.99673796 0.9977858 0.99727833 0.99723184 0.9975154 0.99649715 0.9962583 0.9964225 0.99716973 0.99730885 0.9966211 0.99640644 0.9933981 0.987664 0.98605525 0.9826215 0.9880377 0.99014926 0.98911804 0.98943657 0.98728776 0.99228996 0.9883156 0.9844068 0.9892556 0.9864739 0.98756826 0.9889149 0.98358595 0.983312 0.9860937 0.9869645 0.9900544 0.9911545 0.9871867 0.9888359
JezdicxKostaD_SRP19062KostaJZlocinSvekrve-L2_1 0.9922326 0.99563503 0.99417925 0.9872752 0.98931086 0.9955046 0.993851 0.9928316 0.9891392 0.9895209 0.9897893 0.9928619 0.98720133 0.9868723 0.9927645 0.9902934 0.9919474 0.9937307 0.99489117 0.9900504 0.9853599 0.9876161 0.9925038 0.9917596 0.990997 0.98693824 0.99020094 0.9845352 0.990168 0.98643434 0.98753345 0.99001515 0.9874033 0.9830019 0.9795104 0.99490166 0.99478734 0.9908241 0.99483055 0.99341017 0.99197125 0.9888934 0.993681 0.9893469 0.99574476 0.9956949 0.99177504 0.9908285 0.9908518 0.9890193 0.9908917 0.9895559 0.98838484 0.99247414 0.9902067 0.9954363 0.9959997 0.9940489 0.9940382 0.9931627 0.99365336 0.99425054 0.99540424 0.99544 0.99620515 0.99706495 0.9920268 0.99248004 0.99086857 0.9926917 0.9943301 0.9948814 0.9930766 0.9906021 0.992277 0.9902983 0.99472195 0.9938458 0.99396473 0.99165666 0.9933604 0.991317 0.9942559 0.98634636 0.98467326 0.9876819 0.98557323 0.9888776 0.98861825 0.98997724 0.990011 0.98688304 0.99309236 0.990174 0.98979855 0.99063647 0.9887523 0.9888719 0.98933744 0.9879162 0.98973936 0.98989195 0.9880925 0.9856865 0.9830079 0.9908149 0.9837975 0.9844575 0.98870355 0.9859519 0.9864255 0.98594165 0.9877121 0.9888195 0.9892274 0.9855424 0.9922805 0.98971826 0.98978645 0.9901767 0.99083126 0.98837626 0.992687 0.99088734 0.99109066 0.9929438 0.9901994 0.9929229 0.99722093 0.9948735 0.9941914 0.9949088 0.9925385 0.9925851 0.99328715 0.9897052 0.9944965 0.9954714 0.9938907 0.9871822 0.9839757 0.9797636 0.98355323 0.9922621 0.98854864 0.9881108 0.9952494 0.99522495 0.9941934 0.9932579 1.0000001 0.99711 0.9952157 0.99543965 0.9933313 0.99283427 0.99156666 0.9876296 0.9864451 0.9877208 0.9883168 0.9858965 0.9870596 0.9879657 0.98809254 0.9856318 0.9893805 0.9901244 0.9918405 0.9899223 0.98932815 0.9831231 0.9856591 0.98497456 0.9818691 0.9839687 0.99165076 0.9881661 0.98680204 0.9931659 0.98911417 0.987303 0.98716027 0.9842948 0.9796674 0.9754986 0.99354875 0.99209946 0.9896977 0.9926363 0.9890676 0.9886355 0.9839067 0.9894029 0.98723775 0.99119264 0.99227166 0.9955751 0.99446875 0.99292195 0.9917982 0.9896791 0.9919226 0.99083704 0.99543536 0.9892981 0.98891807 0.98761684 0.9886878 0.98719376 0.9872627 0.987237 0.99182445 0.99310464 0.99324274 0.9883379 0.99263257 0.9904093 0.9889495 0.99454236 0.99387443 0.9885219 0.9880333 0.9894389 0.9921849 0.9931515 0.9881118 0.99379987 0.9933097 0.9945265 0.9918935 0.9935956 0.99453914 0.9926457 0.99389803 0.99409986 0.99265957 0.9907088 0.9925181 0.9930534 0.99027914 0.97987026 0.9695889 0.9795791 0.98308676 0.99240583 0.9919915 0.99672633 0.99475944 0.99139315 0.99314755 0.9918732 0.994454 0.9940288 0.99462044 0.99494874 0.99446535 0.99522084 0.9960318 0.989941 0.99314153 0.9925607 0.9897867 0.9912575 0.991925 0.9909359 0.9905014 0.98972374 0.988227 0.9922125 0.9909311 0.9938131 0.99469966 0.9921045 0.9935458 0.99333036 0.9965153 0.9951406 0.99121183 0.9929213 0.99296993 0.9958295 0.9961419 0.9929909 0.9934686 0.9942676 0.9919785 0.99532914 0.994262 0.9908488 0.996395 0.9945968 0.99562466 0.9944033 0.9953029 0.9948293 0.9940129 0.9949317 0.99373704 0.9931869 0.9931437 0.9854492 0.98030865 0.984511 0.98118466 0.9804912 0.98081815 0.98160124 0.993091 0.99263203 0.99271315 0.9908735 0.98999643 0.99276096 0.9946756 0.9926971 0.993388 0.99288094 0.99461985 0.99528164 0.9918403 0.9933687 0.99164397 0.99030787 0.98861766 0.9856038 0.98806435 0.992683 0.99108946 0.99185115 0.99234337 0.9902715 0.98696387 0.98667765 0.98513865 0.98056406 0.98014283 0.99541587 0.9918488 0.99165344 0.9921093 0.99106777 0.9938183 0.9892874 0.98825645 0.9945622 0.9920215 0.9926481 0.99411535 0.9906753 0.99137145 0.9892354 0.9952916 0.99502575 0.9954312 0.9934109 0.99607354 0.99471843 0.9934346 0.9766964 0.99166936 0.99359757 0.991894 0.99149525 0.99241996 0.9942261 0.9907973 0.9891981 0.9896816 0.9918873 0.9919714 0.99340117 0.9934131 0.988144 0.9940498 0.99374604 0.9924981 0.9895867 0.99097055 0.98285 0.9944127 0.9825552 0.9835127 0.9899677 0.9843287 0.9776948 0.98120683 0.98226434 0.99566114 0.98599875 0.9948019 0.9883316 0.9945481 0.9950388 0.98297936 0.9825519 0.9815125 0.9819253 0.9875894 0.9875078 0.9939382 0.9946161 0.9942743 0.9948951 0.99400383 0.9942315 0.9949082 0.99448967 0.99485105 0.9909667 0.9884776 0.986911 0.9917645 0.986169 0.9890295 0.9881519 0.9843955 0.9890299 0.99184465 0.9903952 0.9939168 0.9913243 0.9943123 0.9941988 0.99200475 0.9940478 0.9910925 0.9911493 0.9870181 0.990364 0.99170995 0.9911352 0.9928902 0.9922092 0.9917759 0.9912683 0.99230826 0.986249 0.993765 0.99057543 0.9906448 0.9919238 0.9906243 0.9888677 0.98924226 0.987144 0.98968035 0.98602164 0.9891739 0.990633 0.988065 0.99159694 0.9876819 0.9879956 0.99177533 0.9901023 0.98982817 0.99075377 0.99159926 0.99297714 0.9936561 0.9892931 0.9922616 0.9950766 0.9937669 0.9931274 0.99517584 0.9938354 0.99341106 0.9938693 0.9909339 0.9904198 0.99474984 0.99203384 0.99266136 0.9905558 0.99041784 0.99313295 0.9917432 0.99501276 0.9937853 0.99500024 0.99242806 0.99158806 0.99304456 0.9923178 0.9949548 0.9920572 0.99037737 0.9857968 0.98930377 0.98982793 0.9880883 0.9894774 0.99004906 0.9900393 0.9901649 0.9907445 0.98860866 0.9905002 0.98662734 0.9886073 0.9892446 0.9884157 0.9929323 0.9931793 0.99291885 0.9919799 0.98875767 0.9911205 0.99309635 0.992522 0.99169445 0.9937735 0.9935552 0.992857 0.9917675 0.98985547 0.98938787 0.98814213 0.98575485 0.9782881 0.9750333 0.96876097 0.9811404 0.9829915 0.98132855 0.98135626 0.97804123 0.9860557 0.9825379 0.97719955 0.9807436 0.98099524 0.980289 0.9790882 0.9741878 0.97320443 0.97689956 0.97784287 0.9836863 0.99571276 0.9943637 0.9935505
JezdicxKostaD_SRP19062KostaJZlocinSvekrve-L2_2 0.98831505 0.9936173 0.9914804 0.9838441 0.9862392 0.9948877 0.99303716 0.99280685 0.988815 0.987225 0.9883469 0.9919292 0.9863299 0.98605436 0.9908531 0.9870698 0.98874474 0.99039 0.9926014 0.9891799 0.9840234 0.98593235 0.99150026 0.98979145 0.9885983 0.9841018 0.98782885 0.98144263 0.98819065 0.9845906 0.9851086 0.98876524 0.9857341 0.97778547 0.9737309 0.99138355 0.99076873 0.9855486 0.99223995 0.991464 0.9895499 0.9865585 0.9915438 0.9855776 0.9913243 0.99304664 0.98926157 0.9888117 0.98965985 0.98698723 0.9912375 0.99041057 0.98904127 0.9918547 0.99192536 0.9911938 0.99194866 0.98741215 0.9883996 0.99025863 0.99080175 0.9893981 0.9928391 0.99265134 0.99281484 0.9935413 0.99158883 0.993191 0.9914211 0.9931659 0.993802 0.9960487 0.99390054 0.9910754 0.9930027 0.98982143 0.9949439 0.99421847 0.99340427 0.9920356 0.99382925 0.98896664 0.9920324 0.9860126 0.9830636 0.98740864 0.9847514 0.98839295 0.987888 0.98894715 0.9891682 0.98408407 0.9926816 0.9904172 0.98986155 0.9911524 0.9894322 0.989404 0.9899818 0.9879517 0.9900192 0.9895849 0.988231 0.9866006 0.9827605 0.99048555 0.98292714 0.98423886 0.9890481 0.9865327 0.9870969 0.98594826 0.98749256 0.98797333 0.9892459 0.984827 0.993182 0.9912846 0.99214184 0.99219406 0.99270564 0.99146366 0.9930618 0.9913335 0.99147516 0.9936533 0.9899157 0.9935663 0.99668807 0.99524033 0.99369246 0.9945017 0.99198574 0.9921869 0.993892 0.9846104 0.9907178 0.9918103 0.9900449 0.98564726 0.98241293 0.97838897 0.98201996 0.9923304 0.9898964 0.98895955 0.9962087 0.9968479 0.9954842 0.99499524 0.99711 0.9999995 0.9983595 0.99856454 0.9921984 0.9914114 0.98980147 0.9850942 0.9844743 0.98921037 0.9874749 0.98734957 0.9869 0.9891216 0.9885034 0.9841573 0.9868991 0.989462 0.9909515 0.9901045 0.9887433 0.9824374 0.9854689 0.98393375 0.98048097 0.9819144 0.9902656 0.9854879 0.98342514 0.991678 0.98776656 0.9849324 0.9852514 0.9837211 0.97961986 0.9762848 0.991796 0.9905789 0.9896181 0.99096376 0.9871073 0.988705 0.9823975 0.98883206 0.9854553 0.99075437 0.99219406 0.99595404 0.99554926 0.9929865 0.9921036 0.99045706 0.9920843 0.9906582 0.995136 0.9904405 0.9890106 0.9888748 0.9898374 0.988672 0.9882495 0.9873294 0.98941463 0.9914349 0.9911808 0.9850185 0.9909417 0.986674 0.9864701 0.9917413 0.9906925 0.9846649 0.98418224 0.9859312 0.9894996 0.99054205 0.9875376 0.99231994 0.9915865 0.99333745 0.98898935 0.9917367 0.9927422 0.9913716 0.99246633 0.99405867 0.99204195 0.99043405 0.9934541 0.9915893 0.98917526 0.97883934 0.97040725 0.97942704 0.983541 0.9926535 0.9916613 0.9950542 0.9958938 0.99489594 0.9929703 0.991745 0.99348456 0.99502516 0.9959204 0.9958724 0.9952238 0.99399924 0.996595 0.9924335 0.9956934 0.99504465 0.99165946 0.9940101 0.99385947 0.992912 0.99243563 0.99165326 0.990787 0.9912829 0.9909273 0.9926959 0.99463487 0.9916999 0.9950323 0.9943971 0.995418 0.9938577 0.9890993 0.9913687 0.9915568 0.9958682 0.99629396 0.99166274 0.9907828 0.9952238 0.9943299 0.9960922 0.99527174 0.9927212 0.9947919 0.9945996 0.99480456 0.9932693 0.9961437 0.9951913 0.9941676 0.99509555 0.9939711 0.99497366 0.99472827 0.98656875 0.98163265 0.98546624 0.9821106 0.980927 0.9817129 0.982637 0.99061036 0.9891262 0.9914342 0.99136895 0.98937994 0.9921567 0.99405885 0.9916749 0.9945067 0.9929082 0.993604 0.99316394 0.99017423 0.9916116 0.9907559 0.9882731 0.9855187 0.9832999 0.98557395 0.9910879 0.9904336 0.99066955 0.9912522 0.9849262 0.98090065 0.98022956 0.9843329 0.9803703 0.97997034 0.9948377 0.99099666 0.9904102 0.9908206 0.98858863 0.9910134 0.9858105 0.9832124 0.99243903 0.9894937 0.9906 0.9903971 0.98739684 0.98707706 0.9840983 0.9917182 0.99140346 0.9934941 0.9907251 0.99274004 0.9909625 0.9889728 0.97356826 0.99213004 0.99425524 0.99065083 0.9913849 0.99252415 0.99394095 0.99311036 0.99168754 0.99189305 0.99321693 0.99210364 0.9926285 0.99142975 0.98564047 0.9927859 0.9918815 0.99108684 0.98662215 0.9873605 0.97920334 0.9917996 0.9787121 0.98003066 0.9881388 0.98129714 0.9739977 0.9768248 0.97887164 0.9937476 0.98072207 0.99164945 0.98445195 0.99210054 0.9926938 0.9817601 0.9833129 0.9823629 0.98164785 0.9858958 0.9836764 0.9925471 0.995158 0.993708 0.99461067 0.99257135 0.9940127 0.9934146 0.99241585 0.9933008 0.9909091 0.98916775 0.98811835 0.9916277 0.98683673 0.9906774 0.99078214 0.986952 0.9899115 0.9919503 0.9908605 0.9942455 0.99166447 0.9958463 0.99544466 0.99388075 0.99569446 0.99422413 0.994128 0.986664 0.9917062 0.99223876 0.9914898 0.99254817 0.99274224 0.9927049 0.99242854 0.9914292 0.9859152 0.9946148 0.9927315 0.99202645 0.9926992 0.99215263 0.9897411 0.9909572 0.9896138 0.99134123 0.9870301 0.99014086 0.99141 0.98909503 0.99327356 0.98972154 0.989188 0.9943327 0.9894574 0.9898143 0.99106324 0.99169946 0.9929217 0.9942924 0.9905249 0.99254465 0.9946134 0.99404633 0.994273 0.9951905 0.99601984 0.9940702 0.9956372 0.9915275 0.9912261 0.9955505 0.99251556 0.99149036 0.9910867 0.991403 0.9935235 0.99087 0.994644 0.99349636 0.99406344 0.99333215 0.9922151 0.9911964 0.9931127 0.9956186 0.99202895 0.9898418 0.98528284 0.9896265 0.9898387 0.9879654 0.98942673 0.98979247 0.9895383 0.9865336 0.9871944 0.9836808 0.9861873 0.9829153 0.9848476 0.9844601 0.9829953 0.99552035 0.99457467 0.9938842 0.992378 0.98904955 0.9919128 0.9936447 0.99238336 0.9922067 0.99514747 0.99512595 0.9944704 0.9938879 0.99165535 0.99064386 0.9900868 0.9851738 0.977135 0.9739259 0.96865946 0.978518 0.9813846 0.9794717 0.97977793 0.9763251 0.9837876 0.97935456 0.97355056 0.9788374 0.97716314 0.9773665 0.97731805 0.971167 0.9707667 0.9744134 0.9755721 0.9810152 0.99285746 0.9898745 0.9897901
JezdicxKostaD_SRP19062KostaJZlocinSvekrve-L2_3 0.98811585 0.99188113 0.99012697 0.9834165 0.9855472 0.99367684 0.9920524 0.9935083 0.9860308 0.98505944 0.98656005 0.9899599 0.98481756 0.9846797 0.9893713 0.9853389 0.9877662 0.98909825 0.991177 0.9876692 0.98256296 0.98501754 0.9890267 0.9874885 0.9867242 0.98245806 0.98652494 0.9796816 0.9861025 0.9829709 0.9838567 0.98688775 0.9843987 0.97642565 0.9730316 0.9888743 0.9881695 0.98378533 0.98967636 0.98930323 0.987534 0.98474735 0.989618 0.9839628 0.9889774 0.99016464 0.9873711 0.9873227 0.98754096 0.9858904 0.9902646 0.9903641 0.9897151 0.99213946 0.9928822 0.98989344 0.9902325 0.98566115 0.9870161 0.98947376 0.990575 0.9876362 0.99122286 0.9911553 0.9908792 0.9916926 0.9912269 0.99265265 0.9911194 0.9911462 0.9931557 0.99357665 0.99227905 0.9899391 0.9918332 0.98844856 0.9926304 0.99243754 0.99218225 0.99008834 0.9924827 0.9888438 0.9912675 0.98417705 0.98158926 0.98559177 0.98333037 0.98692226 0.9862073 0.9882065 0.9882841 0.98415184 0.99198765 0.99033934 0.9892026 0.9912013 0.98935324 0.9887752 0.98945737 0.987623 0.98981476 0.9897934 0.9885571 0.9858204 0.9823243 0.9899547 0.98316777 0.98416126 0.9887696 0.9864777 0.9865394 0.985559 0.98720604 0.98766935 0.98848873 0.98511916 0.99213445 0.9895741 0.9913206 0.99120903 0.9912633 0.99058455 0.99181163 0.9893554 0.9894084 0.9917732 0.98906374 0.9909851 0.9945866 0.993474 0.99191475 0.99240416 0.9901106 0.9906565 0.9923321 0.98388416 0.98953605 0.9908967 0.9885181 0.9843003 0.98147637 0.97758335 0.98080045 0.9907329 0.9886717 0.9882666 0.9954208 0.9953958 0.99447954 0.99377155 0.9952157 0.9983595 0.9999995 0.9983674 0.9911026 0.989799 0.9886094 0.9843078 0.98417574 0.9881821 0.9866362 0.9871255 0.98628104 0.9888699 0.9877179 0.98441803 0.9864394 0.9886849 0.9910022 0.98967195 0.98870677 0.9819434 0.98432314 0.98280114 0.97928625 0.9813003 0.9897989 0.9855755 0.98304695 0.9904881 0.9871317 0.9840545 0.9843604 0.98293626 0.97864467 0.97606826 0.9900824 0.989544 0.98870975 0.99009466 0.98573023 0.9872577 0.9814781 0.98795116 0.98475266 0.9892521 0.9907035 0.9941729 0.99410033 0.9924412 0.99192613 0.990092 0.9911297 0.99003005 0.99378866 0.9901415 0.98899645 0.9889448 0.989731 0.9884145 0.9880054 0.9869318 0.987535 0.9894077 0.9897102 0.9834007 0.9889281 0.9849922 0.98466 0.9904014 0.9892529 0.98513603 0.9846757 0.98582214 0.98904717 0.99025434 0.98694 0.99113274 0.9911276 0.992807 0.9882669 0.9876044 0.9891685 0.9908258 0.991998 0.9933033 0.99150395 0.99175406 0.9922189 0.99118435 0.98884094 0.9784295 0.97016686 0.9791875 0.9831662 0.9923352 0.99190557 0.9926991 0.9939454 0.99297965 0.99096847 0.98989576 0.9912451 0.993301 0.99416673 0.9944244 0.99358845 0.9930757 0.9955075 0.9910368 0.99372727 0.9937982 0.9910826 0.9930391 0.99248827 0.9920897 0.99215007 0.99120927 0.9906937 0.9915536 0.9910932 0.992666 0.9934833 0.9910946 0.99436927 0.994174 0.9933133 0.9918906 0.9874403 0.9893393 0.989547 0.9944155 0.99383163 0.991183 0.9885313 0.9947666 0.99457055 0.9947023 0.9938627 0.99208254 0.99281085 0.9936476 0.99283415 0.9926808 0.9946395 0.99437386 0.99388343 0.9934963 0.99298745 0.9946267 0.9946603 0.984562 0.9804955 0.98393625 0.980464 0.9789848 0.98020804 0.9814978 0.9887931 0.9880663 0.9906683 0.98909867 0.9876368 0.98999643 0.99178165 0.98970664 0.99319726 0.9919976 0.99148256 0.9915192 0.9889995 0.9902856 0.9894897 0.9871188 0.9842016 0.98228836 0.9841886 0.9897424 0.98989207 0.9894683 0.98974085 0.98360115 0.9791541 0.9788438 0.9832605 0.97923285 0.97876287 0.99331504 0.98979187 0.9892339 0.9902567 0.9879056 0.98947495 0.98497653 0.98183435 0.99109846 0.98823625 0.9893704 0.9879296 0.9862907 0.98539174 0.9819209 0.9893439 0.9900438 0.9925532 0.98989093 0.9911882 0.98985046 0.98722786 0.97240293 0.9903166 0.99247223 0.9888718 0.99001414 0.9906573 0.9911587 0.9898974 0.98874944 0.9890913 0.99047494 0.989041 0.9894695 0.99085945 0.9854896 0.9914144 0.9906995 0.9900036 0.9855455 0.98593324 0.9787715 0.9904409 0.978659 0.9797092 0.9873011 0.98131853 0.97341746 0.9766898 0.97834843 0.9921956 0.9799362 0.9901581 0.98307896 0.9911584 0.991832 0.98063815 0.9826022 0.9815656 0.98104227 0.984558 0.98163396 0.9895362 0.9926817 0.9900525 0.9913299 0.98922914 0.99096775 0.9900113 0.98930806 0.9900855 0.9904681 0.990373 0.9891927 0.9898865 0.9863688 0.99130696 0.99105227 0.98804784 0.98953027 0.9911243 0.9901866 0.99331963 0.9906899 0.9945615 0.99447817 0.9935615 0.9953311 0.9942239 0.99427533 0.98572975 0.99148506 0.9918617 0.99109215 0.99206233 0.99176264 0.99111414 0.99139863 0.9896491 0.98421484 0.99272364 0.9901924 0.9902253 0.99170333 0.9911812 0.9882156 0.98908406 0.98871446 0.9888024 0.984062 0.987679 0.98888934 0.9869819 0.9911475 0.9876729 0.9872939 0.9924731 0.9883246 0.98929995 0.990623 0.9912034 0.9919672 0.99200076 0.9893906 0.9919019 0.99329937 0.99180347 0.99377906 0.9936733 0.9960855 0.99258995 0.9947822 0.9893344 0.9903504 0.9942169 0.99200183 0.9896587 0.98974293 0.9906794 0.99176836 0.98980033 0.99322164 0.9927192 0.9931318 0.9929736 0.99278635 0.99038565 0.99316776 0.9941677 0.99070024 0.9894799 0.98529446 0.9890496 0.9896514 0.9879645 0.9886054 0.98987246 0.98854667 0.98610705 0.986996 0.9839357 0.9862817 0.9828633 0.985291 0.98476624 0.98338133 0.9934657 0.99165696 0.99123347 0.99005276 0.9871667 0.9898837 0.9911451 0.99073017 0.9898481 0.9926884 0.9928179 0.9919399 0.99150175 0.9892923 0.9881953 0.9881581 0.9844847 0.9774045 0.972882 0.96841073 0.97696424 0.98025197 0.9784603 0.97855073 0.97556853 0.9826906 0.9785428 0.97227335 0.9781533 0.97627753 0.9762246 0.9765577 0.97141266 0.9703396 0.97407395 0.9750512 0.9801562 0.9918684 0.9888975 0.9884405
JezdicxKostaD_SRP19062KostaJZlocinSvekrve-L2_4 0.98555773 0.9903797 0.98826885 0.9799558 0.9824227 0.99280816 0.99140084 0.99217135 0.98331255 0.98226064 0.9836184 0.9877837 0.9813906 0.9810857 0.9866099 0.9826013 0.9847908 0.9869705 0.989087 0.98451316 0.9785053 0.98101497 0.9879278 0.9858509 0.9844267 0.97912216 0.98354864 0.9761519 0.98327225 0.97936726 0.9803587 0.98406523 0.9807871 0.9724883 0.96854925 0.9874458 0.9872335 0.9812194 0.9884278 0.9879076 0.98543 0.9819413 0.98819685 0.9814189 0.98816824 0.9896395 0.9852213 0.9845947 0.98538446 0.9825879 0.98724014 0.98682016 0.98580855 0.98915064 0.9898262 0.98857236 0.9895202 0.9854362 0.9857835 0.9869829 0.98785955 0.9866494 0.98962116 0.9896662 0.99077797 0.9915809 0.9879193 0.99003834 0.9880786 0.99013335 0.9906035 0.9930252 0.9908194 0.987135 0.98942703 0.98529255 0.99128026 0.99073726 0.99008954 0.988124 0.9909122 0.9864982 0.9899382 0.9818094 0.97889686 0.9838555 0.9808173 0.9850004 0.98380274 0.9863315 0.98613244 0.97951865 0.98973095 0.9871316 0.9860611 0.9884024 0.9866792 0.9865533 0.9867065 0.9843755 0.98697233 0.98632497 0.98443556 0.9821372 0.97818357 0.98654133 0.97838616 0.97953385 0.9847242 0.982208 0.98256093 0.98175293 0.983495 0.98415244 0.9857114 0.98100424 0.98941255 0.987568 0.98885757 0.98907685 0.98924977 0.98794705 0.98935217 0.98716336 0.9879032 0.9904033 0.9862209 0.9900293 0.9947679 0.9927145 0.99093074 0.9916893 0.9886443 0.98899966 0.99066556 0.9804324 0.9879155 0.9892285 0.98688287 0.98258466 0.9785856 0.9747971 0.97822195 0.9886811 0.98540926 0.9845462 0.9938925 0.9949085 0.9929468 0.99204963 0.99543965 0.99856454 0.9983674 1.0000002 0.98832697 0.98725224 0.98559153 0.9812062 0.98097503 0.98511034 0.9832058 0.98293865 0.98302364 0.985574 0.98423886 0.97961795 0.9826498 0.9850612 0.9875241 0.98602676 0.98465776 0.9771825 0.9800357 0.97873837 0.97488743 0.9768862 0.9858091 0.9807938 0.97844326 0.9876636 0.983141 0.97984576 0.98031265 0.97875077 0.9741817 0.9706631 0.9878367 0.9868228 0.98544383 0.98760045 0.98230547 0.983742 0.97700924 0.98439866 0.9808724 0.9864735 0.9881315 0.9927329 0.9930047 0.989551 0.98959625 0.98731315 0.9890363 0.9878751 0.992558 0.9874428 0.9863379 0.9853798 0.98757076 0.9868499 0.9861759 0.9840827 0.98498344 0.9871574 0.9871261 0.9801931 0.9867325 0.982327 0.98159623 0.9880783 0.9870653 0.9811117 0.98070633 0.9820532 0.98571664 0.98688895 0.98341405 0.9883902 0.98806524 0.9901598 0.9849911 0.9888847 0.9898936 0.9877364 0.98982584 0.9920124 0.9893072 0.98817176 0.99119645 0.989184 0.98504007 0.973896 0.9643032 0.97450334 0.9789893 0.99020106 0.98889 0.9928493 0.99337393 0.9935896 0.99036056 0.9888152 0.99084455 0.99327385 0.9940418 0.9934546 0.9922267 0.9916707 0.994436 0.98965764 0.9929376 0.9927875 0.9884379 0.9911452 0.99110967 0.98962 0.98944694 0.98857474 0.9882922 0.98863125 0.9876056 0.99004877 0.9915522 0.988386 0.99273974 0.99187416 0.9930995 0.9907929 0.9858822 0.9878321 0.98810804 0.9935515 0.99365914 0.9882091 0.987357 0.9934529 0.993105 0.99403775 0.9925934 0.9899168 0.99228364 0.99203336 0.99196506 0.990442 0.9938901 0.9929326 0.99221605 0.9923658 0.9910612 0.99273086 0.99271214 0.9811728 0.9756853 0.9798211 0.97613436 0.9747148 0.9756778 0.9769539 0.9878409 0.98675746 0.9892203 0.9873928 0.98518574 0.9885212 0.9911786 0.98811054 0.9918202 0.9900905 0.9896922 0.9893845 0.9856645 0.98747724 0.98634255 0.98388076 0.98096186 0.9787585 0.9811045 0.9872398 0.9864416 0.98658746 0.98719966 0.98161393 0.9770211 0.97676134 0.97999454 0.97515154 0.9752896 0.99139524 0.9867562 0.98618245 0.98720485 0.984616 0.9872376 0.9813765 0.9791136 0.988732 0.985764 0.9869117 0.9868108 0.9835675 0.9836364 0.98022634 0.98790294 0.98787117 0.990209 0.9874268 0.98981285 0.9879291 0.9853796 0.96787846 0.9887278 0.9915579 0.98694927 0.98827285 0.9894274 0.99139166 0.9897807 0.9883333 0.988161 0.9896712 0.9883822 0.9890294 0.9880517 0.9815937 0.9896443 0.98844004 0.98765075 0.9829241 0.9834199 0.9746409 0.9885802 0.9739023 0.9750186 0.98364407 0.9767785 0.9683933 0.9717398 0.9736928 0.99038845 0.97635716 0.9882375 0.98013055 0.9889955 0.9901297 0.97648704 0.9779049 0.97692686 0.9760891 0.98077476 0.9785296 0.98957723 0.992563 0.9909026 0.9915935 0.9893849 0.991003 0.9901093 0.9892247 0.9902692 0.98691136 0.98613423 0.9849069 0.98786294 0.98222226 0.98716503 0.98704666 0.9831302 0.98615783 0.9885511 0.98712736 0.99089944 0.9879565 0.9935773 0.99257636 0.99104357 0.99433285 0.992451 0.99271256 0.9821621 0.9885611 0.9894892 0.9881586 0.9895239 0.9894593 0.98920774 0.9891008 0.9871634 0.980897 0.99131227 0.98850775 0.98805785 0.9892653 0.98893654 0.9858807 0.9872232 0.986319 0.98699033 0.982337 0.9853401 0.98750997 0.98464906 0.9895552 0.9850793 0.9843995 0.9911882 0.984743 0.9855916 0.98730683 0.9879893 0.98966706 0.99121934 0.9866801 0.9891101 0.9918916 0.990936 0.99169755 0.99213487 0.9944628 0.990547 0.9929095 0.9875548 0.9880428 0.9930994 0.9889239 0.9876338 0.98686033 0.9877197 0.98968875 0.9868599 0.9917824 0.9906738 0.9914942 0.991286 0.9902559 0.9882151 0.99041533 0.99283856 0.98882574 0.98639214 0.98129934 0.98585886 0.986367 0.98436534 0.98557115 0.98672694 0.9858069 0.982329 0.9833289 0.9804106 0.9825803 0.97861296 0.98105603 0.9807651 0.9796541 0.9930538 0.99160606 0.9904232 0.9886242 0.98482364 0.98781765 0.9901103 0.98893946 0.9886186 0.99180055 0.99223757 0.99099505 0.99042624 0.9874752 0.98604846 0.98591673 0.9799422 0.9715409 0.96775687 0.96214396 0.97269225 0.97587687 0.9739912 0.9740859 0.9707672 0.9787886 0.9739775 0.96767986 0.973506 0.9718806 0.97152585 0.9717841 0.96579665 0.9649321 0.96874624 0.9698027 0.9758349 0.9908465 0.9881608 0.9870149
JovicyicxZxivojin_SRP18935RobinjicaZlata-L2_1 0.99304163 0.9963053 0.9962797 0.9937755 0.9953734 0.9943706 0.99231 0.98776716 0.9957963 0.99584657 0.99632 0.99687576 0.9951672 0.9954225 0.9972239 0.99582875 0.9954798 0.99571466 0.9967293 0.9968959 0.9944709 0.99539894 0.9941215 0.9945939 0.99454397 0.9931139 0.9948084 0.9921442 0.9955995 0.99458337 0.9946719 0.9956569 0.9951112 0.9898554 0.9874218 0.99533737 0.9941194 0.99339765 0.996629 0.99687874 0.99709564 0.9960324 0.9962157 0.99499744 0.99455523 0.9954268 0.9968343 0.9972094 0.997274 0.9962101 0.9974028 0.9963843 0.9953693 0.9940019 0.992486 0.99552274 0.9945817 0.989453 0.99236315 0.99659663 0.996015 0.99393845 0.99595296 0.994795 0.9910349 0.9920673 0.9962062 0.99532646 0.9954457 0.99626607 0.9974775 0.99429274 0.99547076 0.99744266 0.99712986 0.99736077 0.9957551 0.9949573 0.99697673 0.9971584 0.99572664 0.9932643 0.99456865 0.9941537 0.9928173 0.99493134 0.99430895 0.9953159 0.99637324 0.9934969 0.99524415 0.9947436 0.99593955 0.99521965 0.99513924 0.99583244 0.9937747 0.99531126 0.99479985 0.99438953 0.99350613 0.99510586 0.99555606 0.99577683 0.9943283 0.996174 0.99403363 0.9947208 0.9970416 0.9954399 0.9959866 0.99506706 0.9955965 0.9962545 0.99640536 0.9940845 0.99743134 0.9961998 0.99528116 0.9954425 0.9960921 0.9944807 0.99756527 0.9972459 0.99704427 0.99654627 0.9972283 0.99616826 0.99448967 0.9960346 0.9962251 0.9964152 0.99701744 0.99721944 0.996659 0.99416053 0.9946438 0.99526894 0.995373 0.99155796 0.9915048 0.9876029 0.9907266 0.9957639 0.9957761 0.9966514 0.99603057 0.9948584 0.99632365 0.99718624 0.9933313 0.9921984 0.9911026 0.98832697 1.0000004 0.9991574 0.99853086 0.994573 0.9936822 0.994395 0.9951994 0.99395335 0.99375117 0.99408615 0.9951672 0.99467975 0.9954269 0.99756044 0.99616 0.99746954 0.99664664 0.99378604 0.99618965 0.99535865 0.99338293 0.994451 0.9963595 0.99472976 0.9937207 0.9980304 0.9971484 0.9960685 0.99576354 0.99428725 0.99334997 0.991089 0.9979297 0.9974349 0.9972121 0.9964119 0.9961743 0.99690294 0.9946423 0.99696326 0.99587303 0.99729943 0.9979004 0.99684095 0.99479246 0.9967306 0.99393773 0.9954425 0.99596673 0.9939016 0.9957664 0.99361265 0.99301016 0.9946512 0.99118257 0.98830706 0.9894695 0.9938869 0.9969574 0.99618983 0.9974638 0.9958843 0.99638486 0.9955893 0.9962733 0.9958474 0.9957742 0.99321735 0.99225956 0.99466455 0.9972607 0.99657744 0.9960372 0.9979315 0.9967104 0.99632037 0.9962661 0.9866673 0.99010247 0.99769527 0.99607956 0.99322397 0.99528754 0.99459153 0.9911541 0.99265987 0.9969513 0.9913618 0.9840618 0.98982394 0.9920938 0.9940944 0.9953474 0.99377203 0.99527496 0.98835486 0.99464816 0.9954034 0.9949621 0.99292064 0.9919204 0.995592 0.9962561 0.99591446 0.9956051 0.9933214 0.9949277 0.994602 0.9945822 0.9930377 0.9951117 0.9968049 0.9966134 0.9950182 0.9925274 0.99718094 0.9966122 0.99696296 0.99713224 0.9971962 0.99568784 0.9963655 0.99456096 0.9959257 0.99455696 0.9968961 0.99628985 0.9943469 0.99343306 0.99739563 0.9945611 0.9934557 0.99107414 0.99388736 0.99438107 0.9929932 0.99415183 0.9963206 0.99542737 0.99641633 0.99448943 0.99527025 0.99498403 0.99704796 0.9960752 0.9947769 0.9938223 0.9948213 0.9934856 0.99467987 0.99356693 0.9930188 0.9936611 0.993612 0.9935026 0.9932396 0.9938132 0.9966986 0.9972962 0.9972243 0.9958763 0.9970266 0.99553376 0.99699116 0.99663675 0.99719614 0.99710596 0.9973394 0.9970589 0.99609536 0.9947046 0.993354 0.9939519 0.9977696 0.99797034 0.9978755 0.99778855 0.9909072 0.9893343 0.9874421 0.9942349 0.99248356 0.9914323 0.9977426 0.99759907 0.9977268 0.99745053 0.9967837 0.99706554 0.9957246 0.99196815 0.9974657 0.9962022 0.99685514 0.9949103 0.9952849 0.99325764 0.99208635 0.9961284 0.9962334 0.9966083 0.99537563 0.9942792 0.99396914 0.9933825 0.98902595 0.99668455 0.9960001 0.9968228 0.99616957 0.9963017 0.99499184 0.99324375 0.9928437 0.9946005 0.9953532 0.99490476 0.9957793 0.9969287 0.9944922 0.9968741 0.9969125 0.99659467 0.99486697 0.9954711 0.9909956 0.996523 0.9908952 0.99200255 0.996227 0.992789 0.9892451 0.98961043 0.9919891 0.9971189 0.9914869 0.9968151 0.9939585 0.99623376 0.9963839 0.99449724 0.99508667 0.99436396 0.99430245 0.99673766 0.9941148 0.9943715 0.9938413 0.9925949 0.994569 0.9941011 0.99495006 0.99399686 0.9943361 0.9944928 0.99659556 0.99434435 0.9929351 0.9950069 0.9953245 0.9946233 0.9935086 0.9924127 0.99644023 0.99757683 0.99756795 0.9982403 0.9979104 0.99623984 0.9967665 0.9968938 0.9922054 0.99196917 0.9920335 0.99658215 0.9967332 0.9966408 0.9976665 0.997801 0.99652565 0.9969001 0.9970168 0.996114 0.9949285 0.99453664 0.9948771 0.9958386 0.9958537 0.9950081 0.99495566 0.995526 0.9939907 0.9959107 0.9947327 0.9963675 0.9956969 0.9957912 0.9959778 0.9951718 0.9958538 0.99429643 0.9974681 0.9973908 0.9964989 0.99682415 0.99618036 0.9953417 0.99636436 0.9970096 0.9962999 0.99662787 0.9964138 0.99669814 0.99385643 0.99723905 0.99711883 0.99704945 0.9952537 0.9949374 0.99732137 0.99799633 0.99760413 0.9964481 0.9974301 0.997884 0.9970995 0.9967699 0.9969979 0.9938983 0.99577206 0.9967781 0.99669313 0.99584514 0.99759257 0.9971404 0.9962198 0.9974799 0.99716634 0.99572086 0.9974379 0.99619585 0.9973523 0.99459153 0.9934588 0.98961574 0.99236506 0.9926738 0.99229884 0.99150693 0.98925436 0.99314094 0.9943158 0.9954807 0.9964651 0.99609244 0.9964599 0.99518585 0.9963087 0.9961029 0.99455374 0.9938129 0.9942908 0.99469507 0.9956253 0.99614984 0.99466723 0.99580526 0.99100924 0.9890796 0.9854866 0.9927089 0.9939017 0.9928421 0.9932614 0.9912718 0.9957266 0.99328625 0.9895805 0.9927863 0.99160576 0.9923549 0.9926385 0.98843634 0.98813534 0.9905026 0.9913259 0.9942397 0.99245095 0.98912376 0.9910091
JovicyicxZxivojin_SRP18935RobinjicaZlata-L2_2 0.99275243 0.99566376 0.9961384 0.9938114 0.9954725 0.993046 0.9910524 0.98679477 0.9955662 0.9962585 0.9965798 0.996743 0.9951865 0.99543303 0.9971033 0.9964134 0.99596757 0.9961842 0.99677026 0.99694926 0.99505144 0.99579614 0.9937529 0.9950596 0.9948092 0.9937209 0.9953639 0.9936876 0.99599546 0.99533653 0.9955042 0.9960633 0.9957061 0.9910922 0.9885454 0.9962084 0.9952297 0.9948329 0.9971287 0.9975196 0.9979505 0.99674135 0.9966048 0.99617314 0.9955237 0.9962251 0.997779 0.99774885 0.9977683 0.9962352 0.9968194 0.9955908 0.9944819 0.99323297 0.9917954 0.9956827 0.994606 0.99013 0.99281317 0.9962391 0.9954228 0.99469006 0.99578005 0.9947099 0.99087083 0.9920342 0.9955488 0.9943715 0.9947232 0.9955864 0.9963519 0.992949 0.9938857 0.9963246 0.9956481 0.996575 0.9946857 0.99376553 0.99588704 0.996385 0.9944148 0.99340034 0.9946824 0.9941728 0.99262714 0.9947374 0.9944008 0.995133 0.99639183 0.9932746 0.99485385 0.9952255 0.99481225 0.9942337 0.99416256 0.9947324 0.992415 0.9944287 0.9934234 0.99334484 0.9922729 0.99432516 0.99483806 0.9951172 0.99402297 0.99517137 0.99351066 0.99402547 0.9960413 0.9945906 0.9952779 0.99454015 0.9950055 0.9956852 0.9955499 0.9938015 0.9964325 0.9953137 0.994208 0.9944859 0.99512386 0.9932715 0.9967654 0.9962284 0.99641716 0.995484 0.99661094 0.99535084 0.9939003 0.99549264 0.99581295 0.9958262 0.99657536 0.9967309 0.9960503 0.9946657 0.99514174 0.9953902 0.99571186 0.9909317 0.99095446 0.98695767 0.9901021 0.99537045 0.99521613 0.9959723 0.9946847 0.99354804 0.9950831 0.9959733 0.99283427 0.9914114 0.989799 0.98725224 0.9991574 0.99999964 0.99906254 0.9946905 0.9936367 0.9947446 0.99558586 0.9942572 0.9949638 0.99491036 0.995754 0.9951811 0.99619085 0.9976988 0.99607456 0.9973258 0.99655145 0.9944502 0.99578524 0.99544406 0.9938577 0.9946264 0.9963139 0.9953264 0.99437505 0.99770635 0.99681926 0.99651104 0.9962426 0.99426985 0.9931865 0.99061877 0.99778324 0.9972438 0.9966652 0.9960434 0.99640644 0.9966787 0.99504757 0.9969853 0.99623847 0.99719536 0.9972881 0.9960246 0.99367785 0.99598944 0.9929716 0.99498403 0.9954585 0.9935446 0.9947274 0.9928727 0.99264735 0.9938882 0.99062586 0.9879785 0.9890934 0.9937481 0.9968333 0.9964012 0.9971876 0.99597657 0.9963101 0.99549925 0.996271 0.9954793 0.99549794 0.9925953 0.9916502 0.99426514 0.9969313 0.9962913 0.99590176 0.9976892 0.99584484 0.99550223 0.9957906 0.9858663 0.9895623 0.9970358 0.9951489 0.99214536 0.9941559 0.99372196 0.98989564 0.9918165 0.9963571 0.9917967 0.9850113 0.99038386 0.99230206 0.99320996 0.9942853 0.9933439 0.9941995 0.9865384 0.9938914 0.9948973 0.9948688 0.99161935 0.9903872 0.9943053 0.99510044 0.99500173 0.994443 0.99171096 0.9941337 0.9933226 0.9933514 0.9914687 0.99358654 0.99546456 0.99530077 0.99345493 0.99072015 0.9965957 0.99617296 0.9962749 0.99653447 0.9966656 0.9946243 0.9958792 0.9933805 0.9948956 0.9936634 0.99612224 0.9956133 0.99304014 0.9920447 0.9962551 0.9937832 0.9918188 0.98891604 0.99228793 0.99274033 0.99106705 0.99318194 0.9946497 0.99421424 0.99533665 0.9927667 0.9939419 0.99359953 0.99592793 0.9946625 0.993092 0.992206 0.9942144 0.9931024 0.99388456 0.9936622 0.99301165 0.9936648 0.9928586 0.9930465 0.9929042 0.9928493 0.99557245 0.9966057 0.9964831 0.994915 0.9965003 0.9942017 0.99596107 0.9959944 0.996565 0.9965917 0.99656284 0.9963846 0.995673 0.9950393 0.99337655 0.9938941 0.99733716 0.99733853 0.9974686 0.99745095 0.99066085 0.9896394 0.9879834 0.9937765 0.9923072 0.99108994 0.9971403 0.99734527 0.9975326 0.99686486 0.9968591 0.9972235 0.9962607 0.9936777 0.99735487 0.9963736 0.99702007 0.9956591 0.99603534 0.9941925 0.9934418 0.9963652 0.99648386 0.99680334 0.9960396 0.9947653 0.99459 0.99418914 0.98951936 0.9960729 0.99519837 0.9964767 0.9953742 0.995546 0.99434274 0.9923285 0.9918922 0.9938568 0.99454725 0.994356 0.99558026 0.9967152 0.99497855 0.99695444 0.9968072 0.99659336 0.9955484 0.9959068 0.99197066 0.9968689 0.9915829 0.9926727 0.9962206 0.9930768 0.9897053 0.9903616 0.9924403 0.99713016 0.9928561 0.99739647 0.9952278 0.9964109 0.99659175 0.99479073 0.9949199 0.9941057 0.99440837 0.99717516 0.99456996 0.9944879 0.9929124 0.9924786 0.99428356 0.9941307 0.9945553 0.9940406 0.9944477 0.9943954 0.99635446 0.99429595 0.99313265 0.9949155 0.9951768 0.99395484 0.9927895 0.99213654 0.99533 0.99630445 0.9962925 0.9972256 0.9972069 0.9949944 0.9953468 0.99583733 0.99047273 0.99001867 0.99010694 0.996014 0.9954543 0.9952746 0.99676573 0.99695414 0.9952566 0.99568427 0.9957279 0.9955305 0.99502707 0.9935591 0.9940829 0.9951159 0.9951901 0.9944642 0.9950334 0.9946263 0.99283797 0.99553674 0.99481654 0.99602413 0.99510515 0.99538624 0.9951799 0.99451435 0.9954375 0.99340475 0.9966871 0.9965085 0.99485826 0.99521214 0.9948078 0.99398345 0.9950522 0.99671 0.9957738 0.9962411 0.9954236 0.9956387 0.991958 0.9965148 0.9956431 0.9968611 0.9947659 0.9940181 0.99653244 0.99803644 0.9970968 0.99578893 0.99700457 0.99701 0.9961624 0.9957067 0.99598694 0.99197036 0.9942504 0.9958004 0.9948301 0.9943072 0.9969388 0.9966387 0.99584514 0.9969387 0.9966192 0.9955894 0.99706423 0.9956204 0.9972855 0.99486667 0.99421495 0.99110496 0.99303424 0.99367046 0.9930642 0.9921002 0.9904758 0.9915849 0.9928736 0.99433935 0.9956521 0.9952439 0.9952274 0.9938509 0.9953144 0.99530154 0.99319375 0.9925157 0.99310154 0.99377173 0.99493504 0.99571174 0.9939045 0.99605954 0.991548 0.9901996 0.9863167 0.99415004 0.9950826 0.99394685 0.99434566 0.9924864 0.99624985 0.9943014 0.9909401 0.99337906 0.9927114 0.99338245 0.9931649 0.9891695 0.98906446 0.99136555 0.9921749 0.9948202 0.9920457 0.9892963 0.9913491
JovicyicxZxivojin_SRP18935RobinjicaZlata-L2_3 0.99256873 0.99504983 0.9959366 0.9941666 0.9955661 0.9919081 0.9899859 0.98531115 0.99550045 0.9966103 0.9969512 0.99682194 0.9958698 0.996252 0.9972273 0.9970895 0.9966174 0.99650776 0.99676085 0.99727714 0.99598956 0.99664855 0.99374783 0.995566 0.9957181 0.9953982 0.9963198 0.99520403 0.99680996 0.9965861 0.9969766 0.9966406 0.9967614 0.9913234 0.98917603 0.99505186 0.9943514 0.9945589 0.99624944 0.9970003 0.99749887 0.99660134 0.9955176 0.9963944 0.99448586 0.9953499 0.9975507 0.99757916 0.9975508 0.9964053 0.99651456 0.9951628 0.9944726 0.9934401 0.99160606 0.99596316 0.9945883 0.9898329 0.9932006 0.9965337 0.99587905 0.9951286 0.9958542 0.9945873 0.9904175 0.99176484 0.9953553 0.9939752 0.99440944 0.99488354 0.99575645 0.99262017 0.9926188 0.9958706 0.99496406 0.99645907 0.9934763 0.9924104 0.99513155 0.99596226 0.9932842 0.9929876 0.99409103 0.99388766 0.9926059 0.99418026 0.9943601 0.9949094 0.9962315 0.99276364 0.99423546 0.9963506 0.9930385 0.99306774 0.9928974 0.9937072 0.9910832 0.99323785 0.9918065 0.99234116 0.99074334 0.99344945 0.9940167 0.9942756 0.99392086 0.9942547 0.9940135 0.9942498 0.99569494 0.9943989 0.9949573 0.99458784 0.99481535 0.9953412 0.9949231 0.9940636 0.99518573 0.9939308 0.99329233 0.9938477 0.99423033 0.99240464 0.9960861 0.9957856 0.9960953 0.99501 0.9967783 0.99489206 0.9926671 0.99461746 0.9956039 0.9954428 0.9964328 0.99653804 0.9954979 0.9956907 0.9954059 0.99544364 0.9958105 0.9907581 0.9912757 0.98726153 0.99013984 0.9943138 0.9942299 0.9952633 0.9936844 0.9923307 0.9943945 0.99532187 0.99156666 0.98980147 0.9886094 0.98559153 0.99853086 0.99906254 0.99999994 0.9944161 0.9934135 0.99478185 0.99631095 0.994676 0.9957241 0.99503344 0.99613583 0.99639136 0.99712163 0.99794173 0.99600124 0.99724555 0.9968956 0.9956165 0.99618906 0.99630135 0.9951043 0.9957722 0.99624676 0.99591506 0.9948707 0.99761593 0.99716514 0.99737215 0.99725634 0.99476844 0.993403 0.99112606 0.9973159 0.99702185 0.99643826 0.99624074 0.9967376 0.996458 0.996129 0.99741244 0.9969829 0.9974237 0.99675465 0.9949286 0.99282473 0.99592894 0.99263865 0.99434984 0.99508846 0.9933955 0.9941179 0.9928589 0.9930718 0.9941694 0.99047697 0.9878889 0.98921883 0.9941163 0.99656594 0.99522394 0.99688554 0.99672097 0.9961851 0.9959706 0.99669206 0.99498487 0.99550974 0.99293065 0.99219114 0.9949111 0.9970013 0.99573916 0.99625003 0.99713886 0.9955076 0.9945629 0.9958811 0.9849909 0.98923826 0.99669105 0.9944756 0.99086905 0.9934348 0.9935785 0.9875965 0.9912639 0.99628794 0.9931304 0.9867335 0.99143213 0.993054 0.9924577 0.9937917 0.99210304 0.9937082 0.98561835 0.99415004 0.9954438 0.9945112 0.9909277 0.9884758 0.9929024 0.99415463 0.9943025 0.9933402 0.9908004 0.9928908 0.992272 0.9914065 0.98902786 0.9917412 0.9943357 0.99415314 0.9922093 0.9891615 0.9964413 0.9963265 0.9959701 0.9961735 0.99664193 0.99368 0.99504703 0.9927528 0.994668 0.99371773 0.99610597 0.99512243 0.9922317 0.9912289 0.9961883 0.99397135 0.99144936 0.988078 0.99170107 0.9922697 0.9909211 0.99240434 0.9941799 0.9939064 0.9954367 0.9913365 0.99298 0.9930832 0.99517405 0.9938207 0.9920425 0.99112236 0.9939247 0.9933664 0.9940294 0.9939332 0.99341416 0.9941857 0.993011 0.9922182 0.9920749 0.9916272 0.9941692 0.9959352 0.9955312 0.9936374 0.99564505 0.9930292 0.99521655 0.9956525 0.996011 0.9964838 0.996462 0.99635243 0.9959785 0.9958059 0.99455655 0.9948741 0.9977006 0.9974028 0.9977555 0.9976655 0.9911558 0.9905039 0.9888638 0.9943867 0.9934001 0.99180144 0.99682295 0.99799526 0.99786484 0.9973432 0.99790186 0.99794 0.99744254 0.9953198 0.9974006 0.99704564 0.9974924 0.9963536 0.997325 0.99554104 0.9949425 0.9969115 0.9970971 0.99692607 0.9968959 0.9949709 0.9951393 0.9952192 0.9912352 0.9955168 0.9943427 0.99626046 0.99528676 0.99524593 0.994029 0.9907956 0.9910363 0.99274284 0.9935913 0.9937834 0.9950747 0.99638164 0.9956902 0.99641126 0.99654406 0.99610335 0.9957534 0.9964214 0.9928859 0.9964902 0.9927989 0.9936308 0.9962899 0.9940952 0.9908557 0.9914528 0.9933269 0.9963097 0.9935953 0.99727905 0.995913 0.99645627 0.9965263 0.995029 0.99521065 0.99435645 0.9948938 0.99742144 0.995056 0.99376965 0.99156547 0.9914763 0.9933125 0.9939809 0.99366343 0.99333584 0.994297 0.99410367 0.9963764 0.99431026 0.9934211 0.99448264 0.9948998 0.9932275 0.9920669 0.9916993 0.9948028 0.996078 0.99620926 0.9968082 0.99703366 0.99404216 0.9945348 0.99555355 0.9897774 0.98884135 0.98877645 0.9959647 0.99468446 0.9947086 0.99623054 0.99667275 0.9945113 0.9951263 0.9950434 0.99548817 0.9957621 0.9929913 0.9938184 0.9949337 0.9956937 0.99466884 0.9955847 0.9933956 0.9919747 0.9946841 0.9945446 0.99557394 0.99468553 0.9952381 0.9945502 0.99394035 0.9950497 0.99226797 0.9970894 0.99670583 0.9949977 0.9954142 0.9949262 0.99332964 0.99445325 0.99661005 0.9954745 0.99557716 0.9949554 0.9953648 0.9910454 0.9963982 0.99525696 0.9964051 0.99454087 0.992908 0.99607 0.99781483 0.99703354 0.9957166 0.9968829 0.99718505 0.99536264 0.9955031 0.99595493 0.9905781 0.9936662 0.9958462 0.9943771 0.9933733 0.9961496 0.9966286 0.9959537 0.99642104 0.99616116 0.9952566 0.996966 0.995383 0.9971141 0.9957406 0.9949611 0.9920786 0.9940585 0.99534816 0.9944833 0.9933531 0.99164885 0.99025935 0.99196625 0.99341106 0.9950362 0.9952152 0.9944852 0.9930156 0.9948244 0.9948195 0.99165833 0.99081004 0.9915052 0.99247795 0.99409896 0.9944907 0.9930382 0.9964851 0.9930577 0.99171114 0.98818886 0.9950167 0.99541855 0.9944464 0.9946924 0.99364877 0.9974376 0.99602777 0.9931958 0.99506676 0.99504685 0.99523526 0.99473494 0.99167216 0.9915691 0.9936034 0.9940965 0.996534 0.9902783 0.9880316 0.990031
KaraRadovanovicxPavle_SRP19002KrvaviZlocin-L2_1 0.99429256 0.9932606 0.9953268 0.99682075 0.9962435 0.98958004 0.9875043 0.9844735 0.9915125 0.99339646 0.99452466 0.992698 0.99351966 0.993972 0.9936028 0.99484205 0.99357235 0.9933073 0.99294585 0.9946421 0.9938554 0.99513674 0.98868465 0.99082506 0.9909826 0.99187523 0.9924106 0.9926322 0.99184865 0.99234974 0.99268407 0.9905302 0.9926919 0.9921869 0.9913952 0.99055517 0.99005014 0.99129134 0.9936468 0.99479437 0.9956742 0.99610853 0.9953526 0.9966463 0.9918437 0.99217147 0.9957358 0.9966024 0.99506164 0.99778676 0.9949918 0.9945904 0.9954052 0.99342304 0.99081486 0.9937554 0.9927574 0.9867734 0.99180764 0.9945874 0.99410254 0.9923408 0.9926311 0.9924995 0.9871491 0.98801154 0.99509853 0.99151736 0.9939761 0.9929247 0.992369 0.98648214 0.9917176 0.9941285 0.9932693 0.99473745 0.98889554 0.9888528 0.9943267 0.99348277 0.9900102 0.9957317 0.99480826 0.99603534 0.99567246 0.99667495 0.99717724 0.9965947 0.99666595 0.99607956 0.9964181 0.9956849 0.9923852 0.9903308 0.9904814 0.9938342 0.99252623 0.99501884 0.9913138 0.9936224 0.9896577 0.9924477 0.9927358 0.9950042 0.9966538 0.99434644 0.9957507 0.9955373 0.9944473 0.9951143 0.9947035 0.9962548 0.99636734 0.99658203 0.9954756 0.9969596 0.99223703 0.99116564 0.9887495 0.9897157 0.99046123 0.9885819 0.9921324 0.99139094 0.9933075 0.9910458 0.9949143 0.9898761 0.98895043 0.99150574 0.992766 0.99168783 0.994812 0.9950774 0.9927358 0.9942501 0.994101 0.99421906 0.9953259 0.99429476 0.9953991 0.99315965 0.99486434 0.9935639 0.9916266 0.99311453 0.99088466 0.9899236 0.9926239 0.99207896 0.9876296 0.9850942 0.9843078 0.9812062 0.994573 0.9946905 0.9944161 1.0 0.9992242 0.9934678 0.9963035 0.9928343 0.9944202 0.9931748 0.99442565 0.99626577 0.99594593 0.99628454 0.9945163 0.9956739 0.9956789 0.9954282 0.99531776 0.99629915 0.9953302 0.99689335 0.99415755 0.994378 0.99473166 0.9955766 0.99515074 0.9955569 0.9953685 0.9961182 0.99316484 0.9915502 0.9953886 0.99690473 0.995587 0.9969424 0.9942608 0.99217385 0.993635 0.9936756 0.9954593 0.99347603 0.99202156 0.9925452 0.99232763 0.9951028 0.9940125 0.9959494 0.9961139 0.99554324 0.99385643 0.9934201 0.993858 0.9944115 0.99127895 0.98841894 0.99128294 0.99627495 0.99375063 0.9911551 0.99400395 0.99519914 0.9928678 0.9952401 0.99544495 0.9921464 0.99343663 0.99311525 0.9918274 0.9938517 0.9949311 0.993944 0.99673927 0.9950756 0.9942957 0.99182147 0.9949692 0.97738487 0.98366356 0.9938755 0.9933467 0.98921627 0.9922496 0.9939544 0.98430943 0.99070203 0.9949584 0.9922826 0.98458016 0.98989004 0.9904592 0.99070394 0.99248874 0.99060255 0.9881662 0.9806932 0.9924393 0.9940077 0.993858 0.98875403 0.9829451 0.99024653 0.99004614 0.99233156 0.9896914 0.98488396 0.98852956 0.988466 0.9912338 0.9865746 0.99153817 0.99305815 0.993115 0.9903133 0.9881071 0.99570423 0.9948104 0.9960544 0.99289465 0.99638623 0.99196446 0.9933051 0.98900926 0.99139327 0.99248177 0.9939209 0.9951618 0.9885539 0.98652565 0.9942925 0.992977 0.98784655 0.98433965 0.9871594 0.9876418 0.98536426 0.9891032 0.9909263 0.9905602 0.9936593 0.9885123 0.9913547 0.9914913 0.9919735 0.9921846 0.99008405 0.9895964 0.99067104 0.9913875 0.98915356 0.9917826 0.99108756 0.9917364 0.9897304 0.9911164 0.9931626 0.9930926 0.9912084 0.99361455 0.9934266 0.992153 0.99484634 0.9909739 0.9943672 0.9916198 0.9925324 0.99592173 0.9954111 0.9951627 0.9964231 0.99670315 0.99603575 0.99619955 0.99386394 0.99425614 0.9934105 0.9937675 0.99404013 0.99394333 0.9931085 0.9962946 0.9943381 0.99471176 0.9924792 0.99460584 0.9951993 0.9955968 0.9961168 0.9958273 0.9967778 0.99172604 0.9948156 0.995557 0.99508315 0.99147093 0.99416125 0.99248165 0.99242765 0.99162745 0.99325883 0.99263966 0.99309826 0.9898798 0.991122 0.99060416 0.99398404 0.9930392 0.99140346 0.9945452 0.9923036 0.99260443 0.9906465 0.9878989 0.9891467 0.99071324 0.99207675 0.9935901 0.9940373 0.99564266 0.99645925 0.9948436 0.99495125 0.9952089 0.9969058 0.99559367 0.99589235 0.99536157 0.99518716 0.9952043 0.9956881 0.9962502 0.99412185 0.99450994 0.99541247 0.9934777 0.99494994 0.99503666 0.99596655 0.9943925 0.99524015 0.9970859 0.9943059 0.99431807 0.994879 0.9965511 0.9957454 0.99132746 0.9895169 0.9890892 0.98950565 0.9911054 0.99011874 0.9896407 0.99156755 0.9911492 0.9936009 0.9927397 0.9919341 0.99326086 0.99428374 0.9912673 0.9899609 0.9909352 0.9946141 0.9945116 0.9951925 0.9942461 0.9952386 0.9906957 0.99103034 0.9924052 0.9865862 0.98553693 0.98511726 0.9966251 0.9940301 0.9946273 0.9948207 0.9949698 0.9927322 0.9928455 0.9939476 0.9946042 0.9959266 0.99004495 0.98865855 0.99235606 0.9933792 0.99298835 0.99448645 0.9923501 0.9923286 0.9908817 0.9914706 0.99170023 0.9916623 0.9932873 0.98972535 0.98790896 0.990019 0.987138 0.99425584 0.99314946 0.9909094 0.992034 0.99144286 0.9896792 0.9924748 0.9940847 0.9941378 0.9934893 0.99374825 0.99171513 0.9875683 0.99168414 0.99060065 0.99401504 0.99429274 0.99009675 0.9932405 0.9956404 0.99405235 0.99389875 0.9934405 0.99482864 0.9933375 0.9936264 0.9938442 0.98976076 0.99330974 0.99535805 0.9917019 0.98828477 0.9947076 0.9953227 0.99579644 0.99490905 0.99554855 0.9952515 0.9949899 0.9953052 0.9957765 0.9952618 0.9933397 0.9916863 0.99254954 0.99491394 0.99407804 0.992434 0.99058485 0.98597455 0.9869711 0.98982376 0.9929038 0.99514735 0.99326897 0.9910459 0.9941885 0.9929188 0.9871259 0.98749536 0.98735917 0.98963773 0.9919909 0.9914545 0.99149543 0.9951179 0.9944178 0.99257576 0.98980373 0.9934627 0.9947444 0.9952459 0.9942311 0.994295 0.9953583 0.993752 0.99247223 0.99359226 0.9933906 0.9932001 0.9944346 0.9932344 0.99176383 0.9933217 0.9931027 0.99444634 0.98750126 0.9862868 0.9872406
KaraRadovanovicxPavle_SRP19002KrvaviZlocin-L2_2 0.9937075 0.9926935 0.99515927 0.99699676 0.99595374 0.9896331 0.98801285 0.9850323 0.9908648 0.9926616 0.99388736 0.99212784 0.9933446 0.993613 0.99299663 0.9939535 0.99276805 0.992668 0.9920367 0.9937096 0.99300563 0.99437785 0.987672 0.989358 0.9898134 0.99080455 0.9912507 0.991196 0.99082583 0.99154806 0.9916847 0.98954946 0.9919881 0.99103135 0.9903751 0.9893456 0.9887875 0.9901039 0.9924183 0.9936892 0.99475867 0.99537677 0.9945855 0.99562025 0.9905038 0.99105555 0.99474376 0.99594057 0.9944716 0.9974545 0.9951498 0.9947377 0.9960601 0.9931356 0.99107397 0.9929105 0.9920509 0.98568124 0.99083185 0.99426365 0.9939466 0.9912333 0.9914585 0.991433 0.986579 0.98728174 0.9944136 0.99090624 0.9936352 0.99266386 0.9918597 0.98558605 0.9919852 0.99447757 0.9934588 0.99492157 0.98833317 0.98905945 0.9946534 0.9934237 0.9905486 0.9954176 0.99427015 0.9957374 0.9953942 0.9965772 0.9971454 0.99669296 0.99647224 0.99605143 0.99643373 0.9951048 0.992528 0.991035 0.9913333 0.9944946 0.99322873 0.9957346 0.9921091 0.99461913 0.9906421 0.993189 0.9933248 0.9949568 0.9966121 0.9937557 0.9957602 0.9955683 0.99436283 0.9953301 0.9947358 0.9964141 0.9963226 0.9966765 0.9954344 0.9969775 0.9917787 0.9909482 0.98857105 0.98968226 0.99053437 0.98872524 0.9919492 0.99102384 0.9930996 0.9910254 0.99502635 0.98949075 0.9883094 0.99104464 0.9922789 0.99110585 0.9943273 0.9948499 0.9926141 0.9930428 0.9928869 0.99333596 0.9943439 0.99421614 0.9955125 0.9935189 0.99496406 0.99336874 0.99126047 0.992971 0.9907138 0.9897245 0.99265593 0.99208724 0.9864451 0.9844743 0.98417574 0.98097503 0.9936822 0.9936367 0.9934135 0.9992242 1.0 0.9930726 0.99574405 0.9922378 0.9937212 0.99253345 0.99379355 0.9955841 0.9951525 0.9956584 0.99416894 0.9953616 0.9955591 0.9950688 0.9948076 0.99594784 0.99500835 0.99666345 0.99332273 0.9936554 0.993925 0.9948416 0.99469155 0.9947988 0.9944717 0.9956706 0.99306613 0.9915921 0.99490076 0.9968363 0.99574375 0.9968893 0.9938415 0.99182755 0.99349606 0.99346185 0.9953225 0.9930603 0.99175507 0.99191266 0.9919918 0.9948836 0.9939567 0.9958127 0.9958143 0.9957354 0.9935167 0.99307096 0.99378264 0.99420285 0.99132824 0.9885042 0.991626 0.99622357 0.99321926 0.9903073 0.9932791 0.99471724 0.9920935 0.9948506 0.9950559 0.99153256 0.9932045 0.99361897 0.9924805 0.9940612 0.99501735 0.9940592 0.99654675 0.9945535 0.9944569 0.99172974 0.99486154 0.97582036 0.9826208 0.99378806 0.9935247 0.98905426 0.992283 0.9945535 0.98380625 0.9908 0.99487287 0.9922813 0.9844415 0.98968625 0.99026424 0.99067605 0.9925797 0.99009764 0.9876829 0.9805857 0.9924357 0.9938597 0.99362266 0.98892033 0.9823478 0.9898825 0.9896676 0.99241525 0.98929024 0.984818 0.9879451 0.98843366 0.9917127 0.9866874 0.99180394 0.9931377 0.99338627 0.991074 0.9890214 0.995611 0.99469876 0.9957785 0.99236774 0.99603623 0.99175847 0.99296963 0.98848933 0.99061006 0.9917131 0.99317294 0.99457836 0.98830396 0.9860396 0.99410534 0.9925397 0.9876447 0.98414963 0.9866326 0.9872034 0.98500144 0.9883622 0.9908772 0.99013054 0.9932733 0.9884037 0.9914894 0.99175805 0.9917324 0.9923762 0.9904424 0.9898537 0.99092275 0.9914176 0.989394 0.9917107 0.9914836 0.9917271 0.99016404 0.9906315 0.99293625 0.99342996 0.9908843 0.99330175 0.9929327 0.99183893 0.9943371 0.9908855 0.99421567 0.9908311 0.99211407 0.9956287 0.99501604 0.9950126 0.9957344 0.99591756 0.99559 0.99568087 0.99341327 0.9937209 0.99280375 0.9931127 0.99363166 0.9936881 0.9928761 0.9963344 0.9945409 0.99485826 0.99162465 0.99378073 0.99460995 0.9954269 0.99541026 0.99475414 0.99586606 0.990077 0.9938483 0.99502414 0.994375 0.99016136 0.9931638 0.99139667 0.99102956 0.9901202 0.9921137 0.9919958 0.9922927 0.98910594 0.9903241 0.9893751 0.99406856 0.9923109 0.9905573 0.9938797 0.99181545 0.9921922 0.9902426 0.98775804 0.98913187 0.9906425 0.99205875 0.99351054 0.9937173 0.9954541 0.99602884 0.99440527 0.9943035 0.9947536 0.9963443 0.9948294 0.9953748 0.99471486 0.99462867 0.9947476 0.99556446 0.9961219 0.99407834 0.99420714 0.9953099 0.99247694 0.9937677 0.9939058 0.9950053 0.9935368 0.9945551 0.996776 0.99428856 0.99452055 0.99476093 0.99603903 0.99479926 0.9902242 0.98885024 0.9882583 0.9886207 0.9902286 0.98944044 0.98892367 0.99088323 0.9902647 0.99344105 0.99325466 0.99247074 0.9932087 0.9943994 0.9916773 0.99053085 0.99159294 0.99445224 0.9945166 0.9953031 0.99410516 0.99501836 0.99047947 0.9909749 0.99232334 0.98683625 0.98572886 0.9855381 0.99638546 0.9937438 0.9943222 0.9946229 0.9944974 0.99264514 0.9927659 0.9941008 0.99425143 0.99567616 0.9897119 0.9877695 0.99180496 0.9930279 0.99299395 0.99434996 0.9918669 0.99232084 0.9896727 0.9905979 0.99081486 0.99085695 0.9927727 0.98890376 0.98701555 0.98928005 0.98609185 0.9938612 0.9931286 0.9909001 0.992014 0.9914267 0.9894341 0.99246675 0.99376917 0.99389434 0.9931859 0.99360776 0.9913325 0.987768 0.9912677 0.9903467 0.9935034 0.9941972 0.9898896 0.9932379 0.9950164 0.99378407 0.9939501 0.99290407 0.9946574 0.9932566 0.99389875 0.9937355 0.9901691 0.99399054 0.9955212 0.9922886 0.98815334 0.9944536 0.9954266 0.995756 0.99498135 0.9958921 0.9958912 0.99507165 0.99570245 0.995833 0.9939109 0.9918056 0.9905416 0.9911256 0.9937068 0.99267423 0.99089503 0.98880947 0.9851074 0.98632777 0.9892002 0.99249107 0.99479693 0.99272245 0.9904812 0.9937432 0.9925051 0.9859372 0.98632914 0.986291 0.98879045 0.9912268 0.9905993 0.9909212 0.99431026 0.9941602 0.99210674 0.98980474 0.9927596 0.99435085 0.99489397 0.9938612 0.99397725 0.9946296 0.99294174 0.9918875 0.9933048 0.99246883 0.9924981 0.99410117 0.9927578 0.99124414 0.9927596 0.9927498 0.9938607 0.98733735 0.986475 0.9874601
KomarcyicxLazar_SRP18800DragocenaOgrlica-L2_1 0.98896223 0.99246365 0.99353963 0.99123055 0.9918053 0.9917804 0.98966664 0.98790586 0.99435234 0.9928202 0.9946277 0.9938692 0.99391174 0.9943365 0.9926105 0.99166435 0.99081403 0.99062747 0.99138546 0.9938015 0.9927197 0.9932753 0.98878294 0.9899982 0.9900443 0.99125385 0.99136037 0.9910289 0.9920342 0.9923062 0.9923136 0.9919621 0.99263644 0.98548603 0.9835917 0.98894596 0.98723435 0.98765296 0.9926048 0.9928354 0.99380064 0.9936403 0.99300265 0.99243927 0.98924905 0.99033666 0.9931902 0.9941741 0.9941263 0.9949334 0.9955001 0.9953704 0.9958318 0.994825 0.995417 0.99063945 0.9897448 0.98304284 0.9869273 0.99224293 0.99205416 0.98844385 0.992753 0.99218583 0.9863223 0.98722404 0.9955288 0.99450517 0.9962323 0.99340224 0.9931281 0.9917244 0.9945697 0.99553716 0.9950278 0.99563885 0.9914293 0.9917254 0.9948407 0.9942663 0.9920126 0.9922137 0.99230415 0.99583626 0.9927254 0.99566555 0.99518967 0.99562734 0.99615026 0.9942471 0.99462557 0.9931117 0.9930953 0.99106795 0.99171084 0.99399155 0.9929417 0.99427503 0.9930728 0.9945117 0.9906321 0.99136025 0.99193746 0.9949586 0.993933 0.99314976 0.9932615 0.99388987 0.99402225 0.9943882 0.9945325 0.9943935 0.99516493 0.9942094 0.9950116 0.99429077 0.99445057 0.99279493 0.99163586 0.9921662 0.99347186 0.99373347 0.99312097 0.9924525 0.9932207 0.992103 0.9940372 0.9919598 0.9897334 0.99135226 0.9912883 0.9917096 0.9935609 0.9934497 0.99330556 0.9892874 0.9904505 0.9909941 0.9916629 0.9924127 0.9916288 0.9890902 0.9908708 0.9952444 0.99430805 0.9945087 0.9937373 0.99233824 0.99523306 0.9949567 0.9877208 0.98921037 0.9881821 0.98511034 0.994395 0.9947446 0.99478185 0.9934678 0.9930726 0.9999998 0.9985482 0.99907345 0.9986132 0.9991107 0.99921495 0.9960858 0.9961438 0.99699444 0.9972118 0.9972771 0.99711066 0.9968623 0.9961777 0.99648017 0.9955418 0.9950834 0.99461204 0.9927731 0.99084765 0.99393576 0.9936064 0.99347174 0.99326485 0.994687 0.99278784 0.9917209 0.9946418 0.99574566 0.9956764 0.99577117 0.99405754 0.99376327 0.9931772 0.9947849 0.9938495 0.9936512 0.9932166 0.9943427 0.99401224 0.99602795 0.995266 0.9959313 0.9960805 0.9942046 0.99423116 0.99577034 0.9949578 0.9953976 0.994554 0.9929216 0.9936592 0.99603564 0.9928069 0.9911127 0.9935779 0.9926222 0.99278957 0.99199915 0.9939703 0.99120873 0.9921577 0.9898835 0.9890579 0.9915644 0.9936037 0.9930283 0.99694777 0.9945593 0.9935067 0.9926161 0.9927453 0.97953653 0.9842352 0.99285287 0.9925787 0.98920953 0.9909244 0.9938171 0.9872066 0.9905039 0.99376965 0.9934034 0.9892829 0.9924367 0.993966 0.99168605 0.9915176 0.991607 0.9920249 0.9865715 0.9949269 0.995108 0.99406445 0.9926329 0.9878481 0.99350536 0.9931292 0.9926993 0.99180996 0.98985434 0.99306893 0.9935409 0.99407095 0.99078476 0.99415284 0.9950258 0.99518067 0.993694 0.99198973 0.99322355 0.99373937 0.9931791 0.99375415 0.99489903 0.9942837 0.9944965 0.9908963 0.99089783 0.9894795 0.9932743 0.993334 0.9913211 0.98973835 0.99312145 0.9914392 0.9909733 0.9893799 0.989768 0.990904 0.9896171 0.9898234 0.9915828 0.99240804 0.99263084 0.99177843 0.99341726 0.99318045 0.99322057 0.99402106 0.993684 0.9930725 0.99564636 0.9942572 0.9938067 0.99502254 0.9940323 0.9945889 0.9937561 0.98707783 0.9866291 0.9893994 0.99326575 0.99352247 0.9934532 0.9924863 0.9940064 0.99367386 0.9939685 0.99262434 0.9920986 0.99560535 0.9947373 0.9959773 0.9936153 0.99258405 0.99209905 0.9930445 0.9935703 0.9940548 0.9937334 0.9936055 0.987666 0.9865123 0.9852302 0.9953046 0.9944072 0.9935316 0.9932417 0.994179 0.994052 0.9935893 0.99370927 0.9937741 0.9930655 0.98829085 0.99385554 0.99421394 0.9942093 0.98995113 0.9922934 0.99010557 0.98885125 0.99066705 0.9922366 0.9928889 0.9931544 0.9899679 0.99014574 0.99104667 0.9917397 0.9932276 0.99168074 0.9919267 0.99078774 0.99195546 0.9906746 0.99352014 0.9940101 0.9945368 0.99507266 0.99564 0.99466157 0.9933719 0.9931327 0.99355894 0.9930945 0.9935901 0.99296236 0.99113435 0.9906477 0.9930007 0.9894949 0.9907807 0.9939382 0.99166805 0.98824275 0.9887851 0.99065685 0.9924087 0.9883148 0.9927271 0.9916956 0.9922723 0.9926977 0.995118 0.9950732 0.99493754 0.99440145 0.99566567 0.99242425 0.9895445 0.9900073 0.98840535 0.98886967 0.9892958 0.9896811 0.9891516 0.9898733 0.98955613 0.99433315 0.9943345 0.9953124 0.9949531 0.9955527 0.9956911 0.9954083 0.99599403 0.9964674 0.99614155 0.9960408 0.9963053 0.99598044 0.9932305 0.9943346 0.99515 0.9913535 0.9913777 0.99056566 0.99600536 0.9958074 0.9951184 0.99606144 0.995361 0.99498785 0.9958253 0.9965392 0.9960599 0.99683535 0.99361473 0.9932481 0.99570143 0.9964616 0.99642617 0.99768496 0.9948299 0.99383676 0.9931716 0.992844 0.9942009 0.9924653 0.9943499 0.9930601 0.99117404 0.99214774 0.9906385 0.9959894 0.99445736 0.9928322 0.9936006 0.99342376 0.9924485 0.9938917 0.9972166 0.9950581 0.994784 0.9958721 0.99489486 0.99141914 0.99458337 0.993871 0.99628145 0.9965881 0.9946129 0.9958639 0.99442255 0.99631876 0.9966894 0.99611866 0.9949008 0.99420065 0.99421895 0.99323547 0.992413 0.9932119 0.99386036 0.99295366 0.99068415 0.9936973 0.99396324 0.9935483 0.99510086 0.99534 0.99518 0.99467695 0.9946315 0.9951395 0.9904945 0.988482 0.98598033 0.98756725 0.9905116 0.98907423 0.9863032 0.9844743 0.9911841 0.9912796 0.9938458 0.9956392 0.99576044 0.99537724 0.9935837 0.9951542 0.995316 0.9913605 0.99186164 0.99244285 0.99393755 0.995698 0.99546784 0.9960364 0.9956852 0.99331456 0.99272466 0.9904032 0.9919358 0.99397177 0.99318403 0.9932549 0.9929176 0.9950556 0.9925005 0.9906297 0.99379236 0.99102 0.99203026 0.9933313 0.98960024 0.9894707 0.99108 0.9918704 0.9935843 0.98713154 0.98419774 0.98675025
KomarcyicxLazar_SRP18800DragocenaOgrlica-L2_2 0.9928541 0.9938941 0.99570876 0.9948144 0.99486 0.9917995 0.98989946 0.9875941 0.99428606 0.9945361 0.9958696 0.99450827 0.99501663 0.99551153 0.99429196 0.9943767 0.99357337 0.993332 0.9931523 0.99504995 0.99460816 0.99532044 0.9898062 0.9914837 0.99212795 0.99365556 0.9936356 0.99347883 0.9935584 0.9940471 0.99443686 0.99292207 0.994158 0.98974276 0.9883566 0.9909966 0.98994166 0.9911977 0.9939627 0.9942488 0.9955031 0.9957462 0.9946184 0.99557924 0.9916221 0.99203193 0.995247 0.99634415 0.9954413 0.99718463 0.99581337 0.9956647 0.99649864 0.99592215 0.99484 0.99335873 0.9923677 0.9866319 0.990731 0.9945071 0.99439096 0.9915979 0.99422634 0.9939746 0.98808676 0.9889941 0.99628913 0.9943466 0.9960466 0.9931883 0.9933644 0.99065095 0.9932971 0.99531144 0.9947233 0.99607134 0.99057406 0.9910922 0.9951259 0.9939881 0.991005 0.99394447 0.9935705 0.9966426 0.9945508 0.9962131 0.9964306 0.9963609 0.99700123 0.99559677 0.99574864 0.9961748 0.99311966 0.99137825 0.9918171 0.99426764 0.99298286 0.9943231 0.99278307 0.99504197 0.99068654 0.9923669 0.9928568 0.9947352 0.995169 0.9943634 0.9953561 0.9953679 0.99465054 0.99517304 0.9949833 0.9955276 0.9960698 0.9956732 0.9953505 0.9959928 0.99379814 0.991727 0.9904179 0.99122405 0.9922829 0.99182475 0.9932207 0.9923304 0.9933492 0.99191326 0.9950693 0.9916117 0.98945326 0.99131685 0.9919676 0.9918606 0.9941996 0.99428564 0.9933435 0.9935975 0.99346584 0.993793 0.99466014 0.9938822 0.9939317 0.9914361 0.9929888 0.9952446 0.9936565 0.9941634 0.9928567 0.9910994 0.99448663 0.9939169 0.9883168 0.9874749 0.9866362 0.9832058 0.9951994 0.99558586 0.99631095 0.9963035 0.99574405 0.9985482 1.0000002 0.9979133 0.99892765 0.99791247 0.9989766 0.9982495 0.99848616 0.99798673 0.9977616 0.99760616 0.99819183 0.9982481 0.9970821 0.9980686 0.9973396 0.9975504 0.9958115 0.99527615 0.99397224 0.99539495 0.99527407 0.99587893 0.9955917 0.9962346 0.9942124 0.99282235 0.99569714 0.99686074 0.99624884 0.9975052 0.995751 0.99398553 0.99518526 0.9958083 0.9958401 0.9943432 0.993221 0.9939038 0.9934545 0.99666756 0.99541956 0.99602056 0.99628234 0.9950763 0.9946334 0.99555576 0.9956536 0.9954184 0.9942254 0.99223584 0.99369085 0.9967171 0.9944347 0.99221146 0.9948943 0.99532527 0.9941574 0.99511623 0.99594855 0.9929379 0.9944039 0.99323356 0.9923965 0.99456453 0.9957248 0.9949584 0.9980688 0.99590814 0.99529463 0.9934911 0.9954071 0.9799038 0.98504204 0.99423546 0.993984 0.9896902 0.9922154 0.99512017 0.98627794 0.9921378 0.9956393 0.99502134 0.9893958 0.9933478 0.9942521 0.99219877 0.99280024 0.99228954 0.99150336 0.9843979 0.99529886 0.9960813 0.9949488 0.991943 0.9863775 0.99254835 0.9927793 0.9939375 0.9914441 0.9884908 0.99166423 0.99213105 0.99295616 0.9889875 0.99289197 0.99425286 0.9946283 0.99259055 0.9905884 0.9948682 0.99476504 0.9948392 0.9938426 0.996052 0.9931234 0.9942686 0.99122864 0.9921701 0.9917692 0.99468344 0.9949626 0.9912734 0.98930067 0.9948728 0.993832 0.99065167 0.987856 0.98933864 0.99041677 0.988532 0.9907239 0.99210507 0.9928509 0.9943122 0.9906832 0.9931087 0.9931341 0.993089 0.99416804 0.99256724 0.99182045 0.99472696 0.99377656 0.99306965 0.9946951 0.9940649 0.9942956 0.992938 0.9895244 0.9900284 0.9912106 0.992486 0.9939263 0.99380237 0.99246794 0.9946412 0.9929093 0.9941943 0.9932171 0.99349254 0.99709874 0.9962418 0.9968896 0.99572825 0.99554193 0.9949945 0.9957493 0.9948622 0.99507415 0.9946991 0.9946608 0.9918557 0.9913195 0.99047357 0.99676245 0.99554443 0.99471116 0.99375165 0.99550766 0.9952907 0.99513435 0.9963265 0.99595994 0.9961791 0.99223226 0.99542874 0.99613506 0.99577063 0.99213374 0.9949211 0.9931566 0.9926431 0.9927991 0.99462134 0.9943776 0.99516946 0.99188924 0.9926029 0.9935926 0.994684 0.9932295 0.99133855 0.99314713 0.9912863 0.9921466 0.99096406 0.99148583 0.9924087 0.9932003 0.99434537 0.9957141 0.9952307 0.99537325 0.995943 0.9946277 0.99484617 0.99493426 0.9955728 0.9943385 0.99424195 0.9949872 0.99362576 0.99443364 0.9959368 0.9953263 0.99220943 0.9931787 0.9941602 0.9938246 0.9926874 0.9946917 0.9949165 0.99423766 0.99471915 0.9967656 0.995582 0.99533534 0.9955743 0.99728805 0.9954926 0.99078333 0.98997265 0.98867935 0.9891563 0.99063367 0.9899353 0.9899864 0.99160147 0.9909369 0.9951957 0.99479413 0.9952584 0.9951929 0.99563646 0.99488354 0.9937796 0.99466604 0.99622107 0.99616367 0.9959562 0.9962208 0.9958917 0.9917955 0.99311936 0.99395597 0.9899881 0.9891539 0.98801196 0.99685365 0.99524885 0.9951074 0.99608773 0.9959226 0.9944888 0.994923 0.99564976 0.99680024 0.9976596 0.9931647 0.9920139 0.9950281 0.9962187 0.9958526 0.997396 0.99344 0.99258137 0.9924859 0.9928543 0.9942688 0.9926728 0.99453676 0.9923447 0.9902578 0.99193496 0.98959535 0.9964943 0.994562 0.9928472 0.99347204 0.9934257 0.9918968 0.9935587 0.99727786 0.995511 0.9945588 0.9955544 0.9947218 0.99038464 0.9946348 0.9931183 0.9960513 0.9967761 0.99385214 0.9960951 0.99566966 0.9962998 0.9966371 0.99621475 0.9962945 0.9948218 0.99518096 0.99462515 0.99170285 0.9936038 0.9957999 0.99277616 0.99004686 0.99433 0.99551183 0.9952516 0.9955464 0.99637824 0.99644333 0.99556357 0.99618655 0.9962798 0.99416405 0.99227893 0.99056035 0.9917212 0.9944903 0.9931591 0.9909663 0.9892172 0.98899585 0.9897308 0.99272627 0.9951783 0.9961395 0.99492586 0.9930558 0.9955408 0.995031 0.98988414 0.9901735 0.99077696 0.9923318 0.9944596 0.99423516 0.9947497 0.9967843 0.9956274 0.9943654 0.9917954 0.9941172 0.9954205 0.99508524 0.99475175 0.9949725 0.99732864 0.9954054 0.9940488 0.99600315 0.9946978 0.9949348 0.99556005 0.99337393 0.99253315 0.99408007 0.99448746 0.9963271 0.98791623 0.9864208 0.9882921
KomarcyicxLazar_SRP18800DragocenaOgrlica-L2_3 0.98770535 0.9906392 0.9916328 0.9899591 0.99069697 0.9893905 0.98670435 0.98483175 0.9931035 0.99197763 0.9939302 0.99286646 0.9932171 0.9939457 0.9920243 0.99118096 0.9906933 0.98983175 0.99066126 0.99355596 0.9931267 0.99349284 0.9874793 0.98924106 0.98934895 0.9910077 0.99126977 0.99105036 0.99146694 0.99225235 0.99214625 0.9915206 0.9926775 0.98623407 0.9845515 0.98816484 0.98638904 0.98758173 0.99156606 0.99172807 0.99320805 0.9931581 0.9918889 0.99204946 0.9878717 0.9890923 0.9926684 0.99372745 0.99353534 0.99412024 0.99468464 0.99468166 0.99510384 0.9932844 0.99370533 0.9893482 0.98802304 0.9811207 0.9853123 0.99113506 0.991089 0.9871531 0.9917472 0.99105406 0.984375 0.98554564 0.9946986 0.99365765 0.9954618 0.99158555 0.9920629 0.98966706 0.99263257 0.9945733 0.99383134 0.9947042 0.9899153 0.989958 0.99312955 0.9930362 0.99043185 0.9908788 0.9906193 0.9942127 0.9911486 0.9938409 0.99392116 0.99387115 0.99477386 0.99207693 0.99306154 0.99361646 0.99155676 0.9905065 0.990953 0.99268734 0.99110264 0.9926889 0.99163467 0.9931138 0.9895886 0.99106896 0.9919625 0.99480104 0.99392897 0.9925771 0.99340886 0.9940039 0.99407995 0.994227 0.99439704 0.9938976 0.9946788 0.99396074 0.9939912 0.994177 0.99408 0.9918673 0.99119854 0.99163204 0.992588 0.99339104 0.99241453 0.99180007 0.9920385 0.9908487 0.99334973 0.9903443 0.9881834 0.99024534 0.9901448 0.9904874 0.9923766 0.9922726 0.9922398 0.9894477 0.9896382 0.9899437 0.9903667 0.9899777 0.9900888 0.9868366 0.98878896 0.9934851 0.9936214 0.99404955 0.99199504 0.9905075 0.99322116 0.9934955 0.9858965 0.98734957 0.9871255 0.98293865 0.99395335 0.9942572 0.994676 0.9928343 0.9922378 0.99907345 0.9979133 0.9999997 0.99821603 0.9990836 0.9990655 0.99659127 0.9959542 0.99721336 0.9968006 0.99741083 0.9972835 0.99728566 0.99639124 0.9964245 0.9957263 0.9951633 0.9948964 0.99359816 0.99151224 0.99351865 0.9937891 0.9938006 0.9934428 0.9942899 0.992786 0.99221456 0.994217 0.99510163 0.9950902 0.99465966 0.99396956 0.9937912 0.99364495 0.9949131 0.9940188 0.99338967 0.9927981 0.9927105 0.99197686 0.9948198 0.99333936 0.99491286 0.99466723 0.99228716 0.9923146 0.9940865 0.99323535 0.99481314 0.992204 0.9899472 0.9909502 0.9948147 0.9916931 0.9898336 0.9924291 0.99167746 0.9913161 0.99039954 0.99318725 0.98983806 0.99055094 0.9888064 0.9879734 0.9904895 0.99285203 0.99202734 0.99614555 0.99377215 0.9925192 0.99173045 0.9919497 0.97687185 0.98156685 0.9920877 0.99097407 0.98724765 0.98941934 0.992462 0.9850819 0.9882185 0.9930753 0.9933277 0.99014276 0.9925894 0.9935988 0.9895694 0.99036753 0.98888975 0.99004275 0.98393816 0.99231905 0.99294287 0.9913661 0.98977906 0.98580015 0.9915811 0.991549 0.99057263 0.9899379 0.98799086 0.9911041 0.99140114 0.9923836 0.9890247 0.99214774 0.9939668 0.9939872 0.9921403 0.9900474 0.99278677 0.9936694 0.9924073 0.9929041 0.9941327 0.9931583 0.9937725 0.988835 0.98949754 0.9881009 0.9920778 0.99167514 0.98931515 0.9876603 0.99226755 0.9894369 0.98910993 0.98784155 0.98828423 0.9896429 0.98837745 0.9880279 0.99041563 0.99057907 0.9914702 0.98954964 0.99153364 0.99128443 0.99148506 0.99226403 0.9919269 0.9912543 0.9945557 0.9947682 0.9933871 0.9948586 0.9936904 0.9947996 0.9937465 0.9858529 0.98557794 0.98802924 0.9919892 0.9928564 0.9922023 0.9908653 0.9929396 0.9921938 0.9929303 0.9916735 0.9911245 0.9950511 0.994033 0.9952927 0.99302447 0.99184334 0.99142134 0.99205965 0.9928487 0.9939127 0.9933033 0.9931415 0.98560417 0.98443305 0.98310196 0.99408364 0.9937549 0.9923007 0.99210685 0.99364215 0.9934796 0.99291235 0.9933328 0.9930478 0.9929974 0.98817104 0.9928166 0.99300116 0.9931623 0.9886432 0.99179626 0.98911196 0.9878956 0.98962164 0.9914043 0.9922637 0.9925465 0.9886428 0.9892098 0.990144 0.9914625 0.99200445 0.9904422 0.9910101 0.9900723 0.9908688 0.98844874 0.99058545 0.99122906 0.99222195 0.99283314 0.9931306 0.9923315 0.99290824 0.99335504 0.9930125 0.9926033 0.993231 0.992607 0.99062496 0.99123406 0.992246 0.9900587 0.9913228 0.9938366 0.9918947 0.98891664 0.9893625 0.9910964 0.9914703 0.988626 0.9922246 0.99179417 0.9917235 0.9921012 0.9951942 0.9955305 0.9952887 0.9952974 0.99593127 0.9913371 0.9879309 0.9880483 0.98614186 0.9870695 0.9872717 0.98804754 0.9869562 0.9879668 0.98753417 0.99397963 0.9941627 0.9949508 0.9934427 0.9952208 0.9951034 0.9947681 0.9955755 0.99580795 0.99477357 0.9951584 0.9951712 0.9952974 0.99141353 0.9929879 0.99419296 0.9889617 0.9893787 0.98866755 0.9954335 0.99490535 0.9941541 0.9955123 0.9945815 0.99360204 0.9941712 0.9950397 0.9946674 0.9961517 0.9919168 0.99165225 0.9941189 0.995903 0.9952894 0.9965284 0.993153 0.9924468 0.9920364 0.99156237 0.99309564 0.99099565 0.9931003 0.99172 0.9904216 0.99152386 0.9891753 0.99575233 0.9942919 0.9922694 0.99308664 0.99236333 0.99051887 0.9929104 0.99637884 0.9931301 0.99279183 0.99443436 0.9930801 0.9895279 0.99311817 0.99263686 0.99461794 0.994889 0.99226165 0.9947888 0.9934191 0.9955131 0.99533117 0.99474937 0.9938557 0.99250895 0.992384 0.9915277 0.99043864 0.99168026 0.99216294 0.9919155 0.9891969 0.9924361 0.9931834 0.9932936 0.99430746 0.99445635 0.99447054 0.99380356 0.99341786 0.9940226 0.990548 0.9888676 0.98610544 0.9878826 0.9911529 0.98971033 0.9868699 0.98501647 0.9893146 0.98902494 0.99161625 0.99365497 0.99431 0.99375534 0.99140096 0.9932011 0.99310064 0.98987806 0.989817 0.9904068 0.9918959 0.9940811 0.99411064 0.9943655 0.9959723 0.99427176 0.99331737 0.991615 0.99247104 0.99448925 0.99357885 0.9938327 0.9935397 0.9950018 0.9932598 0.99131215 0.9942912 0.991746 0.99276227 0.99391156 0.9908167 0.9908274 0.99225265 0.99289834 0.99404275 0.98574644 0.9825223 0.985234
KomarcyicxLazar_SRP18800DragocenaOgrlica-L2_4 0.9902108 0.9917167 0.9938775 0.992545 0.9930097 0.98980325 0.98822874 0.9865538 0.99274224 0.99318033 0.99470735 0.9933721 0.9938236 0.99432576 0.992938 0.9934523 0.99285555 0.99232405 0.99208087 0.9938582 0.99372715 0.99443054 0.98827946 0.990768 0.9911617 0.9929719 0.9929565 0.9936289 0.992819 0.9938228 0.99432254 0.9924344 0.9939439 0.98856235 0.98704535 0.98994917 0.9890116 0.99045575 0.99269044 0.99330866 0.9946055 0.99446154 0.99317515 0.99486476 0.9905111 0.99112153 0.9944545 0.9950775 0.99439406 0.9953848 0.9941764 0.9939392 0.9948533 0.9943971 0.9942652 0.9919793 0.99057305 0.98526055 0.98905784 0.9926965 0.9926824 0.9906324 0.9926197 0.99214774 0.9863104 0.9874859 0.99458313 0.9928541 0.99471974 0.9913761 0.99162364 0.9888704 0.9913438 0.9935418 0.99265474 0.9943845 0.989021 0.98915976 0.9930628 0.99244016 0.98955876 0.9924779 0.9923226 0.9949113 0.99223095 0.9945163 0.9949561 0.9948185 0.99553525 0.9937551 0.9938175 0.99516124 0.9911037 0.9897306 0.9900408 0.99222666 0.9907332 0.9924491 0.99046856 0.9927719 0.98896825 0.9906778 0.99101526 0.9933365 0.9934126 0.9916799 0.99333584 0.9932724 0.99263537 0.9930812 0.9931867 0.9936463 0.9942975 0.99380505 0.9935329 0.99433285 0.9921207 0.99016 0.9891075 0.9898981 0.99098194 0.9907854 0.99159914 0.99054164 0.99170476 0.98988986 0.99331754 0.9898085 0.9880828 0.9897923 0.99053377 0.9903449 0.9926309 0.99262106 0.9917797 0.99231464 0.99235535 0.9923184 0.9929651 0.9916494 0.99155366 0.98883027 0.99035966 0.99367225 0.9920951 0.9926967 0.99130756 0.9895467 0.9929434 0.99248314 0.9870596 0.9869 0.98628104 0.98302364 0.99375117 0.9949638 0.9957241 0.9944202 0.9937212 0.9986132 0.99892765 0.99821603 0.99999946 0.9988285 0.9988949 0.99743515 0.9975841 0.9969013 0.9970154 0.99651575 0.9971575 0.9977326 0.9954664 0.99660563 0.99636495 0.9959866 0.99517536 0.9949155 0.9932663 0.9939819 0.9938942 0.9949883 0.9949422 0.9946314 0.99225175 0.99090487 0.99427724 0.9955227 0.9946976 0.99596214 0.9947325 0.99283004 0.9942124 0.99480736 0.9948569 0.99318755 0.9917518 0.9923612 0.99167585 0.9949789 0.99383044 0.99480677 0.99508727 0.9936552 0.99267536 0.99424314 0.99465436 0.99410224 0.9932567 0.9918489 0.9927606 0.99561197 0.99275863 0.9906286 0.993273 0.9935114 0.99246585 0.9927087 0.9942195 0.99107695 0.9922567 0.9908794 0.99017423 0.9924003 0.9942752 0.9934697 0.99684614 0.9942198 0.9931793 0.99160457 0.9931496 0.9779662 0.9831571 0.9924383 0.9918109 0.9875971 0.9896982 0.9936836 0.9842414 0.9900082 0.9935822 0.994411 0.9900352 0.9930581 0.9938908 0.99043775 0.99080956 0.99046093 0.98987293 0.9827081 0.9935276 0.99434733 0.9933955 0.9902165 0.98463213 0.99079955 0.9908464 0.9918805 0.98976076 0.98679763 0.9903227 0.9906178 0.9912119 0.98713726 0.9908913 0.9923134 0.9928436 0.990925 0.9887574 0.993358 0.993633 0.9931944 0.9926133 0.9945443 0.9920108 0.9933534 0.9894096 0.9901404 0.98928845 0.9925835 0.9926622 0.98962545 0.98740757 0.9926336 0.9911602 0.9892946 0.9867345 0.98788726 0.98888665 0.9874506 0.9888329 0.990015 0.9908715 0.99226373 0.98897386 0.9915018 0.99145883 0.99129325 0.99212086 0.9909457 0.99042827 0.9934432 0.9929132 0.9919104 0.9940307 0.9931121 0.99364597 0.992055 0.98710227 0.9875139 0.9887396 0.99036205 0.9919422 0.9916893 0.99021095 0.992612 0.99093693 0.99224 0.9914529 0.9913807 0.995117 0.99404037 0.9952821 0.99350363 0.99374294 0.99305886 0.99378014 0.99346685 0.9933965 0.9932547 0.9931148 0.98884827 0.98850167 0.9878256 0.99498487 0.9941547 0.9929793 0.99235344 0.99431455 0.9940789 0.99364936 0.99513316 0.9949611 0.99525833 0.9926487 0.9941478 0.99513 0.9949123 0.9917805 0.994817 0.99308777 0.99260074 0.9918576 0.99370503 0.9937344 0.9950343 0.99150836 0.9922376 0.99337447 0.9937235 0.9916357 0.98981315 0.9914207 0.9898468 0.99068344 0.98928356 0.9897376 0.99057454 0.99132925 0.992392 0.9936995 0.9936032 0.9935305 0.9946504 0.993333 0.99326503 0.99338496 0.99427867 0.99264246 0.993034 0.9936366 0.99193704 0.9928863 0.9943874 0.9935942 0.990473 0.991567 0.9925334 0.9922614 0.99166703 0.9939067 0.99421346 0.99312204 0.99366426 0.99543065 0.9942365 0.9939146 0.99447906 0.9961579 0.993584 0.98942596 0.987677 0.986935 0.9874752 0.9890267 0.98814636 0.9881999 0.98994005 0.98910177 0.9939539 0.9942857 0.99509895 0.9937494 0.99434376 0.99366367 0.99278754 0.99428284 0.9952348 0.9944738 0.99421835 0.99468184 0.99464947 0.99070245 0.99182427 0.99310637 0.9889421 0.98814094 0.98736024 0.99549294 0.9940049 0.99355805 0.9950016 0.9947384 0.99316776 0.99348557 0.99406064 0.99477875 0.9964097 0.99137366 0.9904201 0.9933653 0.9950023 0.99469656 0.9968239 0.9920194 0.99112654 0.99108297 0.99152863 0.9926028 0.9907947 0.99288833 0.99089175 0.9888753 0.99063116 0.9880571 0.99497133 0.993215 0.9909878 0.9916408 0.9914639 0.98968947 0.9915475 0.996633 0.99417514 0.9932988 0.9940966 0.99310255 0.9887481 0.9931442 0.99162257 0.9947455 0.9952957 0.99245095 0.9945846 0.9942338 0.9950412 0.9953716 0.9950401 0.9942669 0.99278253 0.9930775 0.9925358 0.989677 0.9916012 0.99342525 0.99081254 0.9881802 0.9923052 0.9935881 0.99347097 0.9939345 0.99457324 0.9949495 0.99397063 0.9942642 0.9948077 0.9924384 0.9912529 0.99013436 0.9906153 0.99383163 0.99250877 0.9898368 0.98877615 0.98776037 0.98802 0.99099815 0.993554 0.9942755 0.9928813 0.990847 0.99372214 0.9934304 0.98817825 0.9886285 0.989097 0.9909384 0.9931718 0.9931074 0.99346113 0.9960648 0.9949737 0.9942294 0.9917877 0.993972 0.99522656 0.9945911 0.99440753 0.9947871 0.9967258 0.9952001 0.99399245 0.9955661 0.9945226 0.99475515 0.99500513 0.99293435 0.9925743 0.99390584 0.99427027 0.9957831 0.986583 0.98523116 0.9872082
KomarcyicxLazar_SRP18800DragocenaOgrlica-L2_5 0.9887912 0.9915487 0.9928002 0.9907917 0.991596 0.99073786 0.98870146 0.98745793 0.99266833 0.99222463 0.994038 0.9932776 0.99292016 0.99337053 0.9923003 0.9917881 0.9916272 0.9910339 0.99169225 0.99340504 0.9923616 0.9932562 0.98784256 0.990033 0.98985314 0.9909784 0.99160975 0.9913539 0.99176395 0.99227166 0.99274194 0.9918152 0.9928737 0.9858767 0.98415345 0.98923904 0.9877223 0.9885204 0.99221754 0.99289155 0.9938731 0.9930267 0.9926584 0.99277675 0.9897545 0.990286 0.99335736 0.9939572 0.99344414 0.994032 0.9943575 0.9941781 0.99474484 0.9940069 0.9947842 0.9911241 0.989907 0.9842622 0.98775053 0.9921481 0.99211353 0.9894159 0.99249125 0.99199337 0.98646563 0.98768413 0.99488837 0.9935874 0.99552363 0.99198604 0.99282557 0.9900794 0.9929917 0.9942515 0.99359673 0.9942858 0.990211 0.9901916 0.9936267 0.99295807 0.9910904 0.992463 0.9926214 0.9939679 0.9912063 0.9940927 0.993928 0.99425566 0.9948732 0.99309623 0.9935064 0.9933877 0.99253017 0.9905245 0.9907188 0.9933852 0.9917726 0.99324155 0.99180067 0.9931692 0.98993653 0.9911301 0.99157137 0.9939844 0.99302125 0.99234706 0.9923362 0.9926907 0.99313647 0.99315125 0.99341244 0.9932876 0.9942458 0.9935918 0.99399936 0.99369764 0.99356055 0.9914755 0.9906775 0.9912189 0.99215317 0.99245524 0.99206597 0.9910282 0.9918295 0.99063396 0.99298537 0.9902197 0.98921597 0.99076796 0.9907973 0.9910084 0.9926385 0.99262977 0.99232966 0.9901008 0.9913277 0.9915645 0.99162996 0.9906908 0.99002963 0.98712176 0.989256 0.9937842 0.99286914 0.9934162 0.9926511 0.9911079 0.9937908 0.9935441 0.9879657 0.9891216 0.9888699 0.985574 0.99408615 0.99491036 0.99503344 0.9931748 0.99253345 0.9991107 0.99791247 0.9990836 0.9988285 0.99999905 0.9992627 0.9960787 0.99628025 0.9966423 0.997124 0.99694747 0.996914 0.9963163 0.9948458 0.9953228 0.99440694 0.994308 0.9946996 0.99350053 0.9914473 0.9934678 0.99303067 0.99326384 0.9931101 0.9934856 0.9909564 0.989771 0.9941765 0.9951111 0.9945266 0.99486995 0.9933199 0.99274176 0.9924263 0.9941542 0.9934576 0.9929921 0.99243855 0.99341226 0.9927502 0.9951005 0.99422824 0.9952997 0.99528295 0.99364156 0.99319994 0.99465185 0.9941748 0.99453676 0.993288 0.9915125 0.9922215 0.9950988 0.9918727 0.99025846 0.9927828 0.99153966 0.99153054 0.99080104 0.99277836 0.99059165 0.99145335 0.9895356 0.98886544 0.99097496 0.99326414 0.9928785 0.99593633 0.99415076 0.99286383 0.9920589 0.9920652 0.97847664 0.98322207 0.9922613 0.9916972 0.9882776 0.9899125 0.9932572 0.98570997 0.9893992 0.9926872 0.9921843 0.9879845 0.9913437 0.99270034 0.99050564 0.9907701 0.9904014 0.99082404 0.9846609 0.9932183 0.99358416 0.9929983 0.99092185 0.98646706 0.99231577 0.9916499 0.99171567 0.9908112 0.9881477 0.9915753 0.99186873 0.9927386 0.989313 0.99247247 0.9936654 0.9939263 0.99224776 0.9905139 0.99311477 0.9935298 0.99310154 0.9934405 0.99447936 0.993998 0.9943127 0.9896954 0.9899689 0.9886516 0.99230707 0.9924157 0.990096 0.9882931 0.9923499 0.98986614 0.990108 0.9886037 0.98884684 0.98955 0.9887779 0.98887855 0.990493 0.99109066 0.99190944 0.990253 0.9924283 0.99224067 0.99211526 0.9924837 0.99236757 0.9921532 0.9933382 0.99272317 0.99177736 0.9933037 0.9919008 0.99305516 0.991948 0.9866692 0.98675454 0.9887929 0.9917966 0.99249667 0.99267864 0.991673 0.99330145 0.9925197 0.9934418 0.99158674 0.99127454 0.99441814 0.9935273 0.99465966 0.9926441 0.99197495 0.9912119 0.9919016 0.99320567 0.99362147 0.9932216 0.9930812 0.98717695 0.9858647 0.98500293 0.99353904 0.9924921 0.99142635 0.99262464 0.9936631 0.9936305 0.9931394 0.9935989 0.9937024 0.9933672 0.98978335 0.9935948 0.9939483 0.9941217 0.99032784 0.9929616 0.9910571 0.98965025 0.99072886 0.99265814 0.9933597 0.99386555 0.9906641 0.9912305 0.99183816 0.9903908 0.9923778 0.99090457 0.9913473 0.99038714 0.9912106 0.9895098 0.9910366 0.9914217 0.99230826 0.993069 0.9935492 0.9930613 0.9930465 0.9932638 0.9934051 0.9929063 0.99321175 0.99294895 0.99094725 0.99094415 0.99302787 0.98964334 0.990697 0.9932803 0.99123114 0.98746645 0.9886324 0.99002993 0.99211687 0.9890591 0.99317867 0.9920639 0.9922488 0.99299175 0.9941723 0.9939823 0.9936448 0.9937925 0.9952949 0.9913345 0.988986 0.9886408 0.9871149 0.9877816 0.9882223 0.98845184 0.9878302 0.9887405 0.98858535 0.993796 0.9944684 0.9951016 0.99379706 0.99458945 0.9950146 0.99448156 0.9952286 0.99536675 0.9949363 0.9949465 0.99523485 0.9952746 0.9925306 0.9933778 0.99447703 0.9902625 0.9901426 0.9896197 0.9948002 0.99471223 0.9940498 0.9953545 0.9946789 0.9939083 0.9943804 0.9952151 0.99451816 0.99536765 0.99206895 0.9913624 0.9940836 0.9955007 0.9953677 0.9964267 0.9931835 0.99238926 0.99182814 0.9911322 0.99251395 0.99090093 0.99260867 0.9916796 0.9897773 0.99081445 0.9893557 0.99487805 0.993901 0.9919025 0.9925684 0.9923186 0.9907202 0.992507 0.9967674 0.9941395 0.9935491 0.9948823 0.99349225 0.9902275 0.99348575 0.9928582 0.9948435 0.9952244 0.9932735 0.994791 0.9936838 0.99515903 0.99547493 0.9951212 0.99376315 0.9929377 0.99290735 0.9923584 0.9909099 0.99239933 0.99288905 0.99217546 0.9897249 0.9927857 0.99315155 0.99278426 0.99404114 0.9943713 0.9942994 0.99362695 0.993788 0.9942763 0.99114287 0.9900915 0.9880321 0.98927003 0.9917062 0.9907702 0.9880814 0.9870903 0.9896159 0.9892553 0.99179494 0.99373037 0.9938768 0.99338895 0.9913667 0.99353576 0.99336493 0.98988134 0.99043596 0.99056005 0.99224484 0.99386847 0.9937887 0.99406123 0.9953296 0.99289924 0.99182147 0.98931396 0.9917474 0.9938962 0.99308395 0.9931161 0.9926611 0.99468064 0.99282277 0.9905766 0.99337906 0.9914681 0.99191326 0.99266255 0.98971415 0.9894098 0.9911693 0.9916571 0.99344736 0.98782706 0.9851358 0.98712486
KomarcyicxLazar_SRP18800DragocenaOgrlica-L2_6 0.9907414 0.9930367 0.9943499 0.9927713 0.99330425 0.99150014 0.9892771 0.98689383 0.9944798 0.9941066 0.99560326 0.9945837 0.9945542 0.995019 0.99377304 0.99322903 0.9928227 0.9922949 0.9926594 0.9948424 0.9941304 0.9947873 0.9893912 0.99127173 0.9914647 0.9927954 0.99312234 0.99282664 0.99337584 0.9938229 0.994053 0.993205 0.99427223 0.9878315 0.9862042 0.99033606 0.98886395 0.9898163 0.9931139 0.9936483 0.99480873 0.9942903 0.9934263 0.99384165 0.99045277 0.99118906 0.9943028 0.99517936 0.9947297 0.9956987 0.99559766 0.9953161 0.99565715 0.9946602 0.9943433 0.9922903 0.9912803 0.9854074 0.98916715 0.9936169 0.9933619 0.9906047 0.99373305 0.99315536 0.9873219 0.9885665 0.99573773 0.994246 0.99611354 0.99289733 0.9937922 0.9909944 0.99363655 0.9954348 0.9946981 0.9957797 0.9911932 0.9912469 0.99471426 0.9941546 0.9916657 0.9929812 0.9930686 0.9953256 0.9929458 0.9950399 0.9950882 0.9952427 0.99610066 0.99379903 0.9943712 0.9949753 0.99321127 0.9915232 0.9917998 0.994212 0.9925061 0.99387985 0.99272144 0.9943146 0.99057287 0.9922371 0.99286616 0.9948491 0.9942749 0.99378884 0.99400306 0.9943794 0.9944529 0.9945128 0.99472964 0.99474275 0.99537796 0.9948434 0.9950025 0.99487334 0.99439317 0.99239385 0.9912981 0.99198824 0.9928497 0.99295986 0.9932891 0.99258727 0.9932194 0.99193543 0.9945079 0.9916777 0.9895725 0.9914781 0.9917689 0.9919457 0.9938267 0.9938103 0.9934843 0.99166113 0.9919642 0.9922646 0.9927393 0.9919925 0.9917984 0.9888631 0.99094135 0.99499464 0.9942122 0.9948156 0.9929701 0.99129236 0.99427074 0.99419194 0.98809254 0.9885034 0.9877179 0.98423886 0.9951672 0.995754 0.99613583 0.99442565 0.99379355 0.99921495 0.9989766 0.9990655 0.9988949 0.9992627 0.9999995 0.99731356 0.9975337 0.997799 0.9975937 0.99788713 0.99798256 0.997592 0.9966017 0.99704486 0.99618375 0.9961049 0.9956282 0.99460745 0.99294925 0.994769 0.99462163 0.99498606 0.99462426 0.99504274 0.9930521 0.99197215 0.99519765 0.9960923 0.995707 0.9960307 0.9948967 0.9941991 0.9942581 0.995542 0.9949306 0.9942916 0.9936019 0.9939413 0.9931897 0.9959783 0.9945874 0.9955293 0.99571145 0.9940337 0.99391687 0.99499184 0.99449885 0.9950916 0.9933332 0.9911737 0.9922615 0.99567515 0.9936771 0.9917839 0.9941492 0.9936382 0.99318486 0.99292576 0.9945999 0.99199605 0.9930162 0.99111515 0.9904283 0.9927734 0.9945537 0.99383974 0.9970187 0.9951873 0.9941077 0.99282783 0.993643 0.97987294 0.9846264 0.99354464 0.992674 0.98883855 0.9910032 0.993582 0.98621863 0.9902907 0.9941144 0.99351466 0.98891634 0.99237984 0.9935466 0.99116826 0.9916462 0.9913012 0.991804 0.9849948 0.99439543 0.9949496 0.99392855 0.9914441 0.98692834 0.99274087 0.9927896 0.99279046 0.9914389 0.9890497 0.99222416 0.99241054 0.99300116 0.9895362 0.9929321 0.9944926 0.99470973 0.9927036 0.9907177 0.9940206 0.99426574 0.99383634 0.99394137 0.9953381 0.9937113 0.99424946 0.9906635 0.9915299 0.990467 0.9939791 0.99397963 0.99083775 0.9891785 0.99388504 0.99195594 0.9903742 0.9882763 0.9893382 0.9903697 0.9892192 0.9900241 0.99163574 0.99224055 0.9932069 0.9906716 0.9927811 0.9926774 0.99308336 0.9935522 0.9926841 0.9920614 0.9949921 0.9942823 0.99348104 0.99495816 0.99393785 0.99463046 0.99351096 0.9885835 0.9884868 0.9900295 0.9930662 0.99403685 0.9940768 0.9927903 0.9944603 0.9933466 0.9943011 0.9928703 0.99276066 0.99597234 0.99508804 0.9959954 0.99428093 0.9936658 0.992979 0.99366206 0.99477124 0.995149 0.9948528 0.9947352 0.98907363 0.988016 0.9869395 0.99512947 0.9943467 0.99322224 0.99372846 0.9950302 0.99493355 0.99442166 0.995124 0.9950068 0.99487025 0.9908866 0.994636 0.99498266 0.9950017 0.99131596 0.9938854 0.9918471 0.99082476 0.9920574 0.99372053 0.994169 0.99459785 0.99136764 0.99187464 0.99266 0.9923661 0.99323 0.991474 0.9924277 0.9911053 0.99195975 0.99046165 0.9919555 0.99251205 0.99345136 0.9943131 0.9949664 0.99437904 0.99439424 0.9947406 0.9942225 0.99418163 0.99431086 0.9942045 0.99273527 0.99240243 0.9941757 0.99165297 0.99263906 0.9947943 0.9931236 0.98970973 0.9906478 0.99202585 0.99316555 0.9905164 0.9939895 0.99345154 0.9932673 0.9937293 0.995824 0.9956885 0.9954072 0.99545467 0.99684995 0.9934455 0.98984665 0.98939466 0.9879743 0.98876613 0.989439 0.98947364 0.9890921 0.99019825 0.9898866 0.99505997 0.9949668 0.9954679 0.99513215 0.99573505 0.9955666 0.9950283 0.9954138 0.9959001 0.995873 0.9958839 0.9961349 0.99602824 0.9925724 0.993722 0.99463576 0.9899872 0.989833 0.9889241 0.9960579 0.9951947 0.9946226 0.9959535 0.99546534 0.99445254 0.9951535 0.99584997 0.9958875 0.996797 0.99310386 0.9926482 0.9950802 0.9962824 0.99593574 0.9971286 0.9936878 0.99267584 0.9929913 0.9926684 0.9941927 0.99234647 0.9941304 0.9928189 0.9911081 0.9922777 0.99017423 0.9963845 0.9949616 0.9930824 0.99361485 0.9934436 0.99210334 0.99387425 0.9972158 0.99478936 0.9942868 0.995311 0.9944011 0.9903806 0.9945462 0.9936169 0.99591887 0.99616015 0.9936699 0.9958279 0.9950258 0.99634624 0.9964225 0.9962591 0.99544716 0.99416965 0.9942241 0.9936354 0.99128115 0.993009 0.99429595 0.99283445 0.99051267 0.99399334 0.994725 0.99431914 0.9952929 0.9955975 0.995573 0.99500525 0.9949585 0.9957059 0.992791 0.9911209 0.98887783 0.99040043 0.99297726 0.9918324 0.9894395 0.98775494 0.989801 0.99006397 0.99268484 0.99476004 0.9952218 0.99458283 0.99264014 0.99464905 0.994493 0.9906328 0.9907118 0.9913703 0.99277186 0.9947975 0.9947142 0.9948756 0.9966419 0.9945297 0.993476 0.99099624 0.9935421 0.99537206 0.99471927 0.994759 0.9942584 0.99637306 0.9944694 0.99248093 0.9950606 0.9932794 0.99386567 0.99445933 0.991534 0.9912143 0.992961 0.99353105 0.99529105 0.98810107 0.9857242 0.9879681
KomarcyicxLazar_SRP18871LazarKMojKocijas-L2_1 0.9927847 0.9922706 0.99423665 0.99464715 0.9947807 0.98860264 0.98674136 0.9842354 0.99290776 0.9944038 0.99561757 0.99370533 0.99471575 0.99553335 0.99402714 0.99460006 0.99394774 0.9931265 0.9926718 0.99536437 0.9957069 0.9963661 0.9890816 0.9911547 0.99233186 0.99443066 0.99423826 0.99424726 0.993496 0.99462056 0.99489677 0.99296314 0.9946751 0.9919425 0.9909499 0.99006414 0.9891917 0.99126947 0.9925499 0.99278224 0.9944635 0.99556375 0.99335754 0.9954599 0.9901016 0.99058974 0.9948386 0.9959508 0.9946689 0.99720913 0.99541044 0.99556357 0.9964524 0.9942606 0.992645 0.9931265 0.991441 0.9857701 0.9902497 0.99461997 0.9944911 0.991477 0.9936935 0.99319047 0.98612565 0.9873475 0.99569464 0.9933348 0.99478775 0.9914981 0.99222904 0.98755854 0.99034965 0.99406356 0.99302953 0.99508953 0.9888554 0.988948 0.99324906 0.99290276 0.9889739 0.9939057 0.9927842 0.9951909 0.99335474 0.99434656 0.9954995 0.99470514 0.9956145 0.99392056 0.9946154 0.9975552 0.99161357 0.99109894 0.9911084 0.99351555 0.9915716 0.9931349 0.99120086 0.9936625 0.9899361 0.99273664 0.9935868 0.9946067 0.9959622 0.99402446 0.9966481 0.99645543 0.99516016 0.9955919 0.9950535 0.99557334 0.99609244 0.99607366 0.99450225 0.9966768 0.9925094 0.9904449 0.989581 0.9902077 0.9909771 0.9902598 0.9926592 0.99172044 0.992285 0.9906638 0.99491304 0.9899885 0.9874138 0.9899419 0.9909287 0.9902959 0.99324214 0.99329495 0.991863 0.994378 0.99287134 0.99305665 0.99388146 0.99175197 0.9930703 0.99022675 0.9916694 0.99343276 0.9930528 0.9942208 0.9907569 0.9887505 0.9922075 0.99200165 0.9856318 0.9841573 0.98441803 0.97961795 0.99467975 0.9951811 0.99639136 0.99626577 0.9955841 0.9960858 0.9982495 0.99659127 0.99743515 0.9960787 0.99731356 0.9999999 0.99893534 0.99839616 0.99730945 0.99745315 0.9981717 0.99887025 0.9974431 0.9983385 0.99783784 0.998168 0.99599653 0.9965531 0.99569476 0.9953463 0.9960961 0.9970233 0.99654657 0.99680233 0.99482596 0.99391526 0.9951141 0.99633765 0.995785 0.9965877 0.9960296 0.99427867 0.99630994 0.9961871 0.9967729 0.99450576 0.99281216 0.99171025 0.99083596 0.9953624 0.99338967 0.99489254 0.9947142 0.9930408 0.99218833 0.9937315 0.9942871 0.99498415 0.9920764 0.98933643 0.99128616 0.99586827 0.993625 0.9911639 0.9942566 0.99549633 0.9932965 0.99453586 0.99532497 0.99196875 0.99324065 0.99305195 0.99215406 0.99442834 0.9955392 0.99398047 0.9972776 0.9949069 0.99431986 0.9923768 0.9951935 0.97664654 0.982072 0.9939748 0.9924655 0.9876602 0.9911612 0.99432045 0.98391473 0.98985636 0.9957346 0.99546474 0.99063945 0.9939466 0.99435824 0.990756 0.9923903 0.9889773 0.98877835 0.9807639 0.9919944 0.993741 0.9918146 0.98845285 0.98323274 0.98977363 0.9909093 0.9923032 0.9893318 0.9867423 0.9892669 0.98949575 0.9902164 0.98619807 0.989961 0.9927268 0.99308777 0.9905286 0.9879962 0.9953494 0.9953685 0.9946016 0.9926503 0.9953551 0.9909207 0.9932819 0.9887775 0.9910751 0.9910593 0.9935508 0.9931923 0.98887926 0.98649853 0.994621 0.9922118 0.9886539 0.98588073 0.9874156 0.9887663 0.9870884 0.98906034 0.99094534 0.99086356 0.99396485 0.9878444 0.9910632 0.9912275 0.99124765 0.9925249 0.9902786 0.98948526 0.99305254 0.9940521 0.9925665 0.99438465 0.9936486 0.99436647 0.993 0.98943657 0.99006593 0.9904712 0.99101657 0.99381757 0.99241114 0.99020743 0.99336857 0.9907598 0.99301404 0.99204344 0.9927474 0.99650747 0.99546593 0.9959819 0.99594057 0.99610364 0.99550295 0.9956646 0.994415 0.99530107 0.99478036 0.99453354 0.9909894 0.9905785 0.9896589 0.99586284 0.9952878 0.9939542 0.9928127 0.99565196 0.99539304 0.995273 0.9969421 0.9957034 0.9971366 0.99286145 0.9947874 0.9952507 0.9949697 0.9910708 0.9948097 0.9923423 0.9920248 0.9920276 0.9936832 0.9935809 0.9943088 0.99037117 0.99123013 0.9919795 0.9948154 0.9914198 0.9895081 0.99243736 0.9903952 0.9904971 0.98825365 0.98702174 0.98817635 0.989831 0.99105096 0.9919406 0.99204344 0.99533767 0.9969141 0.99393463 0.994767 0.9948738 0.9959147 0.99488 0.99553 0.9946589 0.99547374 0.99606794 0.9962759 0.9965671 0.9940282 0.9947264 0.9955649 0.9928525 0.9939254 0.994482 0.9957308 0.9941342 0.99429476 0.99740255 0.9965162 0.99609846 0.99697196 0.9978201 0.9951031 0.9886745 0.9871589 0.9860312 0.9871701 0.9884431 0.9879455 0.98791367 0.98978114 0.9885917 0.99522054 0.9949372 0.9950005 0.9933785 0.9955394 0.9936628 0.9923404 0.9939778 0.995213 0.99468374 0.99506974 0.99490595 0.99519086 0.98925936 0.99130404 0.99275696 0.98718196 0.9865632 0.9855937 0.9961939 0.99401474 0.99405813 0.99534446 0.995271 0.9929501 0.9927417 0.9934488 0.99484104 0.99662817 0.9905871 0.98985577 0.99292624 0.99461776 0.993845 0.9956063 0.9911973 0.990639 0.9908519 0.9913371 0.99267614 0.9907028 0.9931486 0.99014807 0.9892217 0.99137026 0.9873303 0.99619794 0.9943012 0.9924482 0.9929735 0.9921522 0.98935294 0.9928046 0.9958432 0.993368 0.9924188 0.99399805 0.9925224 0.988463 0.99289614 0.99170107 0.99405473 0.9949652 0.99065524 0.99485993 0.9951525 0.9952594 0.9950414 0.9944491 0.99567807 0.99323285 0.9937384 0.993357 0.9893459 0.9925666 0.9947009 0.9917522 0.9882983 0.99296504 0.99516624 0.99571383 0.9948483 0.9959031 0.99614143 0.99507344 0.9955109 0.99554753 0.9956 0.99382865 0.9923784 0.9935146 0.99647474 0.99518013 0.9931952 0.99098295 0.9856097 0.9865039 0.9895189 0.9926184 0.99450475 0.99261713 0.9901725 0.99320287 0.99220955 0.9872043 0.9865139 0.98746264 0.9891617 0.99191934 0.9920465 0.9922696 0.99703074 0.99702185 0.9954565 0.99347144 0.99556845 0.99652785 0.9961922 0.9957389 0.9961009 0.9977166 0.9968172 0.99525446 0.9972199 0.9958445 0.9963441 0.9968014 0.995427 0.9945338 0.9959249 0.99638057 0.9974243 0.98605675 0.9844687 0.98648155
KomarcyicxLazar_SRP18871LazarKMojKocijas-L2_2 0.9946137 0.994285 0.99640065 0.99547994 0.9958543 0.99129534 0.9899563 0.98742247 0.9936032 0.99539685 0.99605954 0.99477917 0.99471855 0.99517107 0.99507934 0.9955379 0.9953308 0.9950347 0.99440384 0.9952685 0.9950814 0.9959793 0.9905994 0.992662 0.9936094 0.99510914 0.9952445 0.9946229 0.99488634 0.99502075 0.9956487 0.99402493 0.9951324 0.99272007 0.99140453 0.99297726 0.99226755 0.99374115 0.99431586 0.99410015 0.9955881 0.99585575 0.99471974 0.9962718 0.99323577 0.99295694 0.995829 0.99628454 0.9949932 0.99705917 0.99504626 0.99462867 0.99558884 0.99542683 0.9931636 0.99562055 0.99431896 0.9905974 0.99377155 0.9963174 0.9961465 0.99451095 0.99556714 0.995298 0.99005586 0.9911098 0.9960619 0.99361134 0.99477124 0.9917918 0.9931851 0.9895445 0.9915416 0.99415743 0.9935507 0.9953991 0.9907546 0.99088144 0.99455196 0.9930769 0.9904725 0.9946852 0.99439245 0.994664 0.993296 0.9939374 0.99468184 0.99449736 0.9955667 0.9943707 0.9944934 0.9972653 0.99300414 0.9918707 0.9917622 0.99380815 0.9917681 0.9928439 0.9916407 0.99391943 0.9909235 0.9931795 0.9932748 0.9927417 0.99382985 0.99393463 0.99493635 0.9946871 0.9941611 0.9939265 0.9934731 0.99433833 0.9950727 0.9953294 0.9939986 0.9953061 0.9924053 0.98986983 0.98880494 0.9895888 0.99078536 0.9894415 0.9933892 0.9919915 0.99255735 0.9914097 0.9949557 0.9913046 0.9896275 0.9909686 0.99199224 0.99166495 0.9936848 0.99370265 0.9924989 0.9959715 0.99526435 0.99539554 0.9960025 0.9920589 0.9924718 0.989505 0.9912286 0.9939236 0.9923153 0.99326056 0.9915794 0.9896807 0.99284035 0.9922965 0.9893805 0.9868991 0.9864394 0.9826498 0.9954269 0.99619085 0.99712163 0.99594593 0.9951525 0.9961438 0.99848616 0.9959542 0.9975841 0.99628025 0.9975337 0.99893534 1.0 0.9982843 0.99803793 0.9970149 0.9981503 0.9979538 0.99665046 0.9975081 0.9968891 0.99761707 0.99652547 0.9967638 0.9957886 0.9955884 0.9952719 0.9965079 0.9957888 0.9957967 0.9925275 0.9906653 0.99578583 0.996694 0.9952468 0.99699 0.996315 0.9940329 0.99555826 0.99619 0.99636257 0.99459565 0.9932064 0.9929867 0.9917905 0.99562305 0.99386454 0.9944352 0.99484515 0.993861 0.99376315 0.9931948 0.99393106 0.99343 0.99179137 0.98931617 0.9910474 0.9946862 0.9953526 0.9935014 0.9957429 0.99634564 0.99503994 0.9962269 0.99610126 0.994492 0.9958243 0.99484766 0.99426156 0.996086 0.9965528 0.9959268 0.996727 0.99616086 0.9958572 0.9940961 0.9967072 0.98121727 0.9856129 0.99427986 0.9936557 0.98878425 0.9916075 0.99432373 0.985123 0.9911003 0.9954316 0.99376726 0.98746866 0.9918981 0.9926473 0.9910187 0.99254006 0.992234 0.99086446 0.98225236 0.993592 0.99456847 0.99393564 0.9902986 0.98574567 0.9913296 0.9923604 0.99421287 0.991119 0.98766863 0.9903632 0.9906487 0.990687 0.9870677 0.9903976 0.99234384 0.9928485 0.99075544 0.98834616 0.9952024 0.99495363 0.9949889 0.9936434 0.99547267 0.9912406 0.99348545 0.9914372 0.9929841 0.99259657 0.9949683 0.99497354 0.99127865 0.9891995 0.9956044 0.99446774 0.9904811 0.98712075 0.9891733 0.99015456 0.9883329 0.99180436 0.9922265 0.99300957 0.9951312 0.9897348 0.9922218 0.99218076 0.99245495 0.9935201 0.9910697 0.99052227 0.99296004 0.9920165 0.9922617 0.9930398 0.9925227 0.9927554 0.99178237 0.9910277 0.99177736 0.9914616 0.9912401 0.9936526 0.9932836 0.9917335 0.9940102 0.9913986 0.99325836 0.9933306 0.99450463 0.9970384 0.9962734 0.99637926 0.9961808 0.9965478 0.99535984 0.9960393 0.99548376 0.9953294 0.9953899 0.99531686 0.9937584 0.99317306 0.99244225 0.99476695 0.9935827 0.99211377 0.99405694 0.995816 0.99561197 0.9954063 0.9972501 0.99667656 0.99733716 0.9945123 0.99607813 0.99614894 0.99586725 0.9935355 0.9959559 0.9943869 0.99390626 0.9943523 0.99577856 0.9954124 0.99598557 0.99347633 0.99415004 0.99490315 0.9939246 0.99207795 0.99033964 0.9932682 0.9908147 0.9911745 0.99022377 0.9884536 0.98876977 0.9903992 0.99207455 0.9934064 0.99382526 0.9959234 0.99678594 0.99475604 0.9954731 0.99507356 0.9961795 0.995801 0.99515945 0.9960076 0.99493563 0.9956223 0.99627364 0.995889 0.99282527 0.9944346 0.994856 0.99432933 0.994641 0.9958053 0.9961574 0.9951315 0.99545103 0.9959624 0.9946238 0.99414206 0.9951918 0.99749196 0.9961575 0.99037457 0.98860097 0.9879931 0.9890268 0.9904336 0.9893676 0.9902263 0.99199116 0.9909725 0.9955487 0.99489117 0.9947419 0.99469507 0.9947534 0.9938599 0.99253833 0.9931171 0.99451536 0.9953488 0.9950949 0.9956012 0.9950774 0.990546 0.99235904 0.9925828 0.9892723 0.98780596 0.98667634 0.9954571 0.9934075 0.9937484 0.99488753 0.99542135 0.9939746 0.99379915 0.9940703 0.9958747 0.99613917 0.9919262 0.9904995 0.9933796 0.9949297 0.9938321 0.99558085 0.9908151 0.9895788 0.9908656 0.99091274 0.9926623 0.9910245 0.99260736 0.9906992 0.9889142 0.9910331 0.98804384 0.9961944 0.9943056 0.99283254 0.9930071 0.99308175 0.99060035 0.99232346 0.9963924 0.99472797 0.99338394 0.99427855 0.9940483 0.98927724 0.9940405 0.99243957 0.9942926 0.99501526 0.9922082 0.9953548 0.9957412 0.995293 0.995277 0.9954308 0.99650246 0.99472785 0.9949332 0.9947441 0.990398 0.992851 0.99593383 0.9920451 0.9901501 0.9931656 0.99489206 0.9945263 0.99426925 0.99542415 0.9956013 0.9946267 0.9952345 0.9954286 0.9965163 0.99515814 0.99396276 0.99495935 0.99667335 0.9959421 0.994597 0.9929228 0.98675346 0.98804724 0.9907957 0.99339795 0.99425983 0.9929803 0.99140966 0.9939698 0.99308056 0.98842156 0.9878753 0.9887135 0.9897947 0.9919514 0.99224687 0.99189186 0.9958355 0.99492645 0.9932177 0.99010366 0.9947161 0.99553144 0.99485624 0.9945935 0.9944679 0.9973611 0.9964474 0.99454147 0.99608356 0.99551636 0.9954299 0.99509495 0.99328804 0.99238026 0.99410945 0.9947403 0.997059 0.98960733 0.9886917 0.99041075
KomarcyicxLazar_SRP18871LazarKMojKocijas-L2_3 0.9931531 0.99483085 0.9956759 0.99422145 0.9950055 0.99230677 0.98996246 0.9864965 0.9959889 0.9965166 0.9974477 0.9966259 0.9964869 0.9971114 0.99702996 0.9963651 0.995808 0.9955239 0.99590784 0.99749064 0.9967863 0.99726534 0.9925168 0.99355406 0.99400353 0.9945631 0.9952193 0.9939108 0.99562335 0.9958702 0.9955905 0.9953537 0.9960964 0.99277765 0.9910656 0.9937803 0.9926573 0.9932054 0.9953739 0.99527204 0.9964302 0.99664587 0.9955021 0.9957367 0.9925264 0.9937803 0.99644244 0.99713063 0.99706244 0.99784863 0.9976677 0.9972202 0.9969776 0.9948098 0.9935557 0.99491894 0.99377877 0.9880385 0.991778 0.9965526 0.99597657 0.9933099 0.9961381 0.9952532 0.9897786 0.9908093 0.99680793 0.99544984 0.99647355 0.9950386 0.9952705 0.9921388 0.9943309 0.9971514 0.99639964 0.997661 0.99393374 0.9933924 0.9962326 0.99627745 0.9936083 0.9946443 0.9946283 0.99593395 0.99359566 0.9959154 0.99619436 0.9960473 0.9971534 0.99431545 0.99583364 0.9977014 0.99497175 0.9944434 0.9945408 0.9959181 0.99354064 0.9953971 0.99394387 0.9952228 0.9930484 0.99543524 0.9960502 0.996706 0.99655664 0.9961153 0.9962593 0.996756 0.9972282 0.99678504 0.9967038 0.9963852 0.99683577 0.99718857 0.9963565 0.9964108 0.9962962 0.99477917 0.993946 0.9943299 0.9951349 0.9942646 0.99664026 0.9961074 0.99617505 0.9950723 0.99750835 0.99461335 0.992588 0.99464536 0.99501276 0.9948903 0.9966365 0.9965434 0.9959217 0.99522936 0.9947381 0.9949901 0.9958255 0.9915538 0.99239177 0.9885791 0.9909658 0.9958114 0.9959645 0.9966682 0.99412054 0.99304247 0.9950841 0.9956719 0.9901244 0.989462 0.9886849 0.9850612 0.99756044 0.9976988 0.99794173 0.99628454 0.9956584 0.99699444 0.99798673 0.99721336 0.9969013 0.9966423 0.997799 0.99839616 0.9982843 0.9999994 0.9981867 0.99925715 0.99904543 0.9980722 0.99862164 0.9982842 0.9971813 0.997528 0.99783534 0.99699193 0.9959662 0.9976453 0.99756736 0.9976115 0.9969128 0.99648297 0.9952311 0.9937834 0.99817294 0.9984302 0.9979776 0.99759436 0.99804217 0.99767274 0.99742407 0.99857056 0.9981535 0.9977417 0.99695307 0.99536246 0.99378264 0.9968068 0.9940449 0.99613607 0.9962515 0.99406683 0.9946694 0.99407744 0.9937073 0.9953979 0.99198973 0.9890467 0.990668 0.9957211 0.9963767 0.9949434 0.9969046 0.9965132 0.9960266 0.9957164 0.9970464 0.9950381 0.9955771 0.9935237 0.99275297 0.99528944 0.9970638 0.99575555 0.9977671 0.9974841 0.9962298 0.9951409 0.9964657 0.98264563 0.9866689 0.9962478 0.9945925 0.9909003 0.9933849 0.99447167 0.98827 0.9911125 0.99691135 0.99429774 0.98910135 0.9929283 0.99412036 0.99253845 0.99399006 0.99229944 0.99299556 0.9857818 0.9942422 0.9953201 0.99420345 0.9915781 0.9886919 0.9934988 0.994911 0.9946321 0.9933705 0.9909528 0.9933061 0.99315494 0.9930788 0.9906601 0.9935316 0.9959178 0.99577874 0.9935502 0.99081576 0.99719006 0.99738705 0.9964314 0.99592596 0.9971134 0.9944132 0.9961807 0.9925395 0.99422747 0.9925809 0.99589574 0.99538225 0.9923369 0.99096084 0.996299 0.9938828 0.99147654 0.9891305 0.9915644 0.99268126 0.99094594 0.99245 0.99431574 0.99398476 0.9957415 0.9919379 0.99388534 0.99357843 0.99510837 0.995165 0.99343175 0.9924698 0.9956346 0.9957466 0.9952844 0.9959226 0.99526685 0.99596375 0.99519825 0.9931191 0.99281067 0.99355084 0.99535817 0.9971338 0.99619055 0.9945818 0.99672884 0.99435055 0.9962127 0.995927 0.99632406 0.9983743 0.997684 0.99810916 0.9969006 0.9961058 0.9950114 0.99551433 0.9968553 0.99744564 0.99732107 0.9973874 0.9909841 0.98997897 0.98851526 0.995912 0.995229 0.9935588 0.99635226 0.9976101 0.9975219 0.9970874 0.9975438 0.99702924 0.9970292 0.99245465 0.9969142 0.9961975 0.9964127 0.99331766 0.9952615 0.9927158 0.99197555 0.9946922 0.99522305 0.9960012 0.99554205 0.99272794 0.9929831 0.9930654 0.9930254 0.9950265 0.9937192 0.9954591 0.99397004 0.9942773 0.9925426 0.9913733 0.9916857 0.99347806 0.99459296 0.99466026 0.9949571 0.99759334 0.99735874 0.9971672 0.99741423 0.99746704 0.9970152 0.9966286 0.99522275 0.9971208 0.99506766 0.99591017 0.99795806 0.9962452 0.9935242 0.99406016 0.9957211 0.9961667 0.994093 0.99671006 0.9963827 0.99636275 0.99645543 0.99755603 0.99755204 0.99711907 0.9975492 0.99874556 0.99512887 0.992008 0.9915164 0.9906042 0.99207723 0.99220335 0.992651 0.99206215 0.9931586 0.9924475 0.99727046 0.9960835 0.99547786 0.99585295 0.9969867 0.9958061 0.99498105 0.9949961 0.99664766 0.9968981 0.99746567 0.99756765 0.9976652 0.99350923 0.9950474 0.995585 0.99021375 0.9898779 0.98946583 0.99712557 0.99602956 0.9959739 0.99734986 0.997089 0.99592173 0.9961715 0.9963634 0.99661267 0.99731857 0.9940038 0.99386656 0.9954973 0.9966212 0.9958242 0.9968597 0.9941587 0.9928429 0.9945184 0.9941503 0.9956059 0.99410295 0.9954509 0.99414474 0.9932523 0.9947714 0.9920011 0.99834883 0.9971714 0.9954849 0.99618447 0.99545586 0.99349976 0.99550724 0.9974214 0.9957936 0.9957167 0.9961255 0.9955923 0.9917819 0.9958539 0.99548477 0.9965048 0.99607325 0.99372435 0.99706066 0.9978133 0.9978662 0.9966279 0.99710995 0.9978655 0.9964187 0.9960408 0.9958513 0.99230707 0.9946365 0.9959583 0.99473804 0.99319685 0.99597144 0.99676454 0.99640995 0.99678403 0.9971404 0.9966404 0.9968578 0.9961354 0.9970196 0.99548924 0.9939983 0.99121314 0.99299204 0.99525636 0.99409765 0.9925468 0.99002886 0.99035305 0.991251 0.9932467 0.9953502 0.9959725 0.995308 0.99355197 0.9951766 0.9947697 0.9920211 0.99093693 0.9918498 0.99279165 0.994823 0.9953486 0.99432355 0.99754524 0.9957604 0.99413264 0.9914629 0.9957833 0.9970058 0.99614537 0.99634475 0.9953718 0.99766654 0.9962349 0.99372524 0.99639696 0.99467397 0.99551636 0.9960746 0.9929793 0.99274915 0.9944024 0.9953006 0.9969539 0.9904202 0.9876887 0.99017537
KomarcyicxLazar_SRP18871LazarKMojKocijas-L2_4 0.9937906 0.9950148 0.99633914 0.99356747 0.99425405 0.9943707 0.99309695 0.99183613 0.9937902 0.9942648 0.99540246 0.9950801 0.99411964 0.99455816 0.9952886 0.9941753 0.9945918 0.99475634 0.9947487 0.99485505 0.9935832 0.9947655 0.9908216 0.9915501 0.9923891 0.9927033 0.99354815 0.99140495 0.99386805 0.99350405 0.993982 0.9935509 0.99402964 0.9902215 0.988694 0.9933603 0.99209094 0.99258024 0.9944186 0.99378294 0.99475 0.99467826 0.9948751 0.99430823 0.9928374 0.9928771 0.99467045 0.9952626 0.9946908 0.99625474 0.99593 0.9961151 0.9967985 0.99664474 0.996023 0.9950859 0.9942244 0.99021244 0.9926328 0.99636286 0.9965481 0.9933241 0.9960723 0.995857 0.991247 0.99210185 0.99690276 0.9958272 0.99660254 0.9934931 0.99492973 0.99231386 0.9947872 0.9957802 0.9958128 0.9962896 0.9934473 0.9938786 0.9963108 0.9943931 0.9935599 0.9948795 0.99517775 0.9944487 0.9918282 0.9943325 0.9941797 0.9948527 0.99536884 0.9946491 0.99503297 0.9960757 0.9962762 0.9947142 0.9945782 0.9963533 0.994934 0.99516207 0.9950407 0.9962009 0.99437636 0.99528205 0.9952581 0.9943582 0.99384135 0.9948937 0.99446183 0.9945415 0.99507767 0.99462485 0.99421966 0.9941752 0.99560827 0.99578613 0.99539363 0.9949477 0.99521506 0.9924709 0.99201906 0.99253136 0.99374956 0.9934387 0.99530154 0.99356455 0.9937257 0.99333626 0.9957344 0.99291307 0.99263513 0.99323034 0.9932366 0.99344707 0.99451274 0.9945168 0.99427724 0.9942528 0.99476296 0.9956889 0.99560386 0.99164814 0.9909581 0.9878101 0.9898421 0.9952898 0.9939413 0.9944427 0.9950118 0.9930966 0.99561846 0.9949913 0.9918405 0.9909515 0.9910022 0.9875241 0.99616 0.99607456 0.99600124 0.9945163 0.99416894 0.9972118 0.9977616 0.9968006 0.9970154 0.997124 0.9975937 0.99730945 0.99803793 0.9981867 0.9999998 0.9979815 0.99849206 0.99640965 0.99621266 0.9960633 0.9946381 0.995442 0.99746865 0.9961373 0.9944758 0.99586123 0.99508095 0.9952007 0.9943116 0.9941673 0.9918629 0.9902159 0.9966877 0.99740773 0.99640393 0.99759054 0.9964166 0.99511635 0.99465823 0.9966565 0.9958257 0.99525017 0.9949137 0.9950683 0.99413246 0.99666786 0.99556917 0.99551064 0.99594426 0.99431074 0.9953128 0.99458057 0.9945461 0.9942957 0.99381965 0.9916429 0.99253106 0.99486387 0.99519444 0.9941426 0.9963858 0.994849 0.9951588 0.99489915 0.99521875 0.9953537 0.99600667 0.9949181 0.99434394 0.9957446 0.99704903 0.9969292 0.9967303 0.9971883 0.99710417 0.99641496 0.996699 0.98297274 0.98643774 0.99505293 0.99496776 0.99121714 0.9927932 0.99604493 0.9889675 0.9926077 0.995708 0.99215555 0.98606646 0.9908973 0.9926475 0.99301445 0.9937366 0.99412197 0.9930418 0.98642707 0.9949154 0.9948513 0.99471617 0.9935765 0.990245 0.9945536 0.99491274 0.99622685 0.99396724 0.9910343 0.99303985 0.9938999 0.99388915 0.9914932 0.99393326 0.9949894 0.9955014 0.9942835 0.9925376 0.9963874 0.9959191 0.9957714 0.99500746 0.9958553 0.9943697 0.99584556 0.9933678 0.9935264 0.9914224 0.9946153 0.9945441 0.9939574 0.9918608 0.99602234 0.9938082 0.99340254 0.9918202 0.9919145 0.9929916 0.99163234 0.99328244 0.9942174 0.99462336 0.9958345 0.9935694 0.9953735 0.9953925 0.9947405 0.99625725 0.9949368 0.99452406 0.9941746 0.9923639 0.99331087 0.9928207 0.9921202 0.9925042 0.99293953 0.9919238 0.9919536 0.9931437 0.9935669 0.99485755 0.9947394 0.99393815 0.9950814 0.9944455 0.9951632 0.9945811 0.99565744 0.99760324 0.9968954 0.99751854 0.9949784 0.9942 0.9928537 0.9939559 0.99541676 0.9956615 0.9955442 0.9953125 0.9915099 0.98975277 0.9891575 0.99437463 0.9925485 0.9911422 0.995247 0.9956592 0.9953501 0.9953414 0.9959556 0.99573225 0.9951733 0.9913741 0.9958049 0.9952423 0.99528635 0.99235505 0.9940912 0.9922349 0.99097794 0.9936797 0.9951154 0.99598056 0.9956108 0.99380094 0.9936565 0.9940207 0.9909647 0.992853 0.991979 0.99303734 0.9914169 0.9920942 0.9911977 0.99132574 0.9910753 0.9922221 0.99389833 0.9943847 0.994236 0.9968913 0.99594945 0.995736 0.9964037 0.99599874 0.995438 0.99473816 0.9931515 0.9963863 0.9930283 0.9939577 0.99657696 0.9946098 0.99060553 0.9923662 0.9933628 0.9956451 0.9923013 0.99591166 0.99441487 0.9955997 0.9959999 0.99458146 0.99431825 0.993865 0.9943674 0.99616 0.9934963 0.9905919 0.99087054 0.9890528 0.99026394 0.9906413 0.9906587 0.99085593 0.9919905 0.9912754 0.99633795 0.9964667 0.9960767 0.9956171 0.995436 0.9967278 0.99550635 0.99583626 0.99672556 0.997043 0.99651265 0.997454 0.9962137 0.9935602 0.99535894 0.9949648 0.9932263 0.99237436 0.9916781 0.9954729 0.9959964 0.99601895 0.9969455 0.996914 0.9965268 0.9959654 0.9962306 0.99609834 0.9951084 0.99394023 0.99201375 0.9943503 0.9957965 0.9950982 0.9956425 0.9927323 0.9913666 0.9919147 0.99068534 0.9932682 0.9916092 0.9928454 0.99254984 0.99033207 0.9918487 0.9905242 0.9968057 0.99567634 0.9946271 0.99502945 0.99505603 0.9928172 0.99377245 0.9978548 0.9961887 0.9948849 0.99640584 0.996079 0.99333566 0.9954542 0.9951308 0.9950903 0.9962268 0.99552476 0.9972155 0.9958141 0.9962357 0.9964534 0.9967001 0.99711454 0.99672985 0.99656343 0.9961078 0.994544 0.9955555 0.996438 0.9949942 0.99324137 0.9941693 0.9953569 0.99404067 0.99520093 0.99632925 0.99622387 0.9950741 0.9958911 0.9954761 0.9940865 0.9929382 0.99135137 0.99259615 0.9936061 0.9932742 0.99197984 0.990049 0.99033785 0.9904997 0.9927207 0.99453807 0.9942452 0.9942003 0.99302095 0.9948866 0.9940154 0.99143815 0.9909807 0.9915726 0.9922166 0.9933058 0.9936794 0.9935222 0.9950595 0.99316907 0.990675 0.98762244 0.99216676 0.9938881 0.9928857 0.992816 0.99190974 0.99588007 0.9938254 0.9907509 0.99406236 0.99218345 0.9925054 0.9929373 0.9899149 0.98897576 0.9910841 0.9921159 0.99475086 0.9929151 0.9909583 0.99252295
KomarcyicxLazar_SRP18871LazarKMojKocijas-L2_5 0.992187 0.9945162 0.99512213 0.9934518 0.993999 0.9926991 0.99019444 0.98730373 0.9957081 0.99555874 0.99681026 0.9962325 0.9959934 0.99646187 0.9962465 0.9952111 0.99476725 0.9944718 0.9950342 0.9969011 0.99570024 0.99634475 0.9917197 0.9925608 0.9927609 0.99294496 0.9938315 0.99239355 0.9942874 0.9945919 0.99429977 0.9942837 0.9950532 0.99024177 0.9885535 0.9924421 0.99120665 0.9912401 0.99445546 0.9949905 0.9956644 0.995248 0.9946643 0.9943446 0.9911405 0.99276906 0.99535704 0.9963907 0.99645114 0.9969392 0.99773955 0.99750715 0.9971841 0.994543 0.99391264 0.9938967 0.9931096 0.9862691 0.9901746 0.99544924 0.9950331 0.9919107 0.9949232 0.99392843 0.98850185 0.9897714 0.9962054 0.9951105 0.9964025 0.99573714 0.9959373 0.9924092 0.9951576 0.99761856 0.99675584 0.9975942 0.99388283 0.99347144 0.9965332 0.99653476 0.99420804 0.9943289 0.9945092 0.99576956 0.9934008 0.99618345 0.9960916 0.9963627 0.99696356 0.9942198 0.99600244 0.9965406 0.9956337 0.99474293 0.9950196 0.99676186 0.994495 0.9963406 0.99498796 0.9958852 0.9934181 0.9954541 0.9963156 0.99737227 0.9964334 0.99655724 0.995988 0.9966288 0.99748945 0.9972244 0.99728346 0.9966848 0.99709326 0.99719185 0.99714535 0.99628127 0.9971498 0.9959215 0.994956 0.9953539 0.9957403 0.9953172 0.9964946 0.9961745 0.9964942 0.9955 0.99745905 0.99462515 0.99260074 0.9950317 0.9949473 0.9949837 0.99668044 0.996714 0.99630076 0.9933454 0.993244 0.9939466 0.99427485 0.9918501 0.992439 0.9887095 0.991258 0.9961436 0.9964282 0.9971422 0.99518263 0.9938363 0.9958491 0.9965696 0.9899223 0.9901045 0.98967195 0.98602676 0.99746954 0.9973258 0.99724555 0.9956739 0.9953616 0.9972771 0.99760616 0.99741083 0.99651575 0.99694747 0.99788713 0.99745315 0.9970149 0.99925715 0.9979815 1.0000006 0.999174 0.99735963 0.9981436 0.9977892 0.9963868 0.99664295 0.99721193 0.99593633 0.9945225 0.9972976 0.9970964 0.99658304 0.99618465 0.9957251 0.9954947 0.99444973 0.9978889 0.99836135 0.9984728 0.99749357 0.9967396 0.99701554 0.9960232 0.9975352 0.9968668 0.9970622 0.99681413 0.9955709 0.9944169 0.99689966 0.9943632 0.9963386 0.99629605 0.9939317 0.99475414 0.9950922 0.99435467 0.99624497 0.9929661 0.99001664 0.99137056 0.9961037 0.9952618 0.9937156 0.99577445 0.99480975 0.99473345 0.9940274 0.99553394 0.99372166 0.9941525 0.9922035 0.99126685 0.9938157 0.996335 0.9949757 0.99741185 0.9967503 0.9957532 0.9946934 0.9950859 0.9818275 0.98633164 0.99670607 0.9951567 0.9919438 0.9941266 0.99516016 0.98947823 0.99198073 0.9966362 0.9937814 0.9886987 0.99270606 0.99423075 0.99342453 0.99438184 0.991866 0.9930724 0.9868305 0.9945498 0.99541306 0.9941801 0.99197865 0.98908275 0.9940288 0.99480826 0.9945425 0.99353564 0.9910787 0.9935865 0.9936285 0.99396926 0.99164814 0.99464935 0.99697405 0.996664 0.9944482 0.99224514 0.9974703 0.9973415 0.9963838 0.9958229 0.9970776 0.99549496 0.9964357 0.9921858 0.99355286 0.99192995 0.9952857 0.9949439 0.9921837 0.99084103 0.9957157 0.9929802 0.9913741 0.98955923 0.9914487 0.9925465 0.9907282 0.9916098 0.9942682 0.99364865 0.99510205 0.9927236 0.99465156 0.9945211 0.9957519 0.99563533 0.9946392 0.9934158 0.99584514 0.99594045 0.9949934 0.9957993 0.9949989 0.99593455 0.99521244 0.99285424 0.992597 0.994158 0.99627906 0.9972475 0.9967447 0.995434 0.9969675 0.99562395 0.99711406 0.9955916 0.995829 0.9976973 0.99709123 0.99777156 0.9961895 0.9948712 0.99403286 0.9945669 0.9965114 0.99738127 0.99695677 0.9969123 0.9894854 0.98803556 0.98647803 0.9960368 0.99508804 0.9939213 0.9961972 0.99712497 0.99722356 0.9968697 0.9965514 0.9963029 0.99589986 0.9906927 0.99627894 0.9958506 0.99625826 0.99241376 0.9944244 0.99180233 0.9907652 0.9937183 0.99464643 0.99573064 0.9950143 0.9919709 0.9922828 0.99211407 0.9915687 0.99523914 0.9939865 0.99476343 0.99400544 0.9944592 0.99263424 0.9927409 0.99323547 0.99466556 0.9954584 0.9950929 0.9949928 0.99731237 0.99642223 0.9968428 0.99688125 0.99703324 0.9960372 0.9954444 0.9936386 0.9964891 0.99364424 0.994325 0.99715984 0.994863 0.9915228 0.9920487 0.99402785 0.9955753 0.9919971 0.9958227 0.9949039 0.99558854 0.995883 0.9973576 0.9977676 0.9974021 0.9972964 0.9981785 0.99363446 0.9923694 0.9922433 0.99079025 0.99205923 0.99208254 0.99291474 0.9917362 0.99257565 0.9923577 0.9967675 0.9960436 0.99569905 0.9957602 0.99700725 0.9963827 0.99565643 0.99568397 0.99712956 0.9969436 0.9977015 0.9978118 0.99792635 0.99461514 0.99558353 0.99661374 0.9906663 0.99060124 0.9905781 0.99717706 0.9967505 0.9965174 0.99781626 0.9970997 0.9958444 0.99633366 0.9968902 0.9961906 0.99685305 0.9938005 0.9940094 0.99551016 0.996568 0.99603283 0.99648565 0.9950928 0.994257 0.9949956 0.994416 0.99591655 0.99457145 0.99582607 0.9947695 0.9938442 0.9948334 0.99260604 0.9981252 0.9971795 0.99547714 0.9966425 0.9956174 0.9941881 0.9959096 0.99746865 0.99566466 0.99577034 0.9963443 0.99564093 0.99274945 0.99585783 0.995895 0.99682313 0.99624455 0.9942379 0.9972905 0.99733436 0.9978699 0.9969131 0.9971265 0.99723434 0.9963266 0.99602044 0.9958599 0.9931415 0.99554926 0.99580157 0.99569076 0.99369735 0.99681485 0.997249 0.9965134 0.99752414 0.997664 0.99683267 0.99743557 0.996551 0.9975135 0.99386936 0.99227947 0.9890656 0.99115646 0.99325806 0.992371 0.9905288 0.98806906 0.99114245 0.9917093 0.9935856 0.99535626 0.99591714 0.99565977 0.9936864 0.9951298 0.99485064 0.9924995 0.9916917 0.9923942 0.9935457 0.9953711 0.9956954 0.99497396 0.997636 0.99498165 0.9932871 0.99075603 0.9943895 0.996202 0.9955953 0.9958394 0.9946145 0.996934 0.99469066 0.99187434 0.99519575 0.9932717 0.99421746 0.9950748 0.99177986 0.9913918 0.9934231 0.99414206 0.9955984 0.9901456 0.98703647 0.9893549
KomarcyicxLazar_SRP18871LazarKMojKocijas-L2_6 0.99282473 0.9938074 0.9955539 0.994274 0.99445033 0.99245816 0.990525 0.98786664 0.9948193 0.99544704 0.9965317 0.99554145 0.9956135 0.99602383 0.99600804 0.9953219 0.99527377 0.9948772 0.99473315 0.9960514 0.9955101 0.9961972 0.99065375 0.9917788 0.99255115 0.9935464 0.9940505 0.99288255 0.9944598 0.9951075 0.99504656 0.99417436 0.99542886 0.99130905 0.9899772 0.992226 0.99094033 0.9919701 0.9934184 0.993761 0.9948115 0.99476165 0.9938478 0.9945388 0.99084604 0.99178576 0.9947851 0.99581516 0.9953821 0.997002 0.9967503 0.9966006 0.99710613 0.99493164 0.99407417 0.9941297 0.9930937 0.987386 0.99104387 0.9956313 0.9954168 0.992249 0.994419 0.9937687 0.9883853 0.9895536 0.9957441 0.99415684 0.9955036 0.9935633 0.9947837 0.990894 0.9942126 0.9968011 0.9960159 0.99718916 0.9926026 0.9930416 0.99610746 0.99487007 0.9931799 0.9940355 0.9938335 0.99500483 0.9927844 0.99507445 0.99537075 0.9955025 0.99624205 0.9939084 0.9952774 0.9973301 0.9951275 0.99414355 0.9943328 0.9962234 0.9938908 0.9952054 0.9944266 0.9961256 0.9931849 0.9950355 0.9956111 0.99565303 0.99531233 0.99538624 0.99556017 0.9958238 0.9960989 0.9958309 0.9956759 0.99550986 0.9961303 0.996367 0.9958226 0.9956713 0.99545974 0.9931817 0.9921547 0.9926822 0.9934567 0.99312335 0.99553496 0.9945839 0.99480563 0.99368197 0.99676424 0.9930078 0.9909112 0.9928391 0.9931791 0.9931019 0.99509245 0.9952727 0.9946273 0.99478704 0.9938132 0.99444795 0.9946449 0.9912557 0.9918994 0.9884078 0.9905912 0.995132 0.99469835 0.99560106 0.99382484 0.9918902 0.9945633 0.9948981 0.98932815 0.9887433 0.98870677 0.98465776 0.99664664 0.99655145 0.9968956 0.9956789 0.9955591 0.99711066 0.99819183 0.9972835 0.9971575 0.996914 0.99798256 0.9981717 0.9981503 0.99904543 0.99849206 0.999174 0.9999999 0.99814284 0.99795324 0.99797034 0.99699646 0.9973882 0.9975757 0.9969562 0.9954249 0.99667835 0.9966749 0.99679446 0.9960803 0.9953359 0.9945908 0.9933798 0.9972871 0.9980706 0.9977542 0.9975979 0.99710464 0.99628687 0.9965578 0.9975201 0.9970896 0.99610853 0.9956194 0.99424696 0.9930385 0.99629074 0.99402237 0.99536896 0.99547666 0.99359804 0.9940154 0.9940835 0.9940244 0.99496275 0.9924381 0.98956716 0.9910393 0.9953244 0.9955573 0.993394 0.99560213 0.995272 0.994568 0.9947427 0.9957064 0.99422115 0.9949745 0.99424857 0.99357593 0.99538076 0.9972817 0.9961867 0.9974478 0.9967416 0.99671704 0.99510807 0.99616635 0.9804252 0.98481697 0.9960974 0.9950552 0.9906355 0.9931407 0.99546856 0.9878938 0.99179816 0.99653345 0.99441046 0.98904186 0.9928205 0.99396116 0.9923632 0.9938663 0.99151087 0.9918227 0.9843574 0.9938757 0.9946219 0.9934838 0.9910026 0.9876495 0.99262345 0.99380827 0.99447536 0.9923127 0.9896556 0.99179626 0.9923514 0.99340683 0.99066526 0.9934835 0.9955355 0.9957447 0.9937823 0.99163365 0.9969394 0.9965548 0.99560773 0.9945749 0.99618924 0.99380046 0.99524534 0.99132395 0.99267495 0.9912882 0.9946918 0.9944961 0.99172205 0.9898801 0.99569833 0.99305797 0.990899 0.98851687 0.990206 0.99139273 0.98991376 0.99108636 0.9935917 0.9930539 0.99482 0.9917767 0.99381495 0.99368095 0.9942181 0.99508226 0.9935717 0.99246097 0.9952538 0.99514824 0.99464077 0.99525696 0.9947095 0.9951894 0.99473345 0.99160993 0.9920382 0.99335617 0.99431664 0.9957616 0.99510425 0.99363697 0.9954072 0.99406385 0.9954036 0.99464333 0.9954822 0.9977691 0.996849 0.9976704 0.9957759 0.99501806 0.99412966 0.9947252 0.99608004 0.99652123 0.99616545 0.9960083 0.99080956 0.9895788 0.9884016 0.99558556 0.9947058 0.99312705 0.9951098 0.9963374 0.9964144 0.9962088 0.996749 0.9960569 0.9962944 0.991861 0.995947 0.99582785 0.99595374 0.9923025 0.9950039 0.9926397 0.9916866 0.993482 0.9951056 0.99602693 0.9957915 0.9927946 0.99346423 0.9935048 0.9930826 0.99335873 0.9917256 0.9935362 0.99200135 0.99251676 0.9908648 0.99119794 0.9912721 0.9928492 0.9941308 0.99434215 0.99413055 0.99712074 0.99674666 0.9956796 0.99623305 0.9959663 0.9957827 0.9953199 0.9944289 0.996175 0.99455047 0.99528027 0.99721754 0.9956547 0.99268115 0.99347115 0.99482447 0.99473983 0.9928982 0.9954554 0.9951932 0.9949937 0.99533683 0.9971715 0.9969393 0.99660486 0.9970071 0.9981646 0.99435085 0.99092174 0.9905368 0.98863256 0.9901141 0.9906703 0.99083465 0.99040073 0.9917996 0.9912136 0.9965419 0.9965473 0.9963265 0.99551296 0.9965167 0.9964993 0.99556416 0.99590945 0.9964464 0.9966661 0.99698806 0.9971558 0.9966414 0.9928803 0.99433243 0.99489206 0.99012846 0.9896787 0.9893436 0.99657416 0.99541533 0.9953141 0.9969449 0.99633694 0.99549156 0.9956254 0.99615335 0.9957144 0.99637574 0.9926953 0.9918379 0.9939811 0.99549127 0.99491113 0.9958826 0.99307334 0.9920777 0.99274963 0.9923839 0.9943726 0.9925529 0.99404216 0.992766 0.99146247 0.9928224 0.99016577 0.99776715 0.99646544 0.99486536 0.9955977 0.99461126 0.9923789 0.9942216 0.9972714 0.995008 0.99423575 0.9952812 0.99479276 0.9915165 0.9950146 0.99455756 0.9953635 0.99563277 0.99350137 0.99698794 0.9962374 0.9969031 0.9962116 0.9963041 0.997269 0.9957261 0.9957588 0.9954198 0.9924395 0.9947269 0.995737 0.9946387 0.99220926 0.99524057 0.9964966 0.9957942 0.99640983 0.9971782 0.9969458 0.99640274 0.9962763 0.99666435 0.994411 0.9929539 0.9906239 0.99222654 0.9943188 0.99349636 0.9917286 0.98958653 0.9889437 0.9896201 0.9920088 0.9941849 0.9948988 0.9943406 0.9922367 0.9943109 0.99365616 0.99046457 0.9896631 0.9905165 0.99150366 0.99357814 0.99412817 0.9934233 0.99727666 0.9957566 0.9936482 0.9912696 0.99462515 0.9962366 0.9955733 0.99575543 0.9950509 0.99759233 0.995863 0.99350363 0.99610984 0.9946944 0.9952234 0.99565625 0.99315405 0.992523 0.9943094 0.9950719 0.9967259 0.9904039 0.98828644 0.99049705
KomarcyicxLazar_SRP18871LazarKMojKocijas-L2_7 0.9897327 0.9904128 0.9930341 0.9936273 0.99342746 0.9872119 0.98520434 0.98188263 0.99372876 0.9943961 0.9956394 0.99320257 0.9953797 0.99604934 0.99342144 0.99419385 0.9928163 0.99179333 0.99139494 0.99481815 0.9958385 0.99593526 0.9880244 0.9901447 0.99120253 0.9942116 0.99323714 0.99439013 0.9932548 0.99500215 0.99468184 0.99260306 0.99473053 0.9915812 0.9905968 0.9887462 0.9876064 0.9901251 0.9913664 0.9920337 0.99387956 0.9951738 0.9920212 0.99468887 0.9878554 0.9890845 0.9940268 0.99519265 0.9946534 0.99655217 0.9948513 0.9945632 0.9955456 0.99283946 0.9916307 0.99090326 0.98906 0.9824933 0.9875989 0.99295956 0.9924615 0.9892366 0.9915122 0.99057376 0.98313653 0.98436064 0.9938297 0.9913048 0.99351287 0.9908882 0.990434 0.98653066 0.99013186 0.99435586 0.99283516 0.9955194 0.9882016 0.98838377 0.99283314 0.9927457 0.9886066 0.9919435 0.99088675 0.99574125 0.9935862 0.994909 0.99614584 0.99504286 0.99619055 0.99303544 0.99410635 0.99691206 0.99047136 0.99019825 0.99063313 0.9925859 0.9903649 0.9928211 0.9905007 0.9933546 0.98885506 0.99146837 0.99258184 0.99473524 0.9958486 0.9925829 0.9960029 0.9960594 0.9944438 0.99526715 0.9950443 0.9955379 0.9955198 0.99524856 0.99410975 0.9959828 0.99167883 0.9903473 0.9887032 0.9894094 0.99050486 0.9901042 0.99219805 0.9918874 0.9925923 0.99026525 0.9949434 0.9898777 0.9857021 0.98869 0.98990726 0.9894639 0.9928891 0.9928313 0.99120885 0.9932174 0.9910799 0.9910003 0.99242985 0.9909852 0.99281746 0.9898078 0.9911722 0.9928025 0.99285465 0.99392855 0.98914087 0.987261 0.99111235 0.99144393 0.9831231 0.9824374 0.9819434 0.9771825 0.99378604 0.9944502 0.9956165 0.9954282 0.9950688 0.9968623 0.9982481 0.99728566 0.9977326 0.9963163 0.997592 0.99887025 0.9979538 0.9980722 0.99640965 0.99735963 0.99814284 0.9999997 0.99845743 0.9990666 0.9992852 0.9989024 0.99540484 0.995913 0.9948235 0.994281 0.9954316 0.99674934 0.9961752 0.99692065 0.99573976 0.99504274 0.9948007 0.99628544 0.99610555 0.995821 0.9961081 0.99454945 0.99703354 0.9961405 0.9968097 0.99422264 0.99243915 0.99084175 0.98960376 0.9942052 0.9917934 0.99420035 0.99410206 0.9922246 0.99078155 0.99255884 0.9929755 0.99419206 0.9905492 0.9876243 0.989807 0.9953546 0.99332494 0.99034315 0.99337333 0.9952119 0.99252003 0.9936539 0.99549437 0.99063957 0.9920547 0.99174017 0.9909772 0.99347484 0.9945996 0.9928716 0.997375 0.9938255 0.99315953 0.9906835 0.99402905 0.97466195 0.9802848 0.99275935 0.99104565 0.9854733 0.98918283 0.9925938 0.98169345 0.987713 0.9946825 0.9963999 0.99274766 0.99433404 0.9943948 0.9885211 0.99028486 0.98739463 0.9876993 0.97905576 0.991457 0.99314505 0.9909745 0.987045 0.9814301 0.9882755 0.9898516 0.99039793 0.98754835 0.9857011 0.98816156 0.98856014 0.98987573 0.9852206 0.98937213 0.9922807 0.99254525 0.9902408 0.9872154 0.9937115 0.9943247 0.9926373 0.99130386 0.99426514 0.9896353 0.99187297 0.9871644 0.9894584 0.9896091 0.99287015 0.992525 0.9872416 0.98498905 0.9930781 0.99095196 0.98660517 0.98356825 0.98561764 0.98739904 0.98600864 0.9868896 0.9895337 0.9894937 0.9919454 0.9864601 0.9894032 0.9894084 0.99029243 0.99127394 0.9890568 0.9878442 0.9946685 0.99589694 0.99392396 0.9964217 0.99594176 0.99639904 0.99465376 0.9873348 0.9878099 0.98881656 0.9909047 0.99352086 0.99186885 0.98928416 0.9927612 0.9896956 0.992047 0.9912549 0.99161816 0.9962345 0.9947854 0.9961157 0.9953 0.9955617 0.9953587 0.9954282 0.9938041 0.9943634 0.99406314 0.99386865 0.9890202 0.98921764 0.98778427 0.99643064 0.9969268 0.99520904 0.99153984 0.99475926 0.99482274 0.9942484 0.99574745 0.9944494 0.99597675 0.99132913 0.99362296 0.9946375 0.9943296 0.98997736 0.99406266 0.9910432 0.99103117 0.9906373 0.9920901 0.99220556 0.99311644 0.98855436 0.98963207 0.9907076 0.9963855 0.9913168 0.9885832 0.99191254 0.9896832 0.9901228 0.9877678 0.98763144 0.98882586 0.99044585 0.99139535 0.9924797 0.99229664 0.99400055 0.9959614 0.9928355 0.9934432 0.9936274 0.9950002 0.9938999 0.9953855 0.9933846 0.9948647 0.9955675 0.9959016 0.99614394 0.9946761 0.9945196 0.99582887 0.9910909 0.99281466 0.992759 0.9950273 0.99240696 0.9924695 0.99835163 0.99748486 0.9974077 0.99792236 0.9981362 0.9952269 0.98791766 0.986066 0.98533726 0.9864879 0.988088 0.98736846 0.98713547 0.98919183 0.988039 0.9946259 0.9942332 0.9949183 0.9933647 0.9959966 0.9935408 0.9927488 0.9945119 0.99507487 0.99439806 0.9951953 0.99428415 0.99498105 0.9886668 0.99045545 0.9920531 0.98547816 0.98523575 0.9843389 0.9967126 0.9933021 0.99301904 0.99464107 0.9940459 0.99262214 0.99319464 0.99374956 0.9943843 0.99756765 0.9894841 0.9896605 0.9925529 0.9940417 0.99322325 0.9960469 0.99133235 0.990706 0.99095684 0.99233353 0.9930406 0.99071187 0.99350363 0.98992586 0.9894173 0.9914663 0.98646873 0.99625206 0.9941939 0.9915391 0.99228644 0.99116397 0.98838776 0.99204886 0.99525976 0.9923891 0.9919772 0.9927541 0.99159735 0.9864086 0.9923126 0.99066854 0.9940776 0.9943552 0.9894564 0.99430764 0.9945832 0.9955991 0.99470943 0.99406046 0.99523324 0.9921043 0.99269617 0.99182653 0.9878624 0.9910223 0.9933257 0.9905333 0.9870858 0.99227154 0.9942604 0.9952544 0.9945212 0.9951471 0.9954543 0.9947957 0.994157 0.9951618 0.99343157 0.9911755 0.98891634 0.9901518 0.9947207 0.9926409 0.99000585 0.9875451 0.9846435 0.9859342 0.98911893 0.9924605 0.9946422 0.99260414 0.98963344 0.99235433 0.9920276 0.98604095 0.9854019 0.9866509 0.98864156 0.99213356 0.99259806 0.9923645 0.99737847 0.997951 0.99738634 0.99595773 0.9964377 0.9972353 0.99700093 0.99695086 0.99754834 0.9979621 0.99719584 0.99649197 0.99803066 0.9963354 0.9972556 0.99808747 0.9963081 0.99613327 0.9970199 0.9975354 0.99777603 0.9836663 0.9817656 0.98484945
KomarcyicxLazar_SRP18934LazarK1RazorenUm-L2_1 0.9905201 0.9927947 0.993903 0.99357486 0.994086 0.9895824 0.9869168 0.98210305 0.996168 0.99580526 0.99676126 0.99516773 0.99670976 0.99740386 0.9953727 0.9949624 0.9932783 0.99264884 0.9931296 0.99663746 0.99671304 0.9965893 0.9910623 0.9918599 0.992601 0.9942901 0.9937838 0.9934542 0.99469614 0.9953652 0.9944018 0.9941493 0.9951675 0.99151975 0.9899581 0.9906728 0.98924834 0.9902819 0.9934006 0.9934796 0.99487543 0.9961538 0.9934683 0.99427104 0.9890762 0.9909447 0.994847 0.9959893 0.99628866 0.99721843 0.99677694 0.9962863 0.9962332 0.9931012 0.99153763 0.99177545 0.990281 0.9830546 0.98804724 0.99437976 0.9934795 0.98978966 0.99350864 0.9922689 0.9854743 0.986381 0.9951443 0.9935409 0.99493104 0.9938602 0.99314356 0.9902222 0.99306244 0.99696803 0.995742 0.9976254 0.99228877 0.99192977 0.9950233 0.99577963 0.9919603 0.99199927 0.9915888 0.9964068 0.99427617 0.9959893 0.99660224 0.99584615 0.9972648 0.99322057 0.9949621 0.99646664 0.9928566 0.9926154 0.99312407 0.9943888 0.99193215 0.9944424 0.99267405 0.9944116 0.9910082 0.993371 0.9946084 0.99669814 0.9969404 0.99480176 0.9966358 0.99732804 0.99681246 0.9968972 0.99696165 0.99676037 0.99659 0.99655575 0.9958003 0.9962137 0.9947543 0.99390185 0.99231887 0.99274325 0.99377155 0.99314076 0.9954632 0.9958485 0.99580604 0.9940452 0.9970998 0.99384654 0.98911846 0.99207634 0.9928706 0.9927064 0.9955209 0.99533105 0.9941271 0.99293894 0.99127907 0.9915883 0.9932263 0.9914407 0.99319637 0.9896418 0.99156547 0.9945324 0.9954826 0.9965167 0.99169344 0.99045956 0.9933412 0.9943028 0.9856591 0.9854689 0.98432314 0.9800357 0.99618965 0.99578524 0.99618906 0.99531776 0.9948076 0.9961777 0.9970821 0.99639124 0.9954664 0.9948458 0.9966017 0.9974431 0.99665046 0.99862164 0.99621266 0.9981436 0.99795324 0.99845743 1.0000004 0.9990887 0.9983945 0.99827516 0.99605495 0.99541605 0.994579 0.9960614 0.9968953 0.99711704 0.9964156 0.99753684 0.9968986 0.9961442 0.9966199 0.9973027 0.9977404 0.9961078 0.99700034 0.9970876 0.997424 0.9974326 0.9972527 0.9964993 0.995612 0.99360096 0.99179316 0.9954152 0.9922888 0.9951378 0.9951679 0.9925912 0.9926686 0.9926998 0.99230725 0.9949204 0.9901519 0.9866592 0.9887777 0.9950242 0.99558586 0.9932605 0.9957421 0.99640065 0.9950309 0.99501514 0.99694157 0.99310064 0.99365556 0.99207336 0.99120104 0.9942008 0.995333 0.9934951 0.9975157 0.9953786 0.9944355 0.9925754 0.9949978 0.9793463 0.98392683 0.9946976 0.992516 0.9877312 0.99122876 0.99249685 0.9850681 0.9883845 0.9960824 0.99522454 0.9910025 0.9933022 0.9941536 0.9901182 0.99193347 0.9895208 0.99111974 0.9831455 0.992778 0.99429476 0.992133 0.98923874 0.98569417 0.9912347 0.99329454 0.9922 0.9906701 0.98975205 0.9916238 0.9916158 0.9920557 0.9887276 0.9921818 0.99517655 0.99493 0.99268126 0.98941934 0.9953197 0.9960704 0.99433166 0.9939231 0.99587524 0.99207777 0.99392056 0.9902707 0.9927901 0.9921902 0.9953975 0.9947029 0.9902271 0.9887712 0.9953088 0.9929817 0.98922503 0.98649603 0.9891872 0.9909972 0.9895845 0.98996186 0.9928407 0.9923853 0.99405026 0.9896777 0.99155116 0.99118215 0.9934794 0.99367577 0.99149835 0.99009025 0.99677986 0.9974756 0.9964561 0.99748856 0.9971626 0.99761903 0.99650216 0.99026 0.98988956 0.9910067 0.9947939 0.9967295 0.99510115 0.99260664 0.9955567 0.99256724 0.99473697 0.99431694 0.9943915 0.9976196 0.9967351 0.9975829 0.9968334 0.9959594 0.9956128 0.9957255 0.99583006 0.99671185 0.99648535 0.99643743 0.989188 0.9887214 0.9864224 0.9968169 0.99721813 0.99554664 0.9943326 0.9965292 0.99660766 0.995874 0.99628896 0.9951638 0.99561733 0.98973405 0.99507576 0.9947309 0.99478734 0.99071544 0.99336576 0.9897357 0.9895137 0.99227756 0.99244267 0.9928316 0.99251443 0.9888967 0.98916173 0.98964226 0.99470127 0.9943573 0.9920939 0.9945802 0.9927932 0.99321556 0.99095696 0.9908947 0.99156034 0.9934773 0.99411505 0.99423915 0.9941624 0.995538 0.9958851 0.99475753 0.9953296 0.99554706 0.995374 0.9950533 0.994347 0.99461436 0.99410105 0.9950511 0.996921 0.9957169 0.9941828 0.9934523 0.9956039 0.9932446 0.9918416 0.9935896 0.99454266 0.99365175 0.99336016 0.9983324 0.9987107 0.9986013 0.9984018 0.9983348 0.9954953 0.9902395 0.98943746 0.9887098 0.9902904 0.99082744 0.99107844 0.99024767 0.9915463 0.9908161 0.99628294 0.9942783 0.99413985 0.9947246 0.9971904 0.9945075 0.9939276 0.99445486 0.9962845 0.9963256 0.9972641 0.9963533 0.99690175 0.9915331 0.9933368 0.99418277 0.9875894 0.98791856 0.9871531 0.9977782 0.9952584 0.9949433 0.99628305 0.9957427 0.994866 0.995763 0.9959435 0.99581695 0.9978615 0.9920787 0.9932216 0.99491143 0.9953608 0.99436724 0.996299 0.9941029 0.99287266 0.99440974 0.9951029 0.99597454 0.9939813 0.99602556 0.9934619 0.9935004 0.994973 0.9906387 0.99786294 0.9962303 0.9943304 0.9949123 0.9937138 0.99199504 0.99507886 0.9959996 0.9939506 0.9944103 0.9946013 0.99412954 0.98927444 0.99487734 0.99392545 0.99612784 0.9952846 0.9915263 0.9961586 0.99672765 0.9977147 0.9960222 0.9960128 0.99724954 0.99460596 0.9946724 0.99382764 0.9901904 0.9927912 0.9946455 0.9932396 0.9910162 0.99480903 0.9957944 0.9966074 0.99646807 0.9963839 0.99594 0.9965977 0.9948446 0.9963888 0.99361104 0.9909158 0.9869739 0.98947835 0.99328864 0.99136126 0.98923624 0.9856654 0.9885435 0.9902195 0.9924748 0.99496114 0.9963897 0.9953669 0.99292487 0.9942205 0.9943589 0.9902885 0.9890434 0.99044526 0.9917938 0.99473894 0.99546236 0.99452066 0.9974793 0.99645007 0.9958504 0.99407244 0.9959469 0.99673074 0.99636877 0.9966931 0.99618095 0.99726546 0.995775 0.9940321 0.9967527 0.99429274 0.9958784 0.997205 0.9937251 0.994002 0.99520063 0.99607694 0.99667597 0.98569393 0.9824685 0.98594403
KomarcyicxLazar_SRP18934LazarK1RazorenUm-L2_2 0.99112403 0.9924992 0.99424654 0.9947984 0.9947096 0.98842424 0.98612875 0.9818602 0.9950885 0.99535275 0.9963856 0.9943051 0.9962331 0.99685174 0.9943564 0.99504393 0.9931747 0.99256426 0.9923026 0.9959663 0.9962879 0.9964171 0.99005735 0.991624 0.9924391 0.9947907 0.99385756 0.99445987 0.99405587 0.9951203 0.9947504 0.99323994 0.9948399 0.9916492 0.9903735 0.9898021 0.9888607 0.9903437 0.99313676 0.99366534 0.9951511 0.99645615 0.99358344 0.9955595 0.98948413 0.9908173 0.995225 0.996429 0.9959576 0.99743754 0.99605346 0.9954625 0.9959651 0.99319726 0.99131465 0.9921594 0.9906562 0.98333544 0.98869777 0.9938454 0.9931969 0.99030125 0.99279 0.99190587 0.98463374 0.98577434 0.99467385 0.99219924 0.9940542 0.9933856 0.99224865 0.98866546 0.9917056 0.9956768 0.9942604 0.99660516 0.98981416 0.9895748 0.99411774 0.9946236 0.9899682 0.9928759 0.9920934 0.9971074 0.99562824 0.99654037 0.99735177 0.9965848 0.99734896 0.9943224 0.9955424 0.9965265 0.9916281 0.99072 0.99141353 0.993554 0.99129146 0.9941089 0.99155366 0.9938846 0.9893465 0.9919493 0.9931404 0.9958032 0.9968622 0.9943299 0.9971497 0.9973332 0.9960097 0.9965719 0.9965068 0.9969511 0.99679154 0.9965702 0.99574196 0.9969879 0.99329394 0.99242365 0.9904755 0.9913742 0.9921507 0.99133384 0.9934397 0.9938068 0.9945606 0.99244153 0.99607444 0.9919672 0.98762286 0.9908029 0.9918815 0.9914416 0.99475497 0.99472195 0.9927238 0.9933672 0.99173903 0.99199504 0.99351776 0.9931993 0.9948879 0.99191505 0.9933421 0.9939982 0.99407125 0.9951152 0.99095494 0.9892746 0.99277675 0.99329305 0.98497456 0.98393375 0.98280114 0.97873837 0.99535865 0.99544406 0.99630135 0.99629915 0.99594784 0.99648017 0.9980686 0.9964245 0.99660563 0.9953228 0.99704486 0.9983385 0.9975081 0.9982842 0.9960633 0.9977892 0.99797034 0.9990666 0.9990887 0.99999976 0.9994414 0.9992866 0.9949908 0.99522364 0.9945137 0.99541795 0.9963677 0.99714375 0.9967285 0.99802595 0.99722916 0.99628335 0.9959614 0.99725044 0.99733543 0.99669117 0.99638414 0.9953909 0.99702513 0.99646187 0.9970225 0.9954486 0.9939694 0.99244785 0.9912971 0.995407 0.99293256 0.9951722 0.9952681 0.99314415 0.9925542 0.99376047 0.9940752 0.9955873 0.9915278 0.98820037 0.99062383 0.99627423 0.99464285 0.9915398 0.9945041 0.99627596 0.99390554 0.99509954 0.9964278 0.9917149 0.9930377 0.99193966 0.9909867 0.99396807 0.9951435 0.99306 0.99785185 0.99475586 0.9940876 0.9916671 0.9948728 0.97743875 0.9832679 0.99456275 0.9926715 0.98757195 0.99143994 0.9931163 0.98377323 0.9894348 0.99608946 0.99652314 0.99195063 0.994542 0.99500364 0.99048203 0.99187773 0.9889196 0.98950064 0.9814648 0.99315566 0.994885 0.9924916 0.98861647 0.983312 0.9901405 0.9913946 0.99179006 0.9891177 0.9873273 0.9898966 0.9899865 0.99072045 0.98635995 0.9910426 0.9939899 0.9937727 0.99128544 0.98826563 0.9949737 0.99517864 0.99413306 0.9930195 0.995817 0.9912101 0.9928074 0.98927945 0.9916715 0.9923339 0.994982 0.9945123 0.98883003 0.9870622 0.99461526 0.9931657 0.98802537 0.9848944 0.9874123 0.9890809 0.9871811 0.9887821 0.9913653 0.9914552 0.99347335 0.98817706 0.9909354 0.99104166 0.9924472 0.9926648 0.9903021 0.98882484 0.9954506 0.99623287 0.9945334 0.9965917 0.99630433 0.99669117 0.9949483 0.98941743 0.9898412 0.9904942 0.9931089 0.99527544 0.9939985 0.9915617 0.99463344 0.9913802 0.9937954 0.9930731 0.99325633 0.997059 0.9962479 0.9969562 0.9970953 0.99690914 0.996874 0.99692345 0.9951554 0.9957931 0.9955471 0.9953822 0.9908326 0.99095607 0.9889654 0.9976656 0.9977043 0.99658525 0.99312687 0.99607027 0.99610424 0.9955716 0.9966135 0.9956188 0.99660385 0.99146765 0.9947637 0.9957074 0.9954947 0.99134797 0.99463207 0.99172276 0.99176186 0.9921427 0.9931672 0.99264663 0.9932852 0.98911625 0.9899819 0.9908488 0.9961998 0.9934388 0.9909168 0.99391466 0.9918989 0.99233574 0.9903751 0.98996896 0.9912941 0.9927843 0.9934413 0.9942654 0.99432725 0.9950751 0.9961675 0.9941234 0.99452215 0.9950067 0.99586135 0.9951249 0.99517655 0.9944481 0.9947324 0.99533886 0.99639916 0.99621016 0.9945346 0.993924 0.9957387 0.9923938 0.9927933 0.99374425 0.9952662 0.9934943 0.9935134 0.9988786 0.998188 0.99804616 0.99804044 0.99856853 0.9964165 0.9905061 0.98861593 0.98821944 0.98917943 0.9907384 0.9901067 0.9897216 0.9913684 0.99064904 0.99532455 0.99382734 0.9941608 0.994337 0.99655086 0.99338025 0.9924608 0.99365103 0.99580675 0.99550736 0.996385 0.9955074 0.9963015 0.9903944 0.99188936 0.99345 0.9866344 0.986197 0.98539835 0.9978335 0.99459106 0.99463725 0.99570227 0.99545985 0.9934374 0.99437004 0.99489456 0.99575686 0.99829507 0.9908467 0.9917168 0.99426264 0.99516916 0.9940828 0.99642867 0.9934048 0.99267524 0.99308264 0.99463344 0.9949722 0.9932402 0.99553454 0.99193734 0.9914984 0.99330485 0.9886372 0.99698555 0.99491596 0.9926791 0.99364126 0.9925146 0.9907675 0.99380314 0.9956317 0.9935495 0.9937245 0.9940789 0.9932738 0.9879245 0.9938329 0.99228996 0.9957735 0.9954204 0.9907735 0.99518955 0.996171 0.9966372 0.9954965 0.9951953 0.99626434 0.99351573 0.99401975 0.993468 0.9891217 0.9924097 0.99492115 0.99213564 0.98904043 0.9946141 0.9959666 0.9968542 0.9962596 0.99650556 0.9963919 0.99666023 0.99551755 0.9968487 0.9942953 0.99143684 0.9884829 0.99048877 0.99439186 0.9923642 0.99009997 0.987267 0.9867325 0.9887617 0.99142915 0.9943987 0.9964576 0.9946061 0.9919525 0.99409777 0.99410385 0.98820996 0.98751885 0.98870695 0.9905898 0.9938548 0.9941207 0.9938865 0.99764067 0.9969512 0.9967795 0.99478996 0.9962285 0.9969159 0.9969711 0.9968353 0.99701536 0.99801147 0.99652797 0.9955422 0.99741554 0.99581456 0.99678814 0.99784124 0.9954037 0.9952044 0.9963977 0.9968153 0.997352 0.9844804 0.9822928 0.98501545
KomarcyicxLazar_SRP18934LazarK1RazorenUm-L2_3 0.98891175 0.9898751 0.9926157 0.99381155 0.99334383 0.98552984 0.983557 0.979133 0.99355096 0.9940028 0.9949974 0.99233717 0.995022 0.9956486 0.992573 0.99392325 0.9918098 0.9908869 0.9902646 0.99413073 0.9952486 0.99522626 0.9875686 0.9896396 0.99069035 0.9940436 0.992463 0.99419636 0.99271834 0.99444073 0.99403965 0.99173 0.99395394 0.9914164 0.99037904 0.987807 0.9869003 0.98929673 0.99092615 0.9917432 0.99363625 0.99522865 0.99149954 0.9947542 0.98716575 0.98852754 0.993781 0.9949863 0.9944328 0.9962037 0.9940738 0.9933867 0.99432 0.9912821 0.9892865 0.9902808 0.9884334 0.98125553 0.98683417 0.9919698 0.9912564 0.9885817 0.9903914 0.98940086 0.9815676 0.9828414 0.9925078 0.98943675 0.9918032 0.990788 0.9893633 0.98550546 0.9890824 0.9937477 0.9918977 0.99502945 0.9869992 0.9868497 0.99205315 0.9923855 0.98729885 0.990849 0.9898405 0.99611104 0.9947455 0.9952104 0.99637616 0.9951862 0.9961345 0.9928143 0.99392927 0.9957855 0.98894185 0.98840463 0.9891877 0.9911504 0.98889107 0.9920872 0.98903966 0.99204457 0.9869978 0.9897255 0.9909798 0.9941508 0.9956214 0.99191815 0.9960848 0.9960614 0.9941065 0.99503833 0.99493283 0.9957342 0.9953596 0.9949857 0.9939575 0.99586785 0.99058586 0.98988444 0.98748165 0.98856586 0.98956627 0.98875767 0.9910549 0.99148965 0.99244696 0.98972726 0.9943711 0.9894097 0.98431 0.9877099 0.9892563 0.9887059 0.9925916 0.9925135 0.9901376 0.99253136 0.990016 0.9899612 0.9917898 0.99175394 0.9939343 0.99116945 0.9922324 0.9918803 0.99196714 0.9930848 0.98796445 0.98601073 0.99017924 0.99076134 0.9818691 0.98048097 0.97928625 0.97488743 0.99338293 0.9938577 0.9951043 0.9953302 0.99500835 0.9955418 0.9973396 0.9957263 0.99636495 0.99440694 0.99618375 0.99783784 0.9968891 0.9971813 0.9946381 0.9963868 0.99699646 0.9992852 0.9983945 0.9994414 0.99999964 0.99928623 0.9936027 0.9943877 0.9936292 0.9935996 0.99488413 0.9963856 0.9959181 0.99727553 0.99644125 0.99562365 0.99428797 0.9959509 0.9958778 0.9953135 0.9954647 0.9938077 0.9966849 0.9952101 0.99632055 0.9937153 0.991743 0.9897633 0.9885373 0.99330735 0.9907578 0.9933104 0.9934908 0.99136525 0.9900711 0.9918023 0.9924604 0.9936919 0.989512 0.9861769 0.98887295 0.9949551 0.99308157 0.9893711 0.99260646 0.9954052 0.9919825 0.993808 0.99544084 0.98955965 0.9911394 0.9906722 0.98980814 0.99275136 0.9937026 0.99150866 0.99690443 0.99276894 0.99228704 0.98934543 0.99342114 0.9738775 0.9800544 0.99233055 0.99038535 0.98448026 0.98877156 0.99114454 0.98022324 0.9869759 0.9943605 0.99660176 0.99256665 0.994118 0.99407864 0.9877297 0.98939943 0.9862586 0.98653966 0.9775393 0.9911246 0.99306226 0.99046195 0.9856577 0.9793732 0.98691875 0.9885284 0.9892577 0.9860074 0.984203 0.98683035 0.9870872 0.98826885 0.9831133 0.98827 0.9913955 0.99137706 0.9889312 0.98556006 0.9927021 0.99305344 0.99171513 0.99024415 0.99369526 0.98805654 0.9900591 0.98635405 0.9889295 0.9902243 0.9929727 0.9925318 0.9859438 0.983867 0.99237055 0.9911685 0.9850584 0.9814087 0.9841516 0.9861556 0.98426324 0.985817 0.9886055 0.9887814 0.99106634 0.98506516 0.98801094 0.98823667 0.9896735 0.990122 0.9873891 0.985727 0.9943164 0.9955355 0.9933958 0.9961102 0.9959591 0.99626577 0.99414074 0.9866772 0.98735094 0.98798656 0.9905546 0.99311626 0.9914434 0.98863137 0.99220216 0.9884131 0.99116707 0.9904959 0.9908263 0.995547 0.99439335 0.99550855 0.9957255 0.9961379 0.9963256 0.9962892 0.9933802 0.99374706 0.9936389 0.9933733 0.9894563 0.9901575 0.9882596 0.9967997 0.9974253 0.9961077 0.9905496 0.9942553 0.99439824 0.99375385 0.9952669 0.9941298 0.9958384 0.9910271 0.992892 0.9945209 0.9941002 0.9898824 0.99386215 0.99093837 0.9913743 0.99029005 0.9915006 0.99077785 0.99201393 0.98722184 0.988548 0.98983526 0.9970184 0.991057 0.98796314 0.9918834 0.9894695 0.9898762 0.98776805 0.9872788 0.98885953 0.990349 0.9910701 0.99248344 0.99253803 0.9930067 0.99496543 0.99186444 0.9923556 0.99269795 0.9944052 0.99367386 0.99472046 0.9924756 0.99411315 0.99465936 0.9949933 0.99553764 0.9946293 0.9936642 0.99543625 0.9898391 0.9921216 0.99187064 0.9944276 0.991362 0.9913732 0.9985774 0.9973355 0.99733293 0.99749446 0.9979448 0.99592584 0.9881851 0.98539865 0.98533666 0.98632514 0.98843616 0.98726267 0.987078 0.9892224 0.98824257 0.99355704 0.99230003 0.99306625 0.99255586 0.9952599 0.9914832 0.990686 0.9924178 0.9942418 0.99370265 0.99464977 0.99334323 0.9943324 0.98764807 0.9892446 0.99110526 0.9837133 0.9832021 0.9822671 0.9968021 0.9924257 0.99243736 0.99373806 0.99345714 0.9914106 0.99249 0.9930165 0.9939452 0.9976443 0.98805547 0.989083 0.9920469 0.9932051 0.99198085 0.9953473 0.991125 0.9906233 0.99064964 0.9929351 0.9929397 0.9908201 0.9937015 0.9892383 0.98890984 0.9910569 0.98533654 0.9955832 0.993111 0.9903469 0.99141216 0.9900176 0.98767906 0.9912383 0.9937516 0.99127674 0.9913853 0.99160093 0.9907614 0.98452556 0.99140656 0.98946935 0.9938231 0.9935199 0.98784256 0.9929789 0.9942912 0.9949014 0.99364793 0.9931457 0.9946153 0.99105656 0.9917487 0.9911625 0.9861871 0.9899148 0.9929144 0.9893941 0.98590964 0.9922312 0.99404526 0.9954405 0.9943567 0.99465966 0.99484587 0.9949193 0.9935876 0.9952363 0.99291617 0.9900204 0.9871999 0.9889264 0.99378365 0.99141455 0.98886216 0.9861883 0.98338753 0.98564386 0.9887436 0.9923483 0.9950429 0.99269 0.9894322 0.9920961 0.9920681 0.9848527 0.9841566 0.985566 0.98769706 0.9917305 0.99210095 0.9918013 0.9968087 0.9971118 0.99746984 0.99589604 0.99626493 0.9966173 0.9967108 0.9966093 0.9974511 0.9978109 0.9968371 0.9967134 0.9978112 0.9964334 0.99731493 0.99830496 0.9964456 0.9963898 0.99718493 0.9974953 0.99751997 0.98169017 0.97985077 0.9829006
KomarcyicxLazar_SRP18934LazarK1RazorenUm-L2_4 0.99150884 0.9915674 0.99429226 0.99617946 0.9954722 0.9874198 0.9855813 0.9814474 0.9934143 0.9945399 0.9954106 0.99294716 0.9951858 0.9956964 0.9935464 0.99488574 0.9931067 0.99246293 0.99168026 0.994796 0.9952123 0.9957705 0.9886604 0.9908104 0.99177426 0.9944838 0.99344784 0.994394 0.9934448 0.9945929 0.994666 0.9922412 0.99428034 0.9925305 0.991693 0.9893347 0.9885119 0.9907677 0.9922087 0.9932176 0.9947741 0.9962475 0.9932462 0.9960051 0.9893128 0.9899612 0.99508035 0.99617815 0.9950788 0.9970656 0.99471056 0.99408036 0.9952301 0.99295354 0.9903827 0.99232864 0.99069744 0.98414207 0.98970926 0.99398804 0.99340874 0.9908693 0.9918503 0.9911395 0.98407716 0.9852704 0.99401414 0.99039876 0.9928589 0.99177325 0.99104124 0.98637617 0.99025327 0.9944055 0.9929206 0.9955006 0.98791206 0.9880302 0.9934259 0.9931465 0.9886079 0.992914 0.9919713 0.99645036 0.9961098 0.9958265 0.9969406 0.99598044 0.99686384 0.9944854 0.9952807 0.9966004 0.9905844 0.99000704 0.9902424 0.9928248 0.99057615 0.99343705 0.99043137 0.99330634 0.9884651 0.9913243 0.99242085 0.99447966 0.99636716 0.9935149 0.9971155 0.99687636 0.99516374 0.9958391 0.99547493 0.99678016 0.99643564 0.9963868 0.9950851 0.9971831 0.9913537 0.99042326 0.98819274 0.9893378 0.99014384 0.9889083 0.99206585 0.99197817 0.9932115 0.9907874 0.99540704 0.99016917 0.985924 0.9891884 0.99087 0.99012804 0.9936684 0.99386936 0.9911602 0.99434185 0.9924107 0.9924301 0.99387866 0.99321973 0.9953515 0.99279374 0.99396044 0.9923188 0.9918954 0.99333644 0.98924255 0.9874034 0.99134994 0.99163103 0.9839687 0.9819144 0.9813003 0.9768862 0.994451 0.9946264 0.9957722 0.99689335 0.99666345 0.9950834 0.9975504 0.9951633 0.9959866 0.994308 0.9961049 0.998168 0.99761707 0.997528 0.995442 0.99664295 0.9973882 0.9989024 0.99827516 0.9992866 0.99928623 1.0000004 0.9942158 0.99501395 0.9945554 0.99447703 0.9954621 0.99678004 0.99620676 0.99792504 0.99611026 0.9950348 0.99508303 0.9968466 0.9963059 0.9963164 0.99568915 0.9938295 0.9966475 0.99555516 0.9968685 0.9942978 0.992517 0.99092746 0.99000704 0.9945735 0.9923643 0.9945028 0.9946565 0.99340063 0.9919276 0.9925836 0.99331295 0.9943196 0.9901056 0.9865148 0.98954964 0.9955199 0.99433357 0.99080634 0.9940001 0.9964982 0.9929863 0.9954149 0.9963925 0.99136204 0.99310315 0.99313515 0.99228555 0.99476427 0.99501497 0.993216 0.9973931 0.9941885 0.9939787 0.99092185 0.9951228 0.9755125 0.9817236 0.99357426 0.9920579 0.98616874 0.9904698 0.9927934 0.9812505 0.9884648 0.99528843 0.9958006 0.99019706 0.9930674 0.99314845 0.9889162 0.9909993 0.9879671 0.98769385 0.97855616 0.9920878 0.99394894 0.99202245 0.98695666 0.98079747 0.9883761 0.9895652 0.9910742 0.9876402 0.98514116 0.9875106 0.9879292 0.9895587 0.9842895 0.9893482 0.9923232 0.99242646 0.98991597 0.9869622 0.99424267 0.9941344 0.99365616 0.99167454 0.99518615 0.9894152 0.9912772 0.9877472 0.9904386 0.9923288 0.9942139 0.9942813 0.98729247 0.9850504 0.994142 0.9927112 0.98662704 0.9829271 0.9853932 0.9870288 0.9854889 0.9874459 0.99008554 0.9899401 0.9928668 0.9864004 0.98942935 0.98993087 0.9908619 0.9913553 0.9887036 0.9874895 0.9935341 0.994396 0.9926364 0.9949041 0.9947357 0.99500686 0.9930749 0.9885074 0.9898685 0.98996514 0.9909034 0.99378973 0.99259394 0.98994285 0.99329185 0.989383 0.9926001 0.9913754 0.99225086 0.9964059 0.99556667 0.9961015 0.99694234 0.99737585 0.99749374 0.99729764 0.9945999 0.9949266 0.99455863 0.99440235 0.99249744 0.9929033 0.9913262 0.99718505 0.9970828 0.9961515 0.9917191 0.995052 0.9952746 0.99510354 0.99633116 0.99518967 0.99687964 0.9921303 0.9941582 0.9956447 0.9951671 0.9911092 0.9948934 0.99222386 0.99240965 0.991475 0.99299556 0.992152 0.9931526 0.9889697 0.9902944 0.9910107 0.99673647 0.99236804 0.9894285 0.9936005 0.9911346 0.9913156 0.9891805 0.9875732 0.9890095 0.9907147 0.9917016 0.9931238 0.9933976 0.99451154 0.99612844 0.99309456 0.9937066 0.99391776 0.9956498 0.994998 0.99576926 0.9937995 0.9951962 0.9955422 0.9959331 0.99664634 0.99525046 0.9947211 0.9961826 0.99138385 0.99359983 0.9932003 0.9952368 0.99274534 0.9930997 0.9984349 0.99695426 0.9968995 0.9971477 0.99803525 0.99689007 0.9893119 0.9868024 0.9864992 0.9876041 0.98973906 0.9884158 0.9882607 0.99038035 0.98965216 0.9944741 0.9935459 0.99357617 0.99340975 0.9957311 0.9923584 0.9911624 0.99266666 0.9947078 0.9947573 0.9956536 0.9942771 0.99518 0.9890482 0.990357 0.99197614 0.98523515 0.9845823 0.9836224 0.9973614 0.9933663 0.9936047 0.9944302 0.9945101 0.9924134 0.9931871 0.99397475 0.9948074 0.9976343 0.9890547 0.9893412 0.99277854 0.993829 0.9926367 0.9953283 0.9915228 0.9913421 0.9909711 0.9928044 0.9929323 0.99148446 0.993914 0.98979604 0.98908025 0.99127424 0.98613995 0.99579036 0.9939426 0.9913731 0.9922599 0.9911674 0.98854697 0.99217594 0.99445844 0.9926884 0.99234384 0.99284816 0.99170667 0.9860322 0.9923836 0.9904985 0.994184 0.9942331 0.98882806 0.99399054 0.9952436 0.99518573 0.9944178 0.9939271 0.9957681 0.99237907 0.9933399 0.99292034 0.98772603 0.99191785 0.9948192 0.99103934 0.9873025 0.9936368 0.9953364 0.99652845 0.9951362 0.9957549 0.995738 0.99578613 0.9950223 0.996184 0.9949969 0.9923822 0.9896642 0.9913984 0.9952462 0.99343634 0.9914032 0.988901 0.9841967 0.9862756 0.98932433 0.99282247 0.995646 0.9933738 0.9903316 0.99325687 0.9927597 0.98548114 0.98502916 0.9860649 0.9881883 0.9917748 0.9918974 0.99169827 0.9965976 0.99672246 0.9961373 0.99419206 0.9956244 0.99608016 0.9963678 0.9959836 0.9967439 0.9977321 0.9967531 0.9961574 0.997252 0.9964161 0.9967315 0.9977194 0.9963042 0.99559367 0.99670494 0.996809 0.99750495 0.9841757 0.98264337 0.9850008
KosticxTadijaP_SRP18960TadijaKGospodaSeljaci-L2_1 0.99312276 0.9943055 0.99475276 0.99215275 0.99357194 0.992702 0.99024314 0.9877035 0.9948405 0.99580425 0.9965953 0.9963804 0.99564254 0.9960598 0.9973567 0.99636954 0.99696296 0.9964745 0.99676484 0.9968816 0.99630326 0.99700326 0.9923881 0.99347687 0.9941467 0.9939525 0.995325 0.99324524 0.9958733 0.99585235 0.9954265 0.9955978 0.9961922 0.99316657 0.9913623 0.99502337 0.993863 0.99472797 0.9948361 0.99396116 0.9950844 0.9950471 0.99447346 0.9945946 0.9928777 0.9940054 0.9953402 0.9956452 0.99570245 0.9964947 0.99627733 0.9956704 0.9953037 0.99464613 0.9934201 0.99440306 0.9932549 0.9891566 0.99201775 0.99600077 0.9958953 0.9930721 0.99559057 0.9947263 0.99077874 0.99151397 0.99573183 0.9948603 0.9954365 0.9923781 0.99464905 0.99140966 0.99359965 0.99580187 0.9953702 0.99674624 0.99423355 0.9938529 0.99523115 0.99430895 0.99352974 0.9935821 0.9936872 0.9925276 0.98948294 0.9924728 0.99306303 0.99317634 0.9945655 0.99162394 0.99302655 0.99763787 0.9948176 0.99444807 0.9944232 0.99442476 0.99160373 0.99255687 0.99254525 0.9937519 0.99312866 0.995427 0.99537843 0.99445015 0.99371916 0.9941227 0.9932233 0.9936935 0.9946744 0.99352545 0.99375117 0.99296546 0.9941096 0.9950536 0.99362594 0.9930628 0.9952255 0.9922738 0.99236804 0.9921882 0.9932273 0.992607 0.99643236 0.99499595 0.9942357 0.99356735 0.99600816 0.99345034 0.9930082 0.993761 0.99396634 0.9941571 0.9951383 0.994861 0.9953509 0.996032 0.9951503 0.9953617 0.9955478 0.9883118 0.9886501 0.9839613 0.98692614 0.9947649 0.9941879 0.99493206 0.99341923 0.9921227 0.99373996 0.9939345 0.99165076 0.9902656 0.9897989 0.9858091 0.9963595 0.9963139 0.99624676 0.99415755 0.99332273 0.99461204 0.9958115 0.9948964 0.99517536 0.9946996 0.9956282 0.99599653 0.99652547 0.99783534 0.99746865 0.99721193 0.9975757 0.99540484 0.99605495 0.9949908 0.9936027 0.9942158 0.9999994 0.99869984 0.99781626 0.997496 0.9970726 0.9971509 0.9963461 0.9933126 0.9912137 0.9895933 0.9973328 0.99721277 0.9962641 0.99655193 0.99767363 0.9969405 0.99601626 0.997576 0.9968806 0.99663615 0.99616235 0.99483603 0.9925661 0.9954043 0.99251455 0.9940777 0.99454737 0.9924143 0.99349886 0.9914733 0.9911762 0.99258393 0.9898881 0.9872608 0.9880637 0.9926833 0.9956418 0.99509776 0.99667454 0.9950636 0.99565125 0.9944046 0.9957422 0.9959716 0.9956062 0.99387145 0.9933636 0.9950259 0.9974008 0.9967079 0.99572855 0.99714506 0.9964273 0.99548995 0.9960516 0.9845755 0.98713833 0.99551827 0.99361986 0.990231 0.9915243 0.99363023 0.98801947 0.9905788 0.99545574 0.990885 0.9855616 0.9896897 0.99123603 0.99130434 0.99301654 0.9925439 0.9922257 0.9847326 0.99222314 0.9926143 0.9928162 0.990635 0.98960644 0.9926599 0.99447894 0.9941841 0.99336207 0.989902 0.99205554 0.99180967 0.9921666 0.9909282 0.9922304 0.9940167 0.99415714 0.9924123 0.9893939 0.99669725 0.99715984 0.9961428 0.9957006 0.9959354 0.9939219 0.99613315 0.99252135 0.9939641 0.990447 0.9941465 0.99363345 0.99282837 0.9914841 0.99571717 0.99257773 0.99189186 0.98943913 0.99205285 0.9930944 0.99179596 0.9931665 0.9941166 0.99371827 0.99533993 0.99251705 0.99400437 0.9930201 0.9942735 0.9946623 0.9932612 0.9929017 0.99398947 0.9938888 0.9944105 0.9940057 0.99344814 0.9939495 0.9940434 0.992694 0.9924108 0.9926504 0.99327797 0.99528134 0.9947013 0.99341893 0.9954114 0.99329907 0.9945816 0.99616915 0.9966048 0.99799955 0.9971118 0.99769616 0.9945974 0.99372786 0.9917065 0.9928159 0.9959082 0.99597913 0.9961491 0.99627006 0.98946446 0.988129 0.9871111 0.9930375 0.9920598 0.9896209 0.99626136 0.9967783 0.99655104 0.99609953 0.99681705 0.9964362 0.99595463 0.9928697 0.99667984 0.9951107 0.9953702 0.9936254 0.99482226 0.99261343 0.99166995 0.99511194 0.99569446 0.9969732 0.9962762 0.9945308 0.99440837 0.99404013 0.9909136 0.99279654 0.99208874 0.9935764 0.99181 0.9923253 0.9905377 0.9894596 0.98882437 0.99075323 0.99268025 0.9926748 0.993423 0.99750924 0.99705213 0.9966701 0.99751747 0.99684185 0.99626476 0.9961226 0.99455744 0.99727196 0.9947424 0.9958942 0.99780655 0.9955211 0.99260145 0.9943648 0.99516577 0.9966479 0.99444914 0.99699515 0.99626607 0.9969446 0.99646187 0.99469453 0.99465185 0.9940548 0.99557817 0.9967331 0.9934901 0.9904914 0.9902489 0.9891148 0.9909947 0.9910563 0.9913872 0.9912858 0.99258584 0.9913567 0.9965835 0.9957232 0.99413735 0.99481696 0.99491256 0.9952821 0.99434465 0.99363816 0.9958635 0.9954858 0.9956551 0.99682933 0.99600905 0.9924466 0.99448705 0.9939909 0.99047863 0.9898183 0.98955995 0.99526536 0.9948447 0.9946955 0.9965006 0.996305 0.99574196 0.9949274 0.99455744 0.9951389 0.9945146 0.99320316 0.99170315 0.99270046 0.9944705 0.99326503 0.9940198 0.991522 0.98953396 0.9924598 0.9907545 0.9936805 0.9919125 0.99274224 0.9930101 0.9917158 0.9934722 0.9911727 0.9969318 0.996222 0.99460834 0.9950763 0.99426526 0.9920084 0.9935543 0.9970148 0.99550796 0.9943664 0.9945765 0.9947286 0.99143636 0.9949132 0.9945561 0.99421024 0.9941378 0.9937886 0.9966041 0.9964341 0.9965805 0.9953893 0.9963794 0.99684507 0.995759 0.9951223 0.99479574 0.99188316 0.99297315 0.99443436 0.9937067 0.993108 0.9933458 0.99466777 0.9934077 0.99441946 0.9950278 0.9947722 0.9943424 0.99395853 0.9943733 0.99473053 0.9942073 0.99238694 0.99339247 0.99486476 0.9944112 0.99329454 0.99121726 0.9899024 0.9898341 0.9917105 0.99328256 0.99287695 0.99301493 0.9920545 0.99354106 0.9926445 0.99173725 0.9905666 0.99123305 0.99161845 0.9928338 0.99397206 0.99215156 0.9960681 0.9944106 0.99134827 0.9886166 0.99444276 0.9958324 0.994441 0.99484926 0.99297035 0.996147 0.9952042 0.99192154 0.99435145 0.9931829 0.9942041 0.9936503 0.99056774 0.9904943 0.9922951 0.99354833 0.99551255 0.9922635 0.99052715 0.99287933
KosticxTadijaP_SRP18960TadijaKGospodaSeljaci-L2_2 0.9926005 0.9920013 0.9937524 0.9929629 0.9941412 0.98864406 0.98657393 0.9837189 0.9931248 0.9958525 0.99632674 0.994998 0.9956849 0.9960974 0.9965328 0.9969144 0.99742603 0.99634486 0.9956821 0.99618167 0.99711597 0.99763566 0.9898974 0.9923635 0.99339247 0.9946027 0.9953356 0.994779 0.9955463 0.9966513 0.9963224 0.99487823 0.9967558 0.99499905 0.9939542 0.99376416 0.9928472 0.9955061 0.9932839 0.9930449 0.9948999 0.9952443 0.9931335 0.9957096 0.99196994 0.9924881 0.99539906 0.99556154 0.9950133 0.99659485 0.9945872 0.99384934 0.9940893 0.9927992 0.9910687 0.993883 0.9918841 0.9883666 0.9918795 0.99512506 0.99488074 0.99298435 0.99364436 0.99293303 0.9880425 0.98909724 0.9937601 0.9919664 0.99322015 0.9895563 0.9919448 0.98666596 0.98952734 0.99375063 0.99240667 0.9953363 0.9902374 0.9899526 0.99263287 0.9919965 0.9900635 0.99328935 0.99258 0.9915632 0.98919976 0.9912807 0.992972 0.99226665 0.993834 0.9903351 0.99168855 0.9987853 0.99186873 0.9919588 0.9918896 0.99231297 0.9886202 0.9905169 0.9894726 0.99164814 0.9901531 0.9938199 0.9939571 0.9929884 0.9936752 0.9918216 0.99337494 0.9932355 0.99309814 0.9921844 0.9925102 0.9922838 0.993073 0.99418885 0.9919754 0.99295527 0.9919076 0.9889977 0.98877966 0.98892516 0.98975486 0.9887268 0.9940357 0.99261945 0.9921522 0.99041605 0.99493766 0.9902161 0.9891126 0.99061555 0.991764 0.9912705 0.99330115 0.9930763 0.99256116 0.99719554 0.9946694 0.9945698 0.9950542 0.9870787 0.9884291 0.983585 0.98626935 0.99216175 0.99161124 0.99323195 0.98963225 0.98761123 0.9901203 0.9904575 0.9881661 0.9854879 0.9855755 0.9807938 0.99472976 0.9953264 0.99591506 0.994378 0.9936554 0.9927731 0.99527615 0.99359816 0.9949155 0.99350053 0.99460745 0.9965531 0.9967638 0.99699193 0.9961373 0.99593633 0.9969562 0.995913 0.99541605 0.99522364 0.9943877 0.99501395 0.99869984 0.9999999 0.9991977 0.99625933 0.9968187 0.9980578 0.99730515 0.9933835 0.99118906 0.989643 0.99584466 0.9962201 0.99511504 0.9954376 0.99724567 0.99556893 0.99675316 0.9969055 0.9973233 0.99537605 0.9940429 0.99160594 0.9887085 0.9935084 0.99021006 0.99261576 0.9929485 0.99119955 0.99042875 0.98928034 0.990232 0.9913918 0.9878072 0.9848226 0.98624986 0.9921639 0.9946622 0.9929084 0.9949572 0.9952532 0.9939406 0.994216 0.99537224 0.9941566 0.9943264 0.9939194 0.9934095 0.994964 0.99699664 0.9958967 0.99526143 0.995561 0.9949688 0.9931192 0.9955661 0.9797611 0.983597 0.9941748 0.9915334 0.98648965 0.9889778 0.9923833 0.98302996 0.9882545 0.9946936 0.991716 0.9865551 0.99000126 0.990627 0.9884761 0.99105203 0.9889199 0.98830914 0.97844565 0.9892808 0.9904727 0.99032396 0.9861869 0.98400956 0.98842776 0.9906259 0.9913801 0.989113 0.98551124 0.98776734 0.9874347 0.9886385 0.9857727 0.9879608 0.990893 0.9912425 0.9889677 0.9853175 0.9957815 0.99631995 0.99488425 0.99342793 0.99481803 0.9905411 0.99376863 0.9889533 0.99143195 0.9892552 0.99271023 0.9919122 0.98907405 0.9870372 0.9941843 0.99089646 0.988269 0.9847913 0.9880108 0.9890745 0.98798364 0.98988473 0.99098736 0.9906202 0.99340796 0.98782974 0.9905732 0.98996586 0.9912178 0.9915725 0.9891254 0.9887167 0.9921131 0.9934804 0.9928896 0.99366844 0.9932847 0.99380356 0.9930525 0.9906824 0.99151164 0.99026346 0.9899828 0.9935013 0.99231285 0.9899984 0.9934287 0.98942107 0.9922024 0.993772 0.994624 0.99684006 0.9955405 0.9962219 0.9941142 0.9944696 0.9925524 0.9930562 0.99472344 0.9947457 0.99500835 0.9949659 0.98947084 0.9891355 0.9881941 0.9927885 0.99236727 0.9896116 0.99391097 0.99599195 0.9960667 0.995475 0.9973352 0.99606466 0.99711955 0.99489254 0.995572 0.99490666 0.99493575 0.9932578 0.99566066 0.99317384 0.99303305 0.9940591 0.9952382 0.99575686 0.99608594 0.99339366 0.9940615 0.9938743 0.99293077 0.9906803 0.98908544 0.992604 0.9901422 0.9902815 0.9877516 0.9849143 0.9847452 0.9871118 0.9891275 0.9897402 0.9910854 0.9964269 0.99777174 0.99497247 0.9961163 0.9954761 0.99674296 0.9964132 0.99656725 0.9964149 0.99676824 0.9975172 0.9972733 0.99682003 0.99494714 0.9965768 0.99666715 0.99445164 0.9963681 0.99619055 0.99750906 0.9959591 0.9954121 0.99521285 0.99450433 0.9939051 0.9961544 0.9968554 0.99422175 0.98845994 0.9860192 0.9856197 0.98786795 0.98901194 0.98814815 0.9885833 0.99074143 0.9891546 0.99576557 0.9952204 0.9935818 0.99294955 0.9942589 0.9930432 0.991799 0.992201 0.99386847 0.99324316 0.9937585 0.9942542 0.99436784 0.9885917 0.9907425 0.9912566 0.98602974 0.98489296 0.9847658 0.9946216 0.9921635 0.9922326 0.99464345 0.99447125 0.99280703 0.99199724 0.99171686 0.9932809 0.9940799 0.9893407 0.988016 0.98976654 0.9921869 0.9905656 0.99233735 0.98863155 0.9867572 0.9896339 0.98927236 0.9915792 0.9894584 0.99094707 0.9896815 0.98906803 0.99147916 0.9870171 0.9953247 0.99467474 0.9921119 0.99234116 0.9912959 0.988005 0.99101156 0.9951351 0.9929709 0.991631 0.99177426 0.99152404 0.98695153 0.9925609 0.9911278 0.9919752 0.99203503 0.9899672 0.9943847 0.99518317 0.9948969 0.99341154 0.9940577 0.9952993 0.99273646 0.9926938 0.9923826 0.9874956 0.9902711 0.9929354 0.9907563 0.9889424 0.991274 0.99372745 0.99342066 0.99334776 0.9939497 0.9944576 0.99345964 0.9929242 0.9936589 0.99562997 0.99500453 0.9942721 0.9944598 0.9967796 0.9959295 0.9946429 0.9928605 0.9845013 0.9851378 0.98759323 0.9903379 0.9907567 0.989713 0.9879865 0.9906523 0.9897305 0.98670846 0.9856231 0.9864185 0.987384 0.9896413 0.9911697 0.98917264 0.9961589 0.99602157 0.99317473 0.9907396 0.9963513 0.99702215 0.99613327 0.9962808 0.9950765 0.9967732 0.9969525 0.9944608 0.99564844 0.99557596 0.99622124 0.99521893 0.9934096 0.993407 0.99483204 0.9956652 0.99676466 0.9890945 0.9885647 0.9908566
KosticxTadijaP_SRP18960TadijaKGospodaSeljaci-L2_3 0.99311626 0.99158394 0.99325913 0.9933208 0.9944918 0.987395 0.9850078 0.98121125 0.99243885 0.99578893 0.99604243 0.99435073 0.9952126 0.99561554 0.9959789 0.997023 0.9970921 0.9960543 0.99510586 0.995911 0.9970451 0.9975489 0.989673 0.9923439 0.99337 0.99462044 0.9951996 0.99490905 0.9951838 0.9961988 0.9956606 0.99419785 0.9962926 0.9962569 0.9952386 0.99299306 0.99243915 0.9949745 0.9926816 0.992394 0.9942666 0.9951833 0.9928294 0.9955494 0.9915145 0.99219716 0.99514556 0.9951075 0.9945192 0.9964204 0.9938132 0.9928476 0.9928963 0.991256 0.9887265 0.99343795 0.99158734 0.9878869 0.9918185 0.9948034 0.9944428 0.9928934 0.99305123 0.99227583 0.9874238 0.9883591 0.99280727 0.99043083 0.99191153 0.9884909 0.9910917 0.9847734 0.9882313 0.99273735 0.9912467 0.9945078 0.9892282 0.9886688 0.9915519 0.99133503 0.9888243 0.9930163 0.9920901 0.9908071 0.9889699 0.9905115 0.99261725 0.9914819 0.99319404 0.9894622 0.9908534 0.998417 0.99060374 0.99065644 0.9905158 0.9909778 0.98717755 0.9893791 0.98780787 0.9902572 0.9887693 0.9929675 0.99301887 0.9920526 0.99348164 0.9907885 0.992868 0.99278724 0.99210113 0.99124384 0.9915041 0.9916654 0.9922696 0.9936143 0.99078554 0.9925108 0.99045163 0.98759 0.987171 0.987356 0.9882207 0.98678505 0.9929621 0.9917887 0.991395 0.9894136 0.9940679 0.9891982 0.98806566 0.9897849 0.9912629 0.9904587 0.99284863 0.9926127 0.99172395 0.9970098 0.9942618 0.99390084 0.99471533 0.98640966 0.9882547 0.98340225 0.98614514 0.99129844 0.9906101 0.9924572 0.98774225 0.9862465 0.98864734 0.98887366 0.98680204 0.98342514 0.98304695 0.97844326 0.9937207 0.99437505 0.9948707 0.99473166 0.993925 0.99084765 0.99397224 0.99151224 0.9932663 0.9914473 0.99294925 0.99569476 0.9957886 0.9959662 0.9944758 0.9945225 0.9954249 0.9948235 0.994579 0.9945137 0.9936292 0.9945554 0.99781626 0.9991977 1.0 0.9958339 0.9965473 0.99796826 0.99696344 0.9931439 0.9907322 0.98908937 0.9949451 0.9953317 0.9938549 0.9945673 0.9968615 0.9947929 0.9962808 0.9959201 0.9970423 0.99479705 0.9931066 0.9903767 0.98755264 0.99233186 0.9887829 0.99155056 0.99191654 0.99035645 0.989375 0.9876534 0.9886284 0.9900881 0.9858156 0.98267835 0.98449826 0.9910949 0.9943616 0.99237037 0.9945213 0.99542785 0.99353564 0.99430764 0.99528015 0.9936484 0.9938356 0.9934423 0.9929634 0.9946495 0.9963776 0.99479264 0.9942709 0.9947984 0.99406826 0.99176174 0.9950152 0.9791282 0.9831137 0.9934514 0.99034816 0.98530966 0.9880899 0.9905757 0.9811975 0.98677015 0.99386847 0.99069524 0.985319 0.98874664 0.98925644 0.98725927 0.9901011 0.9880289 0.98672533 0.97674406 0.98789376 0.9895111 0.9894296 0.9846807 0.98232466 0.98687476 0.98943245 0.99039114 0.9878745 0.98403275 0.98618114 0.9856544 0.9868746 0.9840048 0.9864287 0.9894464 0.98970294 0.987248 0.98333114 0.99509305 0.9956107 0.9943402 0.9924609 0.9942159 0.98904634 0.99253076 0.98794067 0.99111074 0.98908204 0.99216723 0.9915875 0.9876421 0.98586786 0.99374866 0.99060994 0.9868465 0.9827269 0.98677886 0.98779035 0.9865912 0.9892243 0.9902161 0.98963034 0.9928315 0.9862118 0.989177 0.9883142 0.9900962 0.99027365 0.98734903 0.98696613 0.9906247 0.99239695 0.99166787 0.9926661 0.9924717 0.992836 0.99193716 0.9909285 0.9918834 0.9897319 0.9887884 0.99294007 0.9916844 0.9892705 0.99294716 0.98809934 0.99117 0.9928763 0.9936949 0.9960616 0.9948628 0.99515134 0.99382925 0.9945552 0.99248403 0.99281555 0.9942776 0.99417853 0.9944185 0.9945338 0.98985815 0.9900624 0.989028 0.9921771 0.9919474 0.9892319 0.99287665 0.9953176 0.9955248 0.9949233 0.9969089 0.9955821 0.9969567 0.99447036 0.994808 0.99404985 0.9938698 0.9925799 0.9948203 0.9924372 0.9926227 0.9933423 0.99413294 0.9944453 0.994868 0.99217105 0.9928217 0.99229175 0.9930402 0.9897404 0.9880855 0.99228203 0.98935926 0.9893622 0.98672587 0.9830754 0.98312426 0.9857538 0.98786515 0.9885891 0.99038565 0.9960134 0.9979959 0.99468625 0.99590486 0.9954326 0.9971335 0.99684745 0.9972459 0.9962589 0.99740356 0.99807423 0.9970408 0.9973161 0.995919 0.99723047 0.9972513 0.99380875 0.9972018 0.995882 0.997939 0.9957187 0.99501926 0.99508387 0.9938413 0.99322516 0.99572885 0.99646276 0.99449456 0.9877804 0.98498863 0.98521376 0.9873577 0.9886096 0.987668 0.98817515 0.99059373 0.9886361 0.9947962 0.99369174 0.99167466 0.9920634 0.99322456 0.9909804 0.9897496 0.9901324 0.9924629 0.9919828 0.99264276 0.99306065 0.9934925 0.9870001 0.98932695 0.989577 0.98394483 0.9828869 0.9827365 0.9940238 0.99086446 0.9910707 0.9934112 0.99354917 0.9916284 0.99055815 0.99023455 0.9922935 0.9934657 0.98818964 0.9867303 0.98850274 0.9908725 0.9891149 0.9910959 0.98715776 0.98532367 0.9886171 0.98848933 0.99047625 0.98858774 0.9901492 0.98821664 0.9878043 0.9905466 0.9855232 0.99423 0.9935302 0.99083996 0.99103993 0.9899693 0.98684037 0.9903438 0.99371153 0.9920316 0.99085414 0.9903741 0.9900384 0.9848537 0.9911009 0.9895533 0.99096954 0.99075526 0.98812205 0.9930872 0.99494857 0.9937256 0.99198717 0.9928599 0.99441135 0.9917553 0.9915985 0.991422 0.9859879 0.98903954 0.9923068 0.98930997 0.98768103 0.9905044 0.9929215 0.9929501 0.99224716 0.9928686 0.993494 0.99250364 0.99190104 0.9929105 0.9957638 0.9950042 0.9946977 0.99445075 0.99703866 0.9959403 0.99496245 0.9928221 0.98278457 0.9838538 0.9862318 0.98912346 0.99009395 0.9885328 0.9869945 0.9897409 0.9886511 0.9852668 0.98393315 0.98477757 0.985947 0.9884032 0.98993576 0.9876725 0.99526757 0.99574184 0.9929187 0.99044347 0.9965873 0.99698925 0.99633723 0.9962243 0.99496937 0.9959396 0.99660134 0.994308 0.99501234 0.9951028 0.99585164 0.9948632 0.99321204 0.9931929 0.9944086 0.9953346 0.9962635 0.9878872 0.98797977 0.99009115
KosticxTadijaP_SRP19030PrvoVeselje-L2_1 0.9943539 0.9964318 0.9964146 0.99429435 0.99551845 0.99370265 0.9910246 0.9874672 0.99631387 0.99680287 0.99727976 0.99774086 0.9962789 0.9966431 0.9981991 0.9969027 0.9966056 0.9969658 0.99770015 0.99806285 0.99623054 0.99703914 0.9956127 0.9958039 0.9960822 0.9946537 0.9961374 0.993705 0.9962057 0.99539024 0.995134 0.9962708 0.99588287 0.99197143 0.98973686 0.99531263 0.9947114 0.99388564 0.9969358 0.9966297 0.996834 0.9965705 0.996274 0.9955566 0.99443996 0.9961169 0.99686086 0.99762917 0.9978779 0.9977813 0.9983913 0.9975703 0.99632823 0.99476606 0.99289256 0.9960294 0.99510485 0.9894731 0.9928449 0.9965985 0.9961139 0.99415743 0.99679315 0.9955288 0.9918887 0.9927907 0.99652183 0.99582326 0.99572474 0.99633765 0.9971573 0.9936924 0.9944369 0.99695337 0.9964817 0.9972517 0.9956651 0.9948965 0.996777 0.9972957 0.9951481 0.99437976 0.99511206 0.9947491 0.9925636 0.99501413 0.9948874 0.99562377 0.9964212 0.994004 0.99572426 0.99643624 0.99457526 0.9943943 0.9946183 0.9950708 0.99263114 0.99447984 0.99328727 0.993657 0.9927399 0.99510264 0.99525684 0.9958435 0.9949618 0.99615455 0.9945162 0.9953911 0.9967005 0.99568206 0.9961274 0.9953244 0.99570984 0.996393 0.9956658 0.99459845 0.9971236 0.9957714 0.9951826 0.9953584 0.99562573 0.99406475 0.99744266 0.99704033 0.997052 0.9965171 0.99728024 0.9960534 0.9949664 0.99638003 0.9969612 0.9966241 0.99774617 0.99781656 0.997387 0.9946756 0.9949698 0.99542964 0.99598616 0.99207586 0.9925692 0.9884381 0.99146503 0.9973691 0.99697167 0.99733573 0.99551183 0.9947831 0.9959035 0.99631 0.9931659 0.991678 0.9904881 0.9876636 0.9980304 0.99770635 0.99761593 0.9955766 0.9948416 0.99393576 0.99539495 0.99351865 0.9939819 0.9934678 0.994769 0.9953463 0.9955884 0.9976453 0.99586123 0.9972976 0.99667835 0.994281 0.9960614 0.99541795 0.9935996 0.99447703 0.997496 0.99625933 0.9958339 1.0000005 0.9990572 0.9979018 0.9978655 0.9948875 0.9935902 0.99142146 0.99842453 0.99763 0.997467 0.997277 0.99727297 0.997302 0.9955497 0.99738264 0.99695975 0.9980232 0.9978377 0.9968588 0.99508333 0.9970837 0.9938907 0.99526125 0.9961926 0.99401283 0.9956241 0.99354166 0.9931889 0.9948254 0.9917006 0.9892208 0.99037987 0.9945532 0.99712795 0.99601746 0.99744534 0.9964433 0.9967742 0.9960197 0.99660474 0.99630934 0.9960489 0.99312115 0.99214464 0.99484974 0.9975292 0.9961087 0.9969666 0.99748105 0.9963423 0.9953059 0.99599147 0.98791945 0.9915916 0.99827236 0.9963175 0.99451196 0.9959022 0.99512756 0.9920039 0.99414855 0.9978592 0.99285257 0.986332 0.99208784 0.9936886 0.9951839 0.9964739 0.99399954 0.9946469 0.98849267 0.99458873 0.9957471 0.99524826 0.9926079 0.99106616 0.99451536 0.996023 0.99595386 0.99542326 0.99181634 0.99446195 0.99380094 0.9933758 0.99252826 0.9946064 0.99646413 0.9961891 0.99381614 0.99090827 0.99801475 0.99788386 0.99791276 0.99738467 0.9978236 0.99571675 0.99704176 0.99469423 0.99669015 0.9945373 0.9967956 0.99635655 0.9942751 0.99362785 0.99729794 0.9952708 0.9933054 0.9899448 0.9942434 0.99466103 0.9923786 0.9949382 0.9964394 0.9956129 0.99730444 0.99408436 0.995402 0.9947578 0.9968644 0.9961475 0.99446183 0.9934517 0.9946313 0.9940411 0.99438107 0.994262 0.9938169 0.994173 0.9935005 0.9954661 0.9948342 0.99524915 0.9961716 0.9973717 0.99695766 0.99585235 0.9972866 0.99587923 0.9969242 0.99773526 0.9977964 0.9979846 0.9980644 0.9975477 0.99690455 0.99584377 0.9942415 0.9950054 0.99786013 0.9979152 0.997833 0.99813604 0.99150646 0.9902672 0.98887104 0.9953292 0.9938312 0.9926487 0.9981026 0.9981545 0.9982461 0.9981984 0.9977339 0.99800223 0.9967348 0.99291426 0.9981997 0.9967698 0.9971745 0.99548817 0.9956838 0.99369633 0.99293077 0.9967692 0.99652964 0.9972084 0.9961127 0.9948473 0.9942941 0.9935353 0.9900583 0.9960679 0.9957676 0.99653286 0.9955297 0.9958477 0.99477327 0.9923476 0.99252784 0.9940143 0.9951672 0.99499416 0.995891 0.99821687 0.99629045 0.9979226 0.9983672 0.9979541 0.9965116 0.9971367 0.9930347 0.9977937 0.99336904 0.99437225 0.9979817 0.99511683 0.9918476 0.99248767 0.9941701 0.9979708 0.9935935 0.9976452 0.9958346 0.99783593 0.9973067 0.99523383 0.99541587 0.99462646 0.9948837 0.9969325 0.9952016 0.994776 0.9943964 0.9937667 0.99525225 0.9949074 0.9955371 0.99504584 0.9954335 0.99513453 0.9973203 0.99490005 0.99387664 0.99554074 0.9952464 0.9942415 0.9937213 0.99259317 0.9956889 0.99643 0.996419 0.9976818 0.9972254 0.9947916 0.99543685 0.9960984 0.99096113 0.99003005 0.9901975 0.9961635 0.9957528 0.9959178 0.99715173 0.99736637 0.995351 0.99542075 0.9956024 0.99628776 0.99541557 0.9949996 0.99478483 0.9952308 0.995756 0.99532735 0.99536645 0.99492055 0.9935142 0.9958883 0.9948785 0.9965801 0.9961426 0.9963409 0.996118 0.9952312 0.9963865 0.9946632 0.9972291 0.99650806 0.9953769 0.996421 0.99566406 0.9951564 0.9960784 0.99690694 0.99697745 0.99669385 0.996413 0.99648225 0.9935484 0.99679506 0.9965606 0.9969311 0.9958428 0.99485034 0.9971077 0.99850184 0.9976981 0.99643695 0.99722147 0.9976711 0.99706197 0.99695146 0.9971568 0.99294984 0.9950167 0.9965089 0.99561024 0.99491495 0.997174 0.99743056 0.995944 0.9970019 0.9970941 0.9961727 0.9971938 0.99645185 0.9971342 0.9956662 0.99463624 0.99162996 0.9934358 0.99423736 0.99382293 0.9927206 0.99038446 0.9927392 0.99351174 0.9948013 0.996076 0.9958761 0.9959263 0.99522185 0.9962063 0.99562055 0.99430275 0.9933896 0.9939278 0.9944041 0.99548316 0.99569327 0.9944078 0.99690837 0.9929781 0.99107987 0.98756635 0.99432653 0.99538404 0.9944987 0.99475855 0.99270904 0.99604136 0.9937634 0.99045104 0.9932472 0.9923132 0.9932614 0.99329334 0.9894917 0.98926586 0.99153465 0.99231637 0.9945831 0.99176973 0.98951614 0.9910512
KosticxTadijaP_SRP19030PrvoVeselje-L2_2 0.9925132 0.9942938 0.9945896 0.9938037 0.99497896 0.9908459 0.98787886 0.98362 0.9964118 0.99708986 0.9976791 0.9972106 0.99723727 0.9977059 0.9976212 0.99682224 0.99604553 0.9958341 0.9963042 0.99817145 0.997583 0.99790746 0.9942237 0.9947931 0.99547327 0.9952458 0.99613136 0.9944981 0.99602115 0.99629176 0.99566007 0.99635404 0.9965002 0.9923794 0.9905305 0.99323124 0.9923407 0.9928177 0.99528676 0.9951933 0.9960557 0.9967188 0.9948172 0.99520963 0.99206334 0.9939151 0.99626863 0.9973614 0.99763364 0.9978497 0.9982726 0.9975062 0.99647117 0.9933955 0.99182945 0.9940487 0.9924904 0.9861556 0.9904204 0.9955746 0.9949541 0.9920792 0.9949567 0.9935152 0.98823154 0.98932064 0.9955293 0.99477345 0.9951047 0.9949498 0.99575895 0.99127775 0.99268323 0.9968266 0.99563676 0.99725896 0.9933454 0.9927565 0.9951948 0.9965948 0.9932029 0.9930891 0.993085 0.99484354 0.9924858 0.9947043 0.995354 0.9952741 0.9964587 0.9928284 0.99502856 0.9972762 0.9929574 0.99343276 0.9936276 0.9942631 0.99125314 0.99369854 0.99223065 0.99306625 0.9911978 0.99431306 0.9951497 0.99652046 0.9963102 0.99522287 0.99556947 0.9963581 0.99673325 0.99608624 0.9966807 0.99556655 0.9958095 0.9963977 0.9952153 0.99505776 0.99593145 0.9948654 0.9943603 0.99435425 0.994621 0.9933803 0.99673843 0.99671656 0.9963286 0.9952443 0.9972016 0.99460685 0.9919194 0.9943022 0.9952977 0.99470335 0.99675655 0.9968743 0.99601024 0.9942982 0.9932069 0.9935044 0.99445194 0.9910779 0.992575 0.9882451 0.9910662 0.9960772 0.9966947 0.9976069 0.9934626 0.99240136 0.9941563 0.9949435 0.98911417 0.98776656 0.9871317 0.983141 0.9971484 0.99681926 0.99716514 0.99515074 0.99469155 0.9936064 0.99527407 0.9937891 0.9938942 0.99303067 0.99462163 0.9960961 0.9952719 0.99756736 0.99508095 0.9970964 0.9966749 0.9954316 0.9968953 0.9963677 0.99488413 0.9954621 0.9970726 0.9968187 0.9965473 0.9990572 1.0000001 0.9989849 0.99875647 0.99574757 0.9954385 0.99383366 0.9974005 0.9969593 0.9974006 0.9962876 0.9974167 0.99766445 0.9971193 0.99779534 0.99775666 0.9978878 0.99732107 0.99506325 0.99295527 0.9963623 0.99262345 0.9948393 0.99537396 0.9928703 0.99338543 0.99275935 0.99265397 0.99518055 0.9906323 0.98756933 0.98912024 0.99478376 0.9959613 0.9941905 0.99633926 0.9964118 0.995383 0.99511343 0.9965328 0.994413 0.9944399 0.99249864 0.99142474 0.9943826 0.99715036 0.9950558 0.99732226 0.99643433 0.99516106 0.99371547 0.9953427 0.9839978 0.9882622 0.9974484 0.9945612 0.9918221 0.99415255 0.9941354 0.9890151 0.99171937 0.9977325 0.99439 0.98917687 0.99342525 0.9944865 0.993466 0.9951847 0.99070954 0.99248016 0.9853058 0.99270797 0.99443704 0.99292433 0.99004513 0.98804724 0.9922522 0.9943759 0.99391055 0.9930275 0.9907274 0.99262804 0.99207866 0.9920722 0.9905436 0.9929068 0.99565107 0.99548787 0.9929719 0.98943835 0.9972729 0.9976815 0.99648947 0.99592036 0.9970607 0.99395514 0.99579436 0.99206495 0.9948163 0.9932461 0.9958182 0.99480134 0.9916949 0.99063194 0.99659103 0.99342215 0.9912403 0.98782176 0.99193525 0.99280554 0.99100053 0.99237186 0.99480313 0.99356437 0.9958996 0.9913627 0.99358284 0.9929626 0.99511933 0.9945963 0.99263185 0.99142355 0.9952054 0.99613273 0.9954835 0.99611694 0.9956421 0.99604017 0.9952378 0.99308413 0.9924521 0.99280864 0.99508727 0.99723226 0.9957676 0.993486 0.99611455 0.99398583 0.99568355 0.9964685 0.99630183 0.9976381 0.99733114 0.99729264 0.99652857 0.99578524 0.9944944 0.9946409 0.99710155 0.99768806 0.9974537 0.9974521 0.98948973 0.9888054 0.9871071 0.99598336 0.9956065 0.9940032 0.9966489 0.99793506 0.9981365 0.9979206 0.99778545 0.9972137 0.99698234 0.9925544 0.9971742 0.99623513 0.9965137 0.99379575 0.99536085 0.99252343 0.99205333 0.9951399 0.99509335 0.99569046 0.9950838 0.992696 0.99228656 0.99192554 0.9920192 0.995087 0.9941256 0.99581826 0.9945193 0.9947032 0.9924166 0.99030125 0.9909023 0.99270785 0.9936105 0.9932643 0.9941474 0.9972576 0.99657154 0.9966737 0.99735355 0.99730504 0.99636495 0.9965768 0.9940556 0.9965772 0.9943797 0.99547774 0.9980442 0.9961197 0.9939126 0.9936747 0.9955164 0.99620557 0.993703 0.9964156 0.99607646 0.9967907 0.9959517 0.99647605 0.9971126 0.9963972 0.99684954 0.99756956 0.99531496 0.9923485 0.9916201 0.9907863 0.9926866 0.9925507 0.9933771 0.99271834 0.9933835 0.99250203 0.9969984 0.9949312 0.9939264 0.9943255 0.9958539 0.99393725 0.9932441 0.9930393 0.99573046 0.99564993 0.9961239 0.9966823 0.9969168 0.99254274 0.993731 0.9951126 0.988329 0.9879906 0.9882959 0.9968409 0.9953532 0.9953154 0.9969948 0.9967752 0.994267 0.9944332 0.99462885 0.99552673 0.99615705 0.99338156 0.9934561 0.99419737 0.99499965 0.994496 0.995144 0.99430937 0.99295014 0.99525434 0.9949893 0.99639744 0.99531406 0.9962988 0.99504715 0.99514616 0.9965246 0.99297476 0.9972807 0.9965538 0.994961 0.99573195 0.99434555 0.9931117 0.9959506 0.99619216 0.99537426 0.99527717 0.9952637 0.99474055 0.9914742 0.9958629 0.99522537 0.9962317 0.99518365 0.9928833 0.9966415 0.99774235 0.9977591 0.99592084 0.9962755 0.99723786 0.9952479 0.9956599 0.9953495 0.99091125 0.99366474 0.9953548 0.9945838 0.9925474 0.99598086 0.99700993 0.9965905 0.997033 0.99696434 0.9962935 0.9971347 0.99609864 0.9968594 0.9952767 0.9936884 0.9908122 0.99257743 0.9947625 0.99349093 0.9919757 0.98908424 0.9904763 0.9914714 0.9931733 0.9949692 0.9955387 0.99485886 0.99345416 0.99486816 0.99448 0.9922568 0.99112904 0.9921207 0.99293876 0.9948843 0.9955694 0.9942098 0.99789596 0.99524575 0.9936966 0.9911841 0.9961549 0.9968676 0.99627644 0.9964425 0.9948872 0.99696183 0.99541867 0.9926095 0.99537295 0.99382466 0.9953064 0.99561214 0.9921807 0.9922133 0.9939827 0.9948307 0.9960153 0.98821545 0.98583573 0.9880345
KosticxTadijaP_SRP19030PrvoVeselje-L2_3 0.9926109 0.99317914 0.99457794 0.994777 0.9957773 0.988637 0.9860399 0.9814869 0.9957305 0.9975866 0.9978655 0.9963716 0.99752533 0.99806285 0.99726766 0.9978665 0.9969405 0.9962555 0.99584305 0.99793833 0.9984925 0.9987082 0.9925931 0.99455076 0.9955022 0.9967167 0.99667 0.99667656 0.9969066 0.99772644 0.9973265 0.99640065 0.9976625 0.9947068 0.9934278 0.9932116 0.99255383 0.99433357 0.9945856 0.9948507 0.99624246 0.9971626 0.9941039 0.99665374 0.9919856 0.99331397 0.99662316 0.9972898 0.9971822 0.9980586 0.9965731 0.99558 0.9950521 0.99260753 0.99035525 0.99421674 0.9922501 0.9868536 0.99152285 0.99551165 0.9947521 0.9930276 0.9944068 0.99312764 0.9872189 0.9885541 0.99451417 0.99255365 0.9935898 0.9926823 0.9935647 0.9886276 0.99033856 0.99531513 0.9935971 0.9965075 0.9911047 0.99026793 0.99359936 0.9948562 0.99075186 0.99306905 0.9927654 0.99462146 0.99278444 0.9941672 0.9955733 0.9948351 0.9962633 0.99211097 0.9937988 0.9985682 0.99130374 0.9916434 0.99169147 0.9926746 0.98927975 0.9921214 0.9900165 0.9918471 0.9892211 0.99312025 0.99397343 0.9951367 0.99606544 0.9932979 0.99566483 0.9958591 0.99511695 0.9946845 0.99521154 0.9949515 0.99512357 0.995643 0.9940746 0.9950068 0.9934348 0.99199796 0.99115896 0.9915856 0.99196804 0.99062157 0.99506664 0.99504447 0.99497414 0.9929722 0.9965985 0.99275357 0.98955274 0.9922022 0.9939044 0.9931207 0.99572134 0.99564445 0.99408823 0.9961778 0.9938395 0.9937447 0.9950854 0.9904099 0.9922895 0.9880068 0.9904358 0.9940058 0.99426746 0.9955939 0.99067855 0.98903984 0.991781 0.99250764 0.987303 0.9849324 0.9840545 0.97984576 0.9960685 0.99651104 0.99737215 0.9955569 0.9947988 0.99347174 0.99587893 0.9938006 0.9949883 0.99326384 0.99498606 0.9970233 0.9965079 0.9976115 0.9952007 0.99658304 0.99679446 0.99674934 0.99711704 0.99714375 0.9963856 0.99678004 0.9971509 0.9980578 0.99796826 0.9979018 0.9989849 0.9999992 0.99938214 0.9960807 0.9951644 0.9936159 0.9966411 0.99670106 0.99651587 0.9960338 0.9980228 0.9970565 0.9982662 0.9978437 0.99864745 0.997365 0.99581105 0.99284637 0.99050725 0.9950319 0.99123806 0.9937584 0.99453783 0.9923082 0.991632 0.99129504 0.99194914 0.9938451 0.9891389 0.98591626 0.98797065 0.9942813 0.99604845 0.9936297 0.9960931 0.99744177 0.99530005 0.99596363 0.99712217 0.99412787 0.99445075 0.99306357 0.99229014 0.99517286 0.99701154 0.99481434 0.99732524 0.9959618 0.99465424 0.9923782 0.9955617 0.9814995 0.9862375 0.99575615 0.9923476 0.98810035 0.99112236 0.99257517 0.98426837 0.98934346 0.99649304 0.99494886 0.990124 0.9932708 0.9938763 0.99061275 0.9925057 0.98916066 0.990136 0.9808854 0.99156094 0.99351084 0.9920846 0.9874352 0.984228 0.98943484 0.99193186 0.9922223 0.99014914 0.9874805 0.9897992 0.9890698 0.98931086 0.9864522 0.98971117 0.9930271 0.9930253 0.99024177 0.9863089 0.9962911 0.99668825 0.9952652 0.99430007 0.99618584 0.9912926 0.9937571 0.989838 0.99307555 0.9921296 0.9948832 0.99395436 0.989389 0.9879115 0.9953608 0.9928395 0.9887581 0.98459053 0.9887909 0.98997957 0.9885784 0.9903584 0.9921826 0.9917461 0.99447984 0.9882873 0.9909755 0.9908371 0.9929636 0.99236155 0.98965466 0.9885925 0.99424803 0.9956962 0.9946152 0.99607223 0.99571365 0.9961087 0.99462765 0.99176913 0.9918057 0.99077004 0.9924468 0.9957303 0.9941402 0.99126947 0.9947152 0.9908568 0.9936293 0.9948162 0.99496233 0.997248 0.99655545 0.9968267 0.99624455 0.99670655 0.9955352 0.99548376 0.9967123 0.99684334 0.9970073 0.99693185 0.9903901 0.9905526 0.9890916 0.99589187 0.99598503 0.9940095 0.99510914 0.9977308 0.99776846 0.99717724 0.9983696 0.9973732 0.9982501 0.99497813 0.9964399 0.99631 0.9963093 0.9943028 0.9965076 0.99370795 0.99398685 0.9951777 0.99541277 0.9953363 0.99580854 0.99273187 0.99299216 0.99312603 0.9945162 0.993227 0.9914404 0.9946988 0.99252284 0.9926248 0.99044716 0.9876545 0.98844945 0.990414 0.99165267 0.9920877 0.9934149 0.99652374 0.9975801 0.9955916 0.9966507 0.9963283 0.99715585 0.9973654 0.9961833 0.99640584 0.9964834 0.99714756 0.99779123 0.9974436 0.99593925 0.99588704 0.99710727 0.9949971 0.99581057 0.9963454 0.9977591 0.99628973 0.99550515 0.9971646 0.99692684 0.9962591 0.99738735 0.9980085 0.9965194 0.99078465 0.9883332 0.98838377 0.9904196 0.991604 0.9908704 0.9909422 0.9925672 0.9914279 0.9965281 0.9946649 0.9937264 0.9938162 0.99549454 0.9925854 0.99167854 0.99226236 0.99461746 0.9945298 0.9950843 0.9951132 0.99592566 0.99003047 0.9913551 0.9930006 0.98566556 0.9848145 0.9847698 0.9966225 0.99357426 0.9935464 0.9956417 0.99570596 0.99290323 0.9931283 0.99309695 0.99461037 0.99643475 0.9908401 0.99126214 0.9925749 0.9937756 0.9926731 0.9945615 0.99180657 0.9902868 0.9932155 0.99386203 0.9949586 0.99323994 0.99488163 0.99264324 0.99273676 0.9947081 0.9897466 0.99646896 0.9955577 0.9929138 0.9935952 0.99235183 0.99032384 0.99356496 0.9954772 0.9940465 0.9936754 0.9933277 0.99297416 0.98770016 0.99437696 0.99276125 0.99499303 0.99399596 0.99059594 0.9952006 0.99718344 0.99677515 0.99487007 0.995478 0.99670154 0.99356216 0.99409825 0.9940596 0.9879004 0.9916574 0.99448806 0.9921248 0.99001044 0.99419844 0.99613863 0.9963202 0.99577016 0.99574345 0.99577045 0.9962609 0.99482584 0.99626607 0.996269 0.99462545 0.99251854 0.99371874 0.99673265 0.9952468 0.9935934 0.9909919 0.98675704 0.988307 0.9905034 0.99322677 0.99437535 0.99283206 0.99094427 0.9932779 0.992876 0.98873067 0.9875392 0.98869973 0.9899771 0.9927124 0.99366796 0.9920793 0.99788153 0.996837 0.9956553 0.99318147 0.9978473 0.997916 0.99764246 0.9975276 0.9967272 0.998178 0.9975561 0.9955807 0.9970665 0.99658656 0.997537 0.99733675 0.99486166 0.99506307 0.99648726 0.9970168 0.9977684 0.9869426 0.9855991 0.9880079
KosticxTadijaP_SRP19030PrvoVeselje-L2_4 0.99188894 0.9930121 0.9942126 0.99460506 0.99549127 0.9881079 0.9855574 0.9813765 0.99560416 0.99705 0.99751437 0.99625856 0.9973638 0.9977908 0.9969223 0.9975688 0.9965439 0.9958855 0.995669 0.9980016 0.9981836 0.99857837 0.9930381 0.9951484 0.9957624 0.9966037 0.9966786 0.9969227 0.99655515 0.99746233 0.99715775 0.9962452 0.9973339 0.99309105 0.9917351 0.9925493 0.9921869 0.99347836 0.99463695 0.995572 0.99644613 0.9970288 0.9941207 0.9967906 0.9917896 0.9934805 0.9967402 0.9975723 0.99743736 0.99778324 0.9966488 0.99562365 0.9948821 0.9925724 0.9904873 0.9938932 0.99197555 0.98583406 0.99090755 0.9947119 0.9939692 0.9927547 0.99373597 0.99229467 0.9865338 0.98797673 0.9942616 0.99232596 0.99340147 0.9934653 0.9935004 0.98882914 0.9898573 0.9948761 0.99324775 0.99602723 0.9905546 0.98942566 0.9932029 0.99491173 0.99036026 0.9929542 0.99272656 0.99495506 0.99326587 0.9945088 0.99577117 0.995377 0.9964573 0.9926781 0.9941926 0.9977722 0.9903586 0.99106413 0.9911263 0.9922653 0.98895687 0.9921631 0.98947906 0.9911297 0.98846936 0.9923712 0.9933531 0.9951088 0.99587625 0.9933474 0.99554825 0.9957902 0.9952995 0.99496645 0.99562174 0.9955059 0.9952036 0.9955664 0.994297 0.9950815 0.9934503 0.9926289 0.99184614 0.99236387 0.99235654 0.9909291 0.9945568 0.9947926 0.99526364 0.993121 0.99633694 0.9927637 0.9894556 0.99241835 0.99418044 0.99324703 0.99597627 0.9959092 0.99412704 0.99496543 0.99324226 0.99314916 0.9943876 0.9913256 0.99325496 0.9892861 0.99153227 0.9942347 0.99439085 0.99569476 0.9909114 0.98921984 0.9920153 0.9927286 0.98716027 0.9852514 0.9843604 0.98031265 0.99576354 0.9962426 0.99725634 0.9953685 0.9944717 0.99326485 0.9955917 0.9934428 0.9949422 0.9931101 0.99462426 0.99654657 0.9957888 0.9969128 0.9943116 0.99618465 0.9960803 0.9961752 0.9964156 0.9967285 0.9959181 0.99620676 0.9963461 0.99730515 0.99696344 0.9978655 0.99875647 0.99938214 1.0000004 0.9963598 0.99509335 0.9935975 0.9962509 0.99645114 0.99662584 0.9959878 0.996857 0.99617577 0.9972124 0.9968505 0.9976745 0.99703264 0.99536645 0.9931252 0.9909809 0.9953009 0.991624 0.99411774 0.99490297 0.9928585 0.9919229 0.9922253 0.9930639 0.994802 0.99014544 0.9872203 0.9891288 0.99501497 0.995153 0.9925323 0.9951243 0.9966395 0.9944458 0.9950954 0.9962305 0.9929112 0.9932996 0.9916091 0.9906486 0.99384683 0.9959444 0.9937482 0.99720585 0.99507505 0.9936796 0.99133795 0.99441135 0.9817698 0.9871948 0.9957531 0.9921524 0.98863757 0.99149936 0.9930141 0.9845163 0.99008155 0.9961944 0.994743 0.9897311 0.99346536 0.9940711 0.9912462 0.9927101 0.9887691 0.99024576 0.98148555 0.99200124 0.9941271 0.99268913 0.98758674 0.98369575 0.98940563 0.9914226 0.9918773 0.9901363 0.98721087 0.9900083 0.9891083 0.98915935 0.9860943 0.98973143 0.99322665 0.9930757 0.9900392 0.9863017 0.9962395 0.99672246 0.9955293 0.99441034 0.99651694 0.9916524 0.9938258 0.98970443 0.99313134 0.99285364 0.9949714 0.99415773 0.989094 0.9877544 0.99496496 0.9928488 0.9886807 0.9844255 0.98878556 0.9899491 0.98842883 0.9899606 0.99198633 0.99157614 0.9945359 0.9881832 0.9910495 0.99118125 0.9932673 0.9921984 0.9898192 0.9887015 0.993935 0.9954957 0.9939 0.99593717 0.99532735 0.9959655 0.9939108 0.9915433 0.9916206 0.99089277 0.99232507 0.99530387 0.9940933 0.991161 0.9945525 0.9910383 0.99390715 0.9946588 0.9943852 0.99647254 0.9960869 0.99635166 0.9963622 0.9968243 0.9959922 0.9958125 0.99645734 0.9966177 0.9967125 0.99665594 0.9898027 0.98990476 0.98839384 0.9962828 0.99612886 0.9946536 0.99519014 0.9979894 0.9979741 0.9974393 0.9983796 0.997662 0.998311 0.9954256 0.99658084 0.9968862 0.9970199 0.9950285 0.9971349 0.99437845 0.9948029 0.99536973 0.99554896 0.9952486 0.9958652 0.99260384 0.992817 0.9929271 0.9936858 0.9940175 0.9922403 0.99511236 0.99348027 0.9934274 0.9914427 0.9881002 0.9894442 0.9909812 0.99188364 0.9923419 0.9937001 0.99590033 0.99669987 0.9951262 0.99603975 0.99573696 0.9964708 0.9966472 0.9950127 0.9957489 0.995307 0.9958577 0.996932 0.9964724 0.9945406 0.9945911 0.995767 0.9946038 0.99468416 0.9958934 0.9969928 0.99595386 0.99520254 0.9966976 0.99663174 0.9959036 0.99659127 0.99725866 0.99627113 0.9920832 0.98903024 0.98933893 0.99105674 0.9925093 0.99148875 0.99140143 0.9928479 0.99221027 0.99643695 0.9944238 0.9936934 0.9937403 0.9953391 0.9919575 0.99120617 0.99174726 0.9945062 0.99416625 0.99478215 0.9948194 0.99586815 0.9905225 0.9911774 0.9935682 0.9855469 0.9845729 0.9845339 0.9965575 0.99356306 0.9935175 0.9954256 0.9956008 0.9921582 0.9927423 0.9929106 0.9945175 0.99644184 0.99067247 0.9919547 0.99306417 0.9939045 0.99308676 0.99472934 0.9926691 0.9915712 0.99404615 0.99488676 0.99543595 0.9943287 0.99581224 0.9934097 0.9936328 0.9953678 0.99068415 0.9958679 0.99496275 0.9923547 0.9932869 0.9919634 0.99048 0.9935798 0.9953395 0.9942369 0.99399114 0.9935654 0.9929674 0.98805964 0.9945733 0.99282813 0.99557894 0.9943732 0.9904664 0.99480265 0.99712324 0.9966712 0.99518204 0.99547577 0.9960469 0.99302244 0.99402916 0.99408436 0.98745227 0.99165934 0.99428886 0.9919849 0.98963165 0.99470764 0.99648035 0.99649495 0.9960916 0.9958624 0.9956637 0.99673724 0.99514544 0.9966686 0.9960645 0.994503 0.99210185 0.99342954 0.9963003 0.99503857 0.9931975 0.9906942 0.98723745 0.9887163 0.9908213 0.9934633 0.99473864 0.993077 0.9911879 0.9935274 0.9933355 0.9888613 0.9881329 0.9890587 0.990783 0.9933924 0.9937694 0.992759 0.99813014 0.99622846 0.9952824 0.9926272 0.9970665 0.9971484 0.9971123 0.9969483 0.99619985 0.99787956 0.9966553 0.9947432 0.9962162 0.9961776 0.9970024 0.9967294 0.99438477 0.99453825 0.9961919 0.99632925 0.9970617 0.98557305 0.9841591 0.986106
LazarevicxLazaK_SRP18980LazaLSvabica-L2_1 0.9911873 0.99295676 0.99361837 0.9952491 0.9952965 0.9873248 0.98477614 0.98133224 0.9942279 0.9940511 0.99522156 0.993518 0.99538815 0.99589664 0.9928364 0.99342763 0.99131775 0.9908636 0.9910438 0.9957722 0.9951888 0.99587655 0.99087745 0.99240404 0.99296904 0.99459285 0.99390614 0.9942176 0.9934392 0.9936033 0.9934324 0.9925462 0.993389 0.9901166 0.9885758 0.9887651 0.9880041 0.9888101 0.99377275 0.9943589 0.9954787 0.9972205 0.9945165 0.9956339 0.99012536 0.9911947 0.9957303 0.9969166 0.99595535 0.99712193 0.99601984 0.9954163 0.99589676 0.99403167 0.9916908 0.99157643 0.9898884 0.98221034 0.98822886 0.9930999 0.99250203 0.9896939 0.9926895 0.99183035 0.98459595 0.9856506 0.99582964 0.9928593 0.99475265 0.99400735 0.99206764 0.98847497 0.9908813 0.99466395 0.9934188 0.9953651 0.98906404 0.9884825 0.9935526 0.9946343 0.9890847 0.99352074 0.9925987 0.99786586 0.9972439 0.9967951 0.99757725 0.99680686 0.99753696 0.99587953 0.9963335 0.9947646 0.9901934 0.9896449 0.989899 0.9926895 0.99023986 0.9935287 0.99011725 0.9921652 0.9877649 0.9907099 0.99207306 0.99561125 0.99733603 0.9949639 0.9976605 0.99791133 0.9965349 0.9971931 0.9970459 0.9980422 0.99753225 0.9971008 0.9959444 0.9978821 0.9926119 0.99254906 0.9908297 0.99163914 0.99205256 0.99075866 0.99267435 0.992859 0.99416727 0.99216914 0.9951678 0.99171406 0.9874475 0.990721 0.99206215 0.9913348 0.9947695 0.99470633 0.99233645 0.9910054 0.99099165 0.99129957 0.99292773 0.99556077 0.99732006 0.99512696 0.99600184 0.9941107 0.9939134 0.9950168 0.9908394 0.98964494 0.9929668 0.992939 0.9842948 0.9837211 0.98293626 0.97875077 0.99428725 0.99426985 0.99476844 0.9961182 0.9956706 0.994687 0.9962346 0.9942899 0.9946314 0.9934856 0.99504274 0.99680233 0.9957967 0.99648297 0.9941673 0.9957251 0.9953359 0.99692065 0.99753684 0.99802595 0.99727553 0.99792504 0.9933126 0.9933835 0.9931439 0.9948875 0.99574757 0.9960807 0.9963598 1.0 0.9960815 0.9951834 0.9943755 0.996088 0.996358 0.99566054 0.9940209 0.9937316 0.99474245 0.99457437 0.9953196 0.994436 0.99283636 0.9930209 0.99239975 0.99621063 0.99430454 0.9964852 0.99641585 0.9948433 0.9936927 0.9946041 0.99486625 0.9966438 0.9922612 0.9887228 0.9914713 0.9967903 0.99364567 0.9908953 0.99405926 0.99573106 0.99334145 0.99442744 0.99571764 0.9908038 0.9918891 0.99035406 0.98914844 0.99259156 0.9932848 0.9914432 0.9975647 0.9932817 0.9925118 0.9901239 0.99345636 0.9783435 0.984673 0.99377275 0.9917981 0.9878114 0.99153996 0.9929838 0.98350155 0.9892155 0.9955942 0.99491864 0.9898232 0.9935484 0.99392706 0.99098897 0.9921775 0.9888064 0.9895979 0.98236847 0.9928192 0.9949531 0.99308634 0.98861307 0.98310924 0.9906105 0.990947 0.9913652 0.9894003 0.9873678 0.9905504 0.99010813 0.9907903 0.9862222 0.9910168 0.9939902 0.9936812 0.9906402 0.9879869 0.9944249 0.995025 0.99485534 0.99383485 0.99676156 0.9915046 0.99309814 0.9894076 0.9924249 0.9947535 0.99558264 0.99551094 0.9887994 0.9869502 0.99482137 0.993492 0.9886544 0.98563856 0.9878054 0.9893537 0.9874041 0.9893258 0.9913673 0.99145794 0.9943391 0.98804677 0.99108106 0.9913113 0.99248296 0.9924302 0.99044955 0.98953503 0.9940372 0.99474216 0.9928292 0.9950985 0.9945173 0.99510247 0.99287224 0.98888725 0.98946404 0.9901337 0.99220747 0.9946386 0.99359155 0.9909601 0.99433565 0.9910433 0.9938983 0.99276924 0.9925113 0.9960999 0.9960211 0.9959346 0.9981967 0.99779195 0.99816394 0.997809 0.9946269 0.9956291 0.99509066 0.9949945 0.99163663 0.99150383 0.9895701 0.9978994 0.99763614 0.9975208 0.99301183 0.9959361 0.99589974 0.9957457 0.9959824 0.9952124 0.9958176 0.99048704 0.9948142 0.99558514 0.9953395 0.9910327 0.9938402 0.9907587 0.990572 0.9913707 0.9921433 0.9914011 0.9918071 0.98807365 0.98837 0.9886534 0.9944685 0.99475706 0.9923126 0.9951633 0.9931646 0.9932634 0.9911403 0.9900709 0.99175185 0.9932845 0.993504 0.994116 0.9944358 0.9940083 0.9949697 0.9935413 0.99389535 0.9948321 0.99525917 0.9941339 0.9937085 0.99336255 0.99269986 0.9935006 0.99519616 0.9949631 0.99281037 0.992164 0.9940726 0.99201953 0.9911819 0.9926985 0.9936465 0.99319535 0.99289465 0.9971744 0.99695003 0.9966815 0.9962191 0.99649966 0.996796 0.99067605 0.9887252 0.98901874 0.98962486 0.9909857 0.990349 0.9900176 0.9909252 0.99053866 0.99517554 0.9934962 0.9933281 0.9939267 0.99640673 0.99248767 0.99171805 0.9927586 0.9956101 0.99500597 0.9958713 0.9950148 0.99622846 0.9907516 0.9917117 0.9940728 0.9869836 0.9867144 0.9856624 0.9978723 0.99512726 0.9950953 0.99538565 0.9955742 0.992673 0.99371815 0.99459255 0.99591386 0.99807924 0.9910143 0.9926326 0.9954456 0.9952144 0.99419 0.9961739 0.99470305 0.99465233 0.9942376 0.9953837 0.99516594 0.99438107 0.9965664 0.99272573 0.9924411 0.99438465 0.99003226 0.9951462 0.9935223 0.9914655 0.99228376 0.9914082 0.99042755 0.99448365 0.9948553 0.99411523 0.9943601 0.99504966 0.9930577 0.9883006 0.99395454 0.99217767 0.996122 0.9959793 0.9905114 0.9945508 0.9960596 0.99621224 0.996004 0.9949605 0.99538904 0.99266636 0.99392116 0.99303347 0.9886005 0.9923716 0.99492663 0.99172556 0.98841166 0.994679 0.99566686 0.99702513 0.9960251 0.99616975 0.9959478 0.99657345 0.9957594 0.99658597 0.9952337 0.99228424 0.98854357 0.9909754 0.99428225 0.99277735 0.9904247 0.987501 0.9878928 0.9894368 0.9919951 0.99490535 0.99729794 0.9955525 0.9931464 0.9950502 0.9950027 0.98881894 0.9888557 0.9895038 0.99194825 0.9948496 0.9943877 0.9949291 0.9966574 0.99491686 0.995131 0.9929737 0.9940637 0.99484986 0.9952565 0.9945925 0.9947934 0.99572915 0.9938447 0.99249834 0.99491256 0.9928522 0.9941991 0.9956853 0.9927608 0.992434 0.9940192 0.99413997 0.9947856 0.98255384 0.9802036 0.9823074
MamuzicxStevan_SRP18961StevanMNejednakaBracacorr20201221-L2_1 0.98726565 0.98915994 0.9902054 0.99192876 0.9919872 0.9844265 0.98152065 0.976267 0.99329215 0.9927897 0.99386346 0.9917204 0.9938085 0.9944826 0.9916213 0.99163884 0.9889467 0.98863137 0.98863614 0.9941021 0.99389523 0.9936152 0.9885947 0.98901296 0.98991895 0.9913892 0.9906608 0.99088335 0.9904585 0.9916198 0.9907501 0.99066925 0.9911399 0.9882077 0.9866931 0.9863324 0.9854096 0.9862562 0.9902369 0.9912114 0.9923517 0.99416995 0.9906172 0.9920817 0.98510164 0.98742837 0.9923284 0.99457914 0.9946456 0.9949651 0.99518263 0.9947417 0.9939591 0.9884083 0.98720866 0.9871092 0.98556453 0.9763481 0.9822523 0.9894955 0.9885114 0.98467815 0.9884895 0.98670095 0.97806317 0.9795403 0.9906559 0.9890416 0.99029446 0.9925409 0.99040186 0.9856768 0.98812336 0.9934643 0.9916141 0.9938899 0.9863815 0.9861804 0.99069566 0.99277264 0.9866182 0.98851144 0.98770803 0.99581116 0.99433607 0.9951419 0.99577105 0.9949073 0.9957518 0.9914685 0.99420226 0.9933572 0.98849154 0.9887801 0.9896643 0.99139 0.98901176 0.9926517 0.98994243 0.9915189 0.98662287 0.9892807 0.9915956 0.99584246 0.99605477 0.9936125 0.9966342 0.99708986 0.9957266 0.99667835 0.9968617 0.9959996 0.9956442 0.9953098 0.9948806 0.99540895 0.99293923 0.99356097 0.9912818 0.9915611 0.9915959 0.99116206 0.9916415 0.9928172 0.9935931 0.9910079 0.99416167 0.99017376 0.98414266 0.98867273 0.9893954 0.98879766 0.9927495 0.993004 0.9905473 0.9884857 0.9863458 0.9870102 0.9890043 0.9906935 0.99333316 0.99029654 0.99178976 0.99274397 0.9946847 0.9951765 0.98878276 0.98722017 0.9904816 0.9917364 0.9796674 0.97961986 0.97864467 0.9741817 0.99334997 0.9931865 0.993403 0.99316484 0.99306613 0.99278784 0.9942124 0.992786 0.99225175 0.9909564 0.9930521 0.99482596 0.9925275 0.9952311 0.9918629 0.9954947 0.9945908 0.99573976 0.9968986 0.99722916 0.99644125 0.99611026 0.9912137 0.99118906 0.9907322 0.9935902 0.9954385 0.9951644 0.99509335 0.9960815 1.0000002 0.9992125 0.9938425 0.9943194 0.99602365 0.9936213 0.9939613 0.9940898 0.9952159 0.99421555 0.99477255 0.9935285 0.9927312 0.98975956 0.9882978 0.9925951 0.988766 0.9921511 0.9919391 0.9885203 0.9886544 0.9913661 0.99094945 0.99415696 0.988411 0.9849166 0.98719394 0.9939331 0.991731 0.98848975 0.99132967 0.99351305 0.9904698 0.99141383 0.99334204 0.98738587 0.9882732 0.9874345 0.9859044 0.989725 0.9918897 0.98877496 0.99593246 0.99119514 0.98980707 0.98737705 0.9904206 0.97404385 0.9799973 0.99407715 0.9907365 0.98682773 0.9910254 0.99116015 0.98346186 0.98756313 0.99531126 0.99571216 0.9919804 0.9942806 0.99482524 0.990177 0.9910621 0.9838172 0.98653305 0.97910434 0.9895867 0.99221164 0.98875576 0.9849193 0.9800829 0.9868235 0.9889472 0.98895925 0.9862478 0.9860311 0.9876778 0.9877594 0.9886415 0.9849778 0.9895798 0.993139 0.99282485 0.9898379 0.9865318 0.9930756 0.9928984 0.99128234 0.98973995 0.9930685 0.9885975 0.99026346 0.98524153 0.98858833 0.990135 0.9923022 0.9915314 0.98486257 0.9828779 0.9920745 0.98904175 0.9840706 0.98068184 0.9842253 0.9860972 0.9836643 0.9847128 0.988981 0.9874617 0.99033093 0.9850191 0.9880118 0.98781013 0.9902213 0.9901704 0.987718 0.98509306 0.9942261 0.9956573 0.99297184 0.99565226 0.9952095 0.9954745 0.9938332 0.987507 0.98733366 0.9887744 0.99317014 0.9946146 0.9925679 0.98896825 0.99252117 0.99027675 0.9920073 0.9906771 0.9907197 0.9940712 0.9934475 0.9943423 0.99443936 0.9936526 0.99399024 0.9933976 0.99295217 0.9947093 0.99366736 0.99318737 0.98488057 0.98500043 0.9826792 0.99642426 0.9968421 0.99603903 0.9904332 0.9934503 0.9936898 0.99305844 0.99323845 0.9919258 0.99285316 0.9864785 0.99145603 0.9924278 0.9925766 0.9869887 0.9905212 0.98664707 0.98702633 0.9881935 0.98855495 0.9886018 0.9886571 0.9839165 0.98414767 0.9849556 0.9921438 0.9921111 0.9894933 0.9917344 0.9902375 0.9904576 0.9877738 0.9881979 0.9902815 0.991822 0.9914675 0.99133927 0.99152637 0.9926625 0.99256676 0.9916046 0.99205077 0.99301577 0.99254215 0.9922236 0.9911244 0.9911704 0.99113816 0.9920701 0.99449223 0.9938467 0.9923083 0.9903489 0.9931371 0.9898695 0.9883999 0.99007946 0.9915789 0.99065113 0.99008703 0.9973829 0.99780667 0.997304 0.9964493 0.99620837 0.9935744 0.98929894 0.9876509 0.98614395 0.98750365 0.9882597 0.9890857 0.9875718 0.988638 0.9880257 0.9932709 0.99109834 0.9915799 0.9911442 0.99504536 0.99098456 0.9897934 0.9914937 0.99386597 0.99228674 0.99345094 0.9930092 0.99380016 0.98757124 0.98848784 0.9913244 0.98155904 0.9823696 0.9820248 0.99632925 0.9934089 0.99255854 0.99408334 0.99339366 0.98975444 0.9910968 0.99184066 0.99230427 0.995512 0.9879191 0.9899767 0.9918943 0.9913596 0.9910756 0.99288803 0.9931655 0.9927392 0.99305975 0.9951238 0.9950071 0.9930128 0.99537396 0.99141884 0.9920357 0.9935 0.98836595 0.9942646 0.9921419 0.9896972 0.9909719 0.9889877 0.9883495 0.9926758 0.9926226 0.9902552 0.99119437 0.99157315 0.9900967 0.98588437 0.9914974 0.99029636 0.9946019 0.9931896 0.9877455 0.9934763 0.99428 0.9949057 0.9928976 0.9925882 0.99366623 0.9906414 0.9914645 0.9906626 0.98615706 0.99038076 0.9920473 0.99019307 0.9861042 0.9944673 0.99571085 0.9972743 0.9962891 0.9962239 0.9956148 0.99653417 0.99495703 0.9963518 0.9901588 0.98695266 0.9828543 0.9852541 0.98967046 0.9869397 0.9846083 0.9808511 0.9851009 0.98712033 0.9896368 0.9923515 0.99505234 0.99317646 0.98992926 0.9918414 0.9922012 0.9867113 0.9857613 0.9874312 0.98935646 0.9928669 0.99343663 0.99301463 0.99665976 0.9947113 0.99505705 0.9933217 0.99428654 0.99483895 0.99518985 0.9950802 0.9949921 0.99556106 0.99288166 0.99160373 0.9947136 0.9918057 0.99398744 0.99570835 0.9925161 0.9921206 0.99349034 0.9941906 0.9939621 0.9791239 0.975786 0.9788726
MamuzicxStevan_SRP18961StevanMNejednakaBracacorr20201221-L2_2 0.9850862 0.9866632 0.987434 0.99006265 0.9899999 0.98155653 0.97813404 0.9732514 0.9912065 0.99031335 0.99178165 0.98915404 0.9922455 0.9932032 0.9891099 0.9891264 0.98626924 0.98546135 0.98564166 0.992349 0.9925804 0.9922891 0.985301 0.9859966 0.987035 0.9891148 0.98805624 0.98883027 0.98807967 0.989696 0.9885008 0.9880366 0.9893363 0.9855054 0.9843613 0.9822578 0.9810726 0.9823774 0.98697317 0.9882304 0.98961 0.9919618 0.9876951 0.9894688 0.98087555 0.983703 0.9895599 0.99215984 0.9923034 0.99334925 0.9935431 0.99359775 0.99297976 0.986723 0.98574734 0.9834957 0.98188376 0.9712634 0.9782842 0.98678267 0.9858598 0.9807446 0.98559093 0.9837499 0.97394085 0.97554296 0.9890947 0.9873042 0.9892217 0.9901814 0.988169 0.98284066 0.98634994 0.9920804 0.9900138 0.9924705 0.98385876 0.9836883 0.9885507 0.9908808 0.98441195 0.9863 0.9849671 0.99433047 0.9928474 0.993527 0.9944881 0.9931832 0.99407756 0.98926014 0.99199396 0.99189 0.9862961 0.98677874 0.9878227 0.98978966 0.9874255 0.99105805 0.9881328 0.9901405 0.9846447 0.98774886 0.99043614 0.995196 0.99562114 0.99164045 0.99610215 0.9965544 0.99451053 0.99591136 0.99607265 0.9952974 0.994757 0.99414074 0.9935525 0.9947093 0.9911884 0.991682 0.98959863 0.98987883 0.98972136 0.9899601 0.98946035 0.9909054 0.9915951 0.9887718 0.9925694 0.9876858 0.9807997 0.986157 0.9868212 0.9861 0.99069595 0.99090576 0.9886999 0.98558456 0.9826553 0.9834702 0.98559487 0.98886865 0.9919977 0.9890801 0.9902551 0.99067605 0.9933477 0.9941482 0.9864834 0.9847088 0.98846817 0.98984164 0.9754986 0.9762848 0.97606826 0.9706631 0.991089 0.99061877 0.99112606 0.9915502 0.9915921 0.9917209 0.99282235 0.99221456 0.99090487 0.989771 0.99197215 0.99391526 0.9906653 0.9937834 0.9902159 0.99444973 0.9933798 0.99504274 0.9961442 0.99628335 0.99562365 0.9950348 0.9895933 0.989643 0.98908937 0.99142146 0.99383366 0.9936159 0.9935975 0.9951834 0.9992125 1.0000002 0.991325 0.9924286 0.9946082 0.99168456 0.99187136 0.99243 0.99373424 0.9923868 0.99310356 0.9915242 0.99050176 0.98713267 0.98603034 0.99087936 0.987128 0.99100274 0.99029845 0.9867061 0.98618996 0.9899788 0.9893521 0.99344134 0.9868494 0.98308086 0.98554754 0.9928377 0.98923165 0.9855371 0.98900783 0.9914415 0.98810536 0.9889585 0.99148715 0.98457724 0.98534703 0.9853083 0.98370105 0.9876076 0.9894073 0.98591626 0.9946161 0.9886669 0.98738444 0.9847487 0.987835 0.9692833 0.9759044 0.9917224 0.9877442 0.98352814 0.9881232 0.98934096 0.98010314 0.98455024 0.9933064 0.99471736 0.9919605 0.9933674 0.9937814 0.9875817 0.9886374 0.98044324 0.98367393 0.97642875 0.9871273 0.98998743 0.9858665 0.982205 0.9769517 0.98430383 0.9864645 0.9859575 0.98346007 0.98346615 0.98526835 0.9854394 0.9869442 0.98274875 0.9875578 0.99179393 0.99142116 0.9881692 0.98491865 0.9914032 0.991569 0.9892904 0.9876142 0.9913496 0.9867543 0.9884399 0.9819859 0.98560655 0.98727804 0.98965883 0.9888326 0.98188555 0.9797347 0.98979306 0.9861651 0.9813766 0.97863436 0.9812244 0.98364526 0.98151875 0.9812073 0.9864798 0.98466444 0.98785037 0.9822036 0.9855526 0.985731 0.9878198 0.98797345 0.98592013 0.9833032 0.993124 0.9956834 0.9919831 0.9951495 0.9946235 0.9951937 0.9934702 0.98448235 0.9843377 0.98618424 0.9910254 0.9927913 0.9903656 0.9865502 0.9905197 0.9881868 0.9902639 0.98798144 0.987672 0.99226695 0.9913858 0.9927305 0.9924069 0.99136424 0.99221045 0.99142694 0.9908691 0.9934541 0.9919852 0.9913202 0.9814538 0.9815525 0.9790348 0.9953935 0.99632096 0.9955266 0.9878746 0.9916709 0.9918029 0.991222 0.9912255 0.9894767 0.9909072 0.98323566 0.98868454 0.98984617 0.9899875 0.98324555 0.98779374 0.9830844 0.98344845 0.9847206 0.98533547 0.98563975 0.9858438 0.9800424 0.98050994 0.9812404 0.99145645 0.98967814 0.9867412 0.98898095 0.98771757 0.9879377 0.9844058 0.98592395 0.9884684 0.9899119 0.98945856 0.98907596 0.9887737 0.99041414 0.9910331 0.9890703 0.9896488 0.99094 0.9906034 0.9896943 0.98968816 0.98837775 0.9898805 0.99059963 0.9925157 0.99249387 0.9911153 0.98891354 0.99172616 0.9867978 0.9857867 0.9869588 0.9893151 0.98792577 0.9872963 0.9965802 0.9975184 0.9971673 0.9961705 0.9945322 0.99091846 0.9855503 0.98426324 0.98241764 0.98385626 0.9847197 0.9857123 0.98354346 0.98488575 0.98433614 0.9916146 0.9900936 0.9906668 0.9893447 0.99455 0.9900729 0.9890845 0.99127376 0.9930102 0.9906061 0.99222565 0.99115014 0.9923023 0.98520565 0.98647606 0.9898834 0.9789749 0.98042995 0.9799877 0.99549645 0.9924578 0.99128115 0.99279684 0.99184835 0.9878251 0.9891459 0.9903043 0.9902535 0.99441284 0.9854467 0.9880414 0.99013865 0.98998266 0.98961955 0.9914093 0.9914311 0.9915103 0.99116373 0.99326503 0.9931377 0.9908169 0.9938961 0.9893382 0.99036926 0.9918161 0.98608136 0.99269825 0.990559 0.9877857 0.9893011 0.9869057 0.98605436 0.99133295 0.99102235 0.9877581 0.98881304 0.98970133 0.9878005 0.9835722 0.98921895 0.98823136 0.9926734 0.9917357 0.98519546 0.9918667 0.9920778 0.9933953 0.991614 0.9906202 0.9916512 0.98808575 0.98912174 0.9881141 0.98399687 0.9887474 0.98957944 0.9885896 0.9836359 0.99240464 0.99432844 0.99657696 0.99520755 0.99483097 0.9945672 0.9951672 0.99327457 0.9947063 0.9877454 0.983998 0.97977084 0.98232824 0.9876817 0.984742 0.98178864 0.97748876 0.98271745 0.98439986 0.9871498 0.9902115 0.993457 0.99136555 0.9876223 0.989789 0.9900277 0.98423463 0.98311096 0.9849167 0.9872274 0.99121934 0.9916606 0.9916494 0.9955888 0.99462163 0.9948755 0.9941488 0.9928494 0.9937556 0.99432755 0.9941002 0.9943737 0.9939564 0.99131656 0.99026555 0.99371994 0.99026287 0.99278545 0.9951322 0.9921756 0.9918983 0.9930764 0.9936311 0.9924942 0.97551686 0.9718736 0.9754246
MarkovicxAdamovPavle_SRP18881PavleMADuhVremena-L2_1 0.9930521 0.99583924 0.99597055 0.9935424 0.9944892 0.99369806 0.9914529 0.98741955 0.9961592 0.99642074 0.997062 0.9973594 0.99583614 0.9961325 0.99785835 0.99675244 0.99636924 0.99679214 0.9974967 0.99700594 0.9952161 0.9959758 0.99417853 0.99438155 0.9943158 0.99338734 0.99457574 0.99233633 0.99527675 0.9947742 0.99445546 0.99527127 0.99499464 0.99255973 0.99039054 0.9959421 0.99518627 0.9944198 0.997011 0.99679285 0.9970927 0.9964494 0.9966279 0.99581254 0.994692 0.99605215 0.9969374 0.9973503 0.99772143 0.9972543 0.9977631 0.99673414 0.99565756 0.99405074 0.9925271 0.9959547 0.9953275 0.9902147 0.9929389 0.9965601 0.99587953 0.99444497 0.99673414 0.9956767 0.99200326 0.99291193 0.9957269 0.9950588 0.99540216 0.9966465 0.9962221 0.9935568 0.99504656 0.9971477 0.99663067 0.99740285 0.9954933 0.99493265 0.99699163 0.996916 0.9952123 0.9946602 0.9954822 0.9952301 0.99285805 0.9959586 0.99554694 0.9961697 0.99692214 0.99448824 0.99649 0.9962232 0.995468 0.9947723 0.9953371 0.99571216 0.9931478 0.995495 0.9941009 0.99460995 0.9936075 0.9953296 0.99536175 0.9962133 0.9949117 0.9961804 0.9944783 0.99522245 0.996889 0.9958638 0.9962001 0.9954147 0.9959182 0.9967868 0.9963162 0.994779 0.99723506 0.9963595 0.9951406 0.995419 0.9961121 0.99442 0.9972103 0.9969036 0.9972264 0.9962969 0.99730766 0.99589133 0.99532634 0.9964697 0.99651086 0.99667394 0.9976484 0.9975532 0.9967779 0.99511373 0.99570984 0.99621475 0.99675244 0.9914555 0.9916565 0.9874391 0.9905205 0.99642617 0.9959977 0.99641347 0.99553734 0.9949126 0.9958573 0.99657404 0.99354875 0.991796 0.9900824 0.9878367 0.9979297 0.99778324 0.9973159 0.9953886 0.99490076 0.9946418 0.99569714 0.994217 0.99427724 0.9941765 0.99519765 0.9951141 0.99578583 0.99817294 0.9966877 0.9978889 0.9972871 0.9948007 0.9966199 0.9959614 0.99428797 0.99508303 0.9973328 0.99584466 0.9949451 0.99842453 0.9974005 0.9966411 0.9962509 0.9943755 0.9938425 0.991325 0.99999964 0.99900836 0.998394 0.99804544 0.99753195 0.9973565 0.99589956 0.9977065 0.997122 0.9979015 0.99798536 0.9967504 0.99464446 0.99636114 0.99323875 0.99514455 0.9959688 0.9935518 0.9954661 0.99295306 0.992608 0.9940931 0.99106 0.9883782 0.98959 0.9944243 0.99696857 0.99574935 0.9973634 0.9962281 0.9963486 0.9958541 0.99679995 0.9961049 0.996251 0.9932879 0.992458 0.9948477 0.99726224 0.9960538 0.99667853 0.9975019 0.99644643 0.99557257 0.9961838 0.9866917 0.9900339 0.9974849 0.9961531 0.9935394 0.9951029 0.9943422 0.9910957 0.9929245 0.99702084 0.9922594 0.98546094 0.9907882 0.99245644 0.9938061 0.9950424 0.9939029 0.99402386 0.9875147 0.99466205 0.99530536 0.9952231 0.9925947 0.99068856 0.99445486 0.9957096 0.995697 0.99470335 0.99137986 0.9937992 0.99354386 0.9933297 0.99198663 0.9945409 0.9960901 0.99562657 0.9938189 0.9908408 0.9976574 0.9972165 0.99722284 0.99681246 0.99714583 0.99568003 0.9968396 0.9944484 0.9957546 0.9936779 0.9966633 0.9961418 0.99385357 0.99311095 0.99639 0.9947213 0.99220586 0.98948306 0.99354756 0.99399954 0.99146074 0.9943169 0.9957605 0.9951975 0.9963023 0.9939325 0.99521947 0.99439746 0.99663407 0.9959788 0.99423826 0.9930697 0.99464834 0.99370015 0.9940837 0.9938589 0.9935157 0.9939393 0.9934696 0.9954597 0.9950845 0.99588597 0.9969621 0.99793583 0.9977024 0.99660885 0.99806786 0.99589294 0.99736303 0.99759626 0.99814904 0.9982677 0.9981431 0.99815804 0.9967094 0.9955664 0.99399555 0.9948629 0.9972074 0.99721825 0.99727565 0.9975403 0.9914786 0.9902333 0.9888214 0.9949893 0.99332184 0.99199647 0.9973148 0.9973002 0.997535 0.997243 0.9968799 0.99740326 0.996048 0.99231994 0.9977592 0.9966941 0.9971316 0.9952495 0.99542785 0.9936068 0.99291885 0.9963104 0.996172 0.99683124 0.99573445 0.9944541 0.99414676 0.99392974 0.990186 0.9963318 0.99570495 0.9967778 0.99571025 0.99607754 0.99516565 0.9927634 0.99254847 0.9941431 0.995364 0.99551046 0.99632883 0.99841416 0.9961483 0.9982865 0.9984084 0.9980094 0.9968059 0.99708956 0.99369675 0.9981315 0.99346834 0.9943747 0.9980919 0.9949564 0.99194133 0.9926026 0.9944539 0.9974936 0.9937129 0.99771225 0.9958371 0.99726963 0.99739933 0.9956279 0.99529874 0.9946778 0.9949707 0.9973846 0.9946843 0.9952344 0.9943837 0.9940864 0.9953706 0.9951944 0.9957104 0.995091 0.9956698 0.995348 0.99685764 0.99468255 0.9935993 0.9958068 0.9957416 0.99461216 0.9937051 0.9926476 0.9957815 0.9965612 0.9968849 0.99782866 0.99741554 0.9949547 0.9956479 0.99569535 0.99090415 0.98982847 0.9901447 0.9960972 0.9955876 0.995911 0.99707407 0.99693805 0.99596393 0.9964229 0.9963271 0.9963965 0.9955702 0.9946796 0.99399287 0.99497324 0.9957419 0.99488443 0.9953458 0.9949086 0.9932678 0.9948802 0.9942931 0.99572015 0.9951503 0.99533063 0.99503213 0.9936882 0.9949092 0.99329275 0.9975466 0.99659324 0.9952972 0.9964825 0.99579704 0.9948117 0.9952249 0.9966006 0.9966151 0.9967512 0.9960034 0.9961893 0.992881 0.99614835 0.9960768 0.99663585 0.9953182 0.9946933 0.9967631 0.99836844 0.99754214 0.9955733 0.9969861 0.9974956 0.997183 0.99643517 0.99666816 0.992965 0.9945841 0.99627936 0.9952097 0.9945979 0.9970841 0.9968929 0.99552107 0.9967386 0.996971 0.9958544 0.9969554 0.9959289 0.9970173 0.9945914 0.9936288 0.99046445 0.9923222 0.9934573 0.99255925 0.9916711 0.9895702 0.99194396 0.99303794 0.9943492 0.99583316 0.9956057 0.99559987 0.994565 0.9954002 0.99517775 0.9935932 0.9927057 0.99321514 0.993702 0.9949016 0.9955736 0.9938159 0.9961547 0.9924386 0.9907719 0.9869936 0.99403185 0.99506617 0.9941961 0.9945414 0.9925454 0.9959148 0.9937383 0.9907778 0.99336576 0.9922182 0.9929714 0.99320745 0.98932076 0.9891017 0.99114084 0.99211454 0.9944876 0.99289125 0.99037254 0.9921911
MarkovicxAdamovPavle_SRP18881PavleMADuhVremena-L2_2 0.99361956 0.9958144 0.99658597 0.9953098 0.9955872 0.9932953 0.9913009 0.9881496 0.99568725 0.996056 0.99698466 0.9965949 0.99639463 0.99657214 0.9970629 0.9967401 0.996074 0.9963368 0.99646044 0.99682814 0.9953342 0.99642396 0.9927038 0.9935813 0.9936547 0.9936517 0.9942948 0.99305886 0.9951325 0.99507964 0.99498194 0.9945098 0.9952928 0.9925866 0.9909631 0.99431217 0.9934917 0.9933985 0.99615115 0.99670404 0.9969959 0.99678534 0.9965985 0.9965687 0.9938411 0.99493814 0.99699783 0.99744016 0.99731994 0.9977789 0.99751335 0.996616 0.99664056 0.9952162 0.9937014 0.99583805 0.99515164 0.9892953 0.99311465 0.99655527 0.99608356 0.9942707 0.99570864 0.9949281 0.9907477 0.9916755 0.9962248 0.99437255 0.995981 0.9964903 0.99560803 0.9923202 0.9953534 0.99734867 0.9965662 0.99775004 0.9941342 0.99373364 0.9972825 0.99660224 0.99460286 0.99605614 0.9964302 0.9965853 0.99499923 0.99730575 0.9972598 0.9977153 0.9979496 0.99619937 0.9974333 0.9967237 0.9956527 0.99427533 0.99463546 0.9963938 0.9939232 0.99638206 0.9940977 0.99539334 0.99320817 0.9951774 0.99535143 0.99660313 0.9962904 0.99616235 0.9959347 0.99623007 0.99703723 0.9966091 0.99675715 0.99694765 0.99730974 0.9978295 0.9974648 0.9965979 0.99614114 0.9953605 0.9938441 0.9946086 0.9950869 0.9935952 0.9964224 0.99594563 0.9969828 0.99559885 0.99770653 0.9948919 0.9940097 0.9955849 0.9960447 0.99591273 0.99765116 0.9975179 0.9962038 0.9953576 0.9958194 0.9964589 0.9968662 0.99370086 0.99391615 0.99051505 0.9928505 0.9957844 0.9947448 0.9958485 0.9955169 0.9943411 0.996137 0.9964054 0.99209946 0.9905789 0.989544 0.9868228 0.9974349 0.9972438 0.99702185 0.99690473 0.9968363 0.99574566 0.99686074 0.99510163 0.9955227 0.9951111 0.9960923 0.99633765 0.996694 0.9984302 0.99740773 0.99836135 0.9980706 0.99628544 0.9973027 0.99725044 0.9959509 0.9968466 0.99721277 0.9962201 0.9953317 0.99763 0.9969593 0.99670106 0.99645114 0.996088 0.9943194 0.9924286 0.99900836 1.0000001 0.99909973 0.99894667 0.9971116 0.99646854 0.9960364 0.99726737 0.9973398 0.99732935 0.9967952 0.9962524 0.9949461 0.9970287 0.9949938 0.99676526 0.99729145 0.99557734 0.99608916 0.99453825 0.99459827 0.9956233 0.9928427 0.98982775 0.991667 0.99635756 0.99650985 0.9944869 0.9969853 0.9965574 0.9959343 0.99610066 0.99700904 0.99543065 0.99603885 0.9941926 0.9933078 0.99552184 0.9973662 0.99613124 0.9975983 0.9972562 0.996787 0.99509126 0.9964125 0.9838426 0.988553 0.9970438 0.9959382 0.9924418 0.99447674 0.99546504 0.9889833 0.99286133 0.99682957 0.9930316 0.9861844 0.9910762 0.9925525 0.993489 0.9945763 0.9933206 0.9928374 0.9861553 0.99532557 0.99587893 0.99580324 0.99245507 0.9888346 0.9939492 0.9944133 0.99529237 0.99370563 0.98998296 0.9927857 0.9927781 0.9934246 0.9906575 0.9943422 0.9960384 0.99557537 0.99359 0.99098885 0.9979982 0.99753404 0.9975317 0.9965586 0.9979601 0.99555016 0.99651235 0.9933375 0.9946611 0.9937057 0.99626946 0.99626076 0.9927072 0.991495 0.9961462 0.9946313 0.99164987 0.9890447 0.9918599 0.99260205 0.9905258 0.99288565 0.9946432 0.9944216 0.99596417 0.9933632 0.9954049 0.9953007 0.9963754 0.99586797 0.99449986 0.99370354 0.9945503 0.994151 0.9937109 0.9943932 0.9940202 0.9945715 0.9937246 0.9940917 0.9946228 0.9955214 0.9958191 0.9973058 0.99716496 0.9960901 0.9977036 0.9950541 0.99738777 0.9964283 0.9970801 0.99841917 0.99809825 0.998404 0.99740905 0.9966283 0.99564916 0.9962944 0.99706095 0.99707025 0.99707836 0.9970372 0.99296767 0.9920074 0.99056685 0.99673474 0.99508977 0.99426246 0.9966082 0.9973108 0.9976816 0.9976462 0.99732834 0.997447 0.9968531 0.9925916 0.99761164 0.9976093 0.997678 0.9949639 0.99607795 0.99421674 0.9934677 0.9954059 0.99620336 0.9964756 0.9960561 0.9938935 0.99419737 0.9937468 0.99273443 0.9960067 0.9947596 0.9966076 0.995229 0.9956238 0.99442 0.9927031 0.99296194 0.99430734 0.9954922 0.99594617 0.9964876 0.9982079 0.9969617 0.9976354 0.99778265 0.9976725 0.9974408 0.99703956 0.9949168 0.99776083 0.9944868 0.9950683 0.9978898 0.9958833 0.9929569 0.99357885 0.99529207 0.99641716 0.99421185 0.99722636 0.99617475 0.9968229 0.9972495 0.996875 0.99602747 0.9958142 0.99593616 0.99775535 0.99539906 0.9943122 0.9929636 0.99278027 0.9937535 0.9945379 0.9942694 0.99386096 0.99494934 0.9945488 0.9967902 0.9956979 0.9946739 0.9963716 0.9966883 0.99525857 0.9941756 0.99393505 0.9969715 0.9971171 0.9978384 0.9979506 0.997915 0.995175 0.995513 0.996356 0.99126136 0.9900412 0.9901613 0.99759823 0.99652356 0.9969315 0.99768054 0.997487 0.9961499 0.99678653 0.9970662 0.9967333 0.9968973 0.9935258 0.99317205 0.99510765 0.9961468 0.99515015 0.99612457 0.99515873 0.9941957 0.9941957 0.99399394 0.995 0.99462384 0.99546444 0.99410427 0.9925614 0.9940771 0.9918185 0.99746215 0.9966166 0.99474794 0.99623203 0.9953171 0.9938163 0.9949422 0.99690896 0.9969273 0.99680066 0.9964078 0.99595827 0.9923942 0.99587286 0.9953572 0.9967433 0.99612874 0.99437183 0.99683845 0.99815935 0.99763167 0.9964273 0.9970863 0.99755925 0.99669397 0.9966399 0.9966229 0.99304354 0.9954931 0.99683076 0.99539393 0.99365896 0.9969262 0.9972241 0.9963875 0.997232 0.9974803 0.99669385 0.9975283 0.99652064 0.9976542 0.99502397 0.99347615 0.99063694 0.9923201 0.9941355 0.9932947 0.9919456 0.9899371 0.99106073 0.99212015 0.9938356 0.9958551 0.9963501 0.99574816 0.9942519 0.9957971 0.99555796 0.99197674 0.99164677 0.99190956 0.99329114 0.994912 0.99509656 0.9940429 0.99662954 0.99403876 0.99238485 0.98917466 0.99430394 0.9955297 0.99514294 0.99507487 0.99396634 0.996756 0.99459285 0.9922157 0.9944479 0.99360836 0.9940163 0.99468046 0.9916953 0.99111 0.9930036 0.99353033 0.9954312 0.99169326 0.9896048 0.99135894
MarkovicxAdamovPavle_SRP18881PavleMADuhVremena-L2_3 0.99140435 0.9947379 0.9950919 0.9939177 0.9942115 0.9921058 0.9898744 0.9863663 0.9964691 0.9957473 0.9968321 0.99654025 0.99689925 0.99705243 0.99657273 0.9954692 0.9946077 0.99474096 0.99529624 0.9968407 0.99534327 0.99615484 0.99236655 0.99255514 0.992788 0.9927813 0.99316806 0.99186975 0.99432063 0.9945707 0.99400073 0.994134 0.9946817 0.99013305 0.9884137 0.9923689 0.991275 0.9910009 0.9950701 0.99589586 0.9960461 0.99615526 0.9952558 0.99493515 0.9913732 0.99330765 0.9958274 0.99696946 0.9973219 0.997416 0.9982828 0.9975533 0.997163 0.9944562 0.9936906 0.99373245 0.99297917 0.9854506 0.99000573 0.9951241 0.9945379 0.99151564 0.9942541 0.9930818 0.9879795 0.9890385 0.99564004 0.99437267 0.99583125 0.9970278 0.99559367 0.9924927 0.9951348 0.9979498 0.9969321 0.9981069 0.993879 0.9936473 0.997013 0.997203 0.99457484 0.99432015 0.99464154 0.9968868 0.9946265 0.99750346 0.9973268 0.99783313 0.99801725 0.99550396 0.99736243 0.9958267 0.9950037 0.9943371 0.9950472 0.99658716 0.9940366 0.99669266 0.9946198 0.9954966 0.99289566 0.9948766 0.99570405 0.9977793 0.99690354 0.9963459 0.9963556 0.99705017 0.9978976 0.99777293 0.9981251 0.99757344 0.99756056 0.99775124 0.99778056 0.9964352 0.99695224 0.9968067 0.9954376 0.9959743 0.99618655 0.9951596 0.9966761 0.99680156 0.9975047 0.99617255 0.99792445 0.99531037 0.9928249 0.99532145 0.9955678 0.9954446 0.99754125 0.99751437 0.9963833 0.9928826 0.9930601 0.9940429 0.9945802 0.99340963 0.99406165 0.99066424 0.9929981 0.9960789 0.99619377 0.99712527 0.9956303 0.99419844 0.99628544 0.9970749 0.9896977 0.9896181 0.98870975 0.98544383 0.9972121 0.9966652 0.99643826 0.995587 0.99574375 0.9956764 0.99624884 0.9950902 0.9946976 0.9945266 0.995707 0.995785 0.9952468 0.9979776 0.99640393 0.9984728 0.9977542 0.99610555 0.9977404 0.99733543 0.9958778 0.9963059 0.9962641 0.99511504 0.9938549 0.997467 0.9974006 0.99651587 0.99662584 0.996358 0.99602365 0.9946082 0.998394 0.99909973 0.99999976 0.9982163 0.99642676 0.997057 0.99609685 0.99725306 0.99691635 0.99747497 0.99729484 0.9961429 0.99474466 0.9969949 0.9944674 0.9966379 0.9969243 0.99468774 0.995208 0.9949643 0.99463934 0.99659 0.9932179 0.9901562 0.99182445 0.9965586 0.9956434 0.993412 0.9960085 0.9956079 0.9949536 0.99474186 0.9961716 0.99376726 0.9943629 0.99240834 0.9913537 0.9940679 0.9965419 0.9947642 0.9979388 0.9963344 0.99588513 0.9941068 0.99513334 0.9824433 0.9875916 0.99738216 0.9955148 0.9923785 0.9947621 0.99559444 0.98941284 0.99277085 0.997313 0.99399906 0.98817784 0.9924945 0.9939557 0.9939957 0.9948802 0.9915465 0.99283195 0.98666656 0.99495584 0.9958362 0.99478614 0.99210584 0.9883944 0.99378073 0.9944311 0.9946476 0.99327195 0.9909324 0.99333644 0.9933126 0.99394757 0.99128246 0.99490446 0.9972091 0.99659926 0.9945028 0.99185187 0.9977511 0.99772733 0.99681276 0.9962088 0.9978378 0.9957416 0.99644727 0.9923215 0.9939237 0.99298537 0.99580956 0.9954243 0.9920373 0.9908313 0.9957111 0.9934976 0.99110097 0.98892266 0.99158853 0.99264085 0.99098426 0.9914917 0.9945452 0.9937278 0.9954227 0.9930678 0.9951434 0.9951829 0.9965373 0.99600875 0.9948835 0.99351835 0.996189 0.996121 0.9952359 0.99603665 0.9956373 0.99623275 0.9953626 0.9929873 0.9929166 0.994926 0.9967593 0.9977155 0.9971663 0.99554443 0.99732697 0.9954996 0.9974312 0.9963896 0.99657965 0.9980218 0.99762666 0.998353 0.9970489 0.9956838 0.9952875 0.9956734 0.99665165 0.9973017 0.9970628 0.9968664 0.9902532 0.9890118 0.98719484 0.99743825 0.99621797 0.99542534 0.99646467 0.9974763 0.9977603 0.9976682 0.9966434 0.9964037 0.99570334 0.9903182 0.9968921 0.99699354 0.9972347 0.9933783 0.9948505 0.992115 0.9913406 0.9941192 0.99469453 0.9953818 0.99463147 0.99195117 0.99195963 0.9915441 0.99203205 0.99647343 0.9948728 0.99614924 0.995473 0.9958098 0.9941465 0.9936151 0.99437785 0.9955121 0.9960478 0.9958614 0.9959238 0.99732196 0.9955524 0.9965644 0.996869 0.9968753 0.9958724 0.9955064 0.9930209 0.9961353 0.9929869 0.9937303 0.9973684 0.9949545 0.99212456 0.9919955 0.9943686 0.99540365 0.99161273 0.9954105 0.99432033 0.99547905 0.99561703 0.99694765 0.99731874 0.99699664 0.99643964 0.99725395 0.994357 0.99373543 0.9928987 0.9921456 0.99340004 0.9938627 0.99414784 0.9932018 0.99377865 0.99365115 0.9969887 0.9956395 0.99504155 0.9959786 0.99733233 0.99572927 0.9949159 0.99486375 0.9973343 0.99697596 0.9979178 0.9978745 0.9980848 0.9950646 0.9953719 0.99700445 0.9905094 0.9899561 0.9901745 0.9977929 0.996914 0.99690235 0.9979769 0.9971552 0.9957475 0.9967506 0.9972183 0.9965345 0.997137 0.9934718 0.99440145 0.99574023 0.99607337 0.9955493 0.9961577 0.9963783 0.9956223 0.9953863 0.99539536 0.99643564 0.99571824 0.99683225 0.99532354 0.9946338 0.9957475 0.9931108 0.99756944 0.9968535 0.9950143 0.9965551 0.99509674 0.9940648 0.9959657 0.99668443 0.9961874 0.99663246 0.9965145 0.9957999 0.9928684 0.9963721 0.9959564 0.99742496 0.99649143 0.9943499 0.99722636 0.9978092 0.9983738 0.9969478 0.99710965 0.99737114 0.9961418 0.99651873 0.99604875 0.9927513 0.9955161 0.9961399 0.9958209 0.9935054 0.99745405 0.9978144 0.99704236 0.9982546 0.99815094 0.99723285 0.99845433 0.99700564 0.9980181 0.99341124 0.9912746 0.9875157 0.9897827 0.9921328 0.990951 0.9891189 0.98637116 0.9915267 0.9924823 0.99421895 0.99619967 0.9967851 0.99634343 0.99450654 0.9956697 0.99580973 0.9924872 0.9919973 0.9925362 0.9941211 0.99591964 0.99611694 0.99529237 0.9973994 0.994207 0.9929368 0.99030954 0.99390334 0.99529713 0.9950589 0.9951843 0.9939328 0.9963289 0.99350095 0.99103284 0.9942595 0.992406 0.9935411 0.9947614 0.99107796 0.9907203 0.99271 0.993317 0.99461246 0.98897743 0.9860166 0.9883711
MarkovicxAdamovPavle_SRP18881PavleMADuhVremena-L2_4 0.9953209 0.9964998 0.99736285 0.9958847 0.99581766 0.9941977 0.9925916 0.9904957 0.99478287 0.9951736 0.996325 0.9960823 0.995461 0.9955644 0.99627167 0.99574775 0.99552405 0.99606895 0.99590856 0.9958238 0.99420553 0.9956542 0.9927608 0.99317086 0.9937721 0.99374115 0.9942377 0.99254334 0.994238 0.99384135 0.9941177 0.9934865 0.99403816 0.99130696 0.98979753 0.9937791 0.9933764 0.99304503 0.9958823 0.9961388 0.9963008 0.9962365 0.996585 0.996364 0.9940371 0.99495023 0.9963243 0.99720496 0.99666196 0.99784154 0.99729174 0.9968763 0.9972428 0.99687576 0.99504644 0.9962023 0.995876 0.9902075 0.99386823 0.9964622 0.99655545 0.99442244 0.9961083 0.9957521 0.9914775 0.99255747 0.9965877 0.99496865 0.9961014 0.99599004 0.99547225 0.99277997 0.99498606 0.99635154 0.99612767 0.9968984 0.99331194 0.99350715 0.9972845 0.9958678 0.9937635 0.99636227 0.9965989 0.9966933 0.99493426 0.99707997 0.9968502 0.997666 0.99732625 0.9971639 0.99769014 0.9962461 0.99517405 0.9939689 0.9943386 0.99627733 0.99457127 0.99620545 0.9943222 0.99579495 0.9932471 0.99501956 0.9948758 0.99546957 0.9953557 0.9961618 0.99608517 0.99614626 0.9963212 0.9963746 0.99608076 0.9966785 0.99732524 0.9975437 0.9971204 0.9967467 0.99561036 0.99421144 0.9930675 0.993971 0.99449986 0.9932216 0.995438 0.994534 0.9957882 0.99494845 0.9969203 0.9942371 0.9939345 0.9950841 0.99552214 0.99527925 0.9968323 0.9969425 0.9959218 0.9948696 0.99581987 0.9966634 0.9968567 0.9951774 0.9949425 0.9921778 0.9939834 0.9963601 0.99425405 0.99482435 0.99594086 0.9945539 0.996741 0.99608517 0.9926363 0.99096376 0.99009466 0.98760045 0.9964119 0.9960434 0.99624074 0.9969424 0.9968893 0.99577117 0.9975052 0.99465966 0.99596214 0.99486995 0.9960307 0.9965877 0.99699 0.99759436 0.99759054 0.99749357 0.9975979 0.995821 0.9961078 0.99669117 0.9953135 0.9963164 0.99655193 0.9954376 0.9945673 0.997277 0.9962876 0.9960338 0.9959878 0.99566054 0.9936213 0.99168456 0.99804544 0.99894667 0.9982163 0.99999964 0.9963399 0.9948452 0.9948487 0.9962778 0.99642456 0.9960736 0.9954424 0.9962009 0.9959375 0.9977462 0.9964736 0.99651736 0.99746513 0.99618703 0.99697804 0.9959426 0.99631506 0.99601084 0.99502015 0.99299335 0.99452883 0.99707067 0.9957171 0.99377453 0.9964665 0.99609077 0.99541146 0.9962768 0.99620664 0.9951203 0.9961092 0.99450266 0.9936749 0.99562365 0.9972171 0.9961531 0.9978491 0.99700725 0.9970867 0.995327 0.996703 0.98476446 0.98949724 0.99675953 0.9965036 0.9934826 0.9952866 0.9969266 0.98973906 0.9951046 0.99698395 0.99311 0.9856 0.9913985 0.9929331 0.99494904 0.9954903 0.99457884 0.99323493 0.9876783 0.99662995 0.9971451 0.9968483 0.9942375 0.9893167 0.9944079 0.994618 0.9966963 0.9942978 0.9900615 0.99297845 0.9933857 0.99346685 0.9906958 0.9946276 0.9956766 0.9956447 0.9937447 0.99175304 0.99778074 0.997003 0.9976305 0.9958647 0.9977444 0.99530804 0.9961601 0.99426436 0.99499655 0.99407405 0.9962039 0.99645966 0.9938672 0.99234694 0.9964446 0.99600387 0.99283415 0.99021953 0.9926067 0.9932068 0.99040747 0.9938213 0.99507827 0.99530256 0.9969139 0.994046 0.99612427 0.99630046 0.9962256 0.9967577 0.9952649 0.9942625 0.9938674 0.9924844 0.9924114 0.99300873 0.9926541 0.9928991 0.99214816 0.99440384 0.9949979 0.99620205 0.9944354 0.99568313 0.996079 0.99552417 0.99667704 0.9953984 0.99670696 0.9959714 0.99668354 0.99832094 0.99818367 0.99839103 0.9971892 0.9965998 0.9958467 0.99691683 0.9965185 0.99644524 0.9962138 0.9961546 0.9942668 0.9929603 0.9924164 0.9970446 0.9945997 0.99422747 0.9961138 0.9969642 0.99686015 0.99738115 0.99732953 0.9976329 0.99676526 0.99265116 0.99734294 0.9977074 0.99746764 0.9947388 0.995922 0.9946532 0.99393207 0.9952947 0.9964061 0.99649864 0.9963817 0.99449307 0.9946429 0.994572 0.9923664 0.99491274 0.9939539 0.99527895 0.99403715 0.9946523 0.9942706 0.9925816 0.993513 0.9939238 0.995543 0.9965657 0.9967643 0.99796057 0.9965449 0.99690247 0.9973836 0.9969861 0.9968618 0.99649847 0.994132 0.9973627 0.9940343 0.9945199 0.99742424 0.9960199 0.99216574 0.9933958 0.99455744 0.9962838 0.99363005 0.9967791 0.9956508 0.99692667 0.9975327 0.99572116 0.9945286 0.99411964 0.9942565 0.99642754 0.9954779 0.9943749 0.99350256 0.99284846 0.9933042 0.9945513 0.9937884 0.99378055 0.99514556 0.9946718 0.9964582 0.9956415 0.99523985 0.99648243 0.99568355 0.9950118 0.9939196 0.99379766 0.99674976 0.996812 0.9967911 0.99770856 0.9969881 0.9944104 0.99499255 0.995696 0.99241346 0.9905144 0.9901105 0.99690336 0.99639004 0.99698126 0.99725926 0.99760073 0.9955484 0.99578965 0.9963401 0.99741316 0.99670905 0.99457216 0.992849 0.9951081 0.99649465 0.99574965 0.99633074 0.99435574 0.9939107 0.9930697 0.99282295 0.9944749 0.9942894 0.995132 0.99366826 0.99114233 0.992797 0.9915111 0.99666834 0.9951846 0.99398607 0.99540997 0.99516165 0.9940106 0.9945326 0.9972186 0.99756986 0.99648494 0.9969504 0.9965353 0.9934733 0.9957619 0.9952053 0.996414 0.99706435 0.9954817 0.9969128 0.99732614 0.996808 0.99668443 0.99702245 0.9972238 0.9970784 0.99738216 0.9973917 0.9939586 0.996053 0.99770445 0.9952571 0.9931798 0.9965354 0.9974599 0.995888 0.996656 0.9976425 0.99715555 0.99703825 0.99754053 0.9974386 0.9952699 0.9935825 0.99173373 0.9930664 0.9942886 0.99381495 0.9926034 0.990421 0.9911497 0.991968 0.9939104 0.99591696 0.9964354 0.9956584 0.99481934 0.996615 0.995819 0.9919883 0.9918707 0.99210256 0.99337393 0.9946191 0.9940976 0.9942812 0.9958101 0.99346393 0.9913583 0.9880327 0.9924887 0.9939221 0.99378693 0.9931398 0.99246836 0.99617743 0.9934109 0.99127007 0.99372685 0.99288994 0.9929488 0.9935038 0.9909506 0.9897043 0.9918386 0.9922861 0.99464726 0.9915494 0.99046326 0.99132717
MatavulxSimo_SRP18922SimoMBakonja-L2_1 0.99243724 0.9935244 0.9949112 0.9932636 0.99433434 0.99106216 0.9888417 0.98411447 0.99571854 0.9970204 0.99727565 0.9962988 0.9965403 0.99707663 0.99777275 0.99732804 0.996702 0.9967267 0.996394 0.9970803 0.99708396 0.99710065 0.99298304 0.99357396 0.9946387 0.99510586 0.9954316 0.9940741 0.99652785 0.9968794 0.9961683 0.99614245 0.996735 0.99512124 0.99348706 0.99486095 0.9940361 0.99507433 0.99474925 0.9939804 0.99544245 0.9963248 0.99439776 0.9952838 0.99216723 0.9937726 0.9956374 0.9961311 0.99682283 0.99720085 0.9962477 0.9953708 0.9945947 0.99225813 0.99061257 0.9943157 0.9928737 0.9884223 0.9916507 0.996084 0.99517566 0.99293464 0.99535376 0.99406767 0.98930895 0.990045 0.994076 0.9930738 0.99347675 0.99268883 0.9933506 0.9902109 0.9919185 0.99560905 0.9945884 0.9967744 0.9930919 0.9925567 0.9944453 0.99477744 0.9922956 0.9920395 0.9923457 0.9936701 0.99080783 0.99359936 0.9943461 0.9940174 0.9954704 0.991524 0.9934397 0.9977287 0.99310344 0.993745 0.9937174 0.99341655 0.9907217 0.99267894 0.9918408 0.9932661 0.99197257 0.99464816 0.9949759 0.9944538 0.99453527 0.9932387 0.9942353 0.9946062 0.99461466 0.9939243 0.9941358 0.9934728 0.99415314 0.9950729 0.9936548 0.99357265 0.9944478 0.9924903 0.99182975 0.99218595 0.9931937 0.9921668 0.9964038 0.99578977 0.99525684 0.9939317 0.9969146 0.99399287 0.9918853 0.99338937 0.99430466 0.99408484 0.9956504 0.9954722 0.99481595 0.9961477 0.9943739 0.99440867 0.9958785 0.9883103 0.9894716 0.984874 0.98744017 0.99437016 0.9943538 0.99494004 0.99161875 0.99043244 0.9925725 0.99324214 0.9890676 0.9871073 0.98573023 0.98230547 0.9961743 0.99640644 0.9967376 0.9942608 0.9938415 0.99405754 0.995751 0.99396956 0.9947325 0.9933199 0.9948967 0.9960296 0.996315 0.99804217 0.9964166 0.9967396 0.99710464 0.9961081 0.99700034 0.99638414 0.9954647 0.99568915 0.99767363 0.99724567 0.9968615 0.99727297 0.9974167 0.9980228 0.996857 0.9940209 0.9939613 0.99187136 0.99753195 0.9971116 0.99642676 0.9963399 1.0 0.9985424 0.99883884 0.9991762 0.9991716 0.99812484 0.9970999 0.99324393 0.99069977 0.99420995 0.9904797 0.99252224 0.99346447 0.9909907 0.99192584 0.9897016 0.9899288 0.99149513 0.9881024 0.98541147 0.98693746 0.9923966 0.997019 0.99559367 0.997066 0.99733996 0.99637973 0.99626976 0.99749106 0.99576974 0.99603516 0.9941255 0.99364924 0.99597317 0.9976932 0.99601245 0.9963701 0.99744976 0.99610096 0.9946464 0.99678886 0.98360616 0.9866997 0.9953784 0.99265456 0.9885898 0.99088013 0.9919907 0.9858678 0.98927766 0.99585485 0.9931853 0.98808694 0.9913218 0.99246424 0.9903432 0.9919335 0.9911272 0.9913233 0.9825679 0.992208 0.9933146 0.9924491 0.9894237 0.9871191 0.99069375 0.9937311 0.9936602 0.9915431 0.98935723 0.9907298 0.99063206 0.9901765 0.9882976 0.99090487 0.9932648 0.9933377 0.99141 0.9874923 0.9960507 0.99615055 0.9945804 0.9939847 0.9950044 0.99136937 0.9940591 0.99130774 0.99335545 0.9905079 0.99426407 0.9933771 0.9909421 0.9897441 0.9950408 0.9928448 0.9895023 0.9858144 0.98992294 0.99131554 0.9894439 0.9916094 0.992973 0.9926342 0.9943919 0.9903572 0.99191856 0.9914767 0.99367666 0.99376523 0.99082875 0.9896528 0.9949148 0.99464726 0.9952532 0.9952111 0.995247 0.9950918 0.99475485 0.99322647 0.9924825 0.99222517 0.9934979 0.9959512 0.9943513 0.9922134 0.99473023 0.99174166 0.99342597 0.9956133 0.99623 0.9978898 0.9970777 0.9975694 0.99500805 0.99491644 0.99318945 0.99392337 0.99622476 0.9959199 0.99643344 0.9965048 0.9896996 0.9893958 0.98806417 0.9942177 0.994011 0.9914019 0.99527913 0.99658924 0.9964768 0.99590313 0.99700755 0.9961235 0.9961453 0.99257267 0.9956793 0.9947656 0.9948396 0.9931358 0.99443793 0.9919499 0.9918753 0.99469733 0.99446005 0.9953719 0.99520636 0.99286276 0.992699 0.99279463 0.9929101 0.9926532 0.99143565 0.99411964 0.99172413 0.9922662 0.9910204 0.9886509 0.98862636 0.99057144 0.9922284 0.9926944 0.9937478 0.99738485 0.9972148 0.9965569 0.99720407 0.99668586 0.9967213 0.9972634 0.9954721 0.9970973 0.9958064 0.9968283 0.9983996 0.9970699 0.995332 0.9955001 0.997002 0.99610054 0.9954101 0.9966359 0.9971623 0.99644035 0.9959171 0.99600774 0.99556875 0.9950359 0.99605143 0.99731374 0.9949602 0.9906828 0.98965794 0.98920673 0.9912564 0.9918312 0.9916425 0.99185157 0.99349254 0.9919621 0.9966371 0.99473 0.9937554 0.99470544 0.995013 0.99367464 0.99277323 0.9927701 0.99437726 0.9949511 0.99504304 0.9956976 0.99541306 0.990562 0.99249905 0.9923359 0.987377 0.98647904 0.98615795 0.9952099 0.9933077 0.9932418 0.9954405 0.99544716 0.994221 0.99423194 0.9936046 0.99464375 0.9953266 0.99227494 0.99146897 0.9923296 0.9937113 0.9927689 0.99451864 0.99099445 0.9886495 0.99230206 0.99242 0.9940954 0.9922926 0.9935172 0.9924826 0.99173266 0.9936865 0.98997146 0.99711 0.9959428 0.99391246 0.99426544 0.9937074 0.9914256 0.9930002 0.9956924 0.99438953 0.9940078 0.9933564 0.99388504 0.9889392 0.99435556 0.9935798 0.99446166 0.9935088 0.9918396 0.9956119 0.99702454 0.99644446 0.9942422 0.99567336 0.99729043 0.99543345 0.99491125 0.99470717 0.9898283 0.9920097 0.99431056 0.99238133 0.99160105 0.9937522 0.99540967 0.99465907 0.99483615 0.99528694 0.9953861 0.9952252 0.9940309 0.9952363 0.99398327 0.99265385 0.9905467 0.9915352 0.9943279 0.9926796 0.99160755 0.98867536 0.9875587 0.9891249 0.9909599 0.9932513 0.99334687 0.99248123 0.99118775 0.99280626 0.99255216 0.9897179 0.98798466 0.9893538 0.9899026 0.99200845 0.9932619 0.9912468 0.99595046 0.99506027 0.9931985 0.9903254 0.996427 0.9966994 0.99558854 0.99596673 0.99475986 0.9972217 0.99619156 0.99392265 0.995783 0.9946592 0.99567753 0.99568766 0.9923481 0.99252963 0.99376684 0.99511945 0.9966724 0.99011195 0.98843056 0.9913179
MatavulxSimo_SRP18922SimoMBakonja-L2_2 0.98964167 0.99323887 0.9930624 0.99069077 0.992471 0.99090546 0.9879372 0.98282254 0.99710315 0.99685 0.99724805 0.9970547 0.996907 0.9974023 0.99774575 0.9959786 0.9952619 0.9952775 0.996125 0.9975653 0.9968355 0.9967048 0.99363005 0.9934218 0.9939467 0.99349475 0.99435484 0.9921393 0.99623924 0.9962865 0.9949684 0.99653167 0.99622905 0.9916241 0.98938936 0.99362355 0.99224615 0.99221325 0.99444616 0.99375457 0.9948048 0.9953573 0.9936639 0.9928388 0.9905261 0.9930677 0.99479276 0.9953618 0.9969725 0.9961046 0.9973485 0.99644315 0.9947645 0.9913884 0.9907337 0.9925983 0.9912356 0.9852236 0.9887177 0.99501926 0.9938227 0.9907268 0.994789 0.9931087 0.9882388 0.98902494 0.99433136 0.9943405 0.9943968 0.99431807 0.9946298 0.9922614 0.99335325 0.9971919 0.9959754 0.9974598 0.9950054 0.9941306 0.99501204 0.99651545 0.9941196 0.9906752 0.99143153 0.9933253 0.9897983 0.9935104 0.99374396 0.9937377 0.995447 0.9904715 0.9931049 0.9958445 0.99342525 0.9944505 0.99460924 0.99414945 0.99087787 0.99319285 0.9926045 0.9928882 0.99206054 0.9947976 0.9956252 0.9959442 0.99486655 0.99386036 0.99358803 0.99478614 0.9959387 0.9948527 0.99546653 0.99384284 0.99420327 0.9949241 0.99423194 0.9926915 0.9962903 0.99523586 0.9950322 0.99490345 0.9956258 0.99469846 0.9979857 0.99799544 0.9967919 0.99603117 0.9974824 0.99606055 0.99292314 0.9949578 0.9952433 0.9953394 0.99654406 0.9962801 0.99636006 0.99297583 0.9919291 0.9922537 0.9936278 0.987298 0.98832124 0.9833356 0.9864726 0.99486524 0.99634576 0.9970018 0.9931586 0.9923918 0.9937494 0.9952729 0.9886355 0.988705 0.9872577 0.983742 0.99690294 0.9966787 0.996458 0.99217385 0.99182755 0.99376327 0.99398553 0.9937912 0.99283004 0.99274176 0.9941991 0.99427867 0.9940329 0.99767274 0.99511635 0.99701554 0.99628687 0.99454945 0.9970876 0.9953909 0.9938077 0.9938295 0.9969405 0.99556893 0.9947929 0.997302 0.99766445 0.9970565 0.99617577 0.9937316 0.9940898 0.99243 0.9973565 0.99646854 0.997057 0.9948452 0.9985424 1.0 0.9979129 0.9993004 0.99811995 0.99903136 0.9989054 0.9946251 0.99182045 0.99463326 0.9903519 0.9931701 0.99376345 0.99062073 0.99206644 0.99014443 0.98942304 0.99256504 0.9881431 0.9851235 0.9862737 0.9921079 0.99636924 0.995557 0.99673206 0.99577844 0.9960369 0.9943306 0.99653727 0.9948416 0.9944932 0.9913007 0.9906109 0.9936997 0.9962702 0.9944169 0.9956294 0.9968056 0.99500895 0.99431944 0.99495864 0.98454016 0.98734593 0.995733 0.99227184 0.98922825 0.991404 0.9911995 0.98779255 0.98835516 0.9957137 0.9917928 0.98737067 0.9905798 0.99233806 0.99088246 0.992361 0.9903905 0.9930226 0.9855559 0.9918554 0.99306375 0.99173146 0.9899899 0.98934627 0.9922891 0.9952334 0.9930134 0.99284375 0.99198765 0.99334526 0.99266934 0.9917811 0.99095166 0.99259746 0.99552655 0.9950148 0.99291736 0.98909885 0.9959995 0.99682313 0.9944687 0.9954409 0.9954362 0.993361 0.99536216 0.9917353 0.99381804 0.9902635 0.99443763 0.9929929 0.991525 0.9910243 0.9949498 0.9917207 0.99030864 0.98764616 0.9915786 0.9929061 0.99167395 0.9916849 0.99402404 0.9930515 0.9942827 0.9916932 0.992719 0.99198776 0.9951807 0.99439216 0.992368 0.9911003 0.9963133 0.9964008 0.99705696 0.99641967 0.99618113 0.9964011 0.9963286 0.9927457 0.990939 0.9918117 0.9957521 0.99747014 0.9957096 0.99340266 0.99568176 0.9933447 0.9949321 0.99680346 0.996571 0.9973925 0.9967428 0.99729216 0.99455285 0.99331015 0.9917397 0.99223936 0.9963044 0.99683344 0.9972291 0.99725825 0.98623943 0.9852222 0.9830492 0.99353707 0.9936244 0.9910489 0.9965863 0.9972556 0.9971747 0.9964064 0.9960886 0.9952288 0.9944302 0.9895386 0.9957639 0.9939707 0.99454737 0.9921339 0.99290085 0.9894745 0.9887638 0.9941205 0.99323565 0.99493545 0.99373263 0.99156594 0.99079996 0.9902731 0.9897037 0.99458414 0.9936198 0.9949748 0.9936768 0.9940809 0.9923084 0.99117 0.9908663 0.99294823 0.9937574 0.99285656 0.9935094 0.9964904 0.9951714 0.99641925 0.9967462 0.9966026 0.99488854 0.99539447 0.99231505 0.9958279 0.99264055 0.99401474 0.997346 0.9942786 0.99226254 0.9918002 0.99438846 0.9958777 0.99169904 0.9953321 0.99455595 0.9954593 0.9946389 0.99500155 0.99650484 0.99591327 0.99608344 0.9965131 0.99277586 0.99055785 0.99073255 0.99008995 0.99260783 0.9917929 0.99304426 0.9923369 0.9927418 0.99173063 0.9970149 0.99470496 0.9933406 0.994628 0.99587345 0.99453557 0.9941842 0.9934392 0.994829 0.99537617 0.99598795 0.99654526 0.9966307 0.9925626 0.99425656 0.9945112 0.9882955 0.98835665 0.98849285 0.99515 0.99440736 0.99396163 0.9962616 0.9956417 0.9948269 0.9954238 0.9948406 0.9947395 0.99505675 0.9935124 0.9943685 0.99403995 0.9945288 0.99387085 0.9946349 0.9933418 0.9908767 0.9949201 0.9942982 0.995959 0.9942327 0.99515635 0.9950193 0.9953397 0.99646086 0.99314725 0.9974899 0.99715716 0.99547714 0.99581313 0.9947941 0.9933625 0.99535227 0.99562836 0.99433863 0.9951266 0.99440217 0.994656 0.99091595 0.9957429 0.9956817 0.9955938 0.99376744 0.9927342 0.9962992 0.99731684 0.9977387 0.99517584 0.9963793 0.99726665 0.99558675 0.9949513 0.99444777 0.9904585 0.99242735 0.99335915 0.99396443 0.9935727 0.9948941 0.99562556 0.9948428 0.9960494 0.99556553 0.9950094 0.9960568 0.99381053 0.9953884 0.9922227 0.99062943 0.98695886 0.9890455 0.99161786 0.98996973 0.9886064 0.98500973 0.9904643 0.99172306 0.9929375 0.99445844 0.9939374 0.9939705 0.99271286 0.99320185 0.9936057 0.992489 0.9905653 0.99201614 0.99240583 0.9941533 0.9955128 0.9931739 0.9958916 0.99320257 0.9915962 0.98904467 0.9950128 0.99575865 0.9943682 0.9952154 0.9930129 0.99545705 0.9938777 0.99068266 0.99399644 0.9915983 0.9935423 0.99413633 0.9891975 0.9900809 0.9916241 0.9931938 0.99457276 0.98899066 0.98561347 0.9891947
MatavulxSimo_SRP18922SimoMBakonja-L2_3 0.9893623 0.9904309 0.9924453 0.9926472 0.9933603 0.98694336 0.9846705 0.9790454 0.99510026 0.9965911 0.9969774 0.99492353 0.9969756 0.9975955 0.99634504 0.9966769 0.99546605 0.9948067 0.99427617 0.9964531 0.9976686 0.99727726 0.99030304 0.9916973 0.99293375 0.99492514 0.99432105 0.99442685 0.9955906 0.997223 0.99626034 0.9951516 0.996684 0.9944878 0.99333256 0.99152094 0.99046046 0.9929076 0.99224365 0.9924089 0.99427 0.99583715 0.99203897 0.99464864 0.98875856 0.99057215 0.9946267 0.9954295 0.99603 0.996799 0.9953839 0.99449384 0.99413645 0.99017423 0.988829 0.99173945 0.9895629 0.98400134 0.98864603 0.9942856 0.9931468 0.99046844 0.99248064 0.9910066 0.9844758 0.9855078 0.99236536 0.99082917 0.992031 0.99084204 0.99096423 0.98692715 0.9891407 0.9947926 0.9928319 0.99609995 0.98965126 0.98928034 0.99224097 0.9934747 0.989503 0.9904946 0.99001116 0.9935876 0.9909663 0.99325496 0.9947827 0.9936539 0.9954591 0.9902162 0.99248683 0.99794406 0.99013746 0.9914658 0.9915568 0.99188346 0.9884962 0.9914547 0.98968303 0.99175584 0.98903036 0.99265283 0.9937775 0.99459296 0.99555326 0.99161863 0.99491584 0.99517494 0.99418104 0.99398655 0.9942581 0.99375004 0.9938993 0.99448985 0.9929627 0.99376154 0.9923183 0.99104303 0.9901794 0.99057233 0.9914497 0.9905562 0.9946335 0.9946469 0.99423146 0.9919588 0.996442 0.99189615 0.9877125 0.9905542 0.992118 0.99166524 0.9943127 0.99419737 0.99268615 0.9951396 0.99206394 0.9918768 0.9938508 0.9870941 0.9893952 0.9848803 0.98714817 0.9918912 0.9929458 0.9943131 0.98866624 0.9870472 0.9901036 0.99140704 0.9839067 0.9823975 0.9814781 0.97700924 0.9946423 0.99504757 0.996129 0.993635 0.99349606 0.9931772 0.99518526 0.99364495 0.9942124 0.9924263 0.9942581 0.99630994 0.99555826 0.99742407 0.99465823 0.9960232 0.9965578 0.99703354 0.997424 0.99702513 0.9966849 0.9966475 0.99601626 0.99675316 0.9962808 0.9955497 0.9971193 0.9982662 0.9972124 0.99474245 0.9952159 0.99373424 0.99589956 0.9960364 0.99609685 0.9948487 0.99883884 0.9979129 0.99999994 0.99879026 0.99934375 0.9973209 0.99571645 0.990606 0.98788095 0.9928493 0.98853946 0.9917719 0.9922945 0.9897984 0.9890834 0.98868155 0.9892015 0.9916361 0.9866338 0.9833794 0.98548764 0.9925231 0.99521434 0.9925493 0.99499846 0.99694747 0.99411297 0.995028 0.99692994 0.99270827 0.9934995 0.9925867 0.99203753 0.9947484 0.99627405 0.9938883 0.99634695 0.9953316 0.9939718 0.991812 0.9952854 0.9778732 0.9822039 0.9936724 0.99014634 0.984729 0.9884342 0.990453 0.9813005 0.98594147 0.9950077 0.9944727 0.9905102 0.992101 0.992559 0.98752534 0.989773 0.9866322 0.98821986 0.9782491 0.9898973 0.9917468 0.9897461 0.985728 0.9822504 0.9873301 0.9907194 0.99033594 0.9878845 0.9868462 0.98789597 0.98782784 0.988015 0.98473763 0.98809004 0.9916618 0.99174213 0.9894711 0.98513085 0.99471754 0.9953695 0.9926362 0.9918783 0.99401194 0.98903537 0.99211645 0.98744035 0.99045956 0.9889019 0.99281627 0.9915005 0.9871501 0.9855742 0.99344647 0.9904709 0.986145 0.9823708 0.9864325 0.9881529 0.98708487 0.9875673 0.9902855 0.9895188 0.99216545 0.98630255 0.9887455 0.98868597 0.9910667 0.99099135 0.98783726 0.9864199 0.99463904 0.9960969 0.99538153 0.9964821 0.9965064 0.99657106 0.99554086 0.9896789 0.98935103 0.9890285 0.9915685 0.9950532 0.99253684 0.98911136 0.9929726 0.98883307 0.99177086 0.99330723 0.9936768 0.9966404 0.9954062 0.99637985 0.9943689 0.99471056 0.9937612 0.99360234 0.99489695 0.99506706 0.9954169 0.9952925 0.9876488 0.9881759 0.9864138 0.99477065 0.99565876 0.9927641 0.992991 0.996034 0.99600613 0.99526715 0.99662876 0.9948584 0.996179 0.9921006 0.9941533 0.99412525 0.9940964 0.9913765 0.9941578 0.990811 0.9910983 0.99243784 0.99258935 0.99320626 0.9936756 0.9898527 0.99026895 0.9907019 0.9947795 0.9916612 0.98941153 0.99331915 0.990849 0.9910413 0.9886578 0.9860612 0.98665524 0.9888914 0.9900757 0.99055475 0.99152917 0.99540734 0.9967114 0.9943126 0.99518853 0.9949041 0.9958662 0.99600667 0.9959385 0.994851 0.9962245 0.9971164 0.99747896 0.9973177 0.99677193 0.9958733 0.99766064 0.9930689 0.9947452 0.9944365 0.99654114 0.99417776 0.993481 0.99682844 0.99671644 0.9962628 0.99729866 0.9973519 0.9946452 0.9880093 0.98600155 0.98572654 0.9881925 0.9892626 0.9888224 0.988759 0.9906673 0.9890452 0.9957272 0.9940774 0.9932261 0.99283624 0.995289 0.99245465 0.9914976 0.992548 0.9934771 0.99366903 0.994479 0.9939127 0.9947201 0.98800373 0.9899079 0.9910253 0.98356014 0.9831375 0.98302364 0.99534744 0.9918976 0.99174535 0.9943952 0.9938421 0.99231243 0.9928304 0.9923507 0.9931814 0.9958173 0.98933667 0.98974764 0.991018 0.99243903 0.99143577 0.99394685 0.98997474 0.9880723 0.99106693 0.99233276 0.9931355 0.99096996 0.99304944 0.99054354 0.9909028 0.99295145 0.98725384 0.9964456 0.9954711 0.9926625 0.99296355 0.9916499 0.98848104 0.9919887 0.99411297 0.9919629 0.9919274 0.9914526 0.99117523 0.9855503 0.99271786 0.99135697 0.99328184 0.9922284 0.98860943 0.99402374 0.99566954 0.99587935 0.9931826 0.9939659 0.99613786 0.99248743 0.99271536 0.99223685 0.9864549 0.9899613 0.9925506 0.9904936 0.9881905 0.99234444 0.9946287 0.9951278 0.994448 0.9945314 0.9947966 0.9949137 0.99307 0.99467146 0.99326956 0.99144286 0.9890539 0.99023426 0.99455184 0.99209845 0.99043185 0.9872448 0.98404855 0.98603815 0.9883181 0.9914246 0.9926836 0.99085504 0.9884918 0.9907275 0.99081427 0.98618025 0.98449594 0.98611313 0.9874638 0.99062514 0.992143 0.99016476 0.9965531 0.9969666 0.995621 0.99378276 0.9976488 0.9975014 0.99686015 0.9971672 0.99676955 0.997699 0.9974338 0.99602693 0.9974494 0.99612546 0.99737465 0.9977424 0.9950725 0.99558 0.9962987 0.9973314 0.9977381 0.98497796 0.9830761 0.98661804
MatavulxSimo_SRP18922SimoMBakonja-L2_4 0.9914539 0.99376976 0.99443436 0.99249053 0.9938636 0.9914263 0.9890887 0.984583 0.99646544 0.9971688 0.997639 0.99707705 0.997125 0.9976676 0.9980343 0.9969247 0.99656206 0.9964553 0.9966783 0.9976084 0.9972875 0.9974014 0.9933079 0.99370646 0.9944761 0.994692 0.9953676 0.9934422 0.9967209 0.9970713 0.9963377 0.9967284 0.9969499 0.9930682 0.99122536 0.9943779 0.99322176 0.9938635 0.995004 0.9945224 0.99580795 0.99633425 0.9946535 0.9947445 0.9919893 0.99376315 0.99590474 0.9963974 0.9973274 0.9970415 0.99724567 0.99652034 0.99564826 0.9930869 0.9921695 0.99421227 0.9927256 0.9875613 0.991032 0.9963214 0.99544406 0.9926444 0.9957132 0.9945006 0.9894642 0.99040604 0.99522084 0.9947595 0.9950623 0.99404895 0.99441725 0.991966 0.9930846 0.99688756 0.9958018 0.99747705 0.99407816 0.99363816 0.9952711 0.9960283 0.99359936 0.99230844 0.99279654 0.99407804 0.9908552 0.99411666 0.9946261 0.99452484 0.9960702 0.9920317 0.9940978 0.99750715 0.9936537 0.99465245 0.9945269 0.9946347 0.99151003 0.9936443 0.992797 0.99369407 0.99242306 0.99528724 0.9958694 0.9956016 0.995293 0.9940298 0.9947405 0.99535453 0.9959666 0.99512696 0.99544525 0.9943955 0.99494815 0.9957129 0.9945804 0.9941101 0.99570644 0.99419934 0.9941187 0.9942788 0.9950608 0.9940921 0.9975821 0.99705374 0.9963218 0.995428 0.99780446 0.99534345 0.9927703 0.9946185 0.9952421 0.99513453 0.99641347 0.9963144 0.9959576 0.99520653 0.9940941 0.99426705 0.99543613 0.9886492 0.9896106 0.98495287 0.9876917 0.99470234 0.9953894 0.99618036 0.9932082 0.9921566 0.9940006 0.99508 0.9894029 0.98883206 0.98795116 0.98439866 0.99696326 0.9969853 0.99741244 0.9936756 0.99346185 0.9947849 0.9958083 0.9949131 0.99480736 0.9941542 0.995542 0.9961871 0.99619 0.99857056 0.9966565 0.9975352 0.9975201 0.9961405 0.9974326 0.99646187 0.9952101 0.99555516 0.997576 0.9969055 0.9959201 0.99738264 0.99779534 0.9978437 0.9968505 0.99457437 0.99421555 0.9923868 0.9977065 0.99726737 0.99725306 0.9962778 0.9991762 0.9993004 0.99879026 1.0000002 0.99909866 0.99892414 0.9982934 0.99453944 0.9921282 0.9955056 0.99175286 0.99402684 0.99459827 0.99214584 0.9928989 0.9912491 0.99114835 0.9932979 0.9895605 0.9866142 0.9880761 0.9934496 0.9967678 0.9956088 0.99716276 0.9967866 0.99637365 0.9956523 0.9973383 0.9954975 0.99576676 0.99338114 0.9928503 0.9954448 0.9974229 0.9958297 0.9967199 0.9975755 0.9962238 0.9952622 0.9966265 0.98386735 0.98706675 0.9958084 0.9931477 0.9893514 0.9918202 0.99275124 0.98705006 0.9894084 0.9963395 0.99313873 0.98809844 0.99153376 0.99292743 0.99122876 0.9928709 0.99124485 0.99301046 0.98502165 0.9928977 0.99403256 0.9927907 0.990661 0.9888392 0.99235564 0.995033 0.9940219 0.9928887 0.99152815 0.9929046 0.9926198 0.9916994 0.99004906 0.9921693 0.9949635 0.99485004 0.99287224 0.9892828 0.9966877 0.99723643 0.99531364 0.99548316 0.9960092 0.9932054 0.9955642 0.99207354 0.99397284 0.9910466 0.99497753 0.9936836 0.99198425 0.9908735 0.99570644 0.9928174 0.9910172 0.9881853 0.9915754 0.99277997 0.99145544 0.9921229 0.99413913 0.9934105 0.99514145 0.99137294 0.99292505 0.9926226 0.99481463 0.9946088 0.9923467 0.99129045 0.9957961 0.9957355 0.9963585 0.9959999 0.99577487 0.99596655 0.9957218 0.99276865 0.9917561 0.9922228 0.9945546 0.996855 0.9952496 0.99297017 0.99548113 0.99292696 0.99483037 0.9964327 0.9967135 0.99806744 0.9973332 0.99791026 0.99534076 0.99474895 0.99327433 0.99377596 0.9966365 0.9968836 0.99725145 0.99725115 0.9887373 0.9879771 0.9863848 0.99440986 0.9942009 0.9916766 0.9964269 0.9976109 0.99741286 0.9969554 0.9973841 0.99636126 0.99603707 0.99203616 0.9964045 0.9952385 0.9955351 0.9932581 0.99467397 0.9917109 0.9911591 0.9949185 0.99471605 0.9960595 0.99551076 0.9931676 0.99284136 0.99267477 0.9917118 0.99439275 0.99328893 0.9953178 0.993741 0.99406564 0.99241245 0.9903966 0.9902627 0.9922348 0.99346584 0.9932327 0.99397194 0.99732965 0.99670297 0.9968505 0.9972934 0.997016 0.99622726 0.99647576 0.99437374 0.9967446 0.99457103 0.9956988 0.99811214 0.9960375 0.9938315 0.9938838 0.9958764 0.9962256 0.993863 0.99642897 0.996183 0.9964338 0.9960184 0.99569994 0.9964133 0.99581206 0.9964647 0.99730855 0.99406296 0.9908892 0.9905008 0.989834 0.9921983 0.99211234 0.99257267 0.9923214 0.993343 0.992085 0.9974433 0.99595726 0.99472195 0.99510103 0.9961609 0.9951112 0.9943384 0.9941741 0.99532235 0.99588525 0.9962971 0.996794 0.9967622 0.992392 0.9941434 0.9944551 0.98912424 0.988626 0.98853123 0.9956574 0.9946293 0.99451625 0.996608 0.99624634 0.995187 0.995492 0.9949726 0.9954571 0.99591583 0.9936667 0.99353206 0.9941131 0.99531907 0.9944361 0.99557793 0.9926947 0.9905537 0.99390405 0.99362284 0.9953318 0.9936034 0.99469763 0.9941419 0.993812 0.9952892 0.9919767 0.9978383 0.9972941 0.9955725 0.9957364 0.99512297 0.992862 0.9947704 0.99641 0.9950668 0.9951016 0.9949184 0.99490803 0.9909829 0.99588686 0.99541724 0.9954579 0.99460816 0.9930814 0.9965707 0.9974093 0.9976636 0.9955461 0.9966506 0.9977766 0.9959565 0.9956352 0.99528086 0.9908486 0.9931914 0.99463135 0.9940483 0.993029 0.9948636 0.9961836 0.9954413 0.9960787 0.9962262 0.9960249 0.9962802 0.9949401 0.99597764 0.9940442 0.9926989 0.99005854 0.99160707 0.99412847 0.99259233 0.99130094 0.98818207 0.98955345 0.9907596 0.99232805 0.99431974 0.9941983 0.99370366 0.99232197 0.99361336 0.99363804 0.99138725 0.9897254 0.99104506 0.9915877 0.9935047 0.9946298 0.9927662 0.9963185 0.9946692 0.99272895 0.9901171 0.9957988 0.9963962 0.9951844 0.9956328 0.9942384 0.99686193 0.99571323 0.9930033 0.9957074 0.99387515 0.9950735 0.9953986 0.9916162 0.99197173 0.9933904 0.9946924 0.99631524 0.98995227 0.9875187 0.99054354
MatavulxSimo_SRP18922SimoMBakonja-L2_5 0.9920675 0.992782 0.99439794 0.99439836 0.99508977 0.9893218 0.98703784 0.9824386 0.99521065 0.99697006 0.9974262 0.9958961 0.997089 0.997667 0.9973865 0.99757403 0.9967345 0.9964132 0.9960047 0.9971472 0.99752903 0.9977754 0.99162734 0.9930085 0.99394596 0.99507916 0.99512744 0.99458015 0.99612856 0.99710095 0.9965229 0.99549234 0.9969287 0.995291 0.9942376 0.99333143 0.9925872 0.9943235 0.99405646 0.99428993 0.9957448 0.9968559 0.99425596 0.9960552 0.99133706 0.99281067 0.9960372 0.9966623 0.99700415 0.9977889 0.99642384 0.9956174 0.99520266 0.9921318 0.99059904 0.99412876 0.9923791 0.98714936 0.9915354 0.99601394 0.9950889 0.9928835 0.99450886 0.99330133 0.98775434 0.9887798 0.9942368 0.99238825 0.99369 0.99277407 0.99299985 0.9886458 0.9911413 0.9956585 0.9941157 0.9966857 0.99149954 0.9909324 0.99413073 0.9948739 0.9915515 0.99301755 0.99287283 0.9944813 0.99227965 0.9945712 0.9957476 0.9950327 0.996348 0.992398 0.99422383 0.99838746 0.9921737 0.9929664 0.9928128 0.993651 0.99050885 0.9933082 0.99107873 0.99290967 0.99076575 0.9943584 0.9950399 0.99544466 0.99632084 0.9932115 0.9956498 0.99583054 0.9953025 0.9950441 0.995172 0.99505913 0.9952812 0.99602413 0.9944371 0.9952131 0.99373496 0.9924481 0.9917239 0.9922768 0.99285775 0.9915943 0.9956669 0.99529356 0.9952925 0.9934368 0.997275 0.9930828 0.9905113 0.993007 0.9943967 0.9937448 0.9959825 0.99597865 0.9945331 0.9962882 0.994299 0.99422765 0.995797 0.9893302 0.99110514 0.98685116 0.9891749 0.9934295 0.9937316 0.9950234 0.9909335 0.98965776 0.9921582 0.99302775 0.98723775 0.9854553 0.98475266 0.9808724 0.99587303 0.99623847 0.9969829 0.9954593 0.9953225 0.9938495 0.9958401 0.9940188 0.9948569 0.9934576 0.9949306 0.9967729 0.99636257 0.9981535 0.9958257 0.9968668 0.9970896 0.9968097 0.9972527 0.9970225 0.99632055 0.9968685 0.9968806 0.9973233 0.9970423 0.99695975 0.99775666 0.99864745 0.9976745 0.9953196 0.99477255 0.99310356 0.997122 0.9973398 0.99691635 0.99642456 0.9991716 0.99811995 0.99934375 0.99909866 1.0000002 0.99827075 0.99672306 0.99261606 0.99040836 0.9945717 0.9908948 0.99361134 0.99434316 0.9922653 0.991665 0.99040484 0.9909603 0.9928795 0.9885256 0.9854523 0.98766124 0.99389035 0.99630183 0.99412084 0.9964793 0.9976234 0.99540913 0.9962635 0.9976692 0.99457085 0.9952152 0.9939817 0.99345523 0.9959247 0.9973212 0.99524134 0.9971559 0.9968084 0.9954017 0.9933586 0.9963728 0.9805139 0.9849813 0.9951294 0.99202335 0.98746496 0.99052596 0.9923069 0.9836222 0.9883689 0.99595 0.9940189 0.9888954 0.99181616 0.9926411 0.98978794 0.9917954 0.9893695 0.99010426 0.9810563 0.99179 0.99341434 0.99218404 0.9881444 0.9845633 0.9896059 0.9922607 0.9925548 0.99030596 0.9879738 0.9897133 0.98946893 0.9896278 0.9866192 0.99004084 0.9931914 0.9931515 0.9907587 0.98683685 0.9964632 0.9967114 0.99502295 0.99395096 0.9958519 0.9914485 0.9940405 0.9897359 0.99228805 0.9906706 0.9940349 0.99327034 0.98918617 0.9877099 0.9947211 0.99216425 0.98837566 0.98478925 0.98859054 0.9898126 0.9885688 0.98983526 0.9920049 0.9913231 0.99401444 0.98856544 0.9909931 0.99111307 0.993049 0.99265814 0.9899842 0.98895735 0.99418485 0.99520236 0.9945676 0.995585 0.9954574 0.9956682 0.9945826 0.9924289 0.9923986 0.99191844 0.99262595 0.9959259 0.994136 0.9915295 0.9947582 0.9907777 0.99383545 0.99464667 0.99517107 0.99754226 0.99666446 0.9971878 0.9955809 0.9958942 0.9947051 0.99482286 0.99618125 0.9963003 0.9964935 0.99650455 0.99016 0.9902005 0.98890525 0.9953558 0.9953482 0.9930582 0.9946798 0.9970244 0.99700725 0.99671847 0.997593 0.99635035 0.9971669 0.99318576 0.99566305 0.99550843 0.9954339 0.99301237 0.99522895 0.99236983 0.99243337 0.9940327 0.9942588 0.9948505 0.9952013 0.9919188 0.9923475 0.9921151 0.99410903 0.99307424 0.9913522 0.9947413 0.99259514 0.99275047 0.9907275 0.98746943 0.9881299 0.99011326 0.9915502 0.9920567 0.99317205 0.9970616 0.99776787 0.9962126 0.99686015 0.99659157 0.997351 0.9974189 0.99664295 0.99661124 0.99679554 0.9974195 0.9982645 0.9979744 0.9965671 0.9963032 0.9978826 0.9951103 0.9960861 0.99630404 0.9976672 0.9961284 0.9958552 0.9969701 0.9964916 0.9960368 0.9970142 0.997644 0.9952324 0.9899096 0.9882074 0.98812187 0.9902832 0.991251 0.9907096 0.99060994 0.99237925 0.99100536 0.9966541 0.99538004 0.99414706 0.99424267 0.99587196 0.9934126 0.99242103 0.9931193 0.9945317 0.9948044 0.99551207 0.9952119 0.9960042 0.99026525 0.9917731 0.99281263 0.98607385 0.9852511 0.9852544 0.99606895 0.99348426 0.99352 0.99562806 0.99546134 0.99353063 0.993836 0.9936794 0.99449563 0.99627614 0.99117744 0.99090415 0.9923697 0.99394655 0.993036 0.99487025 0.9911751 0.98966426 0.99199057 0.9926951 0.9936114 0.99216413 0.9938886 0.9917694 0.9914258 0.9935063 0.98898023 0.99664307 0.9960828 0.9933519 0.9939941 0.99306554 0.9902754 0.9931983 0.9952632 0.9940417 0.9938562 0.993468 0.99293995 0.98797834 0.993957 0.9929661 0.9944177 0.99364567 0.99057007 0.9951326 0.9971144 0.99658746 0.99442106 0.99523485 0.99698955 0.99431896 0.9943672 0.9943019 0.9885368 0.99230134 0.9942634 0.99237937 0.9903037 0.9941231 0.99606043 0.9960199 0.9955244 0.99572784 0.99591315 0.9959784 0.99463284 0.99589527 0.99487376 0.9933065 0.99122196 0.9921858 0.99557465 0.9937515 0.99230736 0.9894371 0.9862923 0.9878202 0.98984516 0.99283075 0.99386215 0.9922466 0.99033326 0.99265516 0.99232423 0.9880165 0.9866108 0.98776734 0.9890871 0.9917125 0.9927035 0.9909799 0.9965524 0.9963158 0.99449503 0.99215746 0.9970514 0.99730796 0.99679196 0.9967198 0.996078 0.9975182 0.996861 0.9950448 0.99664193 0.9957788 0.99652374 0.9969506 0.9943441 0.9943979 0.99552184 0.99634695 0.9972471 0.9881918 0.98655134 0.9892358
MatavulxSimo_SRP18922SimoMBakonja-L2_6 0.9915407 0.9950559 0.9947053 0.992535 0.9939939 0.9921398 0.98926663 0.9845937 0.9973645 0.9975312 0.99785906 0.9980111 0.99745584 0.9977714 0.9985737 0.99740195 0.99670476 0.99696755 0.9976439 0.998372 0.9969732 0.9974277 0.9952684 0.9955266 0.9956562 0.99478275 0.99569505 0.9934541 0.99708974 0.99668473 0.9959354 0.99706995 0.99674106 0.9918325 0.9896233 0.9946685 0.9939608 0.9931914 0.9959398 0.9960283 0.99620724 0.9962247 0.9951978 0.99451196 0.9927234 0.9951067 0.9962834 0.9966185 0.9978769 0.9965519 0.9976819 0.9964531 0.9948357 0.99270076 0.99142003 0.9950223 0.9940041 0.98789144 0.9917966 0.9963875 0.9954068 0.99362797 0.9961906 0.9946604 0.9906934 0.99173146 0.99511355 0.9945445 0.99482304 0.996191 0.995865 0.99387157 0.9940736 0.9972681 0.99636716 0.9975396 0.9956148 0.9941851 0.99590963 0.9975911 0.9948957 0.9926791 0.9938705 0.9940819 0.99152887 0.99458104 0.99468917 0.9952095 0.9963138 0.99238837 0.9944377 0.99598587 0.9937597 0.9944145 0.9941902 0.994708 0.99144137 0.99409825 0.9924697 0.9926131 0.99193275 0.9949452 0.9955155 0.99573016 0.99505365 0.994545 0.9941218 0.9951161 0.9964604 0.99528515 0.995941 0.9950366 0.99506754 0.9958305 0.9951567 0.9939065 0.99640125 0.9958476 0.99566674 0.99602807 0.99620414 0.9947101 0.99812734 0.9983162 0.9979604 0.9973725 0.9981247 0.9971083 0.99472624 0.9968306 0.99748343 0.99728984 0.9981993 0.9980338 0.9974552 0.994162 0.9941715 0.9944459 0.99539256 0.9896443 0.9905132 0.9858467 0.98898524 0.99518454 0.99581736 0.99667674 0.9945047 0.9940084 0.9951716 0.99639004 0.99119264 0.99075437 0.9892521 0.9864735 0.99729943 0.99719536 0.9974237 0.99347603 0.9930603 0.9936512 0.9943432 0.99338967 0.99318755 0.9929921 0.9942916 0.99450576 0.99459565 0.9977417 0.99525017 0.9970622 0.99610853 0.99422264 0.9964993 0.9954486 0.9937153 0.9942978 0.99663615 0.99537605 0.99479705 0.9980232 0.9978878 0.997365 0.99703264 0.994436 0.9935285 0.9915242 0.9979015 0.99732935 0.99747497 0.9960736 0.99812484 0.99903136 0.9973209 0.99892414 0.99827075 1.0000004 0.9992067 0.99597883 0.9938388 0.99599725 0.99212635 0.994269 0.9953526 0.9929996 0.9941788 0.99183166 0.9915054 0.99403685 0.9897251 0.98678076 0.9883568 0.9936381 0.99670273 0.99567384 0.99718475 0.99632454 0.99655384 0.9953164 0.99676156 0.99545693 0.99540293 0.9916428 0.9910686 0.99419695 0.9965221 0.9945867 0.9960651 0.9974004 0.9955046 0.99456066 0.995554 0.987241 0.99077094 0.99639654 0.99315524 0.9907885 0.99266905 0.99224806 0.9880485 0.9899759 0.99580795 0.99134254 0.9858456 0.99013853 0.9921047 0.9921543 0.9931519 0.9920052 0.99440676 0.9876313 0.9939815 0.9951251 0.99423355 0.9916313 0.98997724 0.99339145 0.9956748 0.99430686 0.9942439 0.9922967 0.9941543 0.9932543 0.99155307 0.9905173 0.99294466 0.9958085 0.9951273 0.9928226 0.9893097 0.99698085 0.99759203 0.99606645 0.9968231 0.99693185 0.9946706 0.9960757 0.9933847 0.9954261 0.992559 0.99576885 0.99470055 0.99258405 0.99241567 0.9958253 0.99362767 0.9916968 0.98887116 0.99290645 0.99381125 0.99241096 0.99304724 0.9949728 0.9944264 0.99572456 0.99272114 0.99407244 0.99394214 0.9967025 0.9950789 0.99336797 0.9923773 0.9951614 0.994991 0.99555933 0.9952348 0.99486023 0.99533755 0.9946069 0.99454373 0.9932006 0.99342036 0.9957806 0.99758595 0.99673027 0.9948829 0.9965333 0.99410236 0.99623 0.99749655 0.99720937 0.997332 0.9973928 0.9974224 0.9959303 0.9950977 0.9936938 0.9941452 0.99768746 0.9975748 0.99816173 0.99835706 0.98919314 0.98811036 0.98627853 0.9944894 0.9939425 0.9920554 0.9978728 0.9985546 0.9983948 0.9980134 0.9974232 0.9972201 0.996029 0.9918753 0.99719036 0.9960195 0.99648213 0.99490714 0.9950707 0.99234134 0.9916199 0.99627626 0.99528253 0.9963657 0.99545896 0.99361134 0.99300444 0.99216795 0.989556 0.99617404 0.9954817 0.9967826 0.9958726 0.996089 0.9948624 0.9918459 0.992185 0.99380934 0.99471426 0.9941247 0.99527085 0.99719155 0.9957373 0.99739826 0.99765223 0.99734914 0.9959659 0.99671805 0.9926916 0.9969481 0.9930459 0.9938943 0.997349 0.9946068 0.99183935 0.99183226 0.9941765 0.9968856 0.992756 0.99679655 0.9955783 0.9968785 0.9964591 0.9948309 0.9959231 0.99525386 0.9952713 0.9965108 0.99380773 0.99321824 0.99260336 0.9927696 0.9948155 0.99468774 0.9950929 0.99452525 0.9950229 0.9944353 0.99737024 0.99484956 0.99342304 0.9954594 0.9955856 0.99389577 0.99354815 0.9924421 0.9949023 0.9958478 0.996555 0.99701315 0.9974966 0.99442804 0.9951639 0.995889 0.98984915 0.9890848 0.9893814 0.9954945 0.9949056 0.9949313 0.99649084 0.9965197 0.994982 0.9957609 0.9953472 0.99573374 0.99577683 0.9944542 0.9954807 0.99525666 0.99592984 0.99515194 0.99553955 0.99414206 0.99229854 0.99583715 0.9952016 0.99632466 0.99584854 0.99622077 0.9960129 0.9958367 0.99681497 0.99435556 0.99726415 0.9972933 0.9955396 0.99639934 0.99568653 0.9946248 0.995757 0.99609256 0.99600524 0.9966382 0.9955786 0.9959177 0.9921318 0.99678946 0.9966138 0.9966447 0.9946013 0.9934686 0.99636894 0.9983989 0.9979798 0.99576986 0.99723446 0.9976193 0.9963299 0.99617046 0.9963364 0.99112505 0.993971 0.99493724 0.99504447 0.9948498 0.99638784 0.9967508 0.9954058 0.9964868 0.99598205 0.9950943 0.9970304 0.99477285 0.9965348 0.994179 0.99279 0.9892475 0.9913838 0.993136 0.99213344 0.9910192 0.98774165 0.9917545 0.99320745 0.9939444 0.9953559 0.99504554 0.9948113 0.9940641 0.9946093 0.99493587 0.99315006 0.9916785 0.9926155 0.9934896 0.9948438 0.99528116 0.99343926 0.99583167 0.9924912 0.9909513 0.98771644 0.9944078 0.99504566 0.99413425 0.9944782 0.9925147 0.99565697 0.9938114 0.99057513 0.99354184 0.99230504 0.9933765 0.9937176 0.989317 0.9897864 0.9917748 0.9926904 0.99462235 0.9902714 0.9874054 0.9898542
MatavulxSimo_SRP18922SimoMBakonja-L2_7 0.9907115 0.99509543 0.9943319 0.99117523 0.9929537 0.9934461 0.9906998 0.98603654 0.9973934 0.9967627 0.997127 0.99802065 0.99642795 0.99653846 0.99823874 0.9959917 0.9956907 0.99620676 0.99747694 0.9973594 0.99515456 0.9957709 0.9952134 0.99457264 0.9945227 0.99278677 0.9943328 0.99098176 0.9959229 0.9950287 0.99417216 0.99646187 0.9952911 0.9895646 0.98700684 0.99472487 0.9935452 0.9921216 0.9957781 0.9955797 0.9955137 0.9949502 0.99493206 0.9927404 0.992544 0.99483573 0.9953772 0.9957846 0.9972023 0.9954157 0.9978316 0.99659866 0.9947083 0.9923655 0.99157566 0.99432313 0.9936489 0.9876882 0.9907133 0.9958487 0.9949001 0.99251294 0.99578345 0.99422765 0.99080855 0.9917064 0.9947465 0.994967 0.9947951 0.9965485 0.9967054 0.99478143 0.99521893 0.997774 0.9971477 0.99750215 0.996661 0.99569166 0.99664307 0.99770445 0.9962072 0.99198455 0.9935303 0.99321413 0.99048156 0.994069 0.99348015 0.99457 0.99567384 0.9919356 0.9944564 0.9942268 0.99490744 0.99547476 0.99547136 0.995436 0.99235433 0.9945493 0.9939617 0.9933027 0.9932259 0.99538004 0.99577624 0.9958337 0.9938522 0.9950793 0.9929645 0.99428785 0.99669707 0.99512213 0.99589723 0.9942503 0.994627 0.9954779 0.99537885 0.99267405 0.9975938 0.99701023 0.996814 0.996739 0.9971188 0.99557436 0.99857867 0.9986531 0.99791306 0.9978098 0.9976331 0.9974999 0.9955026 0.9970526 0.99707794 0.9973201 0.99763757 0.9975989 0.99756515 0.9925077 0.9932438 0.9938767 0.9944399 0.98894304 0.9892001 0.9844585 0.98809797 0.99574685 0.99660474 0.997178 0.9957937 0.9952731 0.9959228 0.9972934 0.99227166 0.99219406 0.9907035 0.9881315 0.9979004 0.9972881 0.99675465 0.99202156 0.99175507 0.9932166 0.993221 0.9927981 0.9917518 0.99243855 0.9936019 0.99281216 0.9932064 0.99695307 0.9949137 0.99681413 0.9956194 0.99243915 0.995612 0.9939694 0.991743 0.992517 0.99616235 0.9940429 0.9931066 0.9978377 0.99732107 0.99581105 0.99536645 0.99283636 0.9927312 0.99050176 0.99798536 0.9967952 0.99729484 0.9954424 0.9970999 0.9989054 0.99571645 0.9982934 0.99672306 0.9992067 0.99999946 0.99681437 0.9943714 0.9958126 0.992024 0.99394536 0.99484605 0.99226314 0.9944772 0.99168885 0.99078494 0.9934705 0.98956907 0.98673725 0.9877623 0.9925582 0.99645567 0.9959245 0.9969183 0.9949758 0.99594676 0.99424344 0.99573904 0.99538213 0.99513006 0.9912285 0.9904834 0.9933628 0.9962741 0.99484 0.9952222 0.997367 0.995852 0.99546295 0.9952333 0.98839396 0.9911409 0.99695486 0.99430174 0.99231184 0.9938761 0.9925932 0.9907002 0.990851 0.9958463 0.98990273 0.9836986 0.98885745 0.9912164 0.9929881 0.9941048 0.99257874 0.9952295 0.98909575 0.99373364 0.99441737 0.99392515 0.99247545 0.99205536 0.99474466 0.99666375 0.99495804 0.99536395 0.99372256 0.99506766 0.99447405 0.9931256 0.9928911 0.99452615 0.9967402 0.99606335 0.9942539 0.99105716 0.9966401 0.99699855 0.9958398 0.99698174 0.9963199 0.99560076 0.99643093 0.9941432 0.99559003 0.99238026 0.9957007 0.9945765 0.99364245 0.99357826 0.9959247 0.9932045 0.9925435 0.99010086 0.99404657 0.9946661 0.9933034 0.9937042 0.99592894 0.99488163 0.99566674 0.99446106 0.9952266 0.9946115 0.99756545 0.9962009 0.9947805 0.9936315 0.99551237 0.99439746 0.99575734 0.99442255 0.9940365 0.99439996 0.99450916 0.99452657 0.9929593 0.9940896 0.9971681 0.99794316 0.9973482 0.9958751 0.99685854 0.99559766 0.9967792 0.99780935 0.9977966 0.9970164 0.9972256 0.997149 0.9950552 0.9933717 0.99174863 0.99244255 0.9973644 0.9974921 0.99787074 0.9979362 0.98798776 0.9862175 0.9842317 0.9932589 0.9921775 0.9904068 0.9980885 0.9976134 0.99775636 0.99743986 0.99600744 0.9960769 0.99418783 0.9895454 0.99698555 0.99516046 0.99590933 0.9939874 0.99356 0.9909025 0.9896304 0.9956504 0.99473345 0.9962377 0.9944615 0.99348056 0.9925058 0.9914987 0.986783 0.99652743 0.9961839 0.9965863 0.9960821 0.99640286 0.99518174 0.99315846 0.992869 0.99454224 0.9952874 0.99422866 0.9950288 0.9968791 0.9939367 0.99717546 0.9972484 0.9968214 0.99427915 0.99512506 0.9901689 0.9963551 0.9904004 0.99175537 0.9965966 0.992454 0.9892379 0.9892681 0.9919302 0.9969381 0.99029005 0.9960113 0.9933125 0.99609315 0.995783 0.993347 0.99505764 0.99427664 0.99393135 0.9955445 0.9923835 0.9934157 0.9937808 0.9931673 0.99536633 0.99426055 0.99567777 0.99478513 0.99457675 0.9943135 0.9970946 0.9945471 0.9931015 0.99542326 0.9953895 0.99471325 0.99440074 0.9925623 0.9948849 0.9961354 0.9966131 0.9975249 0.99734914 0.9954407 0.9961513 0.9963212 0.9909838 0.9905848 0.99109054 0.9947818 0.9952185 0.9951321 0.99663067 0.9963942 0.99560285 0.9963013 0.99602556 0.99555004 0.9943347 0.995096 0.99569106 0.9952493 0.99539906 0.99489194 0.9944904 0.99490505 0.99289435 0.9959638 0.99466217 0.99637103 0.99586654 0.99572206 0.9965648 0.9962978 0.9968571 0.995254 0.99709463 0.9973037 0.9962262 0.996907 0.99611634 0.99547863 0.99632514 0.995876 0.9958974 0.9966544 0.99584115 0.99632376 0.99371153 0.99701303 0.99741876 0.9965822 0.9942857 0.9944464 0.99680257 0.99781 0.9978166 0.99565357 0.9970809 0.99734056 0.9968711 0.99637854 0.9963187 0.9925262 0.9944104 0.9948903 0.99597025 0.9960135 0.9968342 0.996462 0.9947735 0.9967776 0.99620515 0.99484354 0.99684244 0.9948177 0.99621755 0.99259055 0.9913411 0.9872951 0.98978674 0.9906481 0.98985267 0.9890383 0.9858194 0.9931801 0.994297 0.9949182 0.9956833 0.994653 0.9953734 0.99473107 0.9946805 0.9950336 0.9947281 0.99335223 0.99417293 0.99445933 0.995257 0.9960104 0.993939 0.99490154 0.9900793 0.98826844 0.9846833 0.9924219 0.99350584 0.99227536 0.9929535 0.9901618 0.99397725 0.9915014 0.9875216 0.99137646 0.98936856 0.99083954 0.9913444 0.9860086 0.98640066 0.9887092 0.9900445 0.99251777 0.99175954 0.98823816 0.990633
MatijasxicxStevanM_SRP18970StevanMatGroficaAgnesa-L2_1 0.9925046 0.99751747 0.99577576 0.9914173 0.99290824 0.99648905 0.9939766 0.99179584 0.99619687 0.99469185 0.9957026 0.99745625 0.994635 0.99442077 0.99613535 0.9935703 0.99348575 0.99440026 0.99628586 0.99586654 0.9922576 0.99362314 0.9955975 0.9946994 0.9940834 0.9916821 0.9936644 0.98967564 0.993976 0.99187106 0.9918449 0.99440664 0.99243814 0.98531514 0.9822446 0.99401695 0.99312997 0.9901028 0.99690956 0.9965035 0.9955813 0.9941528 0.99620754 0.9924749 0.9945655 0.99597573 0.9950872 0.9955375 0.9960433 0.99456125 0.99727666 0.9963866 0.9951499 0.9960746 0.99521744 0.9950579 0.9950308 0.98922604 0.9919553 0.99539155 0.99533343 0.9930566 0.9967623 0.9959594 0.99369407 0.9943691 0.99670213 0.9970385 0.9966879 0.99809355 0.99744743 0.9975757 0.9974614 0.997095 0.9977796 0.9965067 0.9973519 0.9967304 0.9979524 0.99770796 0.99685013 0.99418044 0.99588436 0.9943352 0.9919424 0.9952529 0.9937987 0.9957341 0.995943 0.9950563 0.9959387 0.99160546 0.99625146 0.99442935 0.99452865 0.99621165 0.9941245 0.99551016 0.99469906 0.993932 0.9933188 0.99408597 0.9938009 0.9945794 0.9923951 0.99619585 0.99175584 0.9930213 0.99587363 0.9946152 0.995074 0.9943528 0.9947803 0.9950977 0.9956234 0.9929727 0.99721503 0.9965771 0.99632484 0.9961871 0.99691266 0.99536884 0.9971064 0.9966175 0.996931 0.99772185 0.99604124 0.9974122 0.9972591 0.99750566 0.9971577 0.9975978 0.9974117 0.9974643 0.9977528 0.9902452 0.994016 0.99487734 0.99475425 0.99311453 0.9916966 0.9880992 0.9912363 0.99733514 0.9958618 0.9957809 0.99816346 0.9982494 0.99847424 0.998067 0.9955751 0.99595404 0.9941729 0.9927329 0.99684095 0.9960246 0.9949286 0.9925452 0.99191266 0.9943427 0.9939038 0.9927105 0.9923612 0.99341226 0.9939413 0.99171025 0.9929867 0.99536246 0.9950683 0.9955709 0.99424696 0.99084175 0.99360096 0.99244785 0.9897633 0.99092746 0.99483603 0.99160594 0.9903767 0.9968588 0.99506325 0.99284637 0.9931252 0.9930209 0.98975956 0.98713267 0.9967504 0.9962524 0.9961429 0.9962009 0.99324393 0.9946251 0.990606 0.99453944 0.99261606 0.99597883 0.99681437 1.0000001 0.9988137 0.9982841 0.9965578 0.996761 0.99766266 0.9961762 0.9984911 0.995609 0.99454904 0.99555194 0.994065 0.9920684 0.9928056 0.99473035 0.99459696 0.9948679 0.996335 0.99272233 0.9954455 0.9932624 0.9937847 0.9952757 0.9949515 0.99015343 0.9893415 0.99193424 0.9945957 0.9943685 0.9949213 0.9963376 0.9952966 0.9953646 0.99409634 0.9915305 0.9944491 0.99610716 0.99608433 0.99563444 0.99579775 0.99463767 0.9940472 0.9943713 0.9952407 0.9881398 0.9807232 0.98780715 0.99069816 0.9958263 0.9954766 0.99665374 0.9977777 0.9946357 0.9970183 0.996892 0.9974139 0.9969213 0.9956968 0.9983727 0.9980595 0.9970515 0.9982345 0.9951942 0.9978929 0.9973639 0.9958456 0.9957345 0.99730283 0.99757224 0.99709654 0.995612 0.99401534 0.9959079 0.9961626 0.9970354 0.99815834 0.99719137 0.9979322 0.9975342 0.99739695 0.9973868 0.9947571 0.996979 0.996848 0.99695957 0.99694103 0.99673754 0.99567354 0.99634427 0.9946379 0.99718 0.9969741 0.9947771 0.9967161 0.99752843 0.99761367 0.99732643 0.99731666 0.9979785 0.9972077 0.9986664 0.99772096 0.9975906 0.99707973 0.9939616 0.9910725 0.99262434 0.9915299 0.99054444 0.9911459 0.99095416 0.99419194 0.99299604 0.9950307 0.99668705 0.99618655 0.9973456 0.9975362 0.9974018 0.99767655 0.9977049 0.9976818 0.99717593 0.99628174 0.9972157 0.99665624 0.99562 0.9935934 0.9921062 0.9933071 0.9965384 0.99638695 0.9964823 0.9966661 0.99053115 0.9878781 0.98660654 0.9936555 0.99112386 0.99082154 0.99847156 0.99675274 0.996768 0.99686754 0.99496347 0.99632573 0.9929893 0.98862827 0.9976908 0.99579114 0.99636805 0.9943749 0.99310493 0.99157697 0.989704 0.9957716 0.9952422 0.99631447 0.9944057 0.99457115 0.9932285 0.99220467 0.9848022 0.99745715 0.9977732 0.99649525 0.996333 0.99712265 0.9970839 0.9964021 0.99615926 0.99687576 0.99763715 0.9969101 0.99720037 0.99613535 0.99234426 0.99694484 0.9966555 0.99649155 0.9934354 0.9935831 0.9878775 0.99603 0.98732275 0.98860115 0.994673 0.9899299 0.9847975 0.98625565 0.98831844 0.997152 0.98778164 0.99554896 0.991241 0.996147 0.9961928 0.9911333 0.99217594 0.99152184 0.9907332 0.99331737 0.99232155 0.9956341 0.99707 0.9962893 0.9968468 0.99578774 0.996924 0.99643934 0.995705 0.9960332 0.9960788 0.9937624 0.9930502 0.9962233 0.99428284 0.99496704 0.9947203 0.9923891 0.9957084 0.99684817 0.9966894 0.9982023 0.99736166 0.9979199 0.9978964 0.99768555 0.99570835 0.9946056 0.99468124 0.99475586 0.99665356 0.9968321 0.9967668 0.99698424 0.99649656 0.99709517 0.9972163 0.99755436 0.9946066 0.9978912 0.9971563 0.99747825 0.99725527 0.9971072 0.99599046 0.99688035 0.9955657 0.9968491 0.9944811 0.99651957 0.9971357 0.99633455 0.9975307 0.9956029 0.99582374 0.9970893 0.9957974 0.9954697 0.99556226 0.99646413 0.99672204 0.997615 0.99681604 0.9970857 0.99864846 0.9985238 0.99839246 0.99868584 0.9971876 0.99815845 0.9982841 0.9977619 0.9967427 0.99803114 0.9973842 0.9972128 0.9975285 0.9970852 0.997991 0.9965582 0.9979202 0.9977818 0.99753535 0.99598485 0.99628097 0.9966552 0.9970807 0.9973493 0.9971259 0.99554026 0.9930795 0.9958048 0.99578696 0.9940688 0.99579275 0.99558383 0.9958353 0.99287474 0.99173784 0.987853 0.99054277 0.98997456 0.9901956 0.9891621 0.98659015 0.9970368 0.99732095 0.99781597 0.9976541 0.9961676 0.9974168 0.9979287 0.9974286 0.9974762 0.9976005 0.9976571 0.9975295 0.9979755 0.9974116 0.9969107 0.9965685 0.9935067 0.98738015 0.9855196 0.9812862 0.9881746 0.9902087 0.98937935 0.98933625 0.98685116 0.991676 0.9880036 0.98385346 0.98834634 0.9860219 0.98711985 0.987706 0.9823599 0.9819976 0.98492074 0.9858457 0.98941404 0.99275166 0.98955435 0.9905661
MatijasxicxStevanM_SRP18970StevanMatGroficaAgnesa-L2_2 0.9920257 0.9966126 0.9949033 0.99103564 0.9917432 0.99618435 0.99360925 0.9926673 0.9939068 0.9918271 0.99347687 0.9952314 0.9922719 0.9920211 0.993352 0.99083143 0.9907645 0.9918988 0.9936834 0.9938083 0.98959726 0.9915018 0.9939136 0.9928797 0.9922528 0.9897655 0.99169904 0.98750705 0.991411 0.9889225 0.9893955 0.99162203 0.9897292 0.9820329 0.97904867 0.9909317 0.9902334 0.9866652 0.9949489 0.9949017 0.993505 0.9922672 0.9951768 0.9907138 0.9925307 0.99406314 0.9930912 0.9940066 0.9941112 0.9931911 0.9960683 0.9956324 0.9950288 0.99649596 0.9955616 0.9937182 0.9942212 0.9873223 0.99068254 0.99384695 0.99416906 0.99141645 0.99524885 0.9948777 0.99245 0.99327326 0.996519 0.99641895 0.99635154 0.99742264 0.99657553 0.9969867 0.99737513 0.99575174 0.9968785 0.9947725 0.9955978 0.9953411 0.997367 0.9966343 0.99556893 0.993848 0.99545103 0.99416876 0.9921208 0.9949925 0.9931994 0.99547046 0.99479413 0.9957547 0.9958787 0.9893016 0.9952496 0.99282503 0.9927901 0.99572974 0.9945379 0.9954675 0.99432963 0.9936827 0.99210364 0.99258965 0.9923154 0.9933601 0.9915427 0.9957157 0.9911478 0.9923782 0.9946767 0.99409837 0.99409044 0.9940802 0.99456763 0.9942489 0.9953143 0.99298674 0.9960473 0.99528563 0.99502176 0.9952751 0.99581224 0.99461126 0.9951564 0.9943828 0.9954206 0.99666303 0.9945317 0.9958477 0.99628955 0.9966311 0.9961502 0.9964918 0.9963248 0.99658364 0.9968167 0.987557 0.99245054 0.99354833 0.9930295 0.99452066 0.99268043 0.99011576 0.9926108 0.9966044 0.9942513 0.9940043 0.9981742 0.99844474 0.99874353 0.9976999 0.99446875 0.99554926 0.99410033 0.9930047 0.99479246 0.99367785 0.99282473 0.99232763 0.9919918 0.99401224 0.9934545 0.99197686 0.99167585 0.9927502 0.9931897 0.99083596 0.9917905 0.99378264 0.99413246 0.9944169 0.9930385 0.98960376 0.99179316 0.9912971 0.9885373 0.99000704 0.9925661 0.9887085 0.98755264 0.99508333 0.99295527 0.99050725 0.9909809 0.99239975 0.9882978 0.98603034 0.99464446 0.9949461 0.99474466 0.9959375 0.99069977 0.99182045 0.98788095 0.9921282 0.99040836 0.9938388 0.9943714 0.9988137 0.9999996 0.99838513 0.9979746 0.99675035 0.9978394 0.9967305 0.9991562 0.9969602 0.9957637 0.9960444 0.99559844 0.99390346 0.9949048 0.9953357 0.99210966 0.9922866 0.9942725 0.9905337 0.9932989 0.99143827 0.99160516 0.9929744 0.99309766 0.98843294 0.98748475 0.9900652 0.99260515 0.9924446 0.9941083 0.99471617 0.994078 0.9940762 0.99239266 0.9898933 0.9934629 0.99447787 0.9954075 0.99569046 0.99563026 0.9948542 0.99355394 0.9946942 0.9937545 0.98679286 0.97895646 0.9867267 0.98969716 0.9959612 0.99497706 0.9965157 0.9969729 0.9957066 0.99752337 0.9973335 0.9976259 0.99779165 0.9951045 0.9982921 0.9969796 0.99667376 0.9978451 0.9940647 0.99737424 0.9971617 0.9956949 0.99532896 0.9976278 0.9973305 0.9967937 0.9952587 0.9946496 0.9947721 0.99460465 0.9961376 0.9967298 0.99650013 0.99756473 0.9964013 0.99661255 0.996003 0.99394614 0.99551916 0.9961185 0.99630684 0.99622405 0.9954793 0.99507296 0.9960218 0.9949465 0.9962346 0.9960764 0.99320424 0.9956098 0.9965222 0.99687654 0.99659985 0.9972843 0.9979137 0.9977077 0.99771464 0.99737126 0.9979762 0.99752384 0.9920909 0.9888713 0.99000084 0.98935103 0.9881006 0.9888551 0.98851126 0.992615 0.9916388 0.9945369 0.9947792 0.9939326 0.9957422 0.996614 0.9956627 0.997295 0.99690217 0.99578774 0.99499303 0.99484897 0.9960656 0.9953975 0.99463093 0.99248046 0.99160445 0.9929423 0.99480814 0.9947163 0.99440324 0.99464333 0.9906682 0.9877295 0.9869803 0.99343044 0.9903246 0.9910335 0.99673295 0.9950962 0.99485683 0.9956445 0.99324965 0.99503857 0.9914451 0.9861758 0.9958782 0.9947249 0.99502176 0.9923078 0.99136645 0.99035513 0.9880321 0.9934759 0.99365526 0.9947122 0.9930153 0.99287987 0.99165124 0.99063396 0.9835169 0.9959868 0.9966671 0.99458015 0.9947183 0.99575853 0.99612486 0.99637276 0.99683464 0.99667525 0.9975556 0.99709165 0.99672973 0.9944954 0.99075496 0.9952305 0.9948194 0.9948598 0.99179566 0.99137396 0.985823 0.9941374 0.9852185 0.9862096 0.99272406 0.9883403 0.98247486 0.9838886 0.98611045 0.9955238 0.9854233 0.9938359 0.98917323 0.9945935 0.9952084 0.9897585 0.99044806 0.98999316 0.9886961 0.99135715 0.9908068 0.9943882 0.99691975 0.995623 0.99538887 0.99459964 0.99568695 0.99490535 0.99424934 0.9948436 0.9941108 0.9927227 0.99236465 0.9953941 0.99266124 0.9940132 0.99391896 0.9918787 0.9951597 0.9961071 0.9957923 0.9972651 0.99625367 0.9976283 0.9972202 0.9973709 0.9962289 0.99491596 0.9948379 0.99381983 0.99653757 0.99696535 0.9958532 0.9962578 0.99532706 0.9959095 0.99665064 0.996846 0.99389213 0.9975156 0.99617076 0.99711454 0.997194 0.99737203 0.9958599 0.9963458 0.9961375 0.99541986 0.9928391 0.9948282 0.99613494 0.99550134 0.99635893 0.993418 0.99350715 0.99594027 0.9942487 0.99369514 0.99410135 0.9954616 0.99604076 0.99719954 0.9959986 0.99630594 0.99833685 0.99775416 0.9984994 0.9980835 0.9974882 0.9968674 0.99730754 0.99681777 0.9968541 0.9978912 0.9961841 0.9954532 0.9958295 0.9966624 0.997047 0.99508804 0.9972142 0.9974107 0.9972787 0.99662143 0.99680054 0.9964429 0.9966897 0.9962253 0.99641985 0.99477553 0.99189186 0.9946181 0.99497557 0.99321944 0.9946691 0.9954244 0.99485815 0.9914665 0.98990405 0.9862591 0.98913884 0.98831606 0.98900676 0.9876572 0.98508877 0.9971114 0.99682736 0.9973683 0.9970848 0.9962037 0.9973592 0.99807084 0.99771994 0.99730843 0.99686956 0.99742657 0.9969414 0.997721 0.9969296 0.9952534 0.9963218 0.9916777 0.985661 0.9836736 0.979686 0.9848081 0.98744947 0.9870298 0.98643225 0.98462534 0.9898884 0.9855048 0.98162925 0.98647624 0.98397064 0.9846003 0.9858001 0.981004 0.9799765 0.9830923 0.98359525 0.9873888 0.9910029 0.988034 0.98827225
MatijasxicxStevanM_SRP18970StevanMatGroficaAgnesa-L2_3 0.99416256 0.99720716 0.99659216 0.9946522 0.99516356 0.99503547 0.9928461 0.99143076 0.99565285 0.9948824 0.99615204 0.99664056 0.9953922 0.9954848 0.99573284 0.99414057 0.9939393 0.9943438 0.9953133 0.99636644 0.9938544 0.99546385 0.99405116 0.9941384 0.99436164 0.99351996 0.99466056 0.9918391 0.9943076 0.99306834 0.9935522 0.9942449 0.9935819 0.9870481 0.9848228 0.9925956 0.9917054 0.99046725 0.99608827 0.9961597 0.9960859 0.995714 0.99640524 0.99447745 0.99381286 0.99465954 0.99586 0.9969737 0.99641585 0.99675846 0.99793047 0.99771476 0.9976585 0.9979582 0.9968403 0.9952727 0.99471945 0.9883744 0.9923749 0.9960049 0.99630123 0.99310905 0.9964707 0.9961624 0.99185187 0.9928664 0.9984086 0.9974125 0.99786747 0.9971128 0.99706733 0.99558294 0.996448 0.99720687 0.99737865 0.9969624 0.9947665 0.9948462 0.99777764 0.99726945 0.99501616 0.9956583 0.9961404 0.9964963 0.99467725 0.9965222 0.9958271 0.9970537 0.9970842 0.9969876 0.9972191 0.99424505 0.9956051 0.9942557 0.9942517 0.99672866 0.9950305 0.9961868 0.9949451 0.9954426 0.9929514 0.99464375 0.9948878 0.99584347 0.9952544 0.99710876 0.99554926 0.9961947 0.99720967 0.9968333 0.9967804 0.99684924 0.9972702 0.9970878 0.9970899 0.99639463 0.9966235 0.99542326 0.9952017 0.9955537 0.9960466 0.9949369 0.9962015 0.99534667 0.9959858 0.99631935 0.9966234 0.9956006 0.9944577 0.9958211 0.9960448 0.99598956 0.9969221 0.9972763 0.9969059 0.9918533 0.9942544 0.9951369 0.9951557 0.99592125 0.99528015 0.99263084 0.99462795 0.9974255 0.99590224 0.99621505 0.9973484 0.99646676 0.99817693 0.99748755 0.99292195 0.9929865 0.9924412 0.989551 0.9967306 0.99598944 0.99592894 0.9951028 0.9948836 0.99602795 0.99666756 0.9948198 0.9949789 0.9951005 0.9959783 0.9953624 0.99562305 0.9968068 0.99666786 0.99689966 0.99629074 0.9942052 0.9954152 0.995407 0.99330735 0.9945735 0.9954043 0.9935084 0.99233186 0.9970837 0.9963623 0.9950319 0.9953009 0.99621063 0.9925951 0.99087936 0.99636114 0.9970287 0.9969949 0.9977462 0.99420995 0.99463326 0.9928493 0.9955056 0.9945717 0.99599725 0.9958126 0.9982841 0.99838513 1.0000002 0.9986266 0.99822414 0.9988649 0.9978137 0.99864006 0.9978868 0.99757165 0.9979104 0.9966086 0.99427766 0.9956747 0.99748445 0.9947561 0.99384737 0.99613005 0.9944128 0.9950456 0.99474204 0.99494475 0.9945559 0.9950773 0.99224496 0.99138695 0.9938281 0.9958106 0.99524695 0.99737364 0.9966927 0.99621224 0.99558604 0.9955809 0.98702955 0.99143046 0.9964403 0.99633783 0.994648 0.9961275 0.99685764 0.9917989 0.9952275 0.9968775 0.99185663 0.9847588 0.9912708 0.9933758 0.99634445 0.99637353 0.99543726 0.99619776 0.992051 0.99743015 0.9979793 0.9973887 0.99607116 0.9925199 0.99715275 0.9967479 0.9970419 0.9966551 0.9935867 0.9964198 0.99631226 0.99581426 0.9938781 0.99652314 0.9976268 0.99756604 0.99567205 0.9943436 0.9968803 0.99692214 0.99783766 0.99755836 0.998378 0.9970681 0.9973083 0.9957825 0.99626654 0.9954085 0.9970917 0.9971181 0.99568456 0.99459785 0.997517 0.99631965 0.99571866 0.9938084 0.9950432 0.99549603 0.9933657 0.99516094 0.9966153 0.99675214 0.99788934 0.99544585 0.9972205 0.99735004 0.9973177 0.9975203 0.99697715 0.99639183 0.9946225 0.99277675 0.99323374 0.99316084 0.9922925 0.992823 0.9922052 0.99304384 0.99275655 0.99452585 0.9951203 0.99576 0.99635637 0.99577004 0.99659836 0.9964949 0.9973365 0.9964577 0.9962675 0.9974398 0.9979729 0.997651 0.99728304 0.9959679 0.99535954 0.99603325 0.9967095 0.9970722 0.9966274 0.9966207 0.99286133 0.99085236 0.989959 0.9963791 0.9942037 0.99417347 0.99740386 0.997626 0.9973252 0.9978735 0.99680847 0.99727505 0.9955982 0.9908362 0.9975846 0.9970917 0.99722934 0.99400455 0.99490184 0.9930891 0.99150693 0.99505293 0.9958432 0.99633557 0.9956038 0.9941983 0.99365544 0.99310255 0.9893041 0.99659747 0.9961333 0.9961378 0.99553764 0.996076 0.9953765 0.9949615 0.99566215 0.99614215 0.9970785 0.99700254 0.99694514 0.99663883 0.9945979 0.9963815 0.9964746 0.9966813 0.99494886 0.9943924 0.9908154 0.9959113 0.9905621 0.9914172 0.99589163 0.9932314 0.9884528 0.98960125 0.9912776 0.99640906 0.98991156 0.99554825 0.99301934 0.9962485 0.99648666 0.99393153 0.99454194 0.9939484 0.99337786 0.9951154 0.9945806 0.9938779 0.99480236 0.99347657 0.99403954 0.9940968 0.9944508 0.9940999 0.9941733 0.9942149 0.99668837 0.99570906 0.99522835 0.99618757 0.99573654 0.9958489 0.9952655 0.99448735 0.99723005 0.9976299 0.9974587 0.9983078 0.9979286 0.9963823 0.99704254 0.9978662 0.9949419 0.9938721 0.99346 0.996829 0.9976142 0.9977933 0.9977556 0.9980057 0.99621207 0.99657375 0.9973362 0.9984583 0.9968808 0.9971194 0.99611276 0.9978928 0.99818075 0.99793065 0.9974034 0.99662834 0.99626744 0.9959064 0.9944996 0.9963808 0.9964293 0.99691373 0.99635684 0.9944238 0.9952807 0.99498594 0.9966026 0.99589264 0.9955622 0.9963824 0.9965603 0.99633086 0.9972389 0.99803233 0.9984375 0.9976243 0.998916 0.9980842 0.99621373 0.9978944 0.9973974 0.99775845 0.9983748 0.9973249 0.9978008 0.9971334 0.99773055 0.99850583 0.99815166 0.9973452 0.9973885 0.99812835 0.9977912 0.99548787 0.99723864 0.9979865 0.9971092 0.99526644 0.99723613 0.9972786 0.9956847 0.99702275 0.9976046 0.99664605 0.9971927 0.99800175 0.99733824 0.99541 0.9936485 0.99078417 0.9931658 0.9933722 0.9934033 0.991879 0.9893811 0.994693 0.9950137 0.9965333 0.9976066 0.99757653 0.997726 0.99720323 0.99829346 0.99766284 0.9951451 0.9953525 0.99553794 0.9964981 0.99706763 0.99617773 0.9970318 0.9955151 0.9913345 0.9894344 0.98623306 0.99019456 0.9922199 0.9919548 0.9913586 0.99018425 0.9943956 0.9911938 0.9880458 0.9920657 0.98989195 0.9906186 0.9914451 0.9875785 0.9867463 0.9894147 0.98988175 0.9926299 0.99059975 0.98831934 0.9891107
MatijasxicxStevanM_SRP18970StevanMatGroficaAgnesa-L2_4 0.9928433 0.99551064 0.99536526 0.9931818 0.9933046 0.9940786 0.99252003 0.9929203 0.9919573 0.9907557 0.99258447 0.9931431 0.9917562 0.9918276 0.9916625 0.9902561 0.9902897 0.9909203 0.9917771 0.9924656 0.98943394 0.9917338 0.99008566 0.99025816 0.9904308 0.98984313 0.99090797 0.9881669 0.9904576 0.9889286 0.99005234 0.9900505 0.9896955 0.98271024 0.98071843 0.98911655 0.9879888 0.98686475 0.9936702 0.9937786 0.99350005 0.993267 0.9949555 0.992405 0.99201417 0.99200934 0.99327314 0.9943285 0.99303067 0.9944892 0.99522656 0.9954848 0.9965616 0.9981376 0.9973664 0.99344534 0.993106 0.986879 0.9908149 0.99378115 0.9944857 0.99084055 0.9941054 0.994647 0.9902287 0.99114084 0.99766326 0.9960501 0.9971315 0.99509484 0.9946883 0.9934074 0.99564165 0.99475574 0.9953533 0.9942181 0.99202776 0.9926476 0.99644107 0.9945699 0.9929409 0.99541944 0.995692 0.9955632 0.99386543 0.9955872 0.9943849 0.99605846 0.9951031 0.9976064 0.9965522 0.99071693 0.9944448 0.99158233 0.991542 0.9953566 0.9947933 0.99528617 0.9938676 0.99450445 0.9913355 0.99203575 0.99185264 0.99339443 0.9930853 0.9948791 0.99351364 0.99379987 0.9942659 0.9944037 0.99411774 0.995011 0.9960587 0.99536115 0.99588156 0.99515045 0.99384564 0.99227715 0.9917621 0.99258476 0.9933945 0.99236846 0.99284494 0.9912721 0.99263424 0.9931907 0.9935297 0.9921892 0.9923269 0.9929377 0.99296194 0.9929636 0.994047 0.99434334 0.993907 0.9885989 0.9924136 0.9935896 0.9931266 0.9968935 0.9949232 0.99356973 0.99490505 0.9955219 0.99239725 0.9928743 0.9966244 0.9953082 0.9975803 0.9958305 0.9917982 0.9921036 0.99192613 0.98959625 0.99393773 0.9929716 0.99263865 0.9940125 0.9939567 0.995266 0.99541956 0.99333936 0.99383044 0.99422824 0.9945874 0.99338967 0.99386454 0.9940449 0.99556917 0.9943632 0.99402237 0.9917934 0.9922888 0.99293256 0.9907578 0.9923643 0.99251455 0.99021006 0.9887829 0.9938907 0.99262345 0.99123806 0.991624 0.99430454 0.988766 0.987128 0.99323875 0.9949938 0.9944674 0.9964736 0.9904797 0.9903519 0.98853946 0.99175286 0.9908948 0.99212635 0.992024 0.9965578 0.9979746 0.9986266 0.99999976 0.9979952 0.9985831 0.99822307 0.99844474 0.99840283 0.99823457 0.99700284 0.9980241 0.9962509 0.9976083 0.99722934 0.99157596 0.990496 0.99344337 0.99136996 0.9922309 0.9923065 0.9920479 0.99194634 0.99291253 0.9907704 0.98978764 0.9917224 0.9934346 0.99363506 0.99571896 0.9944939 0.9948708 0.99426347 0.99381834 0.983682 0.98878515 0.99344844 0.99496377 0.9932325 0.99443483 0.9966449 0.9902851 0.9948734 0.9943512 0.98927796 0.9811537 0.98864996 0.9909157 0.99534917 0.99472725 0.9948921 0.99398685 0.9910556 0.9968526 0.9967519 0.99662733 0.9960856 0.9908247 0.99652565 0.9942721 0.99585 0.99503016 0.99114054 0.99471945 0.99500424 0.9952264 0.9924386 0.99593836 0.99581087 0.99589765 0.9944403 0.99397516 0.99453866 0.99408835 0.9961776 0.9953638 0.996664 0.9960331 0.99543244 0.9941177 0.9936505 0.99340785 0.9945989 0.99543697 0.994434 0.99274856 0.99518925 0.99464786 0.9950287 0.9938109 0.9929887 0.9933547 0.9913599 0.993388 0.9942192 0.9951083 0.9961721 0.99485385 0.99679196 0.99741304 0.9953331 0.9963865 0.9965263 0.99661213 0.99177086 0.989019 0.989621 0.98962206 0.98841786 0.9890655 0.98876095 0.9894846 0.98987716 0.99251676 0.99193215 0.9920955 0.9934632 0.99375176 0.993991 0.99467844 0.99525857 0.9930739 0.9930567 0.9950907 0.99556524 0.9952847 0.99515283 0.9937837 0.99347776 0.9944781 0.9934067 0.9937874 0.9930522 0.9929237 0.99272335 0.9903258 0.9898835 0.9949694 0.99161494 0.9927024 0.99450755 0.9944601 0.99416643 0.99525476 0.99407375 0.99479705 0.9930047 0.9879794 0.9951948 0.9954288 0.9951801 0.9912843 0.99243355 0.99134064 0.98927456 0.9917073 0.9936132 0.99372244 0.99326324 0.9920733 0.9916367 0.9912789 0.98737013 0.9940765 0.9937717 0.99333584 0.9926771 0.99346375 0.99314857 0.99374104 0.99455214 0.9942636 0.99539155 0.9959962 0.9952454 0.9937808 0.9916656 0.9933242 0.9932769 0.99362445 0.99231577 0.9906731 0.98788667 0.9930075 0.9870146 0.9877639 0.99236333 0.99004865 0.98456085 0.986134 0.98760486 0.99352527 0.9867459 0.9929263 0.9896893 0.9934191 0.9942391 0.99110156 0.9908699 0.990583 0.9897269 0.9919121 0.9921052 0.99103284 0.9925464 0.99093986 0.9907139 0.9911747 0.99104065 0.99101406 0.99110293 0.99137026 0.9935954 0.99387085 0.99363035 0.99440855 0.9934156 0.99437666 0.9936076 0.99321437 0.99632734 0.99643046 0.99574584 0.9965615 0.995876 0.99534214 0.99573 0.9965296 0.99566054 0.9942061 0.99338746 0.9950766 0.996769 0.9974253 0.9961412 0.99670243 0.9949737 0.99503756 0.9963472 0.99700224 0.9947566 0.9953065 0.99331635 0.9963884 0.9967499 0.9966866 0.9960522 0.995258 0.9953617 0.9924961 0.9908095 0.992751 0.99319476 0.99396586 0.99321294 0.9901426 0.991135 0.9918663 0.993658 0.9929291 0.99284303 0.99374807 0.99435043 0.9940851 0.9948178 0.99624515 0.9972242 0.9958986 0.99823457 0.99651456 0.99550277 0.9954527 0.99512744 0.99559724 0.9978431 0.9967493 0.99553645 0.9940582 0.99484295 0.9971532 0.99591225 0.9947042 0.9955852 0.99658424 0.9960309 0.995381 0.99646056 0.99673915 0.99538046 0.99279904 0.99470687 0.99457055 0.99288934 0.99470234 0.9957019 0.99484295 0.9945671 0.9965267 0.99489707 0.9928311 0.9907157 0.9886573 0.99076915 0.9905813 0.99105865 0.9891772 0.9873344 0.9934465 0.99296093 0.9949792 0.9962185 0.9960798 0.9963324 0.9958255 0.99734354 0.9963733 0.9929163 0.99419713 0.99369496 0.995038 0.99525434 0.9935886 0.9957597 0.9921267 0.98803365 0.9860305 0.9828279 0.9857346 0.9883776 0.9882887 0.9871632 0.9865262 0.99142593 0.987639 0.98464656 0.988955 0.9865054 0.98668754 0.9881181 0.9846498 0.9831178 0.9858963 0.98612344 0.98936224 0.98942316 0.9874531 0.98735493
MatijasxicxStevanM_SRP18970StevanMatGroficaAgnesa-L2_5 0.99182945 0.99481606 0.9945004 0.9935151 0.9940516 0.99214065 0.9898235 0.9885229 0.99345374 0.99281603 0.99464744 0.99440527 0.9944332 0.9947577 0.9934214 0.992759 0.99189144 0.9917679 0.99293005 0.99499655 0.9929264 0.9944793 0.9903099 0.9913321 0.9908996 0.99090576 0.9919192 0.9905535 0.9919302 0.99159145 0.99186105 0.9915337 0.9922206 0.9858292 0.98394763 0.9897293 0.98841214 0.9879953 0.9946429 0.99540234 0.99561423 0.9955037 0.99586076 0.99438435 0.9917759 0.9926372 0.99539727 0.9961824 0.9954512 0.9961195 0.996539 0.99639285 0.9970155 0.9964166 0.99605596 0.9927113 0.9918828 0.9845238 0.98950803 0.99411345 0.9941158 0.99064547 0.9937785 0.9937916 0.98872745 0.9895187 0.9975839 0.99593914 0.997826 0.99618113 0.9943559 0.9918562 0.9954955 0.9964905 0.99619716 0.9960785 0.99236685 0.9923868 0.9963417 0.9960259 0.99353266 0.99579656 0.99554807 0.9968335 0.99500525 0.9975108 0.9970953 0.9975516 0.9974835 0.99711037 0.9971877 0.9932136 0.99458927 0.9923054 0.99253994 0.9959962 0.99431384 0.996574 0.9936748 0.99470747 0.99157166 0.9932511 0.99371725 0.9966344 0.9966263 0.99538237 0.9952768 0.9956597 0.99619067 0.9963918 0.99646246 0.9969753 0.99723315 0.99700886 0.99694586 0.9968113 0.99495196 0.99448967 0.9936237 0.9939553 0.99471223 0.99356335 0.9943524 0.99357325 0.995045 0.9941767 0.9956438 0.99308985 0.9921342 0.994028 0.99427927 0.9939446 0.99589515 0.9960908 0.9951722 0.9901896 0.99275136 0.99348885 0.9938227 0.9955578 0.99510694 0.9927232 0.99452984 0.99537104 0.9939546 0.99506605 0.99550015 0.9948257 0.9967474 0.9962235 0.9896791 0.99045706 0.990092 0.98731315 0.9954425 0.99498403 0.99434984 0.9959494 0.9958127 0.9959313 0.99602056 0.99491286 0.99480677 0.9952997 0.9955293 0.99489254 0.9944352 0.99613607 0.99551064 0.9963386 0.99536896 0.99420035 0.9951378 0.9951722 0.9933104 0.9945028 0.9940777 0.99261576 0.99155056 0.99526125 0.9948393 0.9937584 0.99411774 0.9964852 0.9921511 0.99100274 0.99514455 0.99676526 0.9966379 0.99651736 0.99252224 0.9931701 0.9917719 0.99402684 0.99361134 0.994269 0.99394536 0.996761 0.99675035 0.99822414 0.9979952 1.0 0.99923813 0.99825984 0.99711823 0.9973139 0.99695885 0.9980031 0.9958538 0.9931768 0.9950559 0.9982095 0.9926725 0.99134576 0.99443656 0.99299574 0.9932655 0.99285877 0.994248 0.99210835 0.99282515 0.9907578 0.98954135 0.99200255 0.9940223 0.99341536 0.99694526 0.995081 0.99444234 0.99347943 0.99379987 0.9809829 0.98674774 0.99434125 0.9943545 0.9917153 0.9937398 0.99563986 0.98867434 0.99214715 0.99539965 0.99160266 0.9851042 0.9906315 0.9923112 0.9937628 0.994122 0.9928873 0.9930796 0.9887103 0.9952765 0.9960231 0.9956342 0.99367255 0.9893168 0.9955441 0.9939263 0.99411404 0.9939182 0.9907289 0.9944416 0.9940885 0.9953482 0.9919788 0.9954766 0.9966989 0.99636394 0.99436903 0.9928916 0.9960705 0.9963488 0.99711317 0.99644417 0.99790484 0.99659604 0.99679554 0.9924905 0.99325895 0.9932196 0.9950515 0.99547476 0.99255246 0.9909413 0.9952695 0.9932073 0.992942 0.9917201 0.99201757 0.99251026 0.99095535 0.99171364 0.9938556 0.99370205 0.99530286 0.992909 0.99546015 0.9957389 0.9954647 0.995288 0.99526364 0.99527353 0.9933272 0.9930568 0.9917684 0.99307853 0.99181527 0.9930861 0.9917754 0.98977053 0.9904881 0.99254704 0.993607 0.9947188 0.9949363 0.99423784 0.9961558 0.9943385 0.99658847 0.9938163 0.9933911 0.9959539 0.99605817 0.9961373 0.9961499 0.9948378 0.99461 0.9948871 0.99433374 0.9954264 0.9946469 0.99461013 0.99075884 0.9893087 0.9879548 0.99647087 0.9944801 0.9949013 0.9949902 0.9958841 0.9960962 0.99644834 0.99530566 0.99535584 0.9944403 0.9888282 0.9958317 0.99576825 0.9958072 0.9914276 0.9931426 0.99084675 0.98944855 0.99175346 0.99311996 0.9936143 0.9931251 0.9907129 0.9906785 0.98995125 0.99040467 0.99600893 0.9950458 0.99563396 0.9949069 0.99538493 0.99341345 0.99338645 0.99415094 0.99512446 0.99560565 0.99551594 0.9953342 0.99508065 0.9941989 0.9953417 0.9948958 0.99582124 0.99502134 0.99287796 0.99167573 0.99436927 0.99023414 0.9910376 0.9943944 0.99243414 0.98853344 0.9891908 0.991073 0.994089 0.9894484 0.9939857 0.9923309 0.9942783 0.9949658 0.99455756 0.9945 0.99438596 0.99390805 0.99472195 0.99295455 0.9918762 0.9921476 0.99140793 0.9917107 0.99189895 0.99222773 0.99120927 0.9915483 0.99159247 0.99512845 0.9950048 0.9942873 0.9949724 0.9962344 0.99513805 0.9942567 0.9945413 0.9974416 0.99666315 0.9973885 0.99693084 0.9976768 0.9954341 0.9957142 0.9973224 0.9928733 0.9924226 0.992224 0.99740815 0.99757385 0.997882 0.9975507 0.9971816 0.9955627 0.99594456 0.99700373 0.9967292 0.9967869 0.994216 0.9938469 0.9966112 0.9970062 0.9968535 0.9970256 0.9965615 0.99659055 0.9946005 0.99380034 0.99453396 0.99460363 0.995857 0.9940664 0.99253654 0.99368143 0.9924925 0.9951698 0.99494195 0.99359566 0.9946553 0.99426776 0.9936255 0.99598956 0.9966993 0.99691033 0.99685705 0.9978872 0.99559385 0.99372846 0.99570835 0.995112 0.996832 0.99747646 0.99516195 0.99621177 0.9961611 0.99684167 0.99742365 0.99639505 0.9954904 0.99519515 0.9958005 0.99508387 0.99382746 0.99600697 0.99603474 0.99554884 0.9926042 0.9959466 0.99549645 0.99539936 0.9965494 0.9966146 0.9958619 0.9962361 0.9964459 0.9963206 0.993397 0.99141806 0.9885019 0.99047434 0.99231434 0.99165297 0.9891804 0.98709434 0.99259156 0.992372 0.99433494 0.9960549 0.9967805 0.99637574 0.99486536 0.99645615 0.9961341 0.99253905 0.9934009 0.9929388 0.9950995 0.99618226 0.99536246 0.9962741 0.99503064 0.99204236 0.99055916 0.9880308 0.9905138 0.9926934 0.99273896 0.9919148 0.9913776 0.9934482 0.9907435 0.9881184 0.99184215 0.98922545 0.99010205 0.99196714 0.98857766 0.9879086 0.989962 0.9900544 0.9917981 0.98825526 0.9854332 0.98669326
MatijasxicxStevanM_SRP18970StevanMatGroficaAgnesa-L2_6 0.99299073 0.99620354 0.99609655 0.99453187 0.9950695 0.99366194 0.99149656 0.98997045 0.99467885 0.9939767 0.99553674 0.9955998 0.9951857 0.99533135 0.9945843 0.9938511 0.9930778 0.993378 0.9943546 0.9956704 0.9933496 0.9950304 0.9923713 0.99316764 0.99290156 0.99265844 0.9933671 0.9918711 0.9934993 0.9926875 0.9931624 0.99297255 0.9932455 0.98692954 0.98508143 0.99143344 0.99045414 0.989697 0.9956725 0.99641967 0.99621874 0.99595004 0.99645615 0.99510527 0.9932832 0.99412704 0.99597204 0.996666 0.99619853 0.99670994 0.99702907 0.9965359 0.9969567 0.9971879 0.9963245 0.99473864 0.9940007 0.9873841 0.99192524 0.9953651 0.9953284 0.99282324 0.99532115 0.9950655 0.9908109 0.99169505 0.9978764 0.9962278 0.9977147 0.99710447 0.99565077 0.99371266 0.9961744 0.9967943 0.99663603 0.9965478 0.9937481 0.99340826 0.99734557 0.9969475 0.9944879 0.99638283 0.9968219 0.9973618 0.99571884 0.99791616 0.99735737 0.99822456 0.99789274 0.99782044 0.9976387 0.99356425 0.99501663 0.99262995 0.9926535 0.9962062 0.99448293 0.99665266 0.9938079 0.99470097 0.9916568 0.99333066 0.99352294 0.99614656 0.9960774 0.9956451 0.9951941 0.9955898 0.9961495 0.9961376 0.99627465 0.99704397 0.99738556 0.9969728 0.99731934 0.99664813 0.9952803 0.9948569 0.99384946 0.99451673 0.9951452 0.9937572 0.9951915 0.99454725 0.9960395 0.99536484 0.9963623 0.9946303 0.99386036 0.9952341 0.99583936 0.9955965 0.9971758 0.9971852 0.9961332 0.9913199 0.99408394 0.9948423 0.99518836 0.99674547 0.99595654 0.9935614 0.9953972 0.9963347 0.9943527 0.9953094 0.9965761 0.99581003 0.99764943 0.99694395 0.9919226 0.9920843 0.9911297 0.9890363 0.99596673 0.9954585 0.99508846 0.9961139 0.9958143 0.9960805 0.99628234 0.99466723 0.99508727 0.99528295 0.99571145 0.9947142 0.99484515 0.9962515 0.99594426 0.99629605 0.99547666 0.99410206 0.9951679 0.9952681 0.9934908 0.9946565 0.99454737 0.9929485 0.99191654 0.9961926 0.99537396 0.99453783 0.99490297 0.99641585 0.9919391 0.99029845 0.9959688 0.99729145 0.9969243 0.99746513 0.99346447 0.99376345 0.9922945 0.99459827 0.99434316 0.9953526 0.99484605 0.99766266 0.9978394 0.9988649 0.9985831 0.99923813 1.0000004 0.9987823 0.9983134 0.99758387 0.9975481 0.99781734 0.99636024 0.99400795 0.9958307 0.99830306 0.994047 0.9925525 0.9956418 0.9943033 0.9945985 0.99430543 0.99513876 0.9936399 0.9942547 0.99154913 0.9905684 0.9931164 0.9948207 0.99422026 0.99748397 0.99581647 0.9951247 0.99394006 0.9945368 0.98455733 0.9899227 0.9950636 0.99499524 0.99272466 0.9942755 0.99596846 0.98938185 0.9934566 0.9956671 0.99169207 0.9847771 0.9906335 0.9925239 0.9946023 0.99459654 0.9945797 0.99466735 0.99016356 0.9969982 0.9974974 0.9973497 0.99508965 0.9903819 0.9961448 0.99492407 0.9954539 0.9950966 0.99158084 0.9952922 0.9948667 0.9950694 0.99211216 0.99591756 0.99686754 0.99655104 0.99454314 0.992907 0.9964568 0.99652386 0.9975554 0.9971299 0.9984046 0.9970267 0.99688965 0.9943038 0.9950119 0.9946811 0.9964065 0.9968773 0.9940631 0.9927789 0.99602413 0.9951256 0.9943461 0.99240005 0.9934426 0.99381536 0.9922367 0.993616 0.99493647 0.9954243 0.99655217 0.994475 0.99656016 0.99688804 0.996745 0.9962219 0.99597234 0.9958567 0.9938301 0.99276596 0.99217826 0.9931985 0.9920245 0.99297774 0.99173856 0.9916357 0.9920277 0.99366534 0.99426866 0.99532205 0.9960049 0.9954549 0.99671924 0.99525386 0.997216 0.9952118 0.9947624 0.9966604 0.9970055 0.9969428 0.9969575 0.99598527 0.9956264 0.996202 0.99584436 0.9961039 0.99575317 0.9958216 0.9927724 0.9912284 0.99010193 0.99706054 0.9948915 0.9953218 0.99630046 0.9968482 0.9968941 0.9973425 0.9962344 0.9968015 0.99537396 0.990514 0.99690866 0.99705625 0.9969902 0.993697 0.99462754 0.9928279 0.99154127 0.9938857 0.99486446 0.9949476 0.9946663 0.99287117 0.9925847 0.99208146 0.990566 0.99666107 0.99588823 0.9963208 0.99542874 0.99610674 0.9951901 0.99448204 0.9953457 0.99576104 0.9966353 0.9969683 0.9969935 0.99572 0.99442744 0.9959264 0.9958345 0.99611324 0.99540764 0.99408686 0.99161875 0.99540955 0.9905256 0.99117565 0.9949829 0.99291885 0.9888797 0.9896053 0.9914211 0.99526477 0.9902389 0.99522793 0.9932524 0.9955139 0.99601537 0.9943542 0.99413526 0.9939874 0.9933607 0.9947862 0.9944293 0.99346316 0.99349546 0.9931706 0.9934315 0.9940125 0.9936771 0.993268 0.9935838 0.9937961 0.9957836 0.9950639 0.99446803 0.9959597 0.9958591 0.99486965 0.9943143 0.99401605 0.9973748 0.9974013 0.99766946 0.997612 0.99803364 0.9964892 0.9963459 0.99774337 0.9940479 0.9928487 0.9925854 0.99742514 0.9975656 0.9980764 0.99759054 0.9977241 0.99604166 0.9967947 0.9975609 0.9975555 0.9971171 0.9952611 0.9949981 0.99725974 0.9975302 0.99719816 0.99748397 0.9969097 0.99669075 0.9952663 0.99447495 0.99530536 0.9956451 0.99654436 0.99517345 0.9931782 0.9942454 0.99348843 0.99560493 0.99533176 0.99401605 0.9952948 0.9952038 0.9948578 0.99623924 0.9971828 0.99816906 0.99786174 0.99857277 0.9969797 0.9945574 0.9968215 0.99615484 0.99759835 0.9981179 0.99628156 0.99662405 0.9970569 0.9974515 0.9979691 0.99750733 0.99653685 0.996367 0.99700993 0.9967303 0.99433297 0.9965271 0.9971317 0.99606246 0.9938467 0.996599 0.99615073 0.99532324 0.99662346 0.9966922 0.99586594 0.99665487 0.9967355 0.9968056 0.99439794 0.99232453 0.9894119 0.9914998 0.99282205 0.9925293 0.99038404 0.98821324 0.9937957 0.99391335 0.99553347 0.9971508 0.9974902 0.99719954 0.996275 0.99755985 0.9973069 0.99354595 0.99438334 0.99398077 0.99585533 0.99676234 0.99569017 0.9965121 0.99497056 0.9915105 0.9902368 0.9872071 0.990551 0.9924343 0.9925575 0.9917039 0.9909975 0.994026 0.990998 0.98839355 0.99189526 0.9899968 0.99046475 0.9919542 0.98836476 0.98777115 0.99001944 0.99001914 0.9922098 0.98967177 0.9872976 0.98806584
MatijasxicxStevanM_SRP18970StevanMatGroficaAgnesa-L2_7 0.992998 0.99534786 0.9958966 0.9952317 0.9951598 0.9931032 0.9917128 0.99064136 0.9922003 0.9921936 0.99358207 0.9936234 0.99330807 0.9932172 0.9930167 0.9926245 0.99221116 0.99255306 0.993053 0.9935611 0.99104613 0.99330187 0.9899943 0.9913335 0.9909805 0.9907246 0.99158126 0.99020314 0.99201614 0.9910785 0.991961 0.99095243 0.9917028 0.9847859 0.98322296 0.9898054 0.989032 0.9884275 0.99408215 0.9955497 0.9951123 0.99446595 0.9954253 0.9942669 0.9926595 0.9928638 0.9948451 0.9952935 0.9942283 0.99519986 0.9948343 0.99426985 0.99541533 0.9967666 0.9954697 0.994041 0.99358845 0.9875272 0.9924034 0.9946702 0.99488795 0.99256766 0.9934785 0.99371016 0.9907471 0.99139136 0.99674594 0.99410653 0.99628776 0.9951107 0.9938336 0.9916221 0.99498874 0.995099 0.9951995 0.994907 0.99175507 0.9920269 0.99645513 0.99510574 0.99342436 0.995524 0.9959722 0.99533695 0.9947309 0.996271 0.99572504 0.9969054 0.99656767 0.99733436 0.99622864 0.991894 0.993766 0.99152505 0.99134064 0.9951733 0.9939743 0.99570423 0.9927139 0.9940376 0.99093544 0.9924621 0.9921155 0.9933477 0.9939623 0.9934778 0.99331856 0.99336016 0.9940583 0.9940893 0.9939958 0.9958072 0.99561656 0.99546707 0.99546856 0.9953813 0.9925606 0.9919406 0.9909553 0.9920101 0.992775 0.9908125 0.9929266 0.9917424 0.9939077 0.99335325 0.99466074 0.99235636 0.9918283 0.99329776 0.9943287 0.99372786 0.995197 0.9955888 0.99428606 0.99058884 0.99383706 0.99438065 0.9944119 0.9960336 0.9952345 0.99359894 0.9952449 0.99404484 0.9909463 0.9923887 0.9945605 0.99380946 0.9962325 0.9950085 0.99083704 0.9906582 0.99003005 0.9878751 0.9939016 0.9935446 0.9933955 0.99554324 0.9957354 0.9942046 0.9950763 0.99228716 0.9936552 0.99364156 0.9940337 0.9930408 0.993861 0.99406683 0.99431074 0.9939317 0.99359804 0.9922246 0.9925912 0.99314415 0.99136525 0.99340063 0.9924143 0.99119955 0.99035645 0.99401283 0.9928703 0.9923082 0.9928585 0.9948433 0.9885203 0.9867061 0.9935518 0.99557734 0.99468774 0.99618703 0.9909907 0.99062073 0.9897984 0.99214584 0.9922653 0.9929996 0.99226314 0.9961762 0.9967305 0.9978137 0.99822307 0.99825984 0.9987823 1.0000005 0.9977075 0.99637073 0.99679935 0.99608934 0.99515325 0.9931591 0.99552053 0.9970543 0.9927482 0.99111384 0.9940578 0.99291307 0.9930443 0.99376684 0.99391246 0.99270797 0.9939628 0.9921406 0.9913295 0.993096 0.99363685 0.9938868 0.9956477 0.99465704 0.9945873 0.9928929 0.99410325 0.9827074 0.98880476 0.9929105 0.99363583 0.9907602 0.99265045 0.9952922 0.9862697 0.992396 0.9934913 0.988788 0.9799979 0.98697037 0.9889174 0.9925099 0.99287844 0.9940221 0.9930261 0.98818874 0.9962005 0.99655616 0.997206 0.99419546 0.98826087 0.99481326 0.9928019 0.99455655 0.993647 0.98934466 0.99309266 0.9930549 0.99437404 0.9903274 0.99425733 0.99480796 0.9949209 0.99316835 0.992234 0.99457407 0.99457645 0.99652004 0.99559534 0.997217 0.9952382 0.99485326 0.9926796 0.99320793 0.9934702 0.99454814 0.9958937 0.9926314 0.99106526 0.9949041 0.994327 0.9929621 0.9907733 0.99121225 0.99124265 0.9903605 0.99177676 0.99314547 0.99369687 0.99525535 0.9926384 0.9949711 0.99589974 0.9949038 0.9946782 0.99450374 0.9950018 0.9912171 0.9893527 0.98922503 0.99016315 0.9892936 0.98988307 0.98846966 0.98978937 0.9910802 0.9924132 0.9909047 0.9922718 0.9936163 0.9933999 0.99445444 0.9926716 0.99535584 0.9924903 0.9927781 0.9947394 0.9950788 0.99494576 0.99535966 0.99497247 0.9948081 0.9952789 0.9943357 0.99399894 0.9935934 0.99377245 0.9936507 0.9923665 0.9916513 0.995278 0.9925672 0.9933827 0.99449515 0.9951665 0.9953686 0.99632215 0.9951487 0.99554574 0.994519 0.990016 0.9955776 0.99623847 0.99588615 0.9928611 0.9940032 0.9926319 0.99121344 0.992489 0.99395144 0.9939415 0.993837 0.99253523 0.99263424 0.99148035 0.9894452 0.9950659 0.9939836 0.9953288 0.99441093 0.9948697 0.9941347 0.99234664 0.993388 0.9938682 0.9949304 0.99587876 0.995845 0.9939004 0.99283254 0.9938817 0.99360245 0.99374396 0.9936453 0.99221224 0.99016285 0.99346435 0.9889432 0.98932344 0.9927326 0.9913649 0.98696333 0.9883649 0.98960936 0.9932628 0.9890241 0.99340343 0.99151635 0.9934806 0.99457043 0.99202317 0.9912193 0.9912532 0.99056756 0.9925993 0.9931048 0.991797 0.9914688 0.99135214 0.99139893 0.9927516 0.99144095 0.991535 0.9922663 0.9925724 0.99423295 0.9941656 0.9932619 0.99484867 0.9941 0.99325573 0.99260247 0.9923663 0.99522495 0.9960203 0.9962297 0.99564713 0.9961881 0.99514407 0.9947161 0.9959124 0.99337375 0.9916722 0.9912382 0.9956358 0.995486 0.9959729 0.99520355 0.9957402 0.99437755 0.994995 0.99626195 0.9965721 0.9956648 0.9937843 0.9927997 0.99598885 0.9961693 0.99621195 0.9962574 0.99433494 0.99468666 0.9925008 0.9917447 0.9925412 0.99351054 0.9944037 0.992766 0.99034226 0.99161655 0.9910322 0.9931375 0.99345887 0.9921642 0.99307275 0.9934853 0.9928339 0.9941032 0.99565464 0.9972034 0.9963367 0.9969677 0.9953258 0.99287266 0.9952458 0.99400616 0.99569446 0.99658954 0.9945165 0.99483556 0.99515796 0.995083 0.99691904 0.9958139 0.99505395 0.99475735 0.9961074 0.99581116 0.9932098 0.9959503 0.9965995 0.9949266 0.9923254 0.99506146 0.9947355 0.9937188 0.994775 0.99524456 0.99452925 0.9950248 0.99573255 0.9954761 0.99360317 0.9918649 0.98986524 0.99126744 0.9920493 0.99212384 0.9902349 0.9883207 0.99114084 0.99155414 0.99351454 0.9953786 0.9958737 0.99512213 0.99436647 0.9964908 0.99584764 0.99053687 0.99195457 0.9912114 0.99368286 0.9943042 0.99264157 0.9940351 0.9922156 0.9892561 0.9871569 0.9840286 0.98780173 0.9897158 0.9900322 0.9889169 0.9885724 0.99197555 0.98905617 0.9867182 0.9895632 0.98856753 0.98822516 0.989534 0.98673975 0.9855336 0.98803467 0.98768485 0.99050754 0.98943466 0.98811907 0.9883701
MatijasxicxStevanM_SRP18970StevanMatGroficaAgnesa-L2_8 0.9942725 0.9977651 0.996713 0.9935941 0.9941554 0.99647784 0.9944523 0.9932385 0.99377257 0.99251676 0.99381465 0.99525344 0.9925395 0.99234617 0.99407125 0.99217165 0.9922727 0.99341464 0.9945459 0.99403524 0.9901056 0.99224824 0.9938974 0.99345577 0.9931023 0.99106157 0.99274737 0.98889863 0.99250716 0.9899944 0.99083245 0.99216396 0.9907552 0.984936 0.9823249 0.9928282 0.992258 0.9895294 0.9962126 0.99605125 0.9950876 0.9940494 0.9966915 0.9932043 0.9947834 0.9953518 0.99487555 0.9954651 0.99492556 0.9944533 0.99597293 0.995288 0.99532574 0.9975008 0.99566746 0.9956361 0.9959221 0.99029595 0.9933672 0.9953918 0.99575055 0.9937095 0.9963302 0.9962902 0.9940617 0.9947683 0.99744827 0.9963853 0.996647 0.9970784 0.99663043 0.9962943 0.9970726 0.99571276 0.9968114 0.9952065 0.99532187 0.99523914 0.99783653 0.9962911 0.99534464 0.99504495 0.9965315 0.99491453 0.99392587 0.9954288 0.9939236 0.9960111 0.9955591 0.99694043 0.9965451 0.990839 0.9957419 0.99323165 0.9930574 0.9958158 0.99466884 0.9955095 0.99436945 0.9943395 0.9927057 0.9932071 0.99266833 0.9930546 0.991995 0.9961447 0.99253124 0.99318206 0.99523795 0.9943972 0.9942777 0.9948981 0.9954513 0.9954429 0.9959185 0.99426657 0.9956585 0.994402 0.99378335 0.9945403 0.9951015 0.9934183 0.9951513 0.9939924 0.99522656 0.9960973 0.99488866 0.9954419 0.99612784 0.9962868 0.9961931 0.9963804 0.99634624 0.9966629 0.99632686 0.9903807 0.99468195 0.99566144 0.9951553 0.99584955 0.9941714 0.9918441 0.9940009 0.9963292 0.99342835 0.9935678 0.9977766 0.99754936 0.9983923 0.99724674 0.99543536 0.995136 0.99378866 0.992558 0.9957664 0.9947274 0.9941179 0.99385643 0.9935167 0.99423116 0.9946334 0.9923146 0.99267536 0.99319994 0.99391687 0.99218833 0.99376315 0.9946694 0.9953128 0.99475414 0.9940154 0.99078155 0.9926686 0.9925542 0.9900711 0.9919276 0.99349886 0.99042875 0.989375 0.9956241 0.99338543 0.991632 0.9919229 0.9936927 0.9886544 0.98618996 0.9954661 0.99608916 0.995208 0.99697804 0.99192584 0.99206644 0.9890834 0.9928989 0.991665 0.9941788 0.9944772 0.9984911 0.9991562 0.99864006 0.99844474 0.99711823 0.9983134 0.9977075 1.0000001 0.99668646 0.99610615 0.99562865 0.99539083 0.9933923 0.9948112 0.99542165 0.9940105 0.9936232 0.9955697 0.99268734 0.9946326 0.9938455 0.99351084 0.99471575 0.9951601 0.9914351 0.9905635 0.9927119 0.9942442 0.9943966 0.99494916 0.9958516 0.9957418 0.9952986 0.9945734 0.9898967 0.99364835 0.99509144 0.9962349 0.99529016 0.9958373 0.9955893 0.99240273 0.9952653 0.99468386 0.98783165 0.978924 0.9870777 0.98974645 0.99570024 0.9953958 0.9973467 0.9966047 0.99367964 0.9978791 0.99766636 0.9983721 0.9973784 0.99412674 0.99806434 0.99662536 0.9974172 0.997401 0.9930184 0.99643195 0.9963209 0.9954182 0.9940401 0.9968758 0.9966823 0.99637234 0.9947957 0.99402046 0.99546987 0.99486166 0.9971584 0.99722034 0.99733967 0.99705905 0.99641687 0.99705154 0.9966776 0.99577063 0.99666715 0.99755746 0.9965879 0.99603885 0.99655455 0.9966619 0.99610144 0.99443257 0.99571764 0.99564785 0.9929298 0.99630725 0.99668527 0.9973477 0.99749744 0.9969609 0.99786156 0.9978838 0.99761575 0.9975051 0.9973596 0.9971027 0.99205863 0.98848534 0.9900775 0.9891774 0.98831093 0.9887241 0.988409 0.9933557 0.9933549 0.9951457 0.99435127 0.9940987 0.9960922 0.99679124 0.9961417 0.9966532 0.9969437 0.995955 0.9960076 0.9959631 0.99715054 0.9962254 0.99613345 0.99436295 0.9935023 0.99488795 0.9958212 0.9954289 0.99518764 0.9954277 0.99385893 0.99132276 0.99062383 0.99417335 0.99083054 0.9914378 0.9969026 0.99558103 0.9953345 0.99620956 0.9945243 0.9961555 0.99324965 0.98895556 0.99676216 0.99595714 0.99603796 0.9939572 0.9931967 0.9925571 0.9905431 0.9946885 0.99531555 0.995653 0.99434376 0.9943854 0.9935443 0.9927628 0.98584574 0.99627876 0.99646115 0.99568355 0.995143 0.99595445 0.99642134 0.9956169 0.9958755 0.9960165 0.9972743 0.9975277 0.9975489 0.9955545 0.9922001 0.9957613 0.99553704 0.9954634 0.99325365 0.9929662 0.9878854 0.99519837 0.98711795 0.9880072 0.99370855 0.99008775 0.98451334 0.98621523 0.98799264 0.996154 0.9879239 0.9950518 0.9908379 0.9954269 0.99622977 0.99066144 0.99060917 0.99013364 0.9892191 0.9925138 0.9929931 0.9948213 0.9960955 0.9951627 0.9950949 0.9950402 0.9952362 0.9950594 0.99487865 0.99540246 0.9948746 0.99355274 0.992774 0.9961191 0.993313 0.9942187 0.9936237 0.99174625 0.9955526 0.9968395 0.9962902 0.9976858 0.99650186 0.9973132 0.9971599 0.9970337 0.996303 0.99449325 0.9939842 0.994769 0.9966067 0.99731874 0.9961813 0.99706364 0.99580956 0.99622774 0.9969533 0.9976473 0.99457026 0.9970297 0.9954432 0.99713314 0.99737775 0.9969603 0.99592793 0.9957632 0.99542814 0.99468553 0.9925978 0.9944924 0.9956561 0.99518824 0.99562997 0.9924342 0.99307716 0.99478006 0.99455863 0.9938924 0.99403626 0.9951683 0.99590695 0.9965378 0.99559206 0.9966613 0.9986154 0.9977847 0.99849546 0.9982662 0.9967108 0.99705565 0.99695885 0.9967633 0.99703217 0.99757147 0.9964483 0.996207 0.9958493 0.9969928 0.99739903 0.9961009 0.99761945 0.99789757 0.9979049 0.9962498 0.99695647 0.9976883 0.99655384 0.99596477 0.9966908 0.9954874 0.99301064 0.99509704 0.99573594 0.9943303 0.9953317 0.99625707 0.99569887 0.9936769 0.99223536 0.9890676 0.99163884 0.99053365 0.9912458 0.9903172 0.9882105 0.9958517 0.9960386 0.9969627 0.99730945 0.99662775 0.99744135 0.99790096 0.99818146 0.9975301 0.99580836 0.996395 0.99588525 0.99670887 0.99623215 0.9947419 0.9956553 0.9920109 0.98655003 0.9844545 0.9801865 0.9860916 0.988279 0.9878246 0.98724 0.98571604 0.991377 0.98745126 0.98385125 0.98780066 0.9863338 0.9863458 0.98714375 0.98293585 0.98167217 0.9847177 0.98509914 0.9891969 0.9928088 0.9906706 0.9906218
MihajlovicBranko_SRP18780BrankoMPredZoru-L2_1 0.99010235 0.9935171 0.99338174 0.99154437 0.9913974 0.9915362 0.9897384 0.9899404 0.9924881 0.9907262 0.99277085 0.99298644 0.9919337 0.99202096 0.99078214 0.9897517 0.98920083 0.98940295 0.9904953 0.9926963 0.98981 0.99171805 0.98966545 0.9899558 0.98987603 0.9897304 0.9903716 0.98854256 0.9895267 0.9887444 0.989732 0.989712 0.9893365 0.9812228 0.9790188 0.9869561 0.98593116 0.9847373 0.9923897 0.9932468 0.99276143 0.9923307 0.99317163 0.9914209 0.9895302 0.99028265 0.99241525 0.99399894 0.99281746 0.9940311 0.9954496 0.9957569 0.9963961 0.99625266 0.9962642 0.9914788 0.9909322 0.98305756 0.98761797 0.9917047 0.992405 0.9887348 0.9922823 0.99225074 0.9862932 0.98776233 0.99605054 0.99473137 0.9958851 0.99550784 0.9940394 0.99275196 0.9941707 0.9943909 0.9943811 0.9937349 0.99012953 0.9903087 0.9948887 0.9942382 0.99108416 0.9944665 0.9943181 0.9962814 0.9943656 0.9960312 0.9947735 0.9963363 0.9951972 0.996823 0.9966612 0.99039346 0.99266326 0.9900227 0.99041456 0.9945154 0.99373925 0.995088 0.9928795 0.9934014 0.98934215 0.9903736 0.9909648 0.9944029 0.9936142 0.99516976 0.9940829 0.99450636 0.99481976 0.9953712 0.99513435 0.99548167 0.99631476 0.99506223 0.9963445 0.9953624 0.9938946 0.99344766 0.992553 0.9932848 0.9935924 0.9928893 0.9917786 0.9911756 0.9928393 0.9927561 0.9930647 0.99157286 0.99039274 0.9920763 0.9919296 0.99201274 0.99369264 0.99403876 0.99312943 0.9868373 0.9901958 0.99140495 0.9911463 0.99648464 0.99502605 0.99362063 0.9949545 0.9954297 0.99340427 0.9935482 0.9960027 0.99440354 0.99699426 0.9958953 0.9892981 0.9904405 0.9901415 0.9874428 0.99361265 0.9928727 0.9928589 0.9934201 0.99307096 0.99577034 0.99555576 0.9940865 0.99424314 0.99465185 0.99499184 0.9937315 0.9931948 0.99407744 0.99458057 0.9950922 0.9940835 0.99255884 0.9926998 0.99376047 0.9918023 0.9925836 0.9914733 0.98928034 0.9876534 0.99354166 0.99275935 0.99129504 0.9922253 0.9946041 0.9913661 0.9899788 0.99295306 0.99453825 0.9949643 0.9959426 0.9897016 0.99014443 0.98868155 0.9912491 0.99040484 0.99183166 0.99168885 0.995609 0.9969602 0.9978868 0.99840283 0.9973139 0.99758387 0.99637073 0.99668646 1.0000007 0.9991734 0.9985316 0.9988831 0.9971155 0.9981249 0.9982994 0.9897551 0.98798925 0.99138165 0.9899872 0.99016756 0.9902514 0.99040955 0.98874354 0.9898394 0.98730963 0.9861373 0.9889154 0.9918622 0.99117774 0.995792 0.9928632 0.9927682 0.99207795 0.99161434 0.9813677 0.98716897 0.99370825 0.99474937 0.9934843 0.9950074 0.9963508 0.99066293 0.9947643 0.99449277 0.99087405 0.9841484 0.99066657 0.99288934 0.9960028 0.9949216 0.9919213 0.99271685 0.9905042 0.9961274 0.9966278 0.99522704 0.9943833 0.98850083 0.9950514 0.9929247 0.9941097 0.9934457 0.9903653 0.9940666 0.994222 0.99407023 0.9912147 0.9952369 0.9958644 0.99565905 0.9939024 0.9933959 0.99389154 0.9936038 0.9949078 0.993995 0.9959074 0.9955605 0.9946954 0.99216837 0.9920538 0.9926902 0.9939902 0.99431944 0.9924438 0.99067914 0.9939616 0.99296165 0.99318016 0.9919697 0.99149275 0.99193853 0.9898633 0.99100584 0.9928769 0.9934635 0.9946727 0.99319017 0.9956133 0.9960852 0.99467754 0.99520814 0.9955327 0.9947243 0.9922728 0.9904798 0.9897775 0.9908336 0.98933095 0.9904375 0.98956305 0.9878918 0.9880893 0.9911961 0.99276567 0.9923784 0.9933824 0.9931013 0.9936838 0.99493194 0.99522114 0.99216473 0.9915509 0.9939263 0.99442494 0.99442697 0.9948437 0.9933774 0.99354917 0.99415106 0.9926034 0.99348074 0.9925976 0.992257 0.9900056 0.9878534 0.98701155 0.99586517 0.99297017 0.9941732 0.99363947 0.9944231 0.9941254 0.9948513 0.9935939 0.9943358 0.9928227 0.98753875 0.9945265 0.99539953 0.9953841 0.99062544 0.99231 0.99095637 0.98914087 0.9907691 0.9927399 0.99268365 0.9924281 0.9900405 0.9899113 0.99017966 0.9872996 0.9944104 0.9936352 0.9927017 0.99270844 0.9933813 0.9926614 0.99399567 0.9955242 0.9950351 0.99527144 0.9955019 0.9947367 0.9926342 0.99089366 0.9924876 0.9922244 0.9928793 0.9914614 0.98976237 0.9870674 0.9918618 0.98635197 0.98707783 0.9915937 0.989258 0.9838822 0.98469126 0.9867202 0.9921674 0.98530024 0.99183834 0.9889406 0.99227977 0.99297786 0.9923919 0.99254906 0.9920171 0.99084026 0.992656 0.9916788 0.9917039 0.9924236 0.99071 0.9903077 0.9906878 0.99108773 0.99045736 0.99018407 0.99077594 0.9928535 0.9927793 0.9932836 0.99337167 0.993613 0.9935975 0.9930081 0.9931584 0.9962995 0.9955043 0.99538255 0.9959441 0.9958522 0.99473405 0.99462384 0.99674714 0.99350935 0.9926738 0.9920938 0.99530673 0.99665964 0.99697876 0.99604285 0.99615926 0.9936869 0.9943053 0.99566025 0.9961273 0.99512255 0.99406344 0.99363416 0.9963465 0.99626744 0.99649245 0.995989 0.9964808 0.99707675 0.9934913 0.9926196 0.9937894 0.993886 0.994989 0.9934232 0.9910721 0.9916289 0.9918771 0.9937278 0.9924712 0.9920987 0.9935052 0.99329823 0.9934573 0.99479765 0.9956012 0.9958687 0.9950944 0.9974966 0.9953649 0.9945683 0.9946782 0.9945772 0.99619055 0.9975253 0.99544907 0.99476266 0.9935918 0.99480176 0.99658877 0.9952905 0.9936075 0.9939042 0.99519664 0.9947515 0.9937535 0.99549437 0.9955902 0.9945327 0.99125016 0.9953246 0.9947508 0.993541 0.9952528 0.9958765 0.99448276 0.9951472 0.996579 0.9955098 0.9918143 0.9895306 0.98678213 0.9893005 0.98975605 0.98980856 0.9875274 0.9857264 0.9929452 0.9926646 0.99475795 0.99596095 0.9964756 0.9964223 0.9951894 0.9967094 0.99617594 0.99250865 0.9938473 0.993589 0.9953313 0.9961531 0.9945135 0.9968288 0.99390155 0.9891195 0.9879974 0.98500323 0.98658335 0.98929656 0.98936397 0.9883492 0.98795396 0.9921646 0.9881029 0.9853985 0.9899807 0.98701394 0.9876971 0.989227 0.98573256 0.9843906 0.9871471 0.98729986 0.9897399 0.9858583 0.9830398 0.98326415
MihajlovicBranko_SRP18780BrankoMPredZoru-L2_2 0.99093807 0.99338794 0.9941842 0.99289745 0.9925481 0.99068856 0.9896366 0.9896908 0.9916663 0.9910788 0.9928595 0.99273163 0.9922724 0.992242 0.9909183 0.9907236 0.99024445 0.99037194 0.9906677 0.9924082 0.99029875 0.9923112 0.9893045 0.9901375 0.9904258 0.990993 0.99116397 0.989997 0.9899985 0.9896589 0.99094915 0.98982596 0.9900712 0.98260784 0.9808222 0.9872302 0.9866281 0.9861813 0.9923048 0.9935038 0.9931586 0.99287367 0.993241 0.99285054 0.9902266 0.9905797 0.99302197 0.99439377 0.9928245 0.9944521 0.9947263 0.9948762 0.9960865 0.9962828 0.9959153 0.9924911 0.9916041 0.9845813 0.98924774 0.9922299 0.99299395 0.99016595 0.99212235 0.9923 0.9864946 0.98803246 0.99548066 0.99363655 0.9949446 0.994625 0.99297273 0.9911626 0.9926698 0.99359417 0.99333155 0.9934322 0.98880816 0.98918647 0.994416 0.9934921 0.99014825 0.9949926 0.9947068 0.99621874 0.99457353 0.99584603 0.99510586 0.9965432 0.99519086 0.9971883 0.9965056 0.9912683 0.9918798 0.9894359 0.989719 0.9940536 0.99302197 0.99462897 0.9919531 0.99304426 0.98873734 0.99021673 0.99053 0.9932761 0.9933917 0.9939428 0.9943953 0.9942851 0.9940047 0.9946259 0.99437606 0.99538434 0.9960729 0.9949979 0.99573505 0.9955345 0.99209964 0.9916848 0.9906938 0.99169564 0.9921106 0.9910101 0.9909733 0.9901421 0.99217904 0.99170476 0.9929844 0.9905716 0.98930675 0.9909702 0.9914767 0.9911776 0.9932223 0.9935509 0.9920005 0.9883207 0.9909885 0.9921886 0.99192965 0.99702454 0.9958176 0.99451095 0.9954577 0.9945487 0.9918096 0.9924554 0.9949 0.9927779 0.99595726 0.99462795 0.98891807 0.9890106 0.98899645 0.9863379 0.99301016 0.99264735 0.9930718 0.993858 0.99378264 0.9949578 0.9956536 0.99323535 0.99465436 0.9941748 0.99449885 0.9942871 0.99393106 0.9937073 0.9945461 0.99435467 0.9940244 0.9929755 0.99230725 0.9940752 0.9924604 0.99331295 0.9911762 0.990232 0.9886284 0.9931889 0.99265397 0.99194914 0.9930639 0.99486625 0.99094945 0.9893521 0.992608 0.99459827 0.99463934 0.99631506 0.9899288 0.98942304 0.9892015 0.99114835 0.9909603 0.9915054 0.99078494 0.99454904 0.9957637 0.99757165 0.99823457 0.99695885 0.9975481 0.99679935 0.99610615 0.9991734 1.0000001 0.9980931 0.99885076 0.997248 0.9985832 0.9986222 0.9898729 0.9875565 0.99125254 0.99086094 0.99020344 0.9912206 0.9907807 0.9888494 0.9903285 0.98861974 0.9875852 0.98997545 0.9924809 0.9917616 0.9959256 0.99260896 0.9929654 0.9917494 0.9923612 0.9803359 0.9868104 0.99339294 0.9943191 0.9920523 0.99408996 0.99666613 0.9883571 0.9946937 0.9944001 0.9915796 0.98444474 0.9910022 0.9928539 0.9951867 0.9942733 0.9915876 0.99171126 0.98822004 0.9959923 0.99666643 0.9953376 0.99354994 0.9865277 0.99363434 0.9916484 0.99404293 0.9921484 0.9888559 0.9924799 0.9927758 0.9925244 0.98884976 0.9934186 0.99435437 0.9944291 0.9927087 0.9919291 0.99403775 0.9935472 0.9950307 0.99338555 0.99581873 0.9940868 0.99379295 0.9916299 0.99181294 0.99303436 0.99405646 0.99419594 0.9918189 0.98959374 0.9939006 0.9936084 0.99268043 0.9907682 0.99050385 0.99095446 0.9888756 0.9906105 0.9921454 0.99304616 0.9947515 0.9918319 0.99488825 0.9957973 0.9939155 0.9945899 0.9941994 0.9934494 0.99141085 0.9897355 0.98904717 0.99038374 0.9891135 0.99004316 0.9888663 0.98779696 0.9886645 0.99094343 0.9909586 0.9914899 0.9923464 0.9917859 0.99281526 0.993195 0.9942587 0.9914014 0.99126303 0.993744 0.9942153 0.99426055 0.9951252 0.9946081 0.99482846 0.9952999 0.9926358 0.99299467 0.9924444 0.991967 0.99153626 0.98990476 0.98927444 0.9961797 0.993231 0.9944428 0.9930797 0.9945976 0.9943851 0.99523616 0.9946905 0.99512327 0.99418783 0.98998845 0.9946157 0.9963198 0.9960656 0.99191767 0.9940002 0.99282205 0.99151045 0.9913953 0.993658 0.99301016 0.993532 0.99103665 0.9911798 0.9915657 0.98886836 0.9934174 0.9924618 0.9926622 0.9922238 0.99275726 0.99238324 0.9921546 0.9939559 0.9933924 0.9939635 0.9948122 0.9944874 0.99263376 0.99154466 0.9919878 0.992009 0.99242795 0.9921529 0.99063 0.98838603 0.9921328 0.9877182 0.9881493 0.99168396 0.99041504 0.985231 0.98630446 0.9876991 0.99159986 0.98680204 0.9920769 0.99013716 0.9924653 0.9932688 0.99246323 0.9920271 0.99154973 0.99071413 0.99264145 0.9927511 0.99163884 0.99092835 0.9899331 0.9895397 0.9909453 0.99009174 0.99021316 0.99058616 0.9908947 0.9927912 0.9929311 0.9934691 0.9929218 0.99309677 0.9924421 0.9915943 0.9922605 0.9956081 0.9950272 0.9948066 0.9951732 0.9952862 0.9934467 0.99341047 0.99573696 0.99277973 0.9911131 0.99047637 0.99511266 0.99548805 0.9961647 0.9953452 0.99580514 0.9928974 0.9934358 0.9946586 0.99572104 0.99510705 0.99267054 0.9919691 0.99514955 0.9954675 0.99543256 0.9956223 0.99493116 0.9955933 0.9919373 0.9918656 0.99276733 0.99293107 0.994255 0.9919714 0.9895954 0.9906207 0.9899805 0.99311596 0.9919145 0.99129236 0.9925348 0.9924885 0.99206 0.9935118 0.9952853 0.9955829 0.9944155 0.9967554 0.99462306 0.99320346 0.9942386 0.993394 0.9953775 0.99723864 0.99446297 0.99412197 0.9934363 0.99419945 0.9962259 0.99469787 0.99349695 0.9933454 0.9950805 0.9947598 0.99246067 0.99504745 0.9959446 0.9937521 0.99000204 0.9944658 0.99472415 0.99362934 0.99485475 0.99566317 0.994784 0.9950656 0.99665254 0.9955216 0.99292356 0.99065083 0.988888 0.99078 0.99142915 0.991465 0.9891589 0.98756427 0.99051815 0.990886 0.9931688 0.99503016 0.99578226 0.9949836 0.9936545 0.9958703 0.99537325 0.9900916 0.991467 0.99125063 0.99333304 0.9945367 0.9928247 0.99529445 0.99348855 0.989648 0.9886262 0.98554367 0.9874213 0.9895969 0.9899781 0.9886692 0.98877877 0.9928629 0.98925364 0.98703516 0.9907868 0.9887858 0.9889764 0.9900504 0.9873809 0.98596174 0.98861915 0.98846185 0.99072605 0.98536474 0.98370874 0.9834888
MihajlovicBranko_SRP18780BrankoMPredZoru-L2_3 0.9900949 0.99346787 0.99287957 0.99239284 0.9926743 0.99000275 0.98733634 0.9857391 0.9938957 0.99262977 0.9946212 0.99422795 0.9945434 0.9947905 0.99244267 0.9918083 0.99081147 0.9903403 0.9914866 0.9951114 0.9932083 0.9944729 0.9908895 0.9916655 0.9915083 0.9918426 0.9922562 0.99106795 0.99146086 0.9914814 0.9916869 0.9916137 0.99183196 0.9838845 0.98192704 0.98731375 0.9863031 0.9856266 0.993115 0.9944318 0.99421155 0.9942262 0.9936743 0.9928501 0.98921037 0.9908475 0.993932 0.995462 0.9948071 0.9953314 0.9967534 0.9966961 0.9968108 0.9949746 0.99455863 0.9911454 0.9900672 0.98102987 0.9868656 0.99215674 0.99237764 0.9885727 0.99233043 0.99176997 0.9850271 0.9866172 0.9958777 0.99461424 0.99596304 0.9961953 0.99430394 0.9919152 0.99364215 0.9957066 0.9950655 0.9952488 0.9904213 0.98999196 0.99463993 0.9956875 0.9914091 0.99435604 0.99396396 0.99673676 0.9950836 0.99675524 0.9964293 0.997272 0.99665135 0.9960253 0.9967451 0.99250937 0.99213135 0.9906118 0.990928 0.9947716 0.9928001 0.99540627 0.9924877 0.9930234 0.98912007 0.99140656 0.9925451 0.9964334 0.99621296 0.9955321 0.9960781 0.9965168 0.9965241 0.9970224 0.9972478 0.99717814 0.997354 0.99648917 0.99700105 0.9967907 0.9948413 0.9948612 0.99419427 0.9946558 0.99450946 0.9939978 0.9933087 0.9935439 0.99483645 0.99406266 0.9951319 0.99267405 0.9901899 0.99307966 0.9933543 0.99303204 0.9952923 0.99555767 0.99418783 0.988127 0.99013543 0.99112886 0.99122906 0.9955178 0.9955598 0.99318695 0.99478966 0.9951426 0.9947237 0.99561477 0.9951796 0.99390286 0.99625045 0.9960346 0.98761684 0.9888748 0.9889448 0.9853798 0.9946512 0.9938882 0.9941694 0.9944115 0.99420285 0.9953976 0.9954184 0.99481314 0.99410224 0.99453676 0.9950916 0.99498415 0.99343 0.9953979 0.9942957 0.99624497 0.99496275 0.99419206 0.9949204 0.9955873 0.9936919 0.9943196 0.99258393 0.9913918 0.9900881 0.9948254 0.99518055 0.9938451 0.994802 0.9966438 0.99415696 0.99344134 0.9940931 0.9956233 0.99659 0.99601084 0.99149513 0.99256504 0.9916361 0.9932979 0.9928795 0.99403685 0.9934705 0.99555194 0.9960444 0.9979104 0.99700284 0.9980031 0.99781734 0.99608934 0.99562865 0.9985316 0.9980931 0.9999999 0.99669504 0.9938076 0.9956954 0.99879825 0.9907463 0.988632 0.9923142 0.9918124 0.99117786 0.9910882 0.9922856 0.989137 0.98995316 0.98772913 0.98639494 0.98962194 0.9925661 0.990876 0.99667895 0.9932665 0.99255866 0.9914915 0.99197185 0.9803112 0.9866731 0.99475855 0.9936433 0.9918551 0.9942607 0.9955781 0.9885533 0.99256307 0.9953864 0.99272823 0.9872746 0.9924101 0.99397963 0.99458915 0.9943349 0.98994446 0.9921982 0.9886384 0.99484986 0.9961714 0.9941011 0.9923775 0.98729813 0.99390286 0.99277365 0.9928059 0.99260205 0.99034965 0.99349874 0.99322903 0.9932458 0.9901528 0.9943815 0.99649745 0.9958477 0.9935517 0.9919349 0.9953229 0.99572814 0.9956253 0.99504495 0.9969852 0.99547577 0.9952097 0.99123126 0.9924891 0.9933098 0.99482375 0.994285 0.9910022 0.98969305 0.99466765 0.99252605 0.99181473 0.99047905 0.9911759 0.9919306 0.9900075 0.99009556 0.99317086 0.9928797 0.9947111 0.99161357 0.9945617 0.99518245 0.99490863 0.99447 0.99446493 0.9935842 0.9934183 0.99384433 0.99185115 0.9935762 0.99215573 0.99368495 0.99214363 0.98849744 0.9886035 0.99103475 0.99362004 0.9942966 0.9942809 0.993046 0.9947487 0.9944083 0.9960273 0.9933117 0.99224865 0.9949076 0.9953687 0.9954284 0.99613965 0.99482936 0.99513465 0.99506336 0.99416316 0.9955887 0.9947427 0.99427027 0.988842 0.9872694 0.98574847 0.997098 0.99548745 0.9960994 0.9943998 0.9961656 0.9961005 0.9965066 0.9952745 0.9952996 0.9943679 0.9884197 0.99503976 0.9958264 0.9960133 0.9910004 0.9932513 0.9907452 0.98934126 0.9913239 0.9927181 0.9928057 0.9925831 0.98925483 0.989277 0.9890975 0.9895197 0.99561775 0.9946241 0.994595 0.99456507 0.99487686 0.99286515 0.9928561 0.9947529 0.9950434 0.9949884 0.9946345 0.9944431 0.99378675 0.9930352 0.99379104 0.99361175 0.99457604 0.9934478 0.9917948 0.989933 0.99295396 0.9892338 0.98984116 0.99343526 0.99167037 0.98747647 0.9873923 0.9896511 0.9925435 0.98738706 0.99264395 0.9911388 0.9934469 0.9936244 0.99463546 0.99552864 0.99510163 0.9941365 0.9944581 0.9926005 0.9921821 0.9921462 0.99091035 0.9911437 0.99155277 0.9921215 0.99081254 0.99093544 0.9912647 0.99466705 0.99400675 0.99412835 0.99392116 0.99581414 0.99408066 0.99352884 0.99395454 0.9968153 0.99565244 0.99659425 0.9962369 0.9971728 0.9944034 0.9943781 0.9972831 0.99121183 0.9909015 0.9906719 0.9969553 0.9971999 0.99730086 0.99690783 0.9967373 0.9936101 0.9945308 0.99570864 0.99596685 0.99662983 0.99332863 0.9941705 0.9963626 0.99686533 0.99655914 0.99648935 0.99701893 0.9975682 0.99506384 0.9947389 0.995193 0.995341 0.996652 0.9944457 0.9935027 0.99408555 0.9926166 0.99518085 0.9944026 0.993289 0.99462885 0.9937437 0.9933842 0.9959762 0.9958812 0.9955597 0.99545103 0.9971656 0.99488574 0.9933023 0.9952514 0.99491394 0.996811 0.99725866 0.99388874 0.9953458 0.9951172 0.9964001 0.9966868 0.99557185 0.9944244 0.99356186 0.9949415 0.9944532 0.99224114 0.9951119 0.9952104 0.99499077 0.9912388 0.9962363 0.9963266 0.99615026 0.9970584 0.9968612 0.9957827 0.9969866 0.996788 0.99680614 0.9929367 0.9903805 0.9869911 0.9897616 0.99155873 0.9909744 0.98837274 0.98569196 0.992165 0.99242264 0.9941693 0.99566984 0.9969125 0.9961946 0.994437 0.9958649 0.9958094 0.9922222 0.9928281 0.9927457 0.9950152 0.99648947 0.9951877 0.9967331 0.9960996 0.99224544 0.99129695 0.9890374 0.99015087 0.9923007 0.9927306 0.99172693 0.99139565 0.99370736 0.99043155 0.98785555 0.99212664 0.9893253 0.9905259 0.99229646 0.9890275 0.98823494 0.99059457 0.9905192 0.99176955 0.9840994 0.9809356 0.9819903
MihajlovicBranko_SRP18780BrankoMPredZoru-L2_4 0.9891036 0.9922689 0.992518 0.98956215 0.9894443 0.9907804 0.9897235 0.9911568 0.99036443 0.9887231 0.9907385 0.99124074 0.99008447 0.9901112 0.98892236 0.98757553 0.98737085 0.9880776 0.98887944 0.99013466 0.98742765 0.9894952 0.98759997 0.98732233 0.9877031 0.9876205 0.98815334 0.9859998 0.9872848 0.9864829 0.98753256 0.987476 0.9869956 0.9789649 0.9767984 0.9854549 0.98439586 0.9832579 0.990712 0.9909998 0.99064726 0.9904498 0.99168086 0.9895576 0.9883136 0.9888122 0.9902842 0.991839 0.9906979 0.99279976 0.99386364 0.99465 0.9957256 0.9960652 0.9967316 0.9904911 0.98990524 0.9827351 0.98659676 0.9902778 0.9912239 0.9873029 0.99123925 0.9917749 0.9857871 0.9871311 0.9948927 0.99404895 0.9949454 0.9936269 0.9919361 0.9915137 0.99268234 0.9925077 0.9926311 0.9919666 0.9887418 0.9894752 0.9937714 0.9922589 0.9897599 0.99368316 0.9934832 0.9949431 0.9917442 0.99439824 0.9929794 0.9948432 0.99319535 0.996188 0.9953088 0.98865527 0.99146247 0.9887143 0.9892295 0.99317515 0.99275833 0.99347 0.99171454 0.9924105 0.9884955 0.9892037 0.9892957 0.99216425 0.99143595 0.99267805 0.99207234 0.9923471 0.9921839 0.9929933 0.9926755 0.9930983 0.99448764 0.99319386 0.99445367 0.9932638 0.99160403 0.9909278 0.9902752 0.99109966 0.99173874 0.99103093 0.9900917 0.9888047 0.9903947 0.9906511 0.99110526 0.9897402 0.9892341 0.99010366 0.9898054 0.9899083 0.9915059 0.99171984 0.9912855 0.9848168 0.9884558 0.9900741 0.9897712 0.9958239 0.99327767 0.99223316 0.9931797 0.9947021 0.9916373 0.99156106 0.99529076 0.9931984 0.9959885 0.9942325 0.9886878 0.9898374 0.989731 0.98757076 0.99118257 0.99062586 0.99047697 0.99127895 0.99132824 0.994554 0.9942254 0.992204 0.9932567 0.993288 0.9933332 0.9920764 0.99179137 0.99198973 0.99381965 0.9929661 0.9924381 0.9905492 0.9901519 0.9915278 0.989512 0.9901056 0.9898881 0.9878072 0.9858156 0.9917006 0.9906323 0.9891389 0.99014544 0.9922612 0.988411 0.9868494 0.99106 0.9928427 0.9932179 0.99502015 0.9881024 0.9881431 0.9866338 0.9895605 0.9885256 0.9897251 0.98956907 0.994065 0.99559844 0.9966086 0.9980241 0.9958538 0.99636024 0.99515325 0.99539083 0.9988831 0.99885076 0.99669504 0.99999994 0.998877 0.999188 0.9972085 0.98802197 0.9864366 0.98986125 0.98827654 0.9887976 0.9889798 0.98851526 0.98768985 0.98892117 0.9866017 0.9855135 0.9878893 0.9909062 0.99038476 0.9944601 0.99138904 0.9918417 0.9914708 0.9905538 0.98011905 0.9858295 0.9919096 0.9936299 0.9924723 0.9935393 0.9961169 0.99025214 0.9950256 0.9931895 0.98948973 0.98246497 0.98950815 0.9917936 0.99565125 0.99384266 0.9917772 0.9915802 0.98976076 0.9953899 0.9954676 0.9942848 0.9943454 0.9877603 0.9939993 0.99178034 0.99376756 0.9923534 0.9892224 0.9930726 0.9934709 0.99283296 0.9901123 0.99397624 0.99405247 0.99416995 0.9928183 0.99238545 0.99256724 0.992177 0.9936385 0.9924322 0.99421835 0.99417406 0.99368423 0.99153763 0.99063575 0.9905222 0.9921708 0.9923719 0.99209595 0.9899749 0.992256 0.992135 0.99294007 0.99175423 0.99066985 0.99118614 0.9889174 0.99045277 0.9915423 0.9927306 0.9937397 0.99258846 0.9951186 0.9957521 0.9933118 0.99465567 0.99480194 0.99416 0.99071246 0.98796886 0.9881024 0.9887043 0.9873894 0.9880199 0.98773646 0.9865451 0.98653036 0.99010575 0.99062717 0.9901398 0.99113667 0.9913534 0.9917149 0.99358124 0.99331033 0.9905554 0.9900806 0.9925656 0.9928334 0.9929789 0.99274844 0.9914193 0.9914058 0.99243575 0.9902446 0.99096394 0.9903189 0.9898654 0.9888521 0.98640805 0.98596424 0.9943186 0.99073946 0.9920503 0.9920516 0.99256575 0.99216163 0.9930929 0.99211586 0.99266744 0.99089247 0.98588425 0.99296105 0.99399984 0.9937803 0.98906994 0.99061346 0.98943925 0.9876468 0.9891199 0.9913295 0.991345 0.99127084 0.98930067 0.9887681 0.9891612 0.9854759 0.99183476 0.991385 0.99018455 0.9900148 0.9910146 0.9911213 0.9928288 0.99411577 0.9930287 0.99358475 0.99412966 0.9931074 0.9913311 0.9891883 0.9907298 0.9906453 0.991182 0.989945 0.9879452 0.9851644 0.9905836 0.9846209 0.98540497 0.9900014 0.9877311 0.98184395 0.98321086 0.9847809 0.9907233 0.9834755 0.9902088 0.9871317 0.9909385 0.9915665 0.9897798 0.9897549 0.9892207 0.98812056 0.98998135 0.98963875 0.98948723 0.990504 0.9888277 0.9883446 0.9888322 0.98880315 0.9889922 0.9887062 0.98889077 0.99122477 0.9916357 0.99243987 0.99181515 0.99152094 0.99234515 0.99171996 0.99204403 0.99484146 0.99400735 0.9931802 0.9944648 0.9937653 0.9928431 0.99317354 0.9949217 0.99367714 0.9922428 0.9913941 0.9929031 0.9948661 0.9955212 0.99460226 0.9947661 0.99249053 0.9926858 0.9938734 0.9948546 0.99300146 0.99313223 0.9916858 0.9944847 0.99454236 0.9950092 0.9945336 0.99444515 0.9946395 0.9906917 0.9898219 0.9914416 0.9913999 0.9926018 0.99125046 0.9883371 0.9891728 0.98984754 0.99165666 0.9902649 0.9903452 0.9915221 0.9918732 0.99196494 0.99273145 0.99432427 0.9948493 0.9936346 0.996495 0.9942932 0.99406725 0.9933008 0.9931475 0.99418455 0.99707705 0.9953788 0.9934201 0.9914522 0.9928704 0.9953734 0.993615 0.9919014 0.99292916 0.99431175 0.99356234 0.9929999 0.9941218 0.99425626 0.9927853 0.9896172 0.99276954 0.9928578 0.9909761 0.99331796 0.9943911 0.9935914 0.9931229 0.9954887 0.9934882 0.9896595 0.9872423 0.985636 0.98743975 0.98766726 0.98783886 0.98536056 0.98373383 0.991289 0.99078846 0.9931014 0.99452925 0.99412245 0.99427634 0.9934866 0.9951182 0.994606 0.99065274 0.99214184 0.99194926 0.99344105 0.99401903 0.9923109 0.9951905 0.99125445 0.986807 0.9855487 0.9823883 0.9840987 0.98699594 0.986903 0.9857415 0.98530674 0.98996574 0.9855515 0.98285866 0.9877995 0.9844134 0.9851308 0.9866677 0.98287445 0.9814545 0.9842383 0.98469746 0.98733824 0.9849229 0.9827473 0.98268104
MihajlovicBranko_SRP18780BrankoMPredZoru-L2_5 0.9867735 0.99006075 0.9905556 0.98675203 0.9866438 0.9895953 0.9890986 0.99119544 0.9875424 0.98574793 0.98794204 0.98885953 0.98698616 0.9869945 0.9863107 0.98461306 0.98461014 0.9856896 0.98660755 0.9869238 0.9840107 0.98619664 0.98513407 0.9846027 0.9849924 0.9846285 0.98518 0.9829903 0.98427016 0.98331213 0.9844241 0.98454 0.98390734 0.97527647 0.9730298 0.9828439 0.98207587 0.9806507 0.9882538 0.9884771 0.9878471 0.9874055 0.98914313 0.98669803 0.98612666 0.98664427 0.9874393 0.9890244 0.9879777 0.990208 0.991505 0.9925868 0.9937356 0.99447346 0.9959029 0.98799354 0.9875665 0.9808156 0.9841045 0.9875502 0.98873365 0.9849184 0.98899126 0.98955786 0.98426175 0.98546517 0.9925262 0.99236846 0.9929626 0.99107325 0.989583 0.9898301 0.9906828 0.9898669 0.99028724 0.989249 0.986827 0.9879146 0.99166924 0.98978823 0.9880339 0.9911847 0.99105185 0.99242747 0.9885651 0.9919338 0.9901852 0.99238986 0.9906542 0.9941297 0.9928737 0.98549247 0.9890611 0.98650545 0.9872389 0.99070597 0.9911067 0.99131125 0.98979867 0.9904971 0.98685074 0.9868275 0.9864508 0.9891767 0.9879216 0.98963845 0.98848903 0.9889055 0.98898196 0.98991823 0.98931414 0.9899738 0.9914099 0.9899267 0.9914608 0.9899141 0.9892012 0.9883762 0.98786306 0.9886335 0.989782 0.98909897 0.9873674 0.98573405 0.987605 0.98797977 0.98803824 0.9872852 0.987428 0.9876998 0.98720133 0.9875183 0.98878187 0.9889517 0.9891 0.981678 0.9859612 0.98755574 0.9872623 0.99340004 0.9903293 0.9896032 0.99040294 0.9931322 0.9892601 0.98880625 0.9934935 0.9915567 0.9944389 0.99221486 0.98719376 0.988672 0.9884145 0.9868499 0.98830706 0.9879785 0.9878889 0.98841894 0.9885042 0.9929216 0.99223584 0.9899472 0.9918489 0.9915125 0.9911737 0.98933643 0.98931617 0.9890467 0.9916429 0.99001664 0.98956716 0.9876243 0.9866592 0.98820037 0.9861769 0.9865148 0.9872608 0.9848226 0.98267835 0.9892208 0.98756933 0.98591626 0.9872203 0.9887228 0.9849166 0.98308086 0.9883782 0.98982775 0.9901562 0.99299335 0.98541147 0.9851235 0.9833794 0.9866142 0.9854523 0.98678076 0.98673725 0.9920684 0.99390346 0.99427766 0.9962509 0.9931768 0.99400795 0.9931591 0.9933923 0.9971155 0.997248 0.9938076 0.998877 1.0 0.99906296 0.9950735 0.98536694 0.9840049 0.9873407 0.9854472 0.98639697 0.9864575 0.98578024 0.9852979 0.98655164 0.98407054 0.9830367 0.9851701 0.9883204 0.9882977 0.9920213 0.9888472 0.9893186 0.9892653 0.9878745 0.97834206 0.983884 0.9891701 0.991712 0.99094677 0.991382 0.9947461 0.98912376 0.99399775 0.99049747 0.98687285 0.9796805 0.9869782 0.98973435 0.9941027 0.9919254 0.99066526 0.98977906 0.98907447 0.99395907 0.99375606 0.9927787 0.9937038 0.9865044 0.9924351 0.98982126 0.9921604 0.99065363 0.98745185 0.9913577 0.9921511 0.99136764 0.98881805 0.99228436 0.9914684 0.9921161 0.99115133 0.9912225 0.9897961 0.9894553 0.99123496 0.9898903 0.9915931 0.9923938 0.9918104 0.9900217 0.9884617 0.9874787 0.9893283 0.9898465 0.9909994 0.9886986 0.9896732 0.99005735 0.99167633 0.9907212 0.9893371 0.9895346 0.9872378 0.98882055 0.9895202 0.99093676 0.9915683 0.9913814 0.993586 0.99391806 0.9910469 0.99305403 0.9933965 0.9927158 0.9884725 0.9846982 0.9855063 0.9858697 0.984594 0.98491347 0.9848597 0.9841787 0.9839152 0.98804045 0.9877682 0.98688984 0.98805577 0.98886937 0.98885 0.9917863 0.99049044 0.98783076 0.98740655 0.9897228 0.9898937 0.9903002 0.9893505 0.9881026 0.98800594 0.9894276 0.98745996 0.9878795 0.98720425 0.9868785 0.98607147 0.9836396 0.98357284 0.99167734 0.9875544 0.9889396 0.9896165 0.9897394 0.9892807 0.9903251 0.9893689 0.9901813 0.98797834 0.983485 0.9905678 0.9915804 0.99128824 0.9869597 0.98817253 0.9874427 0.9855614 0.9866125 0.98878515 0.9891027 0.9891111 0.9874637 0.9867471 0.98731977 0.9825679 0.9890908 0.98903835 0.98714006 0.9872633 0.98849076 0.98920304 0.99094355 0.9924392 0.9907937 0.9914001 0.99230397 0.9910544 0.9884418 0.9859728 0.9881003 0.9878671 0.9881726 0.98677605 0.9847906 0.98164827 0.98780066 0.98095304 0.98206705 0.98711216 0.98471344 0.9783365 0.98017603 0.9814518 0.98833215 0.9804161 0.9876749 0.98417485 0.98839396 0.9891658 0.9862841 0.98600084 0.98536587 0.9841415 0.9866423 0.98668176 0.98732376 0.98858774 0.98690224 0.985996 0.98653054 0.9863709 0.9867403 0.98642355 0.98668283 0.98854244 0.9890751 0.99045324 0.989483 0.98835504 0.9897696 0.98942924 0.9898285 0.9923194 0.99165404 0.99023074 0.99212533 0.99101335 0.9907829 0.99106485 0.9925259 0.99275607 0.99103785 0.9902404 0.9898442 0.9923914 0.99286133 0.99200624 0.9922823 0.9903945 0.9903024 0.9916142 0.9927254 0.9902856 0.99189526 0.9895856 0.9923953 0.99235106 0.99346435 0.99275017 0.99190766 0.9922475 0.9877467 0.9868896 0.98871636 0.98877335 0.9899351 0.9888767 0.9853406 0.9862204 0.9877573 0.98879206 0.9873041 0.98769194 0.98881835 0.98951644 0.989936 0.9900403 0.9925804 0.99317884 0.9916265 0.9945939 0.9925525 0.9927905 0.99095404 0.99099874 0.99199486 0.99508655 0.99424297 0.9912216 0.9887754 0.9901029 0.993487 0.9913778 0.98912007 0.9909347 0.9923063 0.99145055 0.9918299 0.99196845 0.99203163 0.9903531 0.98741895 0.9900495 0.9899931 0.9875962 0.99036354 0.99175763 0.991001 0.99005103 0.99318403 0.9906503 0.986363 0.98434913 0.9834698 0.9845914 0.98460925 0.9848453 0.9823215 0.9809726 0.98972833 0.9889752 0.991393 0.9926714 0.9916672 0.9918517 0.9915415 0.99331737 0.99269956 0.9886938 0.9906717 0.99027586 0.9918617 0.99188983 0.98995906 0.99338484 0.9880879 0.9835551 0.9821825 0.9788521 0.98078936 0.98380876 0.9833826 0.98225605 0.9818716 0.98702466 0.98223716 0.9796724 0.9845735 0.9811406 0.9817413 0.9831342 0.97916025 0.97772396 0.9805122 0.9811715 0.9842051 0.98329437 0.9814872 0.9811023
MihajlovicBranko_SRP18780BrankoMPredZoru-L2_6 0.9889248 0.99137187 0.992241 0.98997974 0.9894014 0.98991007 0.98921096 0.9906815 0.9887692 0.98750347 0.9895759 0.98985255 0.9888669 0.9889106 0.98763186 0.98662865 0.98632616 0.9871053 0.9876187 0.9886801 0.98616064 0.9883508 0.98623085 0.98611426 0.9865586 0.98680204 0.9869834 0.9852703 0.9860183 0.9853163 0.986462 0.9858679 0.9858295 0.9780865 0.9762588 0.98391485 0.9832968 0.9822572 0.98959875 0.99025863 0.9897947 0.9897536 0.9910249 0.98924065 0.9874422 0.98795164 0.9894248 0.9910868 0.98977524 0.9921431 0.99265504 0.9934629 0.9948748 0.99524426 0.9956869 0.98963225 0.98921084 0.9820009 0.98624223 0.9893395 0.9903102 0.9867061 0.98991066 0.9905644 0.98501074 0.98630077 0.9937848 0.9925017 0.9936728 0.99253047 0.99026996 0.98979187 0.99156016 0.9911857 0.99144423 0.9907153 0.9871639 0.9881635 0.99293673 0.9912427 0.98864204 0.99294245 0.9926286 0.9945888 0.99173105 0.9940953 0.9927342 0.9946078 0.9927731 0.9962149 0.9948186 0.98749053 0.9900291 0.9874681 0.9879845 0.99216026 0.9923891 0.9931931 0.99082327 0.99193835 0.9876693 0.98818797 0.98801035 0.9908513 0.99057376 0.9911235 0.9913042 0.9914015 0.9907375 0.9919782 0.9913522 0.99262846 0.9936805 0.99228203 0.9934397 0.9928241 0.98977554 0.98927426 0.98829556 0.98945504 0.99034154 0.98934495 0.9883864 0.9870289 0.9892686 0.9893727 0.9899637 0.9882276 0.9878452 0.98887783 0.98892826 0.9887636 0.9905693 0.9908723 0.9901363 0.9838539 0.98775643 0.9891091 0.9890739 0.9958662 0.99356633 0.99308544 0.99355805 0.9935672 0.98978007 0.9898299 0.99367934 0.991876 0.99497277 0.99285 0.9872627 0.9882495 0.9880054 0.9861759 0.9894695 0.9890934 0.98921883 0.99128294 0.991626 0.9936592 0.99369085 0.9909502 0.9927606 0.9922215 0.9922615 0.99128616 0.9910474 0.990668 0.99253106 0.99137056 0.9910393 0.989807 0.9887777 0.99062383 0.98887295 0.98954964 0.9880637 0.98624986 0.98449826 0.99037987 0.98912024 0.98797065 0.9891288 0.9914713 0.98719394 0.98554754 0.98959 0.991667 0.99182445 0.99452883 0.98693746 0.9862737 0.98548764 0.9880761 0.98766124 0.9883568 0.9877623 0.9928056 0.9949048 0.9956747 0.9976083 0.9950559 0.9958307 0.99552053 0.9948112 0.9981249 0.9985832 0.9956954 0.999188 0.99906296 0.9999998 0.99699515 0.98703545 0.9851161 0.9887097 0.98774153 0.9878235 0.9887313 0.98793733 0.9865594 0.988192 0.98623395 0.98519504 0.98735577 0.9897073 0.98946416 0.9938035 0.9902476 0.99079275 0.98998564 0.9898613 0.97842336 0.9847985 0.9901897 0.99226856 0.9909821 0.99217653 0.9955218 0.9879298 0.9942409 0.9918003 0.9888195 0.981184 0.98838514 0.9906451 0.9943122 0.9924923 0.99120915 0.9900962 0.9885344 0.9950969 0.9953184 0.99422103 0.9938868 0.98578566 0.9926745 0.9901978 0.9929393 0.9909684 0.98741436 0.99150735 0.9921506 0.99198735 0.98857707 0.9930207 0.9926821 0.99313635 0.9918089 0.991601 0.9911826 0.99070764 0.9926103 0.99080384 0.99323636 0.99273586 0.99207264 0.9902912 0.9894034 0.9896241 0.990937 0.9917153 0.99091935 0.9886858 0.991082 0.9917301 0.9915825 0.99012697 0.9891745 0.98947424 0.9869562 0.98910266 0.99021673 0.99149567 0.9926758 0.99125826 0.9939055 0.9948009 0.9919021 0.99357384 0.9935918 0.9929293 0.9893785 0.9863639 0.98635435 0.9874487 0.9862448 0.98666763 0.98599315 0.9856223 0.9859444 0.98953485 0.98845816 0.9882524 0.989382 0.98986137 0.99016416 0.99200886 0.9918431 0.9885936 0.9883928 0.9912961 0.99160254 0.9918284 0.99169564 0.9909731 0.991238 0.9923144 0.9891417 0.98952544 0.9887916 0.9884882 0.9890504 0.98705095 0.98694813 0.993989 0.9902059 0.99187195 0.99042475 0.9912282 0.99089086 0.99216306 0.9912801 0.99188554 0.99032503 0.9853026 0.9917087 0.99326825 0.99275094 0.9882019 0.9898995 0.9890438 0.9875045 0.9877455 0.9900326 0.98995095 0.9902041 0.9881448 0.98785925 0.9882155 0.98554325 0.99048513 0.9900044 0.98913276 0.98887587 0.9899223 0.9904255 0.99136025 0.99327433 0.9918525 0.9926203 0.9937805 0.99271154 0.9898928 0.9881025 0.9893146 0.98915607 0.98959553 0.988907 0.98687905 0.9844746 0.9891176 0.9837563 0.9843606 0.9886486 0.987224 0.98147327 0.982856 0.9841286 0.9891893 0.9829224 0.98889846 0.9865004 0.9896258 0.99061644 0.9889063 0.9882258 0.98787224 0.9865666 0.9887524 0.9891894 0.9885183 0.9893684 0.9880144 0.98699796 0.9881245 0.9874601 0.98782486 0.98794496 0.988157 0.99003166 0.99063706 0.9917484 0.99116224 0.9903706 0.9906298 0.9901793 0.9908158 0.99341184 0.99292016 0.9919648 0.9929219 0.992432 0.99148774 0.9914489 0.99341714 0.99250567 0.99054444 0.98966146 0.9919846 0.99349177 0.99415815 0.9930167 0.99345225 0.9909915 0.99124795 0.99280936 0.99412274 0.9925292 0.992095 0.99018973 0.9934835 0.9936567 0.9945339 0.9942525 0.99296534 0.99372894 0.98887193 0.98858285 0.98981255 0.9901583 0.99166244 0.9895606 0.9862306 0.98732424 0.9880261 0.98999494 0.98858553 0.98840934 0.98967594 0.9903522 0.9905564 0.99131787 0.99325776 0.994203 0.99276257 0.9955429 0.99315524 0.9926365 0.9918964 0.991517 0.9932348 0.9962309 0.9940663 0.99196374 0.9904369 0.9913914 0.99456275 0.99238634 0.99079806 0.99192005 0.9935772 0.9929324 0.992106 0.9935022 0.9937889 0.99158984 0.98800707 0.99174106 0.9919976 0.99017847 0.99207366 0.9934366 0.9928793 0.9920421 0.9948871 0.9926337 0.98874956 0.9863159 0.9853139 0.9866148 0.9870784 0.9871868 0.9845999 0.9828687 0.9896568 0.98941714 0.9919124 0.9937331 0.9936659 0.9931217 0.9924703 0.99462056 0.9939122 0.9886253 0.990477 0.9900816 0.99220467 0.99273527 0.9904863 0.99396396 0.9896543 0.98593235 0.98467904 0.9816023 0.9829611 0.9857014 0.9858618 0.9843608 0.9844888 0.9889562 0.9845135 0.98245674 0.9869044 0.9838798 0.9841808 0.98588055 0.9825795 0.980949 0.9835887 0.9838238 0.98650634 0.9838014 0.9823189 0.9818713
MihajlovicBranko_SRP18780BrankoMPredZoru-L2_7 0.9908898 0.99314374 0.99392587 0.993695 0.9934304 0.98983157 0.98783106 0.9863996 0.9934383 0.99311393 0.9950463 0.9939558 0.99482816 0.9951087 0.99248564 0.9927836 0.99142075 0.99115014 0.9916655 0.9946349 0.99342096 0.9947285 0.98970544 0.9909344 0.9909732 0.99211025 0.99199724 0.99192154 0.99128526 0.99189603 0.9922827 0.99099034 0.9920594 0.98592687 0.98447 0.98765725 0.9868057 0.9870535 0.99311036 0.99459416 0.99470687 0.99499255 0.99422854 0.99437666 0.98987865 0.9910329 0.99451184 0.9958058 0.9949585 0.99658597 0.99630564 0.99630386 0.9970775 0.99530697 0.99492115 0.9921847 0.9910814 0.983015 0.9885601 0.99303496 0.993026 0.98999447 0.9924879 0.9922161 0.98554283 0.98694855 0.9958026 0.9939699 0.9960818 0.9956464 0.9929679 0.99027973 0.99320894 0.99529207 0.994369 0.99527895 0.98942226 0.98930997 0.99486244 0.995081 0.9907913 0.995944 0.9951421 0.99803257 0.9960348 0.99819356 0.99806833 0.99836695 0.99760497 0.99750215 0.9977123 0.9937517 0.99218315 0.9900841 0.9905405 0.99481285 0.99321985 0.99608755 0.9921899 0.993772 0.9889965 0.99137866 0.9921733 0.9963562 0.99697214 0.99458736 0.99627876 0.99636555 0.9954284 0.9965328 0.9964428 0.9973022 0.997599 0.9966967 0.9971459 0.9974064 0.9931816 0.99350023 0.9920569 0.9928663 0.9932719 0.99216145 0.99244225 0.9923141 0.99439645 0.9928246 0.9951659 0.9916619 0.989727 0.9922486 0.9929954 0.992488 0.99532664 0.99541825 0.9936191 0.9897192 0.9914892 0.9922297 0.9929683 0.9966079 0.9964433 0.9945289 0.99578184 0.99516696 0.9935281 0.99460304 0.9941709 0.99286485 0.9957204 0.99500585 0.987237 0.9873294 0.9869318 0.9840827 0.9938869 0.9937481 0.9941163 0.99627495 0.99622357 0.99603564 0.9967171 0.9948147 0.99561197 0.9950988 0.99567515 0.99586827 0.9946862 0.9957211 0.99486387 0.9961037 0.9953244 0.9953546 0.9950242 0.99627423 0.9949551 0.9955199 0.9926833 0.9921639 0.9910949 0.9945532 0.99478376 0.9942813 0.99501497 0.9967903 0.9939331 0.9928377 0.9944243 0.99635756 0.9965586 0.99707067 0.9923966 0.9921079 0.9925231 0.9934496 0.99389035 0.9936381 0.9925582 0.99473035 0.9953357 0.99748445 0.99722934 0.9982095 0.99830306 0.9970543 0.99542165 0.9982994 0.9986222 0.99879825 0.9972085 0.9950735 0.99699515 0.99999976 0.9911188 0.9884698 0.992536 0.9929308 0.99141395 0.99239147 0.9932917 0.98946905 0.990938 0.98925304 0.98797864 0.99083674 0.99320346 0.9917444 0.997517 0.9935387 0.9928446 0.9912012 0.992811 0.9784966 0.9854134 0.99385893 0.9936847 0.9908322 0.99341196 0.9958255 0.98704714 0.99261284 0.99521136 0.9935516 0.9875618 0.992409 0.99364674 0.9938017 0.99359465 0.99061084 0.99095935 0.98657787 0.99539024 0.9965967 0.99502814 0.992298 0.9854522 0.99288785 0.9917449 0.9929114 0.9914633 0.98864824 0.9921732 0.99218255 0.9926772 0.98854035 0.99364185 0.9951911 0.99496275 0.9927011 0.9909953 0.99533 0.99543005 0.99569297 0.99408203 0.9969082 0.9945743 0.994755 0.990602 0.9917103 0.99267954 0.99453205 0.99444705 0.99032724 0.98838365 0.9939853 0.9929337 0.9908309 0.9888564 0.98975515 0.99040216 0.98837733 0.9895982 0.99195474 0.9922728 0.99427724 0.99079794 0.9941523 0.99473155 0.9941726 0.9941119 0.9934778 0.9927197 0.9931183 0.9933569 0.99112004 0.9936859 0.9923842 0.99356735 0.991725 0.9887672 0.98948264 0.99156207 0.99261975 0.99402046 0.9938836 0.9927153 0.9949492 0.99338543 0.9956114 0.9923707 0.991833 0.9952561 0.9951963 0.9955788 0.99613154 0.9957552 0.99594206 0.9959854 0.99351317 0.99437696 0.99373406 0.9934528 0.9908014 0.98994124 0.9887898 0.9981251 0.9963199 0.9970626 0.9934977 0.9956855 0.99585533 0.9962785 0.99579775 0.99573225 0.9954259 0.9898576 0.99514425 0.99658966 0.99631876 0.9914912 0.994041 0.99198246 0.99117494 0.9912177 0.9929075 0.9925761 0.99309313 0.98951644 0.9899094 0.9902105 0.99218965 0.99482954 0.9934583 0.9944223 0.99357796 0.99413806 0.9926203 0.99202126 0.99398565 0.9940785 0.99451077 0.99517 0.99495316 0.9941582 0.99429965 0.9940491 0.99386734 0.9946192 0.99500823 0.99293625 0.9923774 0.99373066 0.9913921 0.99178356 0.9940168 0.99343127 0.9897865 0.9899642 0.9916621 0.99248123 0.98977685 0.99333864 0.99297863 0.99368525 0.99424267 0.99580336 0.9951295 0.99497753 0.99439365 0.99504775 0.9939692 0.9918553 0.9910068 0.99057317 0.99030846 0.99157315 0.99114525 0.9905877 0.99130684 0.99122113 0.994141 0.9939189 0.9942345 0.9941135 0.99564373 0.9933804 0.9926243 0.9936966 0.9965372 0.99560076 0.996315 0.995643 0.9968201 0.99335504 0.9932939 0.99600625 0.9904701 0.9894984 0.9891822 0.9971652 0.9962783 0.99678683 0.99645144 0.99623215 0.99355346 0.99449325 0.99554455 0.9961399 0.99736935 0.9925933 0.9925605 0.99560714 0.9961865 0.99616647 0.9971229 0.9960448 0.9965007 0.9933484 0.9939654 0.993931 0.99404114 0.99578005 0.9925895 0.9910109 0.99230456 0.99028283 0.9948975 0.993784 0.99216175 0.9936445 0.99310964 0.99225134 0.9948067 0.9956335 0.9958353 0.99547744 0.9967494 0.99423826 0.99174994 0.9942361 0.9933776 0.99649906 0.9974455 0.99355006 0.9947361 0.9952911 0.99602133 0.9964654 0.99517643 0.99451256 0.9936348 0.99489516 0.99434835 0.9916669 0.9947039 0.99561775 0.993662 0.9896354 0.99537605 0.9956436 0.9956764 0.9962821 0.99650264 0.99578404 0.99626935 0.99659324 0.9965767 0.9932403 0.9905255 0.9884368 0.99006784 0.99277353 0.99164635 0.98890316 0.98670006 0.99008125 0.9906507 0.99299353 0.9953133 0.99675095 0.9952829 0.9934504 0.9955917 0.9954716 0.99001884 0.9910475 0.9909165 0.99357235 0.99547285 0.9942841 0.9959043 0.9957598 0.9935309 0.992793 0.99040353 0.99155045 0.99338406 0.994023 0.9927868 0.99311554 0.9946938 0.9918619 0.9902476 0.99355876 0.9911294 0.9918707 0.9936924 0.9910931 0.9902083 0.99204767 0.99193794 0.99296236 0.9845428 0.9823323 0.9832505
MijatovicxCyedomilx_SRP18910CyedomirMIkonija-L2_1 0.99444944 0.9963063 0.99714273 0.9952968 0.9966532 0.9936209 0.9916892 0.98665535 0.99516165 0.99615735 0.99582857 0.99585706 0.9948998 0.9952412 0.99721277 0.9960946 0.9955064 0.99642825 0.9962949 0.9959943 0.99441695 0.99509263 0.9935298 0.9938797 0.9944646 0.9936612 0.994429 0.9922512 0.99656475 0.99508506 0.9948178 0.99543786 0.99533296 0.9924331 0.99036837 0.9956472 0.99473745 0.9942319 0.9960422 0.9955287 0.99609274 0.9961188 0.99558204 0.9950412 0.99453425 0.9952587 0.9961851 0.9961969 0.99657434 0.9964726 0.99582297 0.99451184 0.99380875 0.9934315 0.9907813 0.9958104 0.9949916 0.99112475 0.9940553 0.99684834 0.99588126 0.99467313 0.9961607 0.9950449 0.9924576 0.9929023 0.9950293 0.9934722 0.9936083 0.99391353 0.9950378 0.9920113 0.9932769 0.99568015 0.995166 0.9964977 0.9951432 0.9947821 0.9960484 0.99563 0.99435043 0.9921914 0.9935305 0.99323934 0.992118 0.993411 0.9933557 0.9939586 0.99553496 0.9924961 0.99351865 0.9951397 0.9937458 0.9933363 0.993302 0.9935879 0.99102527 0.99271876 0.99217606 0.99305034 0.99189687 0.9937332 0.9936138 0.9926543 0.99233973 0.9934896 0.9931162 0.99357206 0.99453425 0.9931314 0.99358904 0.9935933 0.9939299 0.99480337 0.9939661 0.9929508 0.99452657 0.9927697 0.9913615 0.9919938 0.992977 0.99081635 0.9962567 0.9955192 0.99546546 0.9947394 0.9961794 0.99510807 0.99301517 0.9940815 0.995112 0.9949323 0.99590987 0.99588937 0.9950278 0.9948762 0.9945848 0.9950446 0.9961434 0.99044 0.99070346 0.98686516 0.989544 0.9947027 0.9938687 0.99470735 0.9927957 0.9917356 0.9936762 0.9941428 0.99182445 0.98941463 0.987535 0.98498344 0.9969574 0.9968333 0.99656594 0.99375063 0.99321926 0.9928069 0.9944347 0.9916931 0.99275863 0.9918727 0.9936771 0.993625 0.9953526 0.9963767 0.99519444 0.9952618 0.9955573 0.99332494 0.99558586 0.99464285 0.99308157 0.99433357 0.9956418 0.9946622 0.9943616 0.99712795 0.9959613 0.99604845 0.995153 0.99364567 0.991731 0.98923165 0.99696857 0.99650985 0.9956434 0.9957171 0.997019 0.99636924 0.99521434 0.9967678 0.99630183 0.99670273 0.99645567 0.99459696 0.99210966 0.9947561 0.99157596 0.9926725 0.994047 0.9927482 0.9940105 0.9897551 0.9898729 0.9907463 0.98802197 0.98536694 0.98703545 0.9911188 0.9999995 0.99827576 0.9985039 0.99808955 0.9983969 0.9981942 0.9981386 0.9981421 0.99807525 0.99556476 0.99519044 0.99736536 0.99735767 0.996614 0.9954959 0.99709713 0.9964205 0.9948163 0.9965471 0.9869764 0.9900352 0.9960976 0.99419785 0.9901957 0.99242544 0.992352 0.987316 0.9909878 0.99593616 0.99093944 0.98322153 0.98880035 0.9905664 0.99138653 0.99294454 0.9938271 0.99340224 0.98470813 0.99350876 0.99421203 0.9944484 0.9909372 0.98931164 0.99260026 0.99463886 0.99517226 0.9933052 0.99027944 0.9923415 0.99197996 0.9919044 0.9899507 0.99206346 0.99383515 0.9940089 0.9921278 0.9891599 0.9957899 0.99518013 0.9955573 0.995675 0.9958471 0.9924681 0.9942376 0.99345267 0.9955648 0.9936907 0.9960159 0.9959949 0.99319905 0.9923364 0.9962802 0.99522555 0.9913759 0.98721063 0.9914933 0.99221545 0.9907195 0.9937847 0.994612 0.9944694 0.9955888 0.9921148 0.99269 0.9923952 0.9949089 0.99443704 0.99173665 0.99089944 0.9940502 0.9916984 0.99390423 0.9926449 0.99311656 0.99246913 0.9921021 0.9940932 0.99387175 0.9931648 0.99426687 0.9959394 0.99556583 0.9940381 0.9955808 0.9927942 0.9943798 0.99615955 0.99724215 0.99717754 0.99706686 0.9966469 0.9957208 0.99520785 0.99356604 0.99452305 0.99750423 0.9968885 0.9971764 0.99751186 0.9929668 0.9921841 0.9905241 0.99342364 0.9920527 0.99033093 0.996361 0.9963172 0.99649715 0.9961773 0.9963455 0.99630487 0.9952836 0.9922688 0.99667263 0.9952325 0.99536264 0.9947592 0.99452 0.99245214 0.9920588 0.9960324 0.99557585 0.99587005 0.9950623 0.99455696 0.99409705 0.9932547 0.9903384 0.99423456 0.9929545 0.99541277 0.99318945 0.993686 0.993478 0.9913671 0.99051553 0.9926596 0.99414176 0.99447304 0.9953964 0.9967292 0.99479145 0.995891 0.99658155 0.99587566 0.99505514 0.9963338 0.9919447 0.9963094 0.992181 0.9930961 0.9965973 0.99403656 0.99133 0.9919008 0.99349344 0.9960552 0.99286926 0.9958547 0.99452055 0.9955621 0.9951593 0.99352723 0.9932083 0.9927447 0.9927926 0.99556786 0.99536216 0.99244636 0.99135566 0.99140596 0.9933961 0.9937832 0.99318445 0.9938581 0.99472964 0.99414974 0.9965485 0.9938704 0.9922988 0.99534416 0.99437404 0.99318343 0.99240756 0.99118793 0.99334085 0.99577224 0.99522597 0.9962975 0.9952056 0.99264646 0.99373776 0.99311596 0.9893687 0.9881845 0.98773456 0.99464124 0.9931899 0.99319816 0.99474746 0.99554306 0.99469316 0.99508464 0.9948199 0.99521804 0.9940219 0.9929165 0.99299467 0.99387 0.99373925 0.9927732 0.99367905 0.9920619 0.98964036 0.99341697 0.99300337 0.9947213 0.99363923 0.9939599 0.9937912 0.99276304 0.9942683 0.9917255 0.995654 0.9950977 0.9937411 0.9938365 0.9939225 0.99301493 0.99344784 0.99536824 0.99536645 0.9953058 0.99403596 0.9952999 0.99026376 0.9959298 0.9945389 0.9952296 0.9939266 0.99292 0.99585557 0.99745464 0.99616104 0.994928 0.9962797 0.99761003 0.99621344 0.99604994 0.9960828 0.9907715 0.99309736 0.9958555 0.99356544 0.99378806 0.9954422 0.99608964 0.99494576 0.9954788 0.9956628 0.9955979 0.9959923 0.9947328 0.9961283 0.99449617 0.9932113 0.9902449 0.99204516 0.9927007 0.9920994 0.9914479 0.9888909 0.9896036 0.9916107 0.9931292 0.99494535 0.99430645 0.99413925 0.9934599 0.9946453 0.9944556 0.9912604 0.99013263 0.99107337 0.9913559 0.9927111 0.9935053 0.99147856 0.9938995 0.9906028 0.9888696 0.98504794 0.9931256 0.9933954 0.9923732 0.99286276 0.9909042 0.9948365 0.99304664 0.9901285 0.9920303 0.99174666 0.9921378 0.99208564 0.98782897 0.9879046 0.989997 0.9910078 0.9940238 0.99220467 0.99070954 0.9929431
MijatovicxCyedomilx_SRP18910CyedomirMIkonija-L2_2 0.9934918 0.995925 0.99585414 0.9920021 0.9941079 0.9943429 0.99218017 0.98801327 0.9936564 0.9941621 0.99394447 0.99494576 0.99259645 0.99288994 0.9963762 0.9940792 0.99402654 0.99530774 0.9958274 0.994794 0.9924107 0.9930774 0.9940447 0.9935743 0.9940653 0.9915558 0.9937764 0.989867 0.9952214 0.99281293 0.99256015 0.9947603 0.9932177 0.99025387 0.9874164 0.997144 0.9961559 0.994609 0.996424 0.99472797 0.99539596 0.99474424 0.99566936 0.992989 0.9952739 0.996141 0.99514246 0.9949697 0.9958055 0.99403936 0.99455243 0.99340147 0.99199224 0.9926971 0.9901361 0.99473 0.994312 0.9915754 0.9931873 0.99611884 0.9951672 0.99364305 0.9961754 0.9952347 0.99394304 0.9940099 0.9945573 0.9941337 0.99307835 0.993208 0.99457157 0.99305147 0.99312437 0.99428135 0.9946046 0.9948979 0.9963003 0.99577105 0.99534005 0.99492514 0.9946123 0.99030185 0.9922674 0.99055696 0.98857653 0.990837 0.9901936 0.99132705 0.9932171 0.9905485 0.99143845 0.992806 0.9939293 0.9943693 0.9937986 0.9927249 0.9908929 0.991515 0.9922863 0.9920131 0.99262506 0.99401915 0.99377096 0.9909682 0.989796 0.99297464 0.9903201 0.9910129 0.9931835 0.9913796 0.9916608 0.99096996 0.99170923 0.9929236 0.9919053 0.99030066 0.99451786 0.9924803 0.9919668 0.9920641 0.9933591 0.9911213 0.99677575 0.9951372 0.99440736 0.9948839 0.9949432 0.9954139 0.9945937 0.9949638 0.9950829 0.9951998 0.9947538 0.9948049 0.9954742 0.99297225 0.9938301 0.99426746 0.995104 0.98769957 0.98737586 0.983023 0.98605216 0.9942698 0.99345577 0.99352217 0.9927999 0.9925499 0.99329925 0.9935815 0.99310464 0.9914349 0.9894077 0.9871574 0.99618983 0.9964012 0.99522394 0.9911551 0.9903073 0.9911127 0.99221146 0.9898336 0.9906286 0.99025846 0.9917839 0.9911639 0.9935014 0.9949434 0.9941426 0.9937156 0.993394 0.99034315 0.9932605 0.9915398 0.9893711 0.99080634 0.99509776 0.9929084 0.99237037 0.99601746 0.9941905 0.9936297 0.9925323 0.9908953 0.98848975 0.9855371 0.99574935 0.9944869 0.993412 0.99377453 0.99559367 0.995557 0.9925493 0.9956088 0.99412084 0.99567384 0.9959245 0.9948679 0.9922866 0.99384737 0.990496 0.99134576 0.9925525 0.99111384 0.9936232 0.98798925 0.9875565 0.988632 0.9864366 0.9840049 0.9851161 0.9884698 0.99827576 1.0000002 0.9983279 0.99556935 0.99825585 0.99612063 0.9961183 0.9981849 0.9974639 0.9935498 0.9931368 0.9952914 0.99582255 0.9960345 0.9929179 0.9970946 0.9952937 0.99534494 0.99541503 0.9895978 0.9910793 0.994576 0.993006 0.9906855 0.9916308 0.9908487 0.98900753 0.990182 0.9942428 0.98714995 0.97937244 0.9858006 0.9881048 0.9910159 0.99202716 0.99506974 0.994625 0.9868892 0.99243516 0.99284875 0.99391407 0.9918185 0.9924159 0.99368966 0.9958358 0.9954108 0.99498516 0.9919343 0.9938746 0.9931047 0.99227786 0.99186003 0.99237955 0.99348557 0.9937113 0.9922415 0.9893608 0.9943026 0.9940526 0.9945736 0.995382 0.99423 0.9920818 0.99402124 0.99418277 0.9956266 0.9921103 0.9944713 0.99451154 0.99426705 0.99375045 0.9954351 0.9940014 0.9921085 0.9886024 0.9927452 0.99335396 0.9912098 0.9949418 0.9946529 0.9945209 0.9950146 0.9930696 0.9925621 0.9919497 0.9946482 0.99428064 0.9920716 0.9916021 0.9924296 0.98902357 0.9924351 0.99009156 0.990197 0.9897034 0.9897904 0.99417424 0.9928756 0.9925359 0.9934788 0.9945141 0.99449027 0.99360037 0.994496 0.9925823 0.9934136 0.996052 0.99707675 0.9960059 0.996067 0.9953441 0.99352974 0.9925189 0.99004394 0.99160993 0.99573696 0.9952905 0.9956802 0.9962689 0.99015546 0.988545 0.9872383 0.9899374 0.9881978 0.98635745 0.9963758 0.99494606 0.994733 0.9943815 0.99425524 0.99462616 0.9923916 0.989602 0.9954891 0.9926894 0.9931284 0.9930377 0.99169433 0.98976296 0.9888715 0.9952981 0.9940418 0.99516606 0.9934777 0.99419355 0.9928492 0.99164 0.98538405 0.99304885 0.99287605 0.9940034 0.99208486 0.99278206 0.9929733 0.99108815 0.98955774 0.991947 0.99352324 0.9932338 0.9942648 0.9958208 0.99289787 0.99575126 0.9961226 0.995406 0.99325997 0.99478734 0.9890265 0.99571997 0.98927623 0.9906091 0.9951943 0.9912813 0.98756766 0.9890199 0.9906603 0.99700224 0.9907936 0.995338 0.99268156 0.995372 0.99498916 0.9901624 0.9905271 0.9899827 0.99006563 0.99313956 0.99241084 0.99168503 0.99235743 0.99195707 0.9940387 0.99337727 0.9936696 0.9941602 0.9945348 0.993787 0.99533284 0.9924109 0.9905633 0.99416065 0.9921053 0.9924194 0.9915661 0.98964095 0.99176174 0.9943897 0.9935333 0.99548805 0.99385333 0.9924309 0.99393326 0.9922593 0.9903311 0.9894443 0.98869103 0.992002 0.99232006 0.99206626 0.99341214 0.99441934 0.9941213 0.9940216 0.99343294 0.9941152 0.99145967 0.993855 0.99315643 0.9931485 0.9928917 0.99228156 0.9923465 0.99071264 0.9879188 0.9931842 0.9913576 0.9940873 0.99300444 0.9926136 0.9941915 0.9927226 0.9939644 0.9931537 0.9942672 0.99415314 0.99348754 0.9929984 0.9940765 0.9934672 0.9928791 0.99458796 0.99512225 0.9949714 0.99369955 0.9952765 0.99143606 0.9957002 0.9947025 0.99409133 0.9926142 0.99360687 0.9953087 0.99645776 0.99502635 0.9938775 0.99576724 0.99652624 0.99656034 0.9956442 0.9955211 0.9914156 0.99252 0.99437714 0.9931206 0.99473506 0.99387527 0.9940812 0.9919862 0.9933748 0.9936839 0.99325305 0.993734 0.9928054 0.99383414 0.99254024 0.9920756 0.9888513 0.99067533 0.99026793 0.99021864 0.9899835 0.98730344 0.9908875 0.9921323 0.9932512 0.99405235 0.99226683 0.99316144 0.9934282 0.99377483 0.9934253 0.9928105 0.9913842 0.9924114 0.99188 0.9921981 0.992844 0.9906748 0.9912243 0.9869791 0.9846126 0.9803139 0.9899176 0.9905671 0.9888974 0.9895842 0.98683846 0.99186057 0.9898268 0.98574746 0.9885896 0.98763895 0.9884685 0.9881663 0.98296666 0.9829545 0.98547316 0.9870038 0.99072707 0.9934556 0.99126613 0.9937024
MijatovicxCyedomilx_SRP18920RajkoOdRasine-L2_1 0.9949079 0.9972237 0.99707025 0.9943923 0.99608386 0.9947957 0.99248254 0.9884721 0.99540395 0.9959666 0.99616635 0.99655634 0.9953259 0.9957367 0.99735624 0.9959744 0.99548966 0.99636966 0.99684006 0.9966072 0.9945929 0.9954568 0.9945909 0.9947709 0.9953598 0.99404925 0.9951657 0.9924641 0.9965935 0.99491733 0.99487567 0.99584246 0.9952317 0.99177516 0.9896347 0.996231 0.99525595 0.9944345 0.9970726 0.9960218 0.996518 0.9966023 0.99656755 0.9951192 0.9954737 0.99607396 0.996461 0.99649525 0.9969714 0.99667037 0.99644923 0.99550396 0.9946792 0.99505496 0.99282193 0.9964621 0.9957156 0.99190116 0.99465007 0.99767697 0.9969876 0.99510545 0.9978105 0.99679446 0.9941185 0.9944934 0.9967743 0.9958062 0.99576724 0.9951773 0.9962484 0.9939784 0.99476326 0.99631244 0.9962471 0.99694866 0.9964894 0.9957152 0.99693495 0.9965443 0.9954368 0.9933242 0.9948721 0.9937915 0.9919444 0.9940831 0.99394125 0.99455225 0.9960428 0.99345195 0.9941715 0.99543744 0.99524933 0.9944897 0.99411136 0.99480003 0.9925765 0.99377185 0.9931997 0.99372077 0.992841 0.99468786 0.9946714 0.9937905 0.99354374 0.9942833 0.993208 0.99367374 0.99498457 0.9937619 0.99390817 0.99378955 0.9944696 0.99523836 0.9943903 0.99341184 0.9953986 0.99361014 0.9930703 0.99337864 0.99439365 0.99249923 0.99734557 0.99632645 0.9960861 0.99593097 0.99695426 0.9961548 0.9950937 0.99564284 0.9963309 0.9963477 0.9968966 0.996737 0.99648225 0.9950432 0.99555165 0.99612033 0.9970126 0.9912461 0.99098223 0.9871013 0.98976916 0.9953783 0.99446344 0.99518764 0.99474037 0.99397165 0.99545324 0.99534446 0.99324274 0.9911808 0.9897102 0.9871261 0.9974638 0.9971876 0.99688554 0.99400395 0.9932791 0.9935779 0.9948943 0.9924291 0.993273 0.9927828 0.9941492 0.9942566 0.9957429 0.9969046 0.9963858 0.99577445 0.99560213 0.99337333 0.9957421 0.9945041 0.99260646 0.9940001 0.99667454 0.9949572 0.9945213 0.99744534 0.99633926 0.9960931 0.9951243 0.99405926 0.99132967 0.98900783 0.9973634 0.9969853 0.9960085 0.9964665 0.997066 0.99673206 0.99499846 0.99716276 0.9964793 0.99718475 0.9969183 0.996335 0.9942725 0.99613005 0.99344337 0.99443656 0.9956418 0.9940578 0.9955697 0.99138165 0.99125254 0.9923142 0.98986125 0.9873407 0.9887097 0.992536 0.9985039 0.9983279 1.0000002 0.99808484 0.99914134 0.99806607 0.9983289 0.9988908 0.99857 0.99564976 0.9951414 0.9974063 0.9974435 0.9967783 0.99588424 0.9978984 0.99657845 0.99569005 0.9966974 0.9886278 0.9914781 0.99612623 0.9944126 0.9913514 0.9928196 0.993321 0.98882914 0.99145824 0.99615055 0.99066275 0.9834021 0.9888495 0.9909634 0.99255323 0.9935587 0.9955537 0.9952763 0.9877972 0.9949369 0.9954071 0.99582005 0.9934578 0.99199796 0.9948473 0.9963864 0.9964867 0.99557376 0.9924965 0.9946102 0.994058 0.9931922 0.9917448 0.9935423 0.9950025 0.99503773 0.9933416 0.9904726 0.9967029 0.9964917 0.9966347 0.9970754 0.9967543 0.99443555 0.9959152 0.99510515 0.99656224 0.9938883 0.99629515 0.99614614 0.99469846 0.99397016 0.9969878 0.99550056 0.9934693 0.99043864 0.99364907 0.99428415 0.9928151 0.99540937 0.9957048 0.9958524 0.99672925 0.993911 0.9946683 0.99450076 0.9962466 0.99566793 0.99383426 0.9936683 0.99393123 0.9918495 0.9938931 0.9926434 0.9924219 0.99238795 0.99226546 0.9945523 0.9937238 0.9934927 0.99480444 0.996589 0.9963364 0.99522525 0.9966358 0.99405843 0.99571174 0.9970674 0.99757665 0.9977238 0.9976865 0.9973031 0.9959418 0.9952099 0.9933915 0.99448586 0.99766874 0.9973934 0.99774134 0.99787265 0.99266666 0.99134594 0.9900142 0.9938644 0.9923189 0.9906944 0.99744505 0.99708074 0.99684864 0.9966736 0.9966546 0.9968152 0.9952376 0.99180496 0.9972545 0.9954956 0.9956055 0.9947133 0.99431574 0.99232846 0.99151754 0.99658376 0.9957902 0.99620223 0.99532986 0.9949907 0.9940087 0.9933812 0.9898791 0.99480766 0.99424285 0.99571717 0.9938034 0.9943862 0.9941091 0.99216163 0.9914769 0.9932534 0.9948602 0.99496245 0.9957674 0.997549 0.99565244 0.9971784 0.9979371 0.9972343 0.996076 0.99693584 0.99253994 0.99730694 0.99255806 0.993614 0.99714655 0.99448067 0.9910733 0.9920602 0.993773 0.9977414 0.99333656 0.99710566 0.99515474 0.997124 0.9967192 0.99314106 0.9931637 0.9926574 0.99289227 0.99515384 0.9947364 0.99252594 0.99260414 0.99260485 0.994229 0.9942642 0.994114 0.994512 0.9951477 0.99444926 0.9969013 0.9945623 0.99288183 0.9957835 0.9948824 0.9942627 0.99322873 0.99221987 0.9948292 0.9966718 0.9962287 0.9973574 0.9963103 0.99412787 0.9953116 0.994666 0.99188364 0.99078995 0.9903289 0.995262 0.9951311 0.9951415 0.9960988 0.99683535 0.99598324 0.9961472 0.9957672 0.9961351 0.99464285 0.9948638 0.9944022 0.99518746 0.995311 0.9945019 0.9949673 0.9930782 0.99079835 0.9943536 0.99310774 0.9952117 0.99433327 0.9946567 0.9949516 0.9935342 0.9949379 0.99337876 0.9965935 0.99626946 0.9951592 0.99543285 0.9957273 0.9945711 0.9948542 0.99679357 0.99727076 0.99691164 0.99612373 0.9970437 0.9927826 0.99710494 0.9961279 0.9961777 0.9953867 0.9952413 0.99725527 0.99823904 0.997364 0.99615747 0.9975976 0.9984041 0.9975903 0.9972656 0.997209 0.9930762 0.9948147 0.99659497 0.99528456 0.99544775 0.9953747 0.9959139 0.9946325 0.9954779 0.99555993 0.9951707 0.9957932 0.9948489 0.9957943 0.99465525 0.9934779 0.990432 0.99236965 0.99321866 0.99264663 0.99186623 0.98910564 0.99203384 0.9933193 0.9945499 0.99589735 0.9950183 0.99509186 0.99493307 0.99574727 0.9954518 0.9934116 0.99229354 0.99301535 0.99333227 0.99406314 0.9945593 0.9929107 0.994003 0.9910263 0.9888895 0.98519707 0.9926105 0.9931754 0.992189 0.99225104 0.9905004 0.99482065 0.99288064 0.98944813 0.9921725 0.9912368 0.9917681 0.99203855 0.9878218 0.9875589 0.9896663 0.99072134 0.9937093 0.99333996 0.9911561 0.99331796
MijatovicxCyedomilx_SRP18920RajkoOdRasine-L2_2 0.99422467 0.9950185 0.996479 0.99642754 0.997405 0.9905401 0.98869526 0.9830172 0.9946927 0.9963564 0.99624705 0.9951102 0.99587965 0.9964362 0.9962356 0.9966681 0.9952335 0.995589 0.9951068 0.99606144 0.9956734 0.9961726 0.99225795 0.99361324 0.99470115 0.9954202 0.99497133 0.99452674 0.9962562 0.9959184 0.99572974 0.9948368 0.9957111 0.9940498 0.9926941 0.9937144 0.99308264 0.99415874 0.99518806 0.9951103 0.99621415 0.9974216 0.9951155 0.99656034 0.99335116 0.99385965 0.9965025 0.99677813 0.9966806 0.9978119 0.99556136 0.9943632 0.99418193 0.9930033 0.98995835 0.99526846 0.99378693 0.98944837 0.99360305 0.9965835 0.99556124 0.9942695 0.9955426 0.9944599 0.9898851 0.99050814 0.99482 0.99239725 0.9933438 0.9929414 0.99331605 0.9894165 0.9909836 0.99480945 0.99369687 0.9962352 0.9920053 0.99139357 0.9945904 0.9948088 0.99153453 0.9928717 0.9933541 0.994814 0.9939931 0.99453646 0.9954287 0.9950727 0.9966543 0.99335253 0.9940803 0.99664813 0.9914306 0.9913692 0.99127454 0.99232435 0.9898453 0.9921923 0.99021494 0.9921088 0.98941743 0.9923383 0.99270535 0.9932157 0.99466646 0.9925277 0.9948399 0.9948401 0.9941347 0.99364394 0.9937826 0.99448997 0.9946907 0.9951942 0.9938803 0.99437916 0.99236095 0.9911414 0.98961306 0.99040633 0.9914576 0.9892721 0.9946041 0.99436295 0.99477476 0.99301684 0.99628913 0.9933505 0.9901743 0.9919269 0.9938556 0.99332666 0.99552894 0.9953338 0.9934667 0.9957335 0.9943087 0.9945058 0.99635506 0.99176097 0.9928199 0.9894802 0.9914399 0.9935831 0.99281585 0.99417305 0.99067235 0.9892607 0.99232125 0.9924378 0.9883379 0.9850185 0.9834007 0.9801931 0.9958843 0.99597657 0.99672097 0.99519914 0.99471724 0.9926222 0.99532527 0.99167746 0.9935114 0.99153966 0.9936382 0.99549633 0.99634564 0.9965132 0.994849 0.99480975 0.995272 0.9952119 0.99640065 0.99627596 0.9954052 0.9964982 0.9950636 0.9952532 0.99542785 0.9964433 0.9964118 0.99744177 0.9966395 0.99573106 0.99351305 0.9914415 0.9962281 0.9965574 0.9956079 0.99609077 0.99733996 0.99577844 0.99694747 0.9967866 0.9976234 0.99632454 0.9949758 0.99272233 0.9905337 0.9944128 0.99136996 0.99299574 0.9943033 0.99291307 0.99268734 0.9899872 0.99086094 0.9918124 0.98827654 0.9854472 0.98774153 0.9929308 0.99808955 0.99556935 0.99808484 0.99999964 0.99763626 0.99922234 0.999264 0.99646467 0.9972074 0.99585396 0.995261 0.997787 0.9969629 0.99545395 0.9966383 0.9962384 0.995294 0.99289745 0.9965696 0.9828624 0.9874857 0.9950515 0.99255717 0.9876335 0.9908697 0.9920426 0.98356193 0.9895198 0.99603623 0.99347305 0.98641986 0.99068165 0.99166185 0.9900207 0.9917749 0.9916236 0.99114096 0.9813711 0.99313116 0.9945718 0.993899 0.9891959 0.9849402 0.9902179 0.9924101 0.99364096 0.9907819 0.98816574 0.9900112 0.98974264 0.98943174 0.9859175 0.98960865 0.9920977 0.9922664 0.99012154 0.98649216 0.9955223 0.99517494 0.9950176 0.99422884 0.99582154 0.99057096 0.99280643 0.9913295 0.9941766 0.99383676 0.9957863 0.99548167 0.9905097 0.9892334 0.99580616 0.9950876 0.9893745 0.98474073 0.9890642 0.990204 0.98893636 0.99171615 0.99270886 0.9929141 0.99508435 0.98910224 0.9909916 0.99115217 0.99318653 0.99275076 0.9895092 0.98881334 0.9935136 0.9926897 0.99359524 0.99378276 0.99414337 0.9937043 0.99262816 0.9923475 0.99248064 0.9911948 0.992344 0.99546623 0.9942832 0.9919768 0.9948459 0.9904836 0.99334896 0.9944804 0.9952828 0.99703413 0.9966806 0.9963851 0.9965621 0.99707454 0.99601334 0.9963672 0.9969484 0.9964938 0.9968739 0.99689734 0.99382 0.99417365 0.99253416 0.9955335 0.9948583 0.9932064 0.9946245 0.9965397 0.9965183 0.9962505 0.9973093 0.9966058 0.9968488 0.9936053 0.9959989 0.9958644 0.99551046 0.99431384 0.99536026 0.9931758 0.99348384 0.9951247 0.99483114 0.99409366 0.99442875 0.9925537 0.9925059 0.9925948 0.9943274 0.9933422 0.9914699 0.9952706 0.9924558 0.9927339 0.99204576 0.9884704 0.98883325 0.9906977 0.992206 0.99344325 0.994581 0.9960954 0.99623466 0.99515045 0.9961857 0.9955792 0.9965546 0.99736404 0.99488854 0.99602365 0.994907 0.9956571 0.99702615 0.9966311 0.99495506 0.9948058 0.99623656 0.9948296 0.99511486 0.9957171 0.99636006 0.99548966 0.99482316 0.99523914 0.99423295 0.99385124 0.99430764 0.9961682 0.9970134 0.99084127 0.9885782 0.9894335 0.99110115 0.99259126 0.9911536 0.99204767 0.99356633 0.9925757 0.9960048 0.9932134 0.99195874 0.9943062 0.99482816 0.991641 0.9905242 0.9906634 0.9934889 0.9952866 0.995154 0.99521405 0.99511886 0.9903544 0.99161667 0.9919708 0.9868929 0.9855874 0.9847778 0.9958647 0.99284345 0.9930977 0.99443275 0.9953485 0.99353087 0.9940758 0.99382263 0.99502146 0.99573004 0.99122584 0.9916045 0.99338603 0.9935421 0.9923035 0.9943698 0.9912562 0.9892906 0.99200517 0.9929518 0.99366724 0.99258024 0.9939721 0.9917753 0.99106956 0.9931851 0.98881185 0.9958569 0.9948951 0.992877 0.99313116 0.9930661 0.99112433 0.9930125 0.9947743 0.99473685 0.99438787 0.9934088 0.9938313 0.98761874 0.99464136 0.99265397 0.9948901 0.9942581 0.990958 0.994993 0.9973676 0.9960513 0.9946368 0.9953654 0.99735206 0.9946072 0.9950336 0.99506295 0.9886615 0.99201715 0.99575776 0.9919653 0.99069124 0.994096 0.99581647 0.9959849 0.9951832 0.99525607 0.99549305 0.9958632 0.9944983 0.99602765 0.9954961 0.9935153 0.99105436 0.9925444 0.99503845 0.99351627 0.992426 0.9895966 0.98651433 0.989095 0.99117315 0.9940159 0.9948355 0.9932373 0.99184746 0.99388504 0.9937388 0.9882426 0.98719424 0.9882864 0.98945636 0.9918372 0.99246854 0.990968 0.9948957 0.9938025 0.992637 0.9894819 0.9954857 0.99507004 0.99477774 0.99450415 0.993896 0.9966212 0.9955127 0.99377 0.9949141 0.9946914 0.9950654 0.9953285 0.99228656 0.9921677 0.99358714 0.99427056 0.99622047 0.9882593 0.98714894 0.9894757
MijatovicxCyedomilx_SRP18920RajkoOdRasine-L2_3 0.99444604 0.9970189 0.9968822 0.9936312 0.99559456 0.994014 0.9917868 0.98726773 0.9947492 0.99537134 0.99532914 0.9958248 0.99467874 0.99517614 0.9966053 0.99537694 0.9945074 0.99556327 0.99590766 0.9961855 0.9943163 0.99477726 0.9945243 0.9945796 0.9950958 0.9937304 0.9946225 0.99206805 0.99654526 0.99456775 0.9943667 0.9954886 0.9947844 0.990538 0.9880159 0.9952243 0.99453723 0.9931479 0.9964637 0.99527794 0.99565434 0.99576515 0.9955303 0.9941792 0.9946861 0.99571383 0.99558204 0.995424 0.99618083 0.9958473 0.99551284 0.99428475 0.9933216 0.99405724 0.99138504 0.99554443 0.99492913 0.9908057 0.9938141 0.99672264 0.99578613 0.99429274 0.99716055 0.99615836 0.9940863 0.99421203 0.995873 0.99513483 0.9946077 0.9947151 0.9951595 0.9939199 0.9938143 0.99540204 0.9954087 0.99628496 0.9963046 0.99540955 0.99593633 0.9959637 0.9945709 0.9919611 0.99361 0.99292964 0.9910471 0.99309814 0.99293923 0.99364114 0.99519527 0.99231833 0.99276316 0.99431676 0.9938869 0.99279547 0.99267364 0.99328 0.9909595 0.99221635 0.99167794 0.992423 0.9916018 0.99320066 0.9929673 0.9920636 0.9919931 0.9930037 0.99188095 0.99236846 0.99363846 0.9922865 0.99254394 0.99251634 0.9930231 0.9937563 0.99290544 0.9918953 0.9942452 0.99259126 0.9919646 0.99237037 0.99344814 0.99130595 0.9965874 0.9957813 0.9957428 0.99549997 0.9961069 0.9961437 0.9943851 0.9949383 0.9957841 0.99570024 0.99629074 0.9959649 0.99568933 0.99392396 0.99443835 0.9949975 0.99621135 0.9903078 0.99009657 0.98613983 0.9886643 0.99479973 0.99365795 0.9942363 0.9937794 0.99325013 0.994685 0.9946552 0.99263257 0.9909417 0.9889281 0.9867325 0.99638486 0.9963101 0.9961851 0.9928678 0.9920935 0.99278957 0.9941574 0.9913161 0.99246585 0.99153054 0.99318486 0.9932965 0.99503994 0.9960266 0.9951588 0.99473345 0.994568 0.99252003 0.9950309 0.99390554 0.9919825 0.9929863 0.99565125 0.9939406 0.99353564 0.9967742 0.995383 0.99530005 0.9944458 0.99334145 0.9904698 0.98810536 0.9963486 0.9959343 0.9949536 0.99541146 0.99637973 0.9960369 0.99411297 0.99637365 0.99540913 0.99655384 0.99594676 0.9954455 0.9932989 0.9950456 0.9922309 0.9932655 0.9945985 0.9930443 0.9946326 0.99016756 0.99020344 0.99117786 0.9887976 0.98639697 0.9878235 0.99141395 0.9983969 0.99825585 0.99914134 0.99763626 0.99999946 0.9980256 0.99800825 0.99871606 0.9982666 0.99472845 0.9942337 0.9967397 0.9963017 0.9956793 0.9947218 0.99676985 0.9955046 0.9944935 0.995703 0.9889277 0.9917923 0.99529076 0.9935241 0.9904831 0.991927 0.99197704 0.9881146 0.99080974 0.99546766 0.9900089 0.9829551 0.9883745 0.9906774 0.9918075 0.99252963 0.99525034 0.9950548 0.9876971 0.99462473 0.9951302 0.9952691 0.9927737 0.9915372 0.9939127 0.9958783 0.9955968 0.9946901 0.99190176 0.994389 0.9935133 0.99176943 0.99084705 0.9924629 0.9940394 0.9939524 0.9920503 0.9890696 0.9956237 0.99552053 0.9957004 0.9965955 0.9958849 0.99312776 0.9947771 0.99469024 0.99653125 0.9935395 0.9958909 0.99570996 0.99449575 0.9940378 0.99627537 0.9955298 0.9929313 0.9892333 0.9931729 0.99394166 0.99218714 0.99519664 0.9950419 0.99561584 0.9961181 0.99304706 0.9936015 0.9932652 0.99552494 0.99467313 0.9925353 0.9922639 0.99341136 0.9909036 0.99340487 0.9919346 0.9920228 0.991749 0.99131197 0.99394655 0.99297214 0.9924046 0.9939282 0.9956915 0.9953601 0.99430865 0.99573654 0.99317425 0.99449104 0.9966913 0.99707854 0.9968304 0.99690586 0.99638975 0.9952331 0.9946024 0.99272704 0.994055 0.9970584 0.99653137 0.99717164 0.99747384 0.9918666 0.99096173 0.98930174 0.99307424 0.9916775 0.99000335 0.9970135 0.9965901 0.9961705 0.9957799 0.99616086 0.99624157 0.99436796 0.99129725 0.99650145 0.99455327 0.99465805 0.9944269 0.9935745 0.9915478 0.99095416 0.996224 0.9951373 0.9953925 0.9944381 0.99432814 0.9931586 0.99252015 0.98937464 0.9941402 0.99366015 0.9951238 0.99304336 0.99381787 0.9940905 0.99220866 0.9913542 0.99326694 0.99474126 0.9948566 0.9957605 0.9964334 0.9946089 0.9963355 0.9969803 0.996334 0.9950822 0.9963328 0.9912694 0.9964519 0.9914478 0.99246436 0.99606305 0.99321127 0.98975605 0.9908057 0.9924477 0.99676406 0.9920718 0.99609005 0.99430037 0.9962449 0.9954474 0.99222654 0.99231917 0.9919173 0.9919544 0.99443007 0.9942054 0.9925628 0.9923995 0.9928333 0.994449 0.99464273 0.9940958 0.9949376 0.99565405 0.9948294 0.9962084 0.9930405 0.9914842 0.9951635 0.9936123 0.9927614 0.9918587 0.99060184 0.99344665 0.99570173 0.9951626 0.99649364 0.9952285 0.99328375 0.9944277 0.9936135 0.9911837 0.9897921 0.98896265 0.9941485 0.9938048 0.99381256 0.9947757 0.9957753 0.9949631 0.9953254 0.9945572 0.9953658 0.99390763 0.994087 0.9944737 0.9947555 0.9945681 0.99355066 0.99436015 0.9922623 0.9896894 0.99438566 0.9933622 0.99536705 0.9943256 0.99451035 0.99482447 0.99350584 0.99487555 0.99337757 0.99560034 0.9950198 0.99411947 0.9942801 0.99474126 0.9943148 0.9937566 0.99592984 0.9966134 0.9965265 0.99511844 0.99653244 0.9917942 0.9969 0.99546385 0.99588495 0.9945829 0.9944839 0.99651206 0.99787056 0.99665487 0.99546283 0.99710166 0.99781424 0.9969321 0.9965807 0.9965829 0.99187803 0.9934167 0.9957839 0.99408346 0.99507153 0.9945505 0.99509406 0.9937179 0.9946183 0.99460447 0.9943587 0.99512184 0.99378544 0.9951394 0.9937492 0.9925223 0.9893996 0.99141693 0.992223 0.991593 0.99071157 0.9878222 0.99142903 0.9932572 0.99432164 0.99544024 0.99440134 0.994382 0.9944918 0.9950673 0.9951749 0.99282587 0.9915756 0.99245447 0.99285996 0.9935626 0.9938853 0.9922097 0.99282503 0.9898871 0.9880631 0.98422194 0.9921198 0.9923403 0.991202 0.9913789 0.9896665 0.99400604 0.9919343 0.98859364 0.9911096 0.9903487 0.9909581 0.9910506 0.9865435 0.98662925 0.98876333 0.9897288 0.9928605 0.99214894 0.99017894 0.9926778
MijatovicxCyedomilx_SRP18920RajkoOdRasine-L2_4 0.99583745 0.9962079 0.99773353 0.9969972 0.9976917 0.99237865 0.991028 0.9860576 0.9936757 0.995569 0.9952583 0.99464095 0.99459416 0.9950075 0.9959533 0.99610966 0.995037 0.99585426 0.99529773 0.9949489 0.99394834 0.9948462 0.9919051 0.9928857 0.99395746 0.99408793 0.99403167 0.99276507 0.9954195 0.9943311 0.99453396 0.993697 0.9943102 0.9926096 0.9911766 0.99409944 0.99363667 0.9940784 0.99534124 0.99495184 0.9958629 0.99653167 0.99534714 0.9960324 0.99439913 0.99427426 0.9959043 0.9961765 0.99564797 0.99738437 0.99490196 0.9938209 0.99391073 0.9939555 0.99054706 0.99617904 0.9952528 0.99171567 0.99531376 0.9971473 0.9963737 0.9951681 0.9960743 0.9956536 0.9923439 0.9926441 0.9951812 0.99272466 0.9932574 0.9929178 0.9936258 0.99038535 0.99190587 0.9945033 0.9940292 0.99584925 0.9926718 0.9926598 0.9953798 0.9944623 0.9922546 0.9933302 0.9939435 0.9940133 0.9935623 0.9940178 0.994374 0.99457777 0.9958204 0.9939127 0.9939866 0.9954894 0.9925646 0.99171543 0.9917606 0.9929291 0.9910413 0.9925385 0.99112576 0.99297583 0.9906353 0.9928729 0.99260217 0.99176866 0.99312615 0.9926774 0.993839 0.9937265 0.99342024 0.992768 0.99260366 0.9937211 0.9939951 0.99466264 0.99339414 0.9936895 0.9920782 0.99033284 0.9888254 0.9898255 0.991077 0.98850286 0.9942439 0.99347174 0.9940746 0.9930209 0.9956558 0.993314 0.99098086 0.99220407 0.99390477 0.9934145 0.9950404 0.9951409 0.9934343 0.995653 0.9949743 0.9954478 0.9970399 0.99228084 0.9926718 0.98973376 0.9916232 0.9935996 0.99169576 0.9928249 0.9913639 0.9899733 0.9929314 0.99254775 0.9904093 0.986674 0.9849922 0.982327 0.9955893 0.99549925 0.9959706 0.9952401 0.9948506 0.99199915 0.99511623 0.99039954 0.9927087 0.99080104 0.99292576 0.99453586 0.9962269 0.9957164 0.99489915 0.9940274 0.9947427 0.9936539 0.99501514 0.99509954 0.993808 0.9954149 0.9944046 0.994216 0.99430764 0.9960197 0.99511343 0.99596363 0.9950954 0.99442744 0.99141383 0.9889585 0.9958541 0.99610066 0.99474186 0.9962768 0.99626976 0.9943306 0.995028 0.9956523 0.9962635 0.9953164 0.99424344 0.9932624 0.99143827 0.99474204 0.9923065 0.99285877 0.99430543 0.99376684 0.9938455 0.9902514 0.9912206 0.9910882 0.9889798 0.9864575 0.9887313 0.99239147 0.9981942 0.99612063 0.99806607 0.99922234 0.9980256 0.9999997 0.99863786 0.9974951 0.99833584 0.99690825 0.9964923 0.9984246 0.99702764 0.99627334 0.9958397 0.9966305 0.996306 0.9941602 0.9973849 0.9845315 0.9888468 0.994787 0.99362975 0.9888592 0.9918209 0.99277467 0.98477405 0.9911277 0.99586195 0.99166155 0.9830776 0.9888723 0.9903703 0.9908699 0.9924285 0.993742 0.99208397 0.9829624 0.9941498 0.9951149 0.99501824 0.9907476 0.9864935 0.99140006 0.9931149 0.99512696 0.99192953 0.9884878 0.99059135 0.9905536 0.99028504 0.9870692 0.9904661 0.992121 0.9924982 0.99072075 0.9877485 0.9952576 0.9944106 0.99536383 0.9942996 0.9956006 0.9908458 0.99276555 0.99274236 0.9947772 0.99426806 0.995898 0.9961392 0.9922173 0.99090177 0.996285 0.9964722 0.9907598 0.9859969 0.98998725 0.99080735 0.9892152 0.9930388 0.99343055 0.9940828 0.9957834 0.99028337 0.99181616 0.99208164 0.99358296 0.99353874 0.9902794 0.9897717 0.9923889 0.9901337 0.9920675 0.99133134 0.9919541 0.99117434 0.9904335 0.99323773 0.9938321 0.99243695 0.9918871 0.9945107 0.994112 0.9926736 0.9947466 0.99098104 0.9934024 0.99432844 0.995669 0.9968021 0.99679047 0.99602306 0.9962292 0.9966436 0.99542433 0.99618924 0.996554 0.9958037 0.99617666 0.996346 0.99564195 0.9956297 0.9944534 0.9945659 0.99283403 0.9916239 0.99469006 0.99594015 0.99579245 0.9958722 0.9969292 0.9964901 0.996315 0.993201 0.9960051 0.9955665 0.99511814 0.9943284 0.994837 0.9932195 0.99335235 0.99531704 0.9952775 0.99442834 0.9945149 0.9935583 0.99345875 0.9932267 0.9927414 0.9929354 0.9913804 0.99490374 0.9921869 0.99258655 0.9927297 0.9891457 0.9891619 0.9908903 0.99270236 0.99419147 0.9951435 0.9960725 0.9954021 0.99494255 0.9958918 0.99510664 0.9958663 0.9968949 0.9936232 0.9959819 0.9938319 0.99436545 0.99618995 0.9955639 0.9930777 0.99375767 0.9947523 0.99502957 0.99427724 0.99547553 0.99535424 0.9952608 0.9950273 0.99366415 0.9922656 0.991861 0.9922088 0.9949847 0.9965078 0.991273 0.9895904 0.99012375 0.9915638 0.9931015 0.9913558 0.99261785 0.9940848 0.99334073 0.9955539 0.9927956 0.9914166 0.9944432 0.99362344 0.9913934 0.9901499 0.9897943 0.9928118 0.9953917 0.9947432 0.9951234 0.9944633 0.9907409 0.9920152 0.9915411 0.9886004 0.9866524 0.9856544 0.9947829 0.99242675 0.99293035 0.9938201 0.9951265 0.9937209 0.99391866 0.99379945 0.9954908 0.9946512 0.99198425 0.9912532 0.99331737 0.99338573 0.9923375 0.9937967 0.9905828 0.98872364 0.991169 0.99168247 0.99299103 0.99224055 0.99315405 0.9914212 0.98983574 0.9918473 0.9888394 0.9948423 0.99391073 0.99258304 0.9926484 0.9931911 0.9917587 0.9924928 0.9946493 0.9952191 0.9944579 0.99367344 0.99454653 0.9887405 0.99476427 0.99277055 0.9944858 0.994174 0.9919271 0.99491704 0.9968625 0.9950728 0.9944457 0.9952203 0.9973213 0.9954425 0.99576277 0.99604183 0.99001825 0.9929293 0.9967411 0.9925477 0.9917166 0.99415785 0.99564826 0.99498564 0.9945282 0.9950912 0.99522215 0.99523365 0.9948466 0.9956614 0.995537 0.9937748 0.99174774 0.99321234 0.994341 0.9934247 0.99283254 0.99015343 0.9868336 0.98955214 0.9916231 0.9941334 0.99447465 0.9932583 0.9924456 0.9945345 0.9939898 0.98858327 0.98780835 0.9886871 0.98951477 0.9912553 0.99156874 0.990495 0.99301493 0.9914668 0.9896379 0.985866 0.9929469 0.99285144 0.99255884 0.99205226 0.99131775 0.9951302 0.9935396 0.99152106 0.99280787 0.99284214 0.99272555 0.99284744 0.9897488 0.989136 0.99099433 0.99167246 0.9945614 0.99055004 0.9899263 0.9915878
MijatovicxCyedomilx_SRP18920RajkoOdRasine-L2_5 0.99340713 0.99517614 0.9961553 0.9956361 0.99683595 0.9913565 0.9891538 0.9835079 0.9950457 0.9959462 0.9962406 0.9953378 0.99606425 0.99666274 0.99641323 0.9963568 0.9949615 0.9952746 0.9952037 0.9962341 0.9957722 0.9961252 0.9918755 0.9931243 0.9937575 0.99422485 0.99417865 0.99356204 0.99611187 0.99578893 0.995294 0.99470896 0.99564344 0.99300843 0.9913929 0.99376345 0.99275905 0.99363416 0.99580884 0.9955559 0.99681914 0.99772066 0.99583334 0.9963733 0.99350256 0.9943677 0.9968304 0.99696875 0.99724174 0.99770933 0.99599254 0.99471307 0.99452037 0.993483 0.9909735 0.994429 0.9931559 0.9883218 0.99251795 0.9962943 0.9952109 0.9933436 0.9954941 0.9945099 0.9905492 0.99083567 0.99569595 0.9937429 0.99490935 0.9936513 0.99354696 0.99042493 0.99279726 0.9960706 0.9950486 0.99714434 0.9932633 0.99286157 0.9954402 0.9957064 0.99304855 0.99234277 0.993003 0.9950183 0.99364763 0.99511796 0.9957757 0.9954154 0.9972365 0.9934777 0.9942545 0.9962712 0.99233174 0.9920728 0.99232113 0.99283475 0.9906035 0.9929783 0.99120915 0.9929843 0.9905341 0.9929414 0.9931571 0.9942855 0.99522704 0.9926645 0.9943747 0.99463356 0.99463224 0.9940764 0.9944315 0.9948088 0.99476343 0.9954042 0.99406075 0.99430287 0.9936709 0.99239004 0.9910364 0.99170387 0.9930074 0.990953 0.99544036 0.99507487 0.99543124 0.99380547 0.996567 0.9940429 0.9912454 0.99295664 0.99443316 0.99414206 0.99600005 0.99579436 0.99450743 0.9952713 0.99432665 0.9944028 0.9961674 0.9915329 0.9924345 0.98884463 0.9911132 0.994027 0.9933995 0.9947258 0.9916141 0.99072486 0.9932983 0.99368083 0.9889495 0.9864701 0.98466 0.98159623 0.9962733 0.996271 0.99669206 0.99544495 0.9950559 0.9939703 0.99594855 0.99318725 0.9942195 0.99277836 0.9945999 0.99532497 0.99610126 0.9970464 0.99521875 0.99553394 0.9957064 0.99549437 0.99694157 0.9964278 0.99544084 0.9963925 0.9957422 0.99537224 0.99528015 0.99660474 0.9965328 0.99712217 0.9962305 0.99571764 0.99334204 0.99148715 0.99679995 0.99700904 0.9961716 0.99620664 0.99749106 0.99653727 0.99692994 0.9973383 0.9976692 0.99676156 0.99573904 0.9937847 0.99160516 0.99494475 0.9920479 0.994248 0.99513876 0.99391246 0.99351084 0.99040955 0.9907807 0.9922856 0.98851526 0.98578024 0.98793733 0.9932917 0.9981386 0.9961183 0.9983289 0.999264 0.99800825 0.99863786 1.0000006 0.99678993 0.99746853 0.99573475 0.9950277 0.9974888 0.9969799 0.9958325 0.99683386 0.996734 0.99554205 0.99351215 0.9964695 0.9829674 0.98737895 0.99495035 0.9927558 0.9878743 0.9908782 0.99211574 0.98427093 0.98926044 0.9959383 0.99317324 0.9863184 0.9904341 0.9914662 0.98975784 0.9916869 0.9924766 0.9919284 0.9828117 0.99359214 0.9947039 0.99433315 0.9902906 0.9866937 0.99169666 0.9932794 0.9935496 0.9916162 0.9890038 0.9912885 0.99092036 0.9913486 0.98796546 0.991175 0.9933882 0.99337906 0.99140376 0.98793465 0.9954279 0.99552757 0.99534655 0.99539244 0.99636906 0.99211574 0.9940027 0.99182636 0.9941535 0.9930023 0.9955597 0.9954196 0.9912356 0.990147 0.99571437 0.9945122 0.98983383 0.9859924 0.98994803 0.9910449 0.9897776 0.9919035 0.9931811 0.99319553 0.9947888 0.990129 0.9916479 0.99156094 0.9936574 0.99327385 0.99057055 0.9901744 0.99461895 0.99380016 0.9945668 0.9946737 0.995064 0.9946513 0.9936232 0.9917873 0.9917663 0.99125314 0.9930819 0.9958654 0.99480003 0.9927718 0.9956093 0.9913112 0.9941897 0.99513817 0.9956696 0.99766016 0.9970991 0.9971132 0.9962975 0.99622333 0.99510276 0.99571407 0.9967936 0.9965222 0.9967401 0.9970072 0.99253905 0.992871 0.99103737 0.9955743 0.99491805 0.99322826 0.99511373 0.99657786 0.99663085 0.99634296 0.9969211 0.99637973 0.99625546 0.9924947 0.9960604 0.9955858 0.99529123 0.9937917 0.9947943 0.99241626 0.99240786 0.9947346 0.9945019 0.9942392 0.9942441 0.9924624 0.9923897 0.9923214 0.99447155 0.9943509 0.99268955 0.9959616 0.99353814 0.99406517 0.9927578 0.9900716 0.99012667 0.99217486 0.9935483 0.99459827 0.9953319 0.9962844 0.99614763 0.99594563 0.99636185 0.9961724 0.99657136 0.9967124 0.9948202 0.9959589 0.9942155 0.9952365 0.99718857 0.99606997 0.99453306 0.9943625 0.99611294 0.99523383 0.99458224 0.9958588 0.9960982 0.9955308 0.99506724 0.9954495 0.99465203 0.99452716 0.9948643 0.9965213 0.9961305 0.99084574 0.98935974 0.99010646 0.9917362 0.99281645 0.9918614 0.99229044 0.99367225 0.99258333 0.99621695 0.99371314 0.9922515 0.99496776 0.9956007 0.99279994 0.9917461 0.9917432 0.99456453 0.9959111 0.99606335 0.9959441 0.9959086 0.9914942 0.99285686 0.99293995 0.9880672 0.987103 0.986481 0.99650794 0.99401015 0.9940285 0.99534863 0.995752 0.99458563 0.9951912 0.9950391 0.9958314 0.996503 0.9925166 0.9926778 0.99442756 0.99482644 0.9937515 0.9956335 0.99237204 0.99031895 0.99298364 0.9935865 0.9944733 0.9933275 0.99469924 0.9929444 0.9921398 0.9941119 0.9902117 0.9964636 0.9958372 0.9937345 0.9940096 0.9938717 0.99209464 0.9938399 0.99562156 0.9954409 0.99553776 0.9942081 0.9944726 0.9886321 0.9952713 0.99338436 0.99561554 0.99465936 0.9920395 0.99570805 0.99766314 0.9968361 0.99548936 0.99612105 0.99758637 0.9952044 0.995265 0.9949731 0.9899213 0.99239075 0.9955158 0.99284726 0.9916587 0.99456966 0.9957339 0.99591935 0.995723 0.9955809 0.9957386 0.99605286 0.99450064 0.99607146 0.9943001 0.9924974 0.98986703 0.991254 0.9941306 0.99237007 0.9909506 0.9881809 0.98829466 0.99033034 0.9924378 0.9949728 0.9954802 0.994237 0.99287075 0.9946619 0.9946425 0.989725 0.9888999 0.9897254 0.99100965 0.9931482 0.99367315 0.99217945 0.9950057 0.99389917 0.9925916 0.9897956 0.99541956 0.9953047 0.9946552 0.99474424 0.9939727 0.9963266 0.9952001 0.9934831 0.9946988 0.9941225 0.9946445 0.99527806 0.9919094 0.9920675 0.9933653 0.99404603 0.9959123 0.9892793 0.9877411 0.99052376
MijatovicxCyedomilx_SRP18990MijatovicCyKnezGradoje-L2_1 0.9955882 0.99708146 0.9970951 0.993512 0.99532044 0.99556065 0.99369574 0.99012506 0.993265 0.99452746 0.9943672 0.99522394 0.9931597 0.99342567 0.99675226 0.9949384 0.9952657 0.9964454 0.996678 0.99474645 0.9925188 0.9935914 0.9934613 0.99338174 0.99402076 0.9922073 0.99380493 0.99013674 0.9955293 0.99325633 0.9933085 0.9944771 0.99372053 0.9906004 0.9883615 0.9961832 0.9954095 0.9941926 0.99578404 0.9942693 0.9945836 0.9941658 0.99507123 0.99327344 0.9952768 0.9953724 0.9945379 0.994307 0.99461013 0.99487716 0.9944875 0.9935132 0.99276733 0.9944536 0.99166673 0.996449 0.99603045 0.9936476 0.9955692 0.9973448 0.99688506 0.99531126 0.9973224 0.99676144 0.9959532 0.995908 0.9954732 0.99461293 0.99399626 0.9929739 0.99537593 0.99331224 0.9940295 0.994641 0.99522555 0.9954488 0.99649715 0.9962396 0.99624264 0.9945574 0.9951857 0.9921802 0.99394697 0.99046564 0.9888182 0.9910715 0.990748 0.99187684 0.99337405 0.9913785 0.9917602 0.9939905 0.9951396 0.9939402 0.993606 0.9937829 0.99149823 0.99180096 0.9922813 0.99290204 0.9932179 0.99432635 0.9934233 0.9904467 0.9898807 0.9925297 0.99016446 0.99058634 0.99251103 0.990665 0.9907554 0.9907452 0.9916515 0.9929102 0.9917609 0.99055815 0.9938374 0.99096805 0.99070704 0.9910343 0.99228615 0.99011415 0.9961401 0.9944415 0.9939627 0.99443746 0.9951132 0.99480027 0.99495685 0.9945365 0.99512976 0.99514216 0.99498916 0.994988 0.9950902 0.99479055 0.9955406 0.99616677 0.9966425 0.98862416 0.98791784 0.983755 0.98665255 0.9940078 0.992093 0.9927348 0.9936559 0.9929166 0.9940231 0.9935739 0.99454236 0.9917413 0.9904014 0.9880783 0.9958474 0.9954793 0.99498487 0.9921464 0.99153256 0.99120873 0.9929379 0.98983806 0.99107695 0.99059165 0.99199605 0.99196875 0.994492 0.9950381 0.9953537 0.99372166 0.99422115 0.99063957 0.99310064 0.9917149 0.98955965 0.99136204 0.9959716 0.9941566 0.9936484 0.99630934 0.994413 0.99412787 0.9929112 0.9908038 0.98738587 0.98457724 0.9961049 0.99543065 0.99376726 0.9951203 0.99576974 0.9948416 0.99270827 0.9954975 0.99457085 0.99545693 0.99538213 0.9952757 0.9929744 0.9945559 0.99194634 0.99210835 0.9936399 0.99270797 0.99471575 0.98874354 0.9888494 0.989137 0.98768985 0.9852979 0.9865594 0.98946905 0.9981421 0.9981849 0.9988908 0.99646467 0.99871606 0.9974951 0.99678993 1.0 0.9992385 0.9965272 0.99636334 0.99774563 0.997026 0.9971087 0.9934352 0.9970987 0.9966226 0.995876 0.9964646 0.9897231 0.9915941 0.99489254 0.99399066 0.99085766 0.99182075 0.9922025 0.98852414 0.9911863 0.994664 0.9874661 0.97896624 0.9856311 0.98806274 0.9913575 0.9926294 0.9961418 0.99463695 0.9871275 0.9936896 0.9935444 0.9948257 0.99281967 0.9923449 0.9939963 0.99573195 0.99642795 0.9952343 0.99116874 0.9931874 0.9929211 0.99214727 0.991505 0.9923347 0.9931596 0.99346083 0.99213123 0.9896206 0.995484 0.99488324 0.9957522 0.99602675 0.99500203 0.99294543 0.9946068 0.9951996 0.996165 0.99248964 0.9949525 0.99510825 0.9950656 0.99441004 0.9963316 0.99523485 0.99334484 0.98995936 0.99343246 0.99375546 0.9921136 0.99572426 0.9953618 0.99570715 0.9961518 0.99359745 0.9938351 0.99344987 0.99503064 0.9948239 0.9928012 0.99280703 0.99158716 0.98834944 0.9916978 0.98926747 0.9894693 0.9889154 0.989421 0.9947026 0.9942483 0.99347526 0.99279547 0.99440885 0.9947145 0.99432427 0.9950484 0.99289984 0.9940145 0.9962903 0.99743843 0.9965849 0.9966429 0.99591863 0.9939578 0.9932236 0.9908373 0.99240214 0.99659085 0.9957182 0.9962448 0.9966012 0.9927797 0.9911627 0.9902084 0.9906264 0.9884978 0.9865371 0.99659026 0.99531704 0.99507636 0.9950885 0.9952996 0.9955598 0.99363333 0.991005 0.996253 0.99377596 0.9939273 0.9941412 0.9929783 0.9914539 0.99049425 0.9961138 0.995476 0.9961721 0.9948768 0.99569774 0.9946084 0.9934769 0.98704076 0.99264866 0.99249226 0.99398446 0.99179834 0.9925254 0.9928866 0.9904976 0.98898995 0.9910061 0.99324405 0.9934735 0.9944165 0.9968555 0.99420285 0.9959787 0.9968793 0.9958033 0.9943718 0.99579376 0.9906543 0.99664843 0.99105144 0.9920313 0.995707 0.99263155 0.9886935 0.9906976 0.9917416 0.99694914 0.9921464 0.99612373 0.9935662 0.9961735 0.9957062 0.99011046 0.9898217 0.9892885 0.9898162 0.9929864 0.9929644 0.99140257 0.99187875 0.9915396 0.99332553 0.993236 0.99281675 0.99390966 0.99466777 0.99383575 0.9957914 0.9934875 0.9914901 0.99488145 0.99241066 0.99320513 0.9921194 0.990346 0.9923919 0.9951734 0.9941745 0.9959754 0.99398696 0.9928504 0.9943675 0.9923606 0.9916992 0.9899645 0.98949164 0.9924325 0.99269193 0.9929151 0.9940276 0.99511945 0.9949238 0.9944763 0.9938743 0.9947266 0.99170333 0.9940145 0.99218136 0.99284923 0.9934195 0.9924815 0.992467 0.9900599 0.9873956 0.9918395 0.9898592 0.9928158 0.99211204 0.99179584 0.9930769 0.99104506 0.99248946 0.9918973 0.9945703 0.9942828 0.99377996 0.9937799 0.99441075 0.99340993 0.99240017 0.9955942 0.9963351 0.99526155 0.99438334 0.99618423 0.9921685 0.99600536 0.9949244 0.99376804 0.9934005 0.99461746 0.9961347 0.996488 0.99521327 0.9944113 0.99615484 0.9972662 0.99709535 0.9965533 0.9966543 0.99263626 0.99366206 0.99571496 0.99418885 0.9953415 0.9935344 0.9942457 0.9919732 0.99314314 0.9937737 0.9935045 0.99349475 0.9932582 0.9937434 0.9937007 0.9931474 0.99085176 0.99243337 0.9919154 0.99201167 0.9918505 0.9893563 0.99050295 0.9917989 0.9928676 0.9938525 0.99220467 0.9927508 0.9933129 0.99409467 0.9933796 0.99218756 0.99089354 0.99154353 0.9911982 0.99127465 0.99197406 0.9900101 0.99109423 0.98798895 0.98476833 0.9805515 0.9898363 0.99055374 0.9892306 0.98945886 0.98716635 0.9924943 0.99057156 0.98665863 0.98921376 0.9889144 0.9889657 0.9885505 0.98444015 0.98393756 0.98638874 0.98755217 0.9915327 0.9952986 0.9940012 0.99573034
MijatovicxCyedomilx_SRP18990MijatovicCyKnezGradoje-L2_2 0.9958464 0.9969772 0.99790114 0.99499536 0.9961842 0.9955632 0.99433774 0.9904402 0.9936415 0.9950787 0.9950082 0.9954823 0.9939052 0.9940266 0.996709 0.99543285 0.99561197 0.9967614 0.99656236 0.99460983 0.9927435 0.9939342 0.99286556 0.9930687 0.99383646 0.9927842 0.9938858 0.9907276 0.99540854 0.99365157 0.99391997 0.99426275 0.9939628 0.9909803 0.98908067 0.9957768 0.9949729 0.9943455 0.9957351 0.9947148 0.99519193 0.9949094 0.9956368 0.99431694 0.99544734 0.9952775 0.9952138 0.99502873 0.9949758 0.99582946 0.9948308 0.99366236 0.99364376 0.9952 0.99235874 0.9971227 0.99678123 0.99436796 0.99651384 0.9981396 0.9976549 0.9961202 0.9972496 0.99691594 0.99587137 0.9958813 0.99571866 0.9943365 0.9943587 0.99323344 0.9949322 0.9927588 0.9941369 0.9950281 0.99541134 0.9960425 0.9953802 0.99560416 0.9967829 0.9947344 0.99490696 0.9932446 0.99470454 0.9918435 0.9904816 0.9924265 0.9921765 0.9932655 0.9945067 0.99296796 0.9931006 0.99472 0.99515307 0.9939778 0.99374825 0.99443865 0.9924615 0.9928898 0.9929262 0.99402755 0.9933883 0.9945003 0.993596 0.9908342 0.9908774 0.9926809 0.9912875 0.9914814 0.9928152 0.99146736 0.9913757 0.9918206 0.99256814 0.99371636 0.99265856 0.99180186 0.9932694 0.9907435 0.9901137 0.9907671 0.99226874 0.9898024 0.99564445 0.9939697 0.99402356 0.99414295 0.9955369 0.9943526 0.99414283 0.993997 0.9949098 0.9948152 0.99504024 0.9951575 0.9946794 0.9954853 0.9962488 0.9968522 0.997365 0.99029744 0.9896659 0.9861009 0.98878145 0.99411744 0.9917904 0.9926276 0.9934621 0.99244714 0.9942329 0.99363756 0.99387443 0.9906925 0.9892529 0.9870653 0.9957742 0.99549794 0.99550974 0.99343663 0.9932045 0.9921577 0.9944039 0.99055094 0.9922567 0.99145335 0.9930162 0.99324065 0.9958243 0.9955771 0.99600667 0.9941525 0.9949745 0.9920547 0.99365556 0.9930377 0.9911394 0.99310315 0.9956062 0.9943264 0.9938356 0.9960489 0.9944399 0.99445075 0.9932996 0.9918891 0.9882732 0.98534703 0.996251 0.99603885 0.9943629 0.9961092 0.99603516 0.9944932 0.9934995 0.99576676 0.9952152 0.99540293 0.99513006 0.9949515 0.99309766 0.9950773 0.99291253 0.99282515 0.9942547 0.9939628 0.9951601 0.9898394 0.9903285 0.98995316 0.98892117 0.98655164 0.988192 0.990938 0.99807525 0.9974639 0.99857 0.9972074 0.9982666 0.99833584 0.99746853 0.9992385 1.0000002 0.9977439 0.99754435 0.9987167 0.9976376 0.99773127 0.9945315 0.99750507 0.99734086 0.99603295 0.99752206 0.9882649 0.99098355 0.9949209 0.99446905 0.9905836 0.99218434 0.9931522 0.98750377 0.991814 0.99500704 0.9886892 0.97971 0.9863869 0.98838854 0.9913133 0.99267477 0.9961674 0.99424875 0.9861748 0.99474764 0.99466056 0.99586064 0.9933417 0.99089324 0.993814 0.99519104 0.9968894 0.9946718 0.99077916 0.99253094 0.99277306 0.9921954 0.99041563 0.9922663 0.9930697 0.9934662 0.99237126 0.9899326 0.99548864 0.9947427 0.9958224 0.995646 0.99540794 0.99265856 0.99421346 0.9948967 0.9957304 0.9930793 0.9954052 0.9956889 0.9946135 0.993626 0.9965469 0.99597764 0.99301094 0.98928565 0.99260134 0.9929486 0.99151134 0.9951498 0.994976 0.9955258 0.9963131 0.9931164 0.993961 0.99384034 0.9949201 0.995099 0.99276036 0.99270314 0.99218935 0.9886923 0.9918948 0.9898593 0.99027216 0.9895028 0.9898671 0.9942772 0.99421644 0.99361515 0.9925589 0.9943855 0.99478656 0.9942126 0.9950993 0.9926994 0.99420685 0.9957707 0.99722475 0.99698913 0.9969382 0.9963316 0.9947067 0.99443424 0.9924363 0.9938527 0.9965857 0.9954621 0.99597526 0.99631786 0.9946778 0.9934726 0.99259335 0.99210703 0.9899147 0.98824054 0.99611676 0.995481 0.99540997 0.99561006 0.9959756 0.99607855 0.9946835 0.99190015 0.9964421 0.9949439 0.9947903 0.99453425 0.99398607 0.992794 0.99194056 0.9959989 0.9959173 0.996145 0.9953572 0.9958295 0.995124 0.9944456 0.98924595 0.9929114 0.9922214 0.9945012 0.99215126 0.9929091 0.99330515 0.99046266 0.98949194 0.9912185 0.9935044 0.9943989 0.9950736 0.99687636 0.99486125 0.9959033 0.99665445 0.99555206 0.9950342 0.99610907 0.9918229 0.99669594 0.9920952 0.9929878 0.9960334 0.99369216 0.99009085 0.9918888 0.9928209 0.9965414 0.9929984 0.9962677 0.99429035 0.9960015 0.9960043 0.99128497 0.9904944 0.9901176 0.9905944 0.9939078 0.99418086 0.99152803 0.99152625 0.9913343 0.99283326 0.99346286 0.9924684 0.99382675 0.9949016 0.9939821 0.99585634 0.9938162 0.9921588 0.99542737 0.9929864 0.99343234 0.99216837 0.99072737 0.99272746 0.9958064 0.9948512 0.99614793 0.9943516 0.9927206 0.9941657 0.9924281 0.9917606 0.9896847 0.9890285 0.99310935 0.9925648 0.9931182 0.99408793 0.9950686 0.99518186 0.99495876 0.994544 0.99562526 0.9930564 0.9939807 0.9918016 0.9932588 0.9939475 0.99321026 0.99357444 0.99026394 0.9879486 0.9910907 0.98993915 0.99250257 0.9919526 0.99197173 0.9924232 0.99011534 0.9918009 0.99062765 0.99502814 0.99465597 0.9940851 0.9939302 0.99481606 0.9932467 0.9926227 0.9957586 0.99665433 0.9954852 0.9946418 0.99606556 0.99180114 0.99599713 0.9945015 0.994119 0.99402314 0.994496 0.99617785 0.99657464 0.9953743 0.99492466 0.996256 0.99765724 0.9971662 0.9970825 0.9969999 0.9926911 0.99412966 0.9968344 0.99423015 0.99450684 0.9937842 0.9946486 0.99257654 0.9935754 0.9944529 0.9942575 0.99405617 0.994136 0.99442834 0.99433804 0.9934782 0.99164695 0.99292696 0.9928765 0.99258775 0.9923102 0.9900809 0.98935735 0.99109256 0.9926295 0.99405795 0.9929951 0.99292535 0.99320376 0.9944059 0.9937351 0.9908662 0.9899599 0.9905696 0.990699 0.99120367 0.9916007 0.9901525 0.99154747 0.98910505 0.9861344 0.9819638 0.99059725 0.9911469 0.99010235 0.9901383 0.9884738 0.9934984 0.991792 0.9885369 0.9906938 0.99046236 0.9901433 0.9898809 0.9863089 0.9855195 0.9878437 0.9888465 0.9928087 0.99475074 0.9940207 0.99556255
MijatovicxCyedomilx_SRP18990MijatovicCyKnezGradoje-L2_3 0.99491173 0.9932338 0.9960175 0.99558294 0.9959252 0.99241865 0.9921524 0.9884919 0.98906225 0.99169517 0.9917863 0.9910501 0.9909077 0.9911629 0.9935156 0.99303263 0.9935457 0.9940235 0.9929458 0.9910792 0.9902168 0.9917371 0.9869698 0.9880068 0.9896231 0.98992294 0.9905748 0.9883747 0.99186146 0.9913161 0.9918579 0.9902797 0.9917065 0.990275 0.98955023 0.9915991 0.99053556 0.9922595 0.9909613 0.99080783 0.9918883 0.9924573 0.9921292 0.9927262 0.9911564 0.9899857 0.99222225 0.9925655 0.9913386 0.9944902 0.9920684 0.99157035 0.99297345 0.99321514 0.9905555 0.9938461 0.99295616 0.9908386 0.99373585 0.99608505 0.9960281 0.99277264 0.9925515 0.9926722 0.9906361 0.9905269 0.9931804 0.9904771 0.9915647 0.98830926 0.99160194 0.98615813 0.99077135 0.99248606 0.99272704 0.993864 0.9901464 0.9917749 0.99412864 0.99049646 0.99145377 0.99127746 0.991516 0.98950756 0.9892217 0.98995405 0.99049735 0.99098635 0.9922529 0.99113977 0.99094975 0.9944125 0.9934493 0.99252367 0.99218386 0.9932116 0.9918854 0.99154913 0.9919106 0.9941936 0.9926881 0.9935219 0.9927654 0.9889405 0.9899445 0.99006736 0.99122924 0.99054736 0.9907078 0.9898638 0.9893264 0.9904492 0.9913627 0.992632 0.99080443 0.9912524 0.9896876 0.98622334 0.9852442 0.98597145 0.9878447 0.98585534 0.9919438 0.98951316 0.98976105 0.9891104 0.99313354 0.9885876 0.9878897 0.98844135 0.9898569 0.98928106 0.9906651 0.9912358 0.99005747 0.99500006 0.99364924 0.994411 0.99463135 0.988035 0.9882945 0.9855618 0.9874878 0.9903768 0.98794544 0.9897597 0.98949087 0.9872364 0.9906767 0.9897558 0.9885219 0.9846649 0.98513603 0.9811117 0.99321735 0.9925953 0.99293065 0.99311525 0.99361897 0.9898835 0.99323356 0.9888064 0.9908794 0.9895356 0.99111515 0.99305195 0.99484766 0.9935237 0.9949181 0.9922035 0.99424857 0.99174017 0.99207336 0.99193966 0.9906722 0.99313515 0.99387145 0.9939194 0.9934423 0.99312115 0.99249864 0.99306357 0.9916091 0.99035406 0.9874345 0.9853083 0.9932879 0.9941926 0.99240834 0.99450266 0.9941255 0.9913007 0.9925867 0.99338114 0.9939817 0.9916428 0.9912285 0.99015343 0.98843294 0.99224496 0.9907704 0.9907578 0.99154913 0.9921406 0.9914351 0.98730963 0.98861974 0.98772913 0.9866017 0.98407054 0.98623395 0.98925304 0.99556476 0.9935498 0.99564976 0.99585396 0.99472845 0.99690825 0.99573475 0.9965272 0.9977439 1.0000002 0.9996257 0.9992675 0.99697995 0.99748135 0.9933041 0.99530625 0.996607 0.9943736 0.99692374 0.9792036 0.9831102 0.99271846 0.9924777 0.9864686 0.9894204 0.99321866 0.98235536 0.9895086 0.99374026 0.9887213 0.9791646 0.98524916 0.98664427 0.9881129 0.9906558 0.9914927 0.98849577 0.97853947 0.9907499 0.9908721 0.99185777 0.988723 0.98453104 0.98920953 0.99043643 0.99409044 0.98991895 0.98606503 0.9865125 0.98812336 0.99046874 0.9867972 0.98901105 0.9899752 0.9912777 0.99073327 0.9885847 0.9938043 0.99240196 0.9935779 0.9913211 0.9928248 0.9886381 0.99074906 0.98941684 0.99081033 0.9897141 0.99160135 0.99247026 0.9901533 0.98753774 0.9947424 0.9924289 0.9892304 0.9853371 0.987055 0.98788816 0.98774236 0.9898495 0.9914133 0.9907959 0.9934006 0.98869264 0.99048775 0.9910128 0.9903434 0.99213123 0.9894945 0.9895701 0.98958313 0.9869535 0.989561 0.98779225 0.98845917 0.98748976 0.9884546 0.989887 0.99155587 0.99089926 0.98796487 0.99069804 0.99048674 0.9892152 0.9911147 0.9883738 0.990559 0.99057394 0.9934236 0.99491155 0.99411994 0.9941858 0.99221754 0.9924448 0.99103826 0.99193597 0.99370795 0.9930631 0.99271464 0.99260354 0.9935461 0.99291277 0.9923708 0.99076885 0.9886475 0.98689014 0.9915157 0.9922306 0.9924108 0.9931086 0.9941344 0.99298906 0.9935986 0.9903637 0.9929453 0.99259335 0.99208325 0.9903533 0.9921672 0.9906029 0.9899005 0.9913274 0.9929771 0.9931518 0.99295175 0.9922641 0.9925934 0.9918557 0.9905259 0.9882751 0.9867114 0.99081284 0.9877714 0.98815286 0.9872797 0.9845837 0.9838825 0.9859494 0.9885402 0.9901595 0.99053705 0.9947297 0.99379915 0.9920044 0.99334586 0.99209917 0.992962 0.99352473 0.9919397 0.99350095 0.9924027 0.9930002 0.9942736 0.9940093 0.9911174 0.9927595 0.99309623 0.99241084 0.9923742 0.99302185 0.9924952 0.99249506 0.99276805 0.9906304 0.9890497 0.9888709 0.989796 0.9924215 0.99246603 0.9862383 0.98574966 0.9840596 0.98600876 0.98752517 0.9860357 0.9873294 0.98953724 0.9883508 0.99377185 0.99353975 0.991777 0.99240136 0.9919071 0.9925287 0.9904168 0.99064666 0.99151 0.99400425 0.99308056 0.9933319 0.99148804 0.98838377 0.9904931 0.9888215 0.98802626 0.9864754 0.98566014 0.99214387 0.99061674 0.9909717 0.99217105 0.99293846 0.99303544 0.9918585 0.99212295 0.99219084 0.99072397 0.98878706 0.9854651 0.9887772 0.99001175 0.98946357 0.99024516 0.9860168 0.98464113 0.9854862 0.98486793 0.9876909 0.98652446 0.9877292 0.98675656 0.9845648 0.98687685 0.98402 0.9927006 0.99269116 0.99158823 0.99104166 0.9911417 0.9876243 0.9889885 0.993608 0.99293673 0.99067855 0.9912962 0.9917099 0.9878019 0.99191326 0.9902468 0.9900679 0.9914356 0.99032235 0.9941022 0.9929781 0.9920745 0.9925559 0.9924739 0.99568754 0.99368715 0.99448454 0.9941259 0.9903757 0.99288225 0.9951549 0.9921878 0.9898318 0.9906213 0.99313295 0.99220645 0.9919697 0.99353707 0.9939302 0.9920913 0.99329245 0.99255913 0.9927405 0.9918706 0.991175 0.9916641 0.9923141 0.99185854 0.9914943 0.9894368 0.9828227 0.9843681 0.987085 0.98974895 0.99005187 0.98900205 0.9878934 0.99104667 0.98944163 0.9843608 0.98365843 0.98419976 0.9850098 0.9862663 0.9869515 0.98595464 0.9899263 0.9899963 0.9857846 0.9828249 0.98941076 0.9900816 0.98944956 0.98911923 0.98859024 0.9929156 0.99184996 0.9892169 0.99084765 0.990815 0.99007 0.99011266 0.98845613 0.9867474 0.98869157 0.9894755 0.99283963 0.99234676 0.992342 0.9937341
MijatovicxCyedomilx_SRP18990MijatovicCyKnezGradoje-L2_4 0.9942148 0.9925641 0.9955307 0.9948175 0.995088 0.99212885 0.99212337 0.98828924 0.9884159 0.99122196 0.99115074 0.9905316 0.990301 0.990468 0.99305534 0.9925282 0.99325514 0.9937068 0.9925546 0.9902381 0.9895468 0.99108046 0.98625696 0.98731744 0.98911566 0.98949814 0.9900407 0.98770684 0.99154526 0.9909536 0.99153215 0.98979735 0.99138564 0.9897292 0.9890178 0.9911982 0.9901688 0.99200636 0.989911 0.98973954 0.9909042 0.991323 0.9909259 0.99172574 0.9903729 0.98912793 0.99116147 0.991448 0.9903077 0.9935109 0.9910451 0.99046636 0.9919427 0.9925569 0.98995024 0.9935626 0.99265546 0.99105614 0.9937367 0.9959565 0.99603003 0.9927326 0.9921427 0.99225795 0.9907482 0.9905663 0.99221283 0.98947394 0.9905092 0.98706794 0.990707 0.9856557 0.9901536 0.99179 0.99212027 0.99334115 0.98982644 0.9914971 0.99353635 0.9897209 0.991166 0.9904694 0.9907685 0.9881375 0.98779184 0.98854196 0.989164 0.9897109 0.99103576 0.9898063 0.9895825 0.99384767 0.9928862 0.992237 0.9917473 0.9925636 0.9910708 0.9905564 0.99114823 0.9935123 0.9923468 0.99326533 0.99230456 0.9875434 0.98857933 0.9887828 0.9900304 0.98937106 0.989578 0.988575 0.9879699 0.9892251 0.9901254 0.9914988 0.98953706 0.9900851 0.9885484 0.98478687 0.98412645 0.98492014 0.9869524 0.9850005 0.9912454 0.98872 0.9887975 0.9883644 0.9924936 0.98799115 0.9872261 0.98762435 0.98913145 0.9886772 0.98978186 0.99038315 0.98937607 0.9946031 0.99316174 0.99388313 0.9940971 0.9866718 0.9869178 0.98404664 0.9859768 0.9893124 0.9866977 0.98851335 0.98834443 0.9861138 0.98967355 0.98874754 0.9880333 0.98418224 0.9846757 0.98070633 0.99225956 0.9916502 0.99219114 0.9918274 0.9924805 0.9890579 0.9923965 0.9879734 0.99017423 0.98886544 0.9904283 0.99215406 0.99426156 0.99275297 0.99434394 0.99126685 0.99357593 0.9909772 0.99120104 0.9909867 0.98980814 0.99228555 0.9933636 0.9934095 0.9929634 0.99214464 0.99142474 0.99229014 0.9906486 0.98914844 0.9859044 0.98370105 0.992458 0.9933078 0.9913537 0.9936749 0.99364924 0.9906109 0.99203753 0.9928503 0.99345523 0.9910686 0.9904834 0.9893415 0.98748475 0.99138695 0.98978764 0.98954135 0.9905684 0.9913295 0.9905635 0.9861373 0.9875852 0.98639494 0.9855135 0.9830367 0.98519504 0.98797864 0.99519044 0.9931368 0.9951414 0.995261 0.9942337 0.9964923 0.9950277 0.99636334 0.99754435 0.9996257 1.0000002 0.9991702 0.99654055 0.99710876 0.9922451 0.9947642 0.99621207 0.9939362 0.9965211 0.9790087 0.9826469 0.9916753 0.9914807 0.9852113 0.9880995 0.9920727 0.98093027 0.9883863 0.99263877 0.98745286 0.97792625 0.9839054 0.9854702 0.9868984 0.9894745 0.9910081 0.988203 0.97810036 0.99025226 0.9901615 0.99114376 0.9881636 0.98396677 0.9884171 0.9899657 0.9936837 0.989438 0.98576313 0.9857442 0.9875104 0.98950344 0.98587227 0.9878757 0.98888814 0.9903412 0.99016595 0.98804474 0.9928333 0.991525 0.99258775 0.9904431 0.9918037 0.98763597 0.98983824 0.98906446 0.99029446 0.98878413 0.9909467 0.99173355 0.9899402 0.9872801 0.9941926 0.9919955 0.98911613 0.9850564 0.9866409 0.9875333 0.9878611 0.98943996 0.9909862 0.99046373 0.9929147 0.98794204 0.9895895 0.99015325 0.9895234 0.9913131 0.9886391 0.9887652 0.9889281 0.98597956 0.9891533 0.98683923 0.9876821 0.9866338 0.9878266 0.98936427 0.99103737 0.9901053 0.9868655 0.9897229 0.98957837 0.98837906 0.99013805 0.987415 0.98947966 0.98982984 0.992748 0.99411577 0.99333024 0.9934742 0.991216 0.9916464 0.99022776 0.99113417 0.99321294 0.99222195 0.9920746 0.99203575 0.993082 0.99240327 0.9920111 0.9895438 0.9875299 0.98543537 0.9907479 0.99157035 0.99162865 0.99231243 0.9935167 0.9922725 0.9928957 0.99006116 0.9921486 0.9917531 0.991236 0.9898923 0.99161804 0.9901253 0.989363 0.9908728 0.99245816 0.99278045 0.99270856 0.99215615 0.99252 0.9916757 0.98967886 0.98710763 0.98544115 0.9897068 0.9867136 0.987085 0.986517 0.9836153 0.98274446 0.98481506 0.9876163 0.9892814 0.9897661 0.99394524 0.9931357 0.9911665 0.992617 0.9911598 0.992136 0.9929342 0.99123275 0.9928536 0.99184865 0.99233305 0.99352366 0.9933658 0.99040735 0.99225765 0.9924827 0.99156207 0.9917112 0.9922182 0.9918314 0.9917452 0.992052 0.9894818 0.98799205 0.9877661 0.9888263 0.99150777 0.99166214 0.9850843 0.9845798 0.9830365 0.9851078 0.9867431 0.9850002 0.9864907 0.98880595 0.98760986 0.99308705 0.99295795 0.99111 0.9916608 0.9908627 0.9917536 0.9898704 0.98984206 0.9904747 0.9934246 0.99229854 0.9925216 0.99072164 0.9875984 0.9899946 0.9878641 0.9877339 0.9861247 0.985169 0.99095637 0.9893518 0.989695 0.9911139 0.9919813 0.9926308 0.99131143 0.99138176 0.9915022 0.9898709 0.9882269 0.98468304 0.9878869 0.9893241 0.9886381 0.9894348 0.9844866 0.98303515 0.98420906 0.98353183 0.9865719 0.9852971 0.98646903 0.98566437 0.98335373 0.98568726 0.98287296 0.99197584 0.9921381 0.99111927 0.99029857 0.990626 0.9868704 0.98802596 0.99296427 0.9921808 0.9897956 0.9903419 0.9911216 0.9869403 0.9912654 0.98962384 0.9889915 0.9904449 0.9895334 0.99331135 0.9920644 0.9912729 0.99173766 0.99180734 0.99514526 0.9930687 0.99392486 0.9935919 0.9896004 0.99216324 0.99455285 0.9915442 0.9894924 0.98944306 0.992136 0.9908303 0.9906273 0.99237454 0.9928866 0.99090856 0.9922123 0.99149793 0.99223596 0.99149424 0.99096745 0.9914523 0.99189115 0.99155 0.9912936 0.9891554 0.9816748 0.9833845 0.9859738 0.988677 0.9888392 0.9877927 0.9868378 0.990018 0.9883652 0.9832235 0.98238695 0.98302627 0.98367304 0.984965 0.9857321 0.98464084 0.988792 0.9890794 0.9846773 0.9817474 0.98840505 0.9891604 0.98843503 0.9881227 0.987521 0.99206924 0.99133795 0.98871744 0.99030626 0.9902364 0.98940396 0.9892412 0.98748535 0.98594356 0.9878788 0.98882014 0.992335 0.9922549 0.9924876 0.993838
MijatovicxCyedomilx_SRP18990MijatovicCyKnezGradoje-L2_5 0.9953556 0.9947559 0.9969731 0.9962834 0.9968606 0.9928882 0.99202 0.9879303 0.99196243 0.99417305 0.99412745 0.9933667 0.9935028 0.99381566 0.99540913 0.99494505 0.994943 0.99551564 0.99459755 0.99358606 0.99277955 0.99395806 0.98971593 0.99075747 0.9922751 0.9926925 0.9929171 0.9910676 0.99445987 0.99378455 0.99415183 0.99290186 0.9940231 0.99176985 0.99082553 0.9930765 0.9921706 0.9934429 0.99289775 0.9926859 0.99371976 0.9943863 0.9933887 0.9941903 0.9924405 0.99182016 0.9939603 0.9942844 0.99358994 0.9960141 0.99385947 0.9931263 0.9939338 0.9942218 0.9913927 0.9954274 0.9944524 0.9916625 0.99494594 0.9973079 0.9970068 0.9943802 0.9947067 0.9944037 0.9919004 0.9920176 0.9945734 0.9919824 0.9929144 0.9906003 0.99314094 0.98868287 0.99175054 0.99410826 0.99389523 0.9954442 0.9920354 0.9928102 0.99515325 0.992794 0.9924532 0.9923552 0.99287987 0.9915766 0.99099493 0.9917534 0.9923898 0.9927676 0.99412805 0.99219155 0.9922603 0.9958204 0.993598 0.9930386 0.99265254 0.9937369 0.9918181 0.9922232 0.9919495 0.99413055 0.9923574 0.9939928 0.9935734 0.99058247 0.9917002 0.9914664 0.9928276 0.9924575 0.9924503 0.9916139 0.9912177 0.9922727 0.99284405 0.9938658 0.9922436 0.9927313 0.991276 0.9883543 0.98754996 0.98842686 0.98986083 0.9878509 0.9937964 0.99208224 0.9922071 0.99152166 0.99509823 0.9914017 0.9897969 0.9906746 0.99225605 0.9917332 0.9931624 0.9935065 0.9922659 0.99592024 0.99466646 0.99527735 0.9960299 0.9896274 0.99006915 0.9870055 0.98896205 0.9920514 0.9901991 0.9917788 0.9907495 0.988731 0.9920427 0.991518 0.9894389 0.9859312 0.98582214 0.9820532 0.99466455 0.99426514 0.9949111 0.9938517 0.9940612 0.9915644 0.99456453 0.9904895 0.9924003 0.99097496 0.9927734 0.99442834 0.996086 0.99528944 0.9957446 0.9938157 0.99538076 0.99347484 0.9942008 0.99396807 0.99275136 0.99476427 0.9950259 0.994964 0.9946495 0.99484974 0.9943826 0.99517286 0.99384683 0.99259156 0.989725 0.9876076 0.9948477 0.99552184 0.9940679 0.99562365 0.99597317 0.9936997 0.9947484 0.9954448 0.9959247 0.99419695 0.9933628 0.99193424 0.9900652 0.9938281 0.9917224 0.99200255 0.9931164 0.993096 0.9927119 0.9889154 0.98997545 0.98962194 0.9878893 0.9851701 0.98735577 0.99083674 0.99736536 0.9952914 0.9974063 0.997787 0.9967397 0.9984246 0.9974888 0.99774563 0.9987167 0.9992675 0.9991702 0.99999994 0.99768984 0.99739933 0.99493533 0.9963921 0.9969487 0.99469507 0.9975232 0.9820315 0.9859467 0.9940514 0.9930209 0.9874484 0.99038434 0.9932259 0.98336464 0.99002415 0.9949964 0.9906398 0.98214006 0.98755515 0.9889945 0.9894523 0.9915669 0.9925163 0.9907778 0.9810597 0.99266493 0.9931001 0.9934076 0.9899788 0.98591375 0.9904853 0.99220973 0.9949545 0.99136484 0.98791254 0.9888491 0.98975086 0.99064857 0.9872742 0.9898273 0.9914724 0.99235404 0.9911784 0.988619 0.995071 0.99417156 0.9946895 0.9932118 0.9945415 0.99011576 0.9921699 0.9911346 0.992899 0.9915667 0.9936751 0.99415284 0.99134034 0.9893182 0.9958322 0.9941687 0.9903747 0.98623013 0.9886794 0.98963845 0.989322 0.9914651 0.99269193 0.99260336 0.99485654 0.98967123 0.99139816 0.9919593 0.9922298 0.9931205 0.9904015 0.9902462 0.9917127 0.98946255 0.9918184 0.99046636 0.99100035 0.9902054 0.9905325 0.9917374 0.99262005 0.9916947 0.9900646 0.99292076 0.9925343 0.99099916 0.99298584 0.9898721 0.9921882 0.9929109 0.9949542 0.9963392 0.99570596 0.99566483 0.9942935 0.99455804 0.9933188 0.9940465 0.99574196 0.9950913 0.9951166 0.9951063 0.9943357 0.99382913 0.99296176 0.99276876 0.9912021 0.9892622 0.9936256 0.9946093 0.9945681 0.99490196 0.99594903 0.99487215 0.9952423 0.992059 0.99477184 0.9943167 0.9938824 0.99251604 0.99387884 0.9920524 0.9915702 0.99366903 0.9944936 0.9945097 0.9945259 0.99359626 0.9936602 0.9930738 0.99199873 0.99064493 0.9888938 0.99272174 0.9899192 0.9902662 0.9897302 0.9868429 0.9864645 0.9883841 0.99065596 0.9919921 0.99257237 0.9959055 0.99528056 0.9936934 0.9950619 0.9939274 0.99462 0.9954987 0.9931934 0.995009 0.99375224 0.9942899 0.99572253 0.99535745 0.9925908 0.99379826 0.9945455 0.9939902 0.9935999 0.99451405 0.9942348 0.9942351 0.9941739 0.9924214 0.9913608 0.9910628 0.9917257 0.99411184 0.9943695 0.9882139 0.9874377 0.9865474 0.98855907 0.99006563 0.9884735 0.9897618 0.9917017 0.99060595 0.9954023 0.99438375 0.9927862 0.99395025 0.99341863 0.9931677 0.9915283 0.9915112 0.9925431 0.99512136 0.9944021 0.9946967 0.9934237 0.98995715 0.9918389 0.9907689 0.9887809 0.9871627 0.98627853 0.99367136 0.9918185 0.9921228 0.99346554 0.9943947 0.9938199 0.9933547 0.9933812 0.994014 0.9930198 0.9907611 0.98876613 0.9912711 0.9921784 0.9914498 0.9924487 0.98810893 0.9864907 0.9884845 0.98820955 0.9906133 0.9893659 0.99055463 0.98947465 0.98776174 0.98989534 0.9867888 0.99449325 0.9942204 0.9928788 0.9926244 0.99280477 0.9898642 0.9910774 0.99489 0.9944484 0.99282473 0.99288195 0.9936182 0.98879653 0.9940405 0.99221325 0.99240875 0.99310786 0.9916384 0.9953371 0.9951304 0.99430716 0.9941741 0.99453706 0.99718237 0.99494207 0.99569255 0.9954762 0.99053293 0.9934808 0.9960703 0.99302185 0.9914142 0.9924292 0.99471307 0.99374497 0.9934257 0.99457717 0.9948803 0.99392134 0.99420094 0.9943023 0.994385 0.99315935 0.99173135 0.9927632 0.99381554 0.99314356 0.99259365 0.9900837 0.9850125 0.9869144 0.98924434 0.99182343 0.99210894 0.9910083 0.99006474 0.9926679 0.99157137 0.98659563 0.9855983 0.986451 0.98719966 0.98874694 0.9893785 0.9882061 0.99206585 0.9916789 0.98836577 0.9853119 0.9916232 0.9919975 0.9914055 0.9911939 0.9905306 0.99466634 0.99358493 0.99109006 0.9927584 0.9926565 0.99219424 0.9922219 0.989962 0.9888304 0.9907416 0.99153143 0.99455684 0.991981 0.9916301 0.9933591
MilicxevicxMilanDx_SRP18790MilanDjMJurmusaFatima-L2_1 0.9946634 0.9954409 0.9971596 0.99518675 0.99601245 0.9940426 0.9928738 0.9891281 0.99434006 0.99599236 0.9962628 0.9961319 0.99545413 0.99557537 0.99746037 0.9966341 0.9969583 0.9973355 0.9967843 0.99580616 0.99486655 0.99587536 0.9921733 0.9927114 0.9939015 0.9937545 0.99472326 0.9924777 0.9955667 0.995276 0.9954364 0.9950644 0.9956261 0.99273795 0.9910822 0.99537766 0.99421537 0.99525416 0.99531233 0.9948794 0.9958565 0.9959247 0.9954984 0.99555236 0.9942911 0.99452645 0.9960598 0.99651223 0.99614584 0.997173 0.9964905 0.9956467 0.9959464 0.9949136 0.9933634 0.9963532 0.99515903 0.9916793 0.99434614 0.9975348 0.9973669 0.9947296 0.9956252 0.9950724 0.99173975 0.99244416 0.99554694 0.9941408 0.9946218 0.9932395 0.9953501 0.9911085 0.9939021 0.99638194 0.99575543 0.99716103 0.9938336 0.9944744 0.9965253 0.99508375 0.9945017 0.9938022 0.9942575 0.9930756 0.9910794 0.9935262 0.9937731 0.99443984 0.99532396 0.9932264 0.9944195 0.9969404 0.99542016 0.9948895 0.9949043 0.9953246 0.993272 0.994082 0.99413353 0.9951641 0.9938648 0.99560183 0.99537873 0.9939203 0.99372077 0.9938893 0.99372804 0.99379027 0.9945571 0.9935556 0.9938099 0.9933598 0.9943883 0.99542016 0.99432266 0.9935539 0.99467134 0.99205935 0.99134654 0.99183404 0.9930562 0.99149954 0.99637634 0.99478215 0.9945005 0.9939696 0.99659795 0.993502 0.99267143 0.99340093 0.99428135 0.9940587 0.99517983 0.99550426 0.99492025 0.99660796 0.9958121 0.9964864 0.9966019 0.99064666 0.990662 0.98686314 0.989532 0.9947519 0.99330324 0.9944706 0.99399054 0.992011 0.99437064 0.9944108 0.9921849 0.9894996 0.98904717 0.98571664 0.9972607 0.9969313 0.9970013 0.9949311 0.99501735 0.9936037 0.9957248 0.99285203 0.9942752 0.99326414 0.9945537 0.9955392 0.9965528 0.9970638 0.99704903 0.996335 0.9972817 0.9945996 0.995333 0.9951435 0.9937026 0.99501497 0.9974008 0.99699664 0.9963776 0.9975292 0.99715036 0.99701154 0.9959444 0.9932848 0.9918897 0.9894073 0.99726224 0.9973662 0.9965419 0.9972171 0.9976932 0.9962702 0.99627405 0.9974229 0.9973212 0.9965221 0.9962741 0.9945957 0.99260515 0.9958106 0.9934346 0.9940223 0.9948207 0.99363685 0.9942442 0.9918622 0.9924809 0.9925661 0.9909062 0.9883204 0.9897073 0.99320346 0.99735767 0.99582255 0.9974435 0.9969629 0.9963017 0.99702764 0.9969799 0.997026 0.9976376 0.99697995 0.99654055 0.99768984 1.0000001 0.9989594 0.99671197 0.9983946 0.9984374 0.9971414 0.9983114 0.9843707 0.9879223 0.99697965 0.9958301 0.9914163 0.993696 0.9953872 0.98835635 0.9929128 0.99708027 0.9924075 0.98498964 0.99036914 0.99189925 0.9928984 0.9946024 0.9936073 0.9926813 0.9844268 0.9937185 0.9942132 0.9942072 0.99187195 0.98930496 0.9930501 0.9944456 0.9962895 0.9936375 0.99057084 0.99175614 0.9921835 0.99313676 0.9908033 0.9929561 0.99431646 0.9948261 0.9938188 0.99101484 0.99716926 0.9963785 0.9964154 0.9953293 0.99621767 0.9934008 0.995271 0.9932224 0.9942983 0.99213624 0.9950213 0.9946153 0.9934066 0.9917004 0.9968535 0.9943841 0.9924204 0.98899835 0.99178874 0.9925008 0.9910698 0.9933475 0.9949029 0.9943192 0.99602604 0.99283046 0.9944168 0.99434054 0.99481267 0.9955664 0.9933426 0.992587 0.9940908 0.99251854 0.9942613 0.99300236 0.9933163 0.9929358 0.99339473 0.9930426 0.9935226 0.99358696 0.9935015 0.99532366 0.99482036 0.9934865 0.9950723 0.99310696 0.99470025 0.99559015 0.9969972 0.997918 0.99738073 0.9974104 0.9952832 0.9949903 0.9932565 0.9941423 0.99666286 0.9960501 0.9962469 0.99614376 0.9931627 0.99218553 0.99125546 0.9942718 0.99256414 0.9907511 0.9959816 0.9965473 0.99678564 0.99697477 0.9973423 0.99678385 0.9964906 0.99338824 0.9968665 0.99631596 0.9962461 0.99453294 0.995667 0.9941382 0.9932085 0.99551094 0.9964983 0.99700296 0.99663293 0.99559724 0.99554664 0.994932 0.992136 0.9930854 0.9920238 0.9946147 0.9926243 0.9931025 0.9919612 0.98981607 0.9893094 0.9911013 0.9929575 0.99354434 0.99428356 0.9978402 0.9964179 0.996218 0.99702275 0.9963132 0.9961873 0.9965324 0.993888 0.9971699 0.9942491 0.9952442 0.9977629 0.99589753 0.9930828 0.9939561 0.99525476 0.9965428 0.99454844 0.996971 0.99583495 0.9965481 0.9965731 0.99451673 0.9937818 0.99325854 0.9942076 0.99652314 0.99478126 0.991415 0.9907247 0.98948514 0.9914345 0.9920672 0.991766 0.9922442 0.993585 0.99241245 0.99628985 0.9953029 0.9939406 0.9946313 0.99435556 0.9945647 0.9931231 0.9929404 0.995381 0.9965424 0.99601275 0.99697423 0.9958808 0.99282837 0.99441963 0.993907 0.9910594 0.9897116 0.9897991 0.995423 0.9944591 0.9948599 0.996538 0.996592 0.99582404 0.9951346 0.99510026 0.99548084 0.9944192 0.9930678 0.99084055 0.9927258 0.99407935 0.9934452 0.9941383 0.9917442 0.9898923 0.9914424 0.9907643 0.99326575 0.9920634 0.9928306 0.9924259 0.9908803 0.99262154 0.98998 0.99667585 0.9963987 0.9952373 0.9951739 0.99486214 0.99240166 0.9937476 0.996519 0.9958443 0.99470997 0.99470437 0.99508494 0.9918193 0.9954974 0.99454314 0.9944152 0.99457455 0.9940592 0.99661046 0.996689 0.99617475 0.9953341 0.9960335 0.9977937 0.9965925 0.9966887 0.996423 0.99292916 0.9948048 0.9968311 0.9950279 0.99340767 0.99474543 0.9961805 0.9946316 0.99563825 0.99646294 0.9964195 0.99579823 0.99601525 0.9959244 0.9949652 0.99396527 0.9927165 0.9936151 0.9944629 0.99378437 0.9929781 0.9911269 0.9889402 0.9901132 0.99215686 0.9941343 0.9937419 0.993338 0.9922777 0.9944702 0.99358314 0.9905176 0.9896271 0.99030375 0.9907033 0.99206775 0.9929738 0.99147713 0.995071 0.9930673 0.9902924 0.987132 0.993855 0.99475855 0.9937718 0.9938563 0.9924872 0.9964759 0.99509877 0.9922049 0.9944259 0.9935765 0.9939683 0.99374574 0.9907292 0.9900018 0.9919196 0.993117 0.9957986 0.9930028 0.9920872 0.9938296
MilicxevicxMilanDx_SRP18790MilanDjMJurmusaFatima-L2_2 0.9944134 0.99506503 0.9972086 0.99453026 0.9953824 0.99507487 0.99473476 0.9917644 0.99266136 0.99418867 0.9944658 0.99473745 0.9932322 0.99324816 0.9962583 0.99497014 0.9959042 0.99632376 0.99600637 0.9939178 0.9925608 0.99393654 0.9907726 0.99133146 0.99237084 0.99171627 0.9933431 0.99046206 0.99422044 0.9934635 0.9939833 0.99373627 0.99405074 0.9908577 0.9890696 0.9956159 0.99423975 0.9952814 0.9948306 0.9941164 0.99522674 0.99466014 0.99528664 0.9945704 0.99482805 0.99419636 0.9951772 0.9954369 0.9946749 0.99573344 0.9950498 0.9943632 0.9950692 0.99511015 0.9936831 0.99573207 0.99470574 0.9927699 0.99444926 0.9972358 0.9972658 0.9944327 0.9949091 0.99485934 0.9927435 0.9930615 0.9954375 0.9941082 0.9943453 0.99180716 0.99471074 0.9908295 0.99408686 0.99534655 0.99540323 0.9961042 0.99365807 0.99492747 0.9963715 0.9937092 0.99467057 0.99320674 0.99375117 0.99158496 0.9898127 0.99200004 0.9918201 0.99287385 0.9939486 0.99286324 0.9933839 0.9952585 0.99601763 0.9954082 0.9951641 0.9951433 0.99399954 0.9937892 0.99480546 0.99553746 0.99496156 0.9956785 0.99497634 0.99215764 0.9915497 0.9931461 0.9918165 0.9918156 0.9932858 0.9919787 0.99192524 0.9917097 0.9930267 0.99405944 0.99316365 0.991992 0.9938672 0.99070805 0.9900636 0.99039435 0.9923793 0.9906787 0.99548507 0.99306035 0.9927819 0.9927022 0.9950797 0.9922847 0.99239486 0.9923926 0.9929848 0.9930271 0.9934213 0.99389124 0.99381393 0.9956511 0.9956155 0.99631095 0.9960921 0.98975796 0.98915607 0.98569137 0.9883085 0.9940469 0.9918378 0.99291605 0.99358475 0.9915511 0.99404323 0.9936335 0.9931515 0.99054205 0.99025434 0.98688895 0.99657744 0.9962913 0.99573916 0.993944 0.9940592 0.9930283 0.9949584 0.99202734 0.9934697 0.9928785 0.99383974 0.99398047 0.9959268 0.99575555 0.9969292 0.9949757 0.9961867 0.9928716 0.9934951 0.99306 0.99150866 0.993216 0.9967079 0.9958967 0.99479264 0.9961087 0.9950558 0.99481434 0.9937482 0.9914432 0.98877496 0.98591626 0.9960538 0.99613124 0.9947642 0.9961531 0.99601245 0.9944169 0.9938883 0.9958297 0.99524134 0.9945867 0.99484 0.9943685 0.9924446 0.99524695 0.99363506 0.99341536 0.99422026 0.9938868 0.9943966 0.99117774 0.9917616 0.990876 0.99038476 0.9882977 0.98946416 0.9917444 0.996614 0.9960345 0.9967783 0.99545395 0.9956793 0.99627334 0.9958325 0.9971087 0.99773127 0.99748135 0.99710876 0.99739933 0.9989594 1.0000002 0.99514383 0.998232 0.9986178 0.9979149 0.99836147 0.9844387 0.987315 0.995438 0.9955796 0.99123746 0.99298877 0.99533474 0.9886257 0.992917 0.99579316 0.9897598 0.9812294 0.98769563 0.98955756 0.9921657 0.99396783 0.9945864 0.9926779 0.9843173 0.99322873 0.99310243 0.9942066 0.99233073 0.99009943 0.9936103 0.9943113 0.99647754 0.9940103 0.9906187 0.9916155 0.99247265 0.99427557 0.99185985 0.99319965 0.9935515 0.9945995 0.9943932 0.9922308 0.9955876 0.99467045 0.9956187 0.9944555 0.9949876 0.99275917 0.99448687 0.99331176 0.99377733 0.9914946 0.9941469 0.9944025 0.99431384 0.9921721 0.9966325 0.9940679 0.9932199 0.99004245 0.99185956 0.99240917 0.99148977 0.99368846 0.9946944 0.9942083 0.9956496 0.9933636 0.9942583 0.9940754 0.9939219 0.9954107 0.9934145 0.9931509 0.99302995 0.9900727 0.99293685 0.9907599 0.9910071 0.99044526 0.9915547 0.99175376 0.99263406 0.99291307 0.99203396 0.99346465 0.9935111 0.99257225 0.99373853 0.99243104 0.9936124 0.9942599 0.996339 0.9970037 0.9964378 0.9964682 0.99376696 0.9934285 0.99142706 0.9926629 0.99522877 0.9943959 0.99441564 0.994496 0.99309576 0.99187225 0.9912969 0.9920648 0.98974 0.9880722 0.9950203 0.9948864 0.9951457 0.9954849 0.9958482 0.9955549 0.9950043 0.99243355 0.99594545 0.99499714 0.99497414 0.993595 0.9944242 0.99327683 0.99203223 0.9943962 0.9958427 0.99656034 0.99583364 0.9957227 0.9956424 0.9949394 0.9899061 0.9920815 0.9913138 0.99369633 0.9916214 0.99212253 0.99135095 0.9894998 0.9882834 0.9901759 0.992273 0.9932127 0.993751 0.9965222 0.9946154 0.99498606 0.99554926 0.9946067 0.99424595 0.99448603 0.9917798 0.9959034 0.991866 0.9930681 0.99604297 0.9936548 0.9903747 0.9920698 0.9929495 0.9959855 0.9929151 0.99599624 0.99397254 0.9952517 0.9955844 0.9921774 0.9912814 0.99086493 0.99176705 0.9948353 0.99364847 0.9903631 0.9903403 0.9885644 0.9904429 0.99081457 0.990482 0.9913184 0.9924666 0.9915879 0.9953933 0.9948741 0.9932932 0.9940745 0.99307203 0.99454045 0.99308157 0.992557 0.99463975 0.9965062 0.995347 0.9964219 0.9947244 0.9928383 0.99457014 0.992995 0.99234664 0.9911075 0.99080384 0.9939577 0.99366695 0.99396354 0.9954392 0.9956303 0.9961508 0.99506193 0.9950728 0.9950076 0.9926882 0.99295986 0.9898564 0.99221003 0.99324787 0.9927591 0.9931247 0.9906979 0.98883796 0.9899881 0.9886002 0.99168277 0.9904161 0.9909755 0.99131596 0.98916113 0.9908173 0.98915446 0.9953869 0.99552906 0.99481493 0.99407667 0.99435186 0.9916863 0.992577 0.99600685 0.99549955 0.99381185 0.9943265 0.9947081 0.9920235 0.99484414 0.9939347 0.9932063 0.9937309 0.99423087 0.9959168 0.99519354 0.99475473 0.99490714 0.99531204 0.9970745 0.99639887 0.9964223 0.99602246 0.99383175 0.9947154 0.99661183 0.9947476 0.9933612 0.9934209 0.9945809 0.9927329 0.99412495 0.9953094 0.9951987 0.99398863 0.9950701 0.99439174 0.9939712 0.9936291 0.99267304 0.99338883 0.9931349 0.9930947 0.99265146 0.99126536 0.98871344 0.98947364 0.9917847 0.99348867 0.9925101 0.9927162 0.99184936 0.9941335 0.9928754 0.99017406 0.98986256 0.9902777 0.9903569 0.9911064 0.99197775 0.9907558 0.99284446 0.990439 0.9869534 0.9835025 0.9911142 0.9924242 0.99102783 0.9912414 0.989649 0.9945591 0.9931259 0.98984843 0.9922128 0.9912924 0.9913569 0.9909797 0.9878098 0.9868805 0.98907477 0.9903575 0.99391234 0.99480283 0.99399567 0.9954405
MilicxevicxMilanDx_SRP18810MilanDjMDesetPara-L2_1 0.99259394 0.9943578 0.9956429 0.9955606 0.9957733 0.99119925 0.98914 0.98649925 0.9954177 0.9953471 0.99655557 0.99546975 0.99645054 0.99696624 0.9953748 0.9950534 0.9938998 0.9939338 0.99415505 0.99615085 0.99538463 0.9963111 0.9914127 0.992297 0.9931471 0.99442285 0.99411523 0.993876 0.9940386 0.9944123 0.99441004 0.99360037 0.9944885 0.9907577 0.98951745 0.9914115 0.9902755 0.9913408 0.99484503 0.9953523 0.99625474 0.9972284 0.99553317 0.9961686 0.99179536 0.9927328 0.99618435 0.9975178 0.9970064 0.9984305 0.9977259 0.99731326 0.9977786 0.99590504 0.9950001 0.99365777 0.9923129 0.9857912 0.9905937 0.9950711 0.99467146 0.99139637 0.99440396 0.99361515 0.9873485 0.9883346 0.9966764 0.994808 0.9963467 0.995136 0.99438006 0.9907791 0.99339473 0.99644774 0.99538344 0.9969764 0.9913988 0.99164414 0.9959545 0.99581593 0.99217385 0.99492437 0.9944688 0.9980661 0.9960019 0.99782103 0.9980404 0.9979643 0.9982473 0.9967622 0.99756014 0.99642426 0.9931988 0.9922408 0.99266595 0.9950669 0.99323475 0.99556786 0.99318653 0.99491227 0.9908953 0.9931376 0.99398744 0.9970375 0.99740577 0.99557894 0.997302 0.9975438 0.99659526 0.9972498 0.9973398 0.9974501 0.9979005 0.9974306 0.99711937 0.9974954 0.99501884 0.99418104 0.9927294 0.99335414 0.994051 0.993137 0.99467856 0.9942235 0.9951545 0.9935255 0.9964623 0.9929594 0.9904837 0.99273705 0.99368626 0.99331146 0.99601966 0.9960884 0.9945612 0.99317 0.9932124 0.9937978 0.9950537 0.99534535 0.99589735 0.9933526 0.99490035 0.99636966 0.9956262 0.996281 0.9939195 0.99217 0.99526936 0.99512553 0.9881118 0.9875376 0.98694 0.98341405 0.9960372 0.99590176 0.99625003 0.99673927 0.99654675 0.99694777 0.9980688 0.99614555 0.99684614 0.99593633 0.9970187 0.9972776 0.996727 0.9977671 0.9967303 0.99741185 0.9974478 0.997375 0.9975157 0.99785185 0.99690443 0.9973931 0.99572855 0.99526143 0.9942709 0.9969666 0.99732226 0.99732524 0.99720585 0.9975647 0.99593246 0.9946161 0.99667853 0.9975983 0.9979388 0.9978491 0.9963701 0.9956294 0.99634695 0.9967199 0.9971559 0.9960651 0.9952222 0.9949213 0.9941083 0.99737364 0.99571896 0.99694526 0.99748397 0.9956477 0.99494916 0.995792 0.9959256 0.99667895 0.9944601 0.9920213 0.9938035 0.997517 0.9954959 0.9929179 0.99588424 0.9966383 0.9947218 0.9958397 0.99683386 0.9934352 0.9945315 0.9933041 0.9922451 0.99493533 0.99671197 0.99514383 0.99999976 0.99632835 0.9956244 0.9935208 0.9957433 0.98065937 0.98618823 0.99590385 0.9946906 0.99095595 0.9936099 0.9960145 0.98738366 0.992831 0.9974376 0.99663603 0.99137497 0.99531084 0.9960284 0.9936799 0.99449694 0.99165386 0.9918267 0.9848694 0.9949899 0.9962988 0.99501616 0.99167496 0.9862849 0.9927317 0.99322623 0.994333 0.99209553 0.9893807 0.9924185 0.99247533 0.99338365 0.98962194 0.9938212 0.99570256 0.99583834 0.99351275 0.9908805 0.996508 0.99647516 0.9962663 0.99503225 0.99754083 0.9943193 0.99552774 0.9914733 0.9931935 0.99332356 0.99566984 0.9956982 0.99146134 0.9894396 0.99561816 0.99412656 0.99116206 0.98811394 0.9903469 0.9913729 0.98967797 0.99116796 0.99322313 0.9931853 0.9954171 0.99134374 0.99389076 0.99408305 0.9945368 0.99492425 0.9933642 0.9922526 0.9957733 0.9955194 0.9943806 0.9960785 0.99551916 0.9957849 0.99442565 0.99104786 0.9913834 0.9928195 0.9941537 0.99582386 0.99512625 0.9932016 0.99580777 0.9937412 0.9956491 0.99461335 0.99466133 0.99776953 0.9972944 0.9976876 0.99718726 0.99672115 0.99648666 0.99680126 0.99584925 0.9964848 0.99589896 0.9958223 0.99219304 0.9915311 0.9904234 0.9984053 0.9973701 0.99676776 0.99479645 0.99670863 0.9967785 0.9968569 0.9968931 0.996434 0.9964716 0.9915662 0.99635315 0.9969464 0.9967288 0.9926218 0.9950727 0.9925708 0.99214655 0.9931628 0.9943485 0.99419993 0.99455875 0.9913964 0.99162537 0.99197966 0.99470425 0.99509513 0.9932003 0.99509317 0.9934256 0.9939971 0.992401 0.99182415 0.9930775 0.99391925 0.9948139 0.99564886 0.9954812 0.99628377 0.99598414 0.99539214 0.99589145 0.99598163 0.9961977 0.995209 0.9942882 0.9954129 0.9938628 0.99472535 0.99718106 0.9963324 0.9938059 0.99367946 0.99526364 0.99459326 0.9928256 0.9949415 0.99503905 0.99517536 0.9951131 0.9972959 0.9967881 0.99643403 0.9962665 0.99711555 0.9962802 0.9916463 0.99077046 0.98990834 0.9907759 0.9918773 0.9914272 0.99122643 0.9921621 0.99171185 0.9964013 0.99549395 0.9958811 0.9953757 0.9969087 0.9951072 0.99429256 0.9951637 0.99711657 0.9967694 0.99687403 0.9968834 0.9971097 0.9928193 0.9936274 0.99552035 0.9897372 0.98903424 0.98862016 0.9980465 0.9963474 0.99638015 0.99726355 0.99702686 0.99495184 0.99557406 0.9963948 0.996921 0.997982 0.9933028 0.99308455 0.9955978 0.99602866 0.99582356 0.9972161 0.99551415 0.994915 0.99400014 0.99459255 0.99552447 0.99437267 0.9962573 0.9938123 0.9925494 0.9942854 0.9912483 0.9965739 0.995314 0.99335146 0.99430436 0.99359125 0.99224967 0.9952154 0.99684274 0.9961596 0.9956809 0.99660695 0.9950247 0.9913453 0.9954931 0.99429643 0.99694383 0.9974946 0.99394983 0.9965398 0.9969667 0.9976056 0.9971774 0.99648154 0.99693847 0.99519217 0.9959469 0.9953271 0.99162877 0.99454653 0.9963802 0.9939438 0.9906987 0.9958775 0.99705625 0.9970895 0.99727434 0.9976918 0.99760276 0.99734616 0.99737525 0.9973515 0.99472547 0.99233854 0.98965126 0.9912667 0.9942226 0.9927799 0.9904401 0.9882427 0.9901409 0.99075663 0.9934543 0.9961682 0.9972638 0.9960927 0.9941017 0.9962328 0.9958978 0.99076545 0.99101055 0.991491 0.99320024 0.9954681 0.99544513 0.9956511 0.99761164 0.9958133 0.9952257 0.99269927 0.99478275 0.9958504 0.995945 0.9953746 0.9952043 0.9969882 0.99464685 0.9930081 0.9957315 0.99368453 0.9946271 0.99598837 0.99292594 0.9923741 0.9939617 0.9944305 0.9956267 0.9870843 0.98509085 0.9869552
MilicxevicxMilanDx_SRP18860MilanDjMOmerCelebija-L2_1 0.9944645 0.9962441 0.9970553 0.9941857 0.99537927 0.9955632 0.9937777 0.99026936 0.9953245 0.99607414 0.99648744 0.99682397 0.9954055 0.99563926 0.9978377 0.9965895 0.99671507 0.9971599 0.99752927 0.99654394 0.9946968 0.9957948 0.9936216 0.99401927 0.99454427 0.9933824 0.9950876 0.9921608 0.9958688 0.9948746 0.99505967 0.99555296 0.99540097 0.99143904 0.989369 0.99654216 0.99530023 0.99519825 0.9967159 0.9961202 0.9968897 0.9962821 0.9968979 0.9953981 0.9954188 0.99594927 0.99662703 0.99691445 0.99690366 0.9967309 0.9967542 0.9959159 0.99560106 0.9951878 0.9936427 0.9962116 0.9955325 0.991783 0.99435806 0.99775434 0.99739784 0.99482745 0.99671113 0.9963389 0.99322903 0.99374133 0.9965309 0.9955878 0.99574536 0.9948106 0.99614906 0.99369717 0.9956334 0.9968693 0.99691904 0.99721485 0.9955074 0.9954663 0.99716187 0.9962706 0.9955556 0.9941173 0.9950463 0.99369085 0.99152046 0.99437404 0.9939668 0.99494857 0.99570227 0.99395376 0.99494314 0.995656 0.9963751 0.996107 0.99567574 0.99597025 0.99470764 0.99520653 0.9953109 0.99545896 0.99477965 0.99644464 0.99630237 0.9946642 0.9939696 0.9951476 0.99356514 0.99392235 0.99532115 0.99419564 0.9943256 0.9938529 0.9949451 0.9957687 0.99516153 0.99382055 0.9962159 0.99386376 0.9934384 0.99377835 0.99507505 0.99355096 0.99753124 0.9961045 0.99577916 0.9957853 0.9971763 0.9954295 0.995 0.9958318 0.99610454 0.9961156 0.996396 0.9966837 0.9967078 0.99545544 0.99602836 0.99661046 0.99690866 0.99094564 0.99044454 0.9866449 0.9895729 0.9955175 0.994303 0.9949022 0.99521303 0.99410427 0.9958094 0.99582297 0.99379987 0.99231994 0.99113274 0.9883902 0.9979315 0.9976892 0.99713886 0.9950756 0.9945535 0.9945593 0.99590814 0.99377215 0.9942198 0.99415076 0.9951873 0.9949069 0.99616086 0.9974841 0.9971883 0.9967503 0.9967416 0.9938255 0.9953786 0.99475586 0.99276894 0.9941885 0.99714506 0.995561 0.9947984 0.99748105 0.99643433 0.9959618 0.99507505 0.9932817 0.99119514 0.9886669 0.9975019 0.9972562 0.9963344 0.99700725 0.99744976 0.9968056 0.9953316 0.9975755 0.9968084 0.9974004 0.997367 0.9963376 0.99471617 0.9966927 0.9944939 0.995081 0.99581647 0.99465704 0.9958516 0.9928632 0.99260896 0.9932665 0.99138904 0.9888472 0.9902476 0.9935387 0.99709713 0.9970946 0.9978984 0.9962384 0.99676985 0.9966305 0.996734 0.9970987 0.99750507 0.99530625 0.9947642 0.9963921 0.9983946 0.998232 0.99632835 0.99999994 0.9986259 0.99830097 0.9984358 0.9871744 0.9901314 0.99620426 0.9953033 0.99227273 0.99380684 0.9946407 0.98984843 0.99258816 0.99621254 0.9903841 0.9828444 0.9887855 0.99084616 0.99319595 0.99417 0.9952787 0.99490064 0.9876423 0.9949619 0.9952837 0.99570435 0.993916 0.9918952 0.99530315 0.9963774 0.99688303 0.9957745 0.99281126 0.9942771 0.99431187 0.9944472 0.99263555 0.99469703 0.9957238 0.99587125 0.9948167 0.9923221 0.9968745 0.9964165 0.99662125 0.9962806 0.99663323 0.99493885 0.996137 0.9946428 0.99541223 0.99275494 0.9956796 0.9955671 0.9947869 0.9936957 0.99706244 0.99496686 0.9938072 0.9909528 0.993442 0.99410623 0.9925333 0.99456614 0.99566025 0.99548966 0.99651283 0.9948049 0.9955934 0.9955704 0.9964247 0.99663156 0.99495363 0.99456334 0.99423856 0.9921924 0.99409837 0.9926662 0.9923717 0.9925004 0.9927475 0.9940182 0.9938113 0.9941811 0.9945921 0.9957771 0.9958664 0.99498975 0.99607885 0.9944262 0.9958132 0.9963313 0.99716395 0.9978641 0.9978138 0.99754286 0.9953964 0.9946962 0.9928937 0.99391824 0.9966283 0.9963612 0.99646205 0.99670273 0.9926144 0.99104947 0.99007314 0.9936454 0.9916604 0.99022865 0.99699116 0.99694943 0.99687016 0.9968684 0.9968549 0.9968292 0.99568653 0.9919398 0.99703604 0.99572176 0.99597865 0.99423474 0.9945882 0.9929879 0.9918744 0.9957008 0.9960975 0.99690306 0.996056 0.99524987 0.99488443 0.99414396 0.98973715 0.9947526 0.9942267 0.9957098 0.9941142 0.9947099 0.99391097 0.9918684 0.9913746 0.99295384 0.99456906 0.9948928 0.99544597 0.9975516 0.99578834 0.9971082 0.9972552 0.9967471 0.9959135 0.99613214 0.99277526 0.9973355 0.9928977 0.993813 0.9970456 0.9945175 0.99107695 0.9922054 0.9936571 0.9977772 0.9935121 0.9972968 0.99529105 0.9968515 0.9973084 0.99383897 0.99355423 0.9930267 0.9935119 0.99598414 0.99408674 0.9927441 0.99316895 0.991815 0.9935419 0.9936219 0.993747 0.9936634 0.99460405 0.9940052 0.99656814 0.9950689 0.9936483 0.99561656 0.99458575 0.99496806 0.99392205 0.993024 0.99564934 0.9972105 0.99664354 0.9975287 0.99682504 0.9946929 0.99604964 0.9950788 0.99263966 0.99178517 0.99135 0.9952429 0.9953786 0.99562985 0.99669373 0.99693215 0.99664813 0.99624676 0.996205 0.9964413 0.99472153 0.99516696 0.99328154 0.99475825 0.995669 0.99527633 0.9952425 0.99329287 0.9913908 0.99344933 0.9920189 0.9943585 0.99367315 0.9939153 0.99429387 0.9924949 0.9936577 0.9925398 0.996891 0.9968612 0.99595875 0.9957035 0.99621123 0.9945566 0.9950195 0.9968663 0.99681383 0.9961148 0.99602515 0.9963977 0.99330914 0.9963839 0.9960267 0.9956586 0.9951435 0.9952551 0.99676555 0.99729526 0.9966538 0.9959191 0.9969549 0.997935 0.9977309 0.99720573 0.99722147 0.994206 0.9955976 0.99680793 0.99570704 0.9951061 0.9956896 0.9961905 0.9943454 0.995742 0.9962588 0.99567384 0.9957871 0.9956538 0.99592155 0.9946559 0.9937805 0.9915687 0.9930655 0.99341816 0.99313086 0.992482 0.9902169 0.991618 0.9924176 0.9939892 0.9953045 0.99452645 0.99472237 0.9941261 0.995482 0.99482006 0.9931815 0.992449 0.99291444 0.99323064 0.9939071 0.99433434 0.99309015 0.99439806 0.99138975 0.98860127 0.98492324 0.9921894 0.9934973 0.9924726 0.9924064 0.9907318 0.9951583 0.9932137 0.98981357 0.99274474 0.991439 0.9918669 0.9921541 0.9881993 0.98762596 0.9897493 0.9909835 0.99418443 0.9941588 0.9921484 0.99381554
MilicxevicxMilanDx_SRP18860MilanDjMOmerCelebija-L2_2 0.99486244 0.9957176 0.9972291 0.9946607 0.9951104 0.9955874 0.9946196 0.9919265 0.99388134 0.99470663 0.99501866 0.9954407 0.9941245 0.9941357 0.9965247 0.9952435 0.9959855 0.99649376 0.9963442 0.99434996 0.99256754 0.99413705 0.9916447 0.99161106 0.99252194 0.99194473 0.99327356 0.99000263 0.99424547 0.99325264 0.9935543 0.99360967 0.99374795 0.9902051 0.9883671 0.9944741 0.9933249 0.99337816 0.9946463 0.9940433 0.9946578 0.9944375 0.995294 0.994062 0.99375725 0.9938453 0.9947653 0.99526954 0.9946432 0.99584466 0.99557465 0.9950928 0.99574316 0.9958972 0.9941827 0.99567956 0.99521637 0.9915105 0.994091 0.9970249 0.99723846 0.99392325 0.9953205 0.99552864 0.99248755 0.99294525 0.9957983 0.99437374 0.99467057 0.99321854 0.9952773 0.9923768 0.99528253 0.9962081 0.99644697 0.9965642 0.99429834 0.99551135 0.99721485 0.99457216 0.9949956 0.9938309 0.99441826 0.9927791 0.9911671 0.9932565 0.9927623 0.9940218 0.9944476 0.9940533 0.9946655 0.9947757 0.9962872 0.9955265 0.99553853 0.99604124 0.99464035 0.9946172 0.995358 0.9960538 0.9952285 0.9960418 0.99536616 0.9928177 0.9922258 0.9944587 0.99313474 0.9932319 0.9944587 0.9933871 0.9931487 0.9931543 0.9943289 0.9952103 0.99434865 0.99324906 0.9947725 0.99168533 0.99117064 0.99176264 0.99322736 0.99182487 0.99591476 0.9941013 0.9939158 0.99418026 0.99588144 0.99354583 0.99309725 0.9934905 0.9938274 0.99385935 0.9943571 0.99490803 0.9946703 0.9949381 0.99534464 0.9963025 0.99602926 0.9912224 0.9906027 0.9873635 0.98980236 0.99445105 0.9924823 0.99324864 0.9948205 0.9929557 0.9953641 0.99496514 0.9933097 0.9915865 0.9911276 0.98806524 0.9967104 0.99584484 0.9955076 0.9942957 0.9944569 0.9935067 0.99529463 0.9925192 0.9931793 0.99286383 0.9941077 0.99431986 0.9958572 0.9962298 0.99710417 0.9957532 0.99671704 0.99315953 0.9944355 0.9940876 0.99228704 0.9939787 0.9964273 0.9949688 0.99406826 0.9963423 0.99516106 0.99465424 0.9936796 0.9925118 0.98980707 0.98738444 0.99644643 0.996787 0.99588513 0.9970867 0.99610096 0.99500895 0.9939718 0.9962238 0.9954017 0.9955046 0.995852 0.9952966 0.994078 0.99621224 0.9948708 0.99444234 0.9951247 0.9945873 0.9957418 0.9927682 0.9929654 0.99255866 0.9918417 0.9893186 0.99079275 0.9928446 0.9964205 0.9952937 0.99657845 0.995294 0.9955046 0.996306 0.99554205 0.9966226 0.99734086 0.996607 0.99621207 0.9969487 0.9984374 0.9986178 0.9956244 0.9986259 0.9999994 0.99871826 0.99897856 0.9855246 0.98869574 0.99592894 0.99623936 0.9922722 0.9941988 0.99568737 0.9895817 0.99369824 0.9962159 0.9900129 0.9814097 0.9880476 0.99014676 0.99323386 0.9947533 0.99502754 0.9935688 0.98653144 0.99453866 0.99442947 0.99482584 0.9935621 0.9909951 0.99465674 0.9953642 0.99716157 0.99479187 0.99137163 0.99261105 0.99352044 0.99438363 0.9923788 0.99426645 0.99489886 0.9954123 0.99482584 0.9929026 0.9963537 0.9953852 0.9962253 0.9950345 0.9957851 0.9939418 0.99500835 0.9943148 0.99454415 0.9926347 0.99509376 0.9952079 0.9949586 0.9933669 0.99716675 0.9953394 0.99406815 0.9912249 0.99275416 0.9935209 0.9921612 0.99414486 0.9957394 0.99533397 0.9965576 0.99476016 0.9957426 0.9959215 0.9956627 0.99702287 0.9951293 0.9946307 0.9934341 0.99054134 0.9931389 0.9908732 0.99112785 0.99077386 0.9917435 0.99290526 0.9936229 0.99441606 0.993088 0.99410546 0.9944695 0.99399483 0.99463266 0.993837 0.99465424 0.99509096 0.9966873 0.9975027 0.99743253 0.99718946 0.9949725 0.9941413 0.99269474 0.99396676 0.99565053 0.9952168 0.99516195 0.9951289 0.9938237 0.9920904 0.9914058 0.9931173 0.9906229 0.98940325 0.9955905 0.99556816 0.9956021 0.99615073 0.99602467 0.9958022 0.9949532 0.9911386 0.996261 0.9953514 0.99540573 0.9933044 0.9940814 0.99271786 0.9914293 0.994433 0.99590576 0.9966843 0.99578285 0.99523073 0.9951611 0.9942289 0.9896609 0.9930961 0.99225163 0.99418014 0.99242496 0.99298114 0.99241143 0.9912192 0.9905063 0.99188375 0.9937654 0.99444914 0.99460846 0.99691415 0.99465674 0.99531925 0.9959363 0.99505925 0.99430025 0.99463445 0.9915662 0.9960397 0.9917617 0.9927168 0.99617714 0.99375594 0.99012667 0.9914794 0.9926549 0.995803 0.9918958 0.9955145 0.99333704 0.99521625 0.9958682 0.9926547 0.99216115 0.99164116 0.9920783 0.9948777 0.99371535 0.9913551 0.9916946 0.9898933 0.9915967 0.99194497 0.991661 0.9920607 0.99310607 0.9925487 0.9958992 0.99532825 0.9939148 0.9952438 0.99397916 0.9953002 0.99410045 0.9932294 0.9953751 0.9969914 0.9961116 0.99717104 0.9955087 0.9937733 0.99554557 0.9940858 0.99331725 0.99207604 0.99153495 0.9946716 0.9946951 0.99532545 0.9960795 0.99644214 0.99657434 0.99561745 0.9958784 0.9960347 0.99364847 0.9939633 0.99117416 0.99329513 0.9945022 0.9937184 0.9937056 0.9917207 0.99040073 0.9909258 0.98955417 0.9924914 0.9916884 0.99210143 0.992203 0.98997724 0.9913119 0.99026406 0.99579304 0.99542725 0.9950174 0.9948596 0.9949379 0.99304134 0.99349725 0.99615026 0.9958732 0.99449944 0.995333 0.9957328 0.993255 0.99539167 0.99506 0.9939822 0.9946926 0.9948589 0.9964291 0.9955785 0.9952359 0.99539274 0.99582374 0.9973354 0.99714667 0.99708307 0.9969548 0.9946784 0.9957081 0.9971971 0.99562424 0.9943734 0.99468994 0.9956382 0.9935503 0.99495834 0.9962158 0.9958646 0.9950531 0.99592274 0.99514526 0.9943049 0.9933289 0.9914806 0.9929402 0.9927091 0.99280924 0.9923613 0.990199 0.9900042 0.9908388 0.9927621 0.9942895 0.9937632 0.99406177 0.9933038 0.99501926 0.9938774 0.9913877 0.99083984 0.9912415 0.991402 0.99213827 0.9926155 0.9917793 0.99311054 0.9903135 0.9869659 0.98347616 0.99021053 0.9917825 0.990798 0.9906376 0.989169 0.99417627 0.9920679 0.9887806 0.991714 0.99042755 0.99056464 0.9907803 0.9873463 0.98625106 0.98855734 0.9897764 0.9933185 0.9945488 0.9934571 0.9946205
MilicxevicxMilanDx_SRP18860MilanDjMOmerCelebija-L2_3 0.99316126 0.9950313 0.9956036 0.991234 0.9924034 0.9959538 0.9949697 0.99262494 0.9925146 0.99280185 0.99323136 0.9944471 0.9917985 0.99195355 0.995363 0.99302566 0.99419975 0.99479765 0.99541676 0.99311084 0.9908335 0.9922553 0.9913 0.9907021 0.9914176 0.9898355 0.99202865 0.9875375 0.9927141 0.99112713 0.9914102 0.99268514 0.9918299 0.98736477 0.98477674 0.99478734 0.9932781 0.9927187 0.9946652 0.99299496 0.99385226 0.99305636 0.9949226 0.99191374 0.9938601 0.99385715 0.99362934 0.9939382 0.9936437 0.9939312 0.9948534 0.99469376 0.9947935 0.9949413 0.99392885 0.99444973 0.993975 0.9909106 0.9922744 0.9959557 0.99633616 0.99255127 0.9952429 0.99577916 0.99283844 0.99330765 0.99554193 0.9954646 0.99465525 0.99261487 0.9948887 0.99358964 0.9954877 0.9954283 0.99631745 0.99540913 0.9950609 0.99623305 0.9963881 0.9941048 0.99532497 0.9922403 0.9930324 0.99070436 0.98801076 0.99115485 0.98998576 0.9917131 0.9923556 0.9921836 0.9928655 0.9924639 0.99642164 0.9961591 0.99608165 0.99521613 0.9945957 0.99374753 0.99574924 0.995332 0.9958958 0.9961109 0.99543023 0.9918854 0.9903183 0.99357784 0.99094707 0.9913598 0.9934816 0.99182916 0.99168354 0.99082285 0.9926992 0.9936322 0.9930015 0.9910404 0.9951505 0.99173474 0.99183327 0.99202216 0.9939837 0.9927853 0.99618685 0.9939713 0.99298584 0.9942553 0.99469554 0.9937465 0.9941949 0.9938963 0.99332947 0.9938607 0.9932108 0.99373114 0.9946406 0.99264216 0.99388254 0.99498886 0.99441874 0.98892486 0.9874484 0.98375905 0.9864939 0.9940883 0.992346 0.9926363 0.9952199 0.99390304 0.9953875 0.9951207 0.9945265 0.99333745 0.992807 0.9901598 0.99632037 0.99550223 0.9945629 0.99182147 0.99172974 0.9926161 0.9934911 0.99173045 0.99160457 0.9920589 0.99282783 0.9923768 0.9940961 0.9951409 0.99641496 0.9946934 0.99510807 0.9906835 0.9925754 0.9916671 0.98934543 0.99092185 0.99548995 0.9931192 0.99176174 0.9953059 0.99371547 0.9923782 0.99133795 0.9901239 0.98737705 0.9847487 0.99557257 0.99509126 0.9941068 0.995327 0.9946464 0.99431944 0.991812 0.9952622 0.9933586 0.99456066 0.99546295 0.9953646 0.9940762 0.99558604 0.99426347 0.99347943 0.99394006 0.9928929 0.9952986 0.99207795 0.9917494 0.9914915 0.9914708 0.9892653 0.98998564 0.9912012 0.9948163 0.99534494 0.99569005 0.99289745 0.9944935 0.9941602 0.99351215 0.995876 0.99603295 0.9943736 0.9939362 0.99469507 0.9971414 0.9979149 0.9935208 0.99830097 0.99871826 0.9999998 0.99806654 0.9865895 0.9884529 0.9945891 0.9955107 0.99265623 0.99388295 0.99457395 0.9916835 0.9930234 0.99502033 0.98745185 0.9789053 0.9861992 0.98888755 0.99321604 0.99431217 0.9956647 0.99455166 0.9887694 0.9936548 0.99320716 0.9936828 0.99451846 0.9936493 0.99596196 0.99642223 0.99699193 0.9959952 0.9932927 0.99404 0.9948439 0.99505156 0.9941425 0.9947862 0.994851 0.99539316 0.9956695 0.99396515 0.995061 0.9943297 0.9951426 0.994753 0.9942526 0.9939761 0.99522644 0.9951546 0.9943724 0.9912369 0.99421227 0.99367714 0.9962337 0.9948347 0.9966243 0.99431145 0.99516535 0.9934319 0.9942679 0.99500436 0.9930406 0.9949524 0.9962324 0.9958301 0.9961187 0.9956196 0.9956259 0.99552137 0.9952552 0.9969882 0.99546415 0.99499655 0.99274164 0.98909366 0.99281 0.9891673 0.9891842 0.9890303 0.9909229 0.9918749 0.9917094 0.9930898 0.9929511 0.9932157 0.99354964 0.99354583 0.99374264 0.99399203 0.993921 0.99475765 0.99614954 0.9963774 0.99654526 0.99612975 0.9930446 0.9915021 0.9895636 0.99109083 0.99404025 0.9939352 0.9939502 0.9940369 0.9909344 0.9885444 0.98775303 0.990305 0.98741007 0.98610747 0.995311 0.9944393 0.9942378 0.9946301 0.99432814 0.9944651 0.99264455 0.98888195 0.99511033 0.9931889 0.99357206 0.99178207 0.9918184 0.99050164 0.98871917 0.99344945 0.9943563 0.9958143 0.9942177 0.9944132 0.9936714 0.9929081 0.9856905 0.9924918 0.9927135 0.9933232 0.9921076 0.99274385 0.99228156 0.9913055 0.9898796 0.9913352 0.99314326 0.9932469 0.993422 0.9958081 0.992601 0.994801 0.9949399 0.99450105 0.99252844 0.9926025 0.98870164 0.99510664 0.9887833 0.99010026 0.99451894 0.9907991 0.98652446 0.9881962 0.9896858 0.99588054 0.98936844 0.99483186 0.99129146 0.9945611 0.99526006 0.990067 0.99025244 0.98950726 0.9899647 0.99303406 0.9908521 0.99055797 0.99227643 0.9899024 0.99172217 0.99091357 0.9918686 0.99177986 0.9922207 0.9916966 0.99475014 0.9939366 0.9924803 0.99385494 0.9923765 0.9947396 0.9936526 0.99231356 0.9946944 0.99643433 0.9951693 0.996799 0.9948944 0.9940343 0.99635035 0.9938587 0.99466646 0.9938908 0.9934575 0.9926703 0.9944297 0.99505687 0.9956575 0.99601895 0.9965481 0.99514556 0.9950902 0.99531615 0.9915892 0.995005 0.9915106 0.9931499 0.99443436 0.9937638 0.99298334 0.99139684 0.98958987 0.9908093 0.98842716 0.99184215 0.9911098 0.9909651 0.99230784 0.9899268 0.9908079 0.99106973 0.9952512 0.9950845 0.9955471 0.99478626 0.99560905 0.9938969 0.99355036 0.99571073 0.9952108 0.9939426 0.9951482 0.99578774 0.9944499 0.9950841 0.99549407 0.99306357 0.9938679 0.9954921 0.9956538 0.9942225 0.99414325 0.99435383 0.99509263 0.9961306 0.99716055 0.99636775 0.9961782 0.9956592 0.9951659 0.99588805 0.9954951 0.99517214 0.9936429 0.9940607 0.9913639 0.9936816 0.9948769 0.9941489 0.9933603 0.9945553 0.99339414 0.9923612 0.9918158 0.9900988 0.9918049 0.99054086 0.99081844 0.9906825 0.9884682 0.991297 0.9917595 0.99325126 0.99395186 0.9922437 0.99355674 0.99328685 0.9943061 0.9931924 0.9930717 0.9921442 0.9926733 0.99195826 0.99195033 0.9925782 0.99177706 0.9909441 0.9870972 0.9835379 0.97979856 0.9874848 0.98955715 0.987821 0.98793656 0.9858135 0.9919014 0.98960346 0.98545796 0.9894313 0.9870195 0.98761666 0.98780566 0.9832787 0.9824581 0.9849421 0.98679715 0.9908912 0.9951555 0.9931126 0.9943648
MilicxevicxMilanDx_SRP18860MilanDjMOmerCelebija-L2_4 0.99509275 0.9950926 0.99704635 0.9952609 0.99572307 0.9936696 0.9928808 0.9894319 0.9937355 0.99543 0.99546397 0.99510354 0.99449974 0.99470913 0.99660784 0.9960768 0.99635243 0.99656963 0.99616045 0.9946627 0.99388134 0.99505794 0.9914555 0.9919832 0.99313664 0.99348474 0.99415994 0.99165124 0.99483407 0.99420124 0.9944797 0.99392855 0.99433523 0.9924467 0.9908589 0.9949248 0.99391323 0.99493635 0.995033 0.9941765 0.99543315 0.9958163 0.99561524 0.9953686 0.9943505 0.99406177 0.99562526 0.9959474 0.9951309 0.9966391 0.9951517 0.99456674 0.99527085 0.99512064 0.9926586 0.99593234 0.9949444 0.9919647 0.9946908 0.99744457 0.9973816 0.9946065 0.9955487 0.9957956 0.9918405 0.99238867 0.9955489 0.9937015 0.9940057 0.9922188 0.9937716 0.99079007 0.99329424 0.99526894 0.99527353 0.9962061 0.99292684 0.9938302 0.9959951 0.99400043 0.99317575 0.9939522 0.9940778 0.993118 0.9916272 0.993174 0.9931965 0.99383026 0.9947323 0.9939283 0.99438167 0.99584734 0.9948894 0.99472976 0.9945979 0.994761 0.9934548 0.9938254 0.9940603 0.995175 0.99407226 0.9955546 0.99506676 0.99249464 0.9929125 0.9937013 0.9941062 0.9939265 0.99423015 0.99325806 0.9929208 0.9932216 0.99442863 0.99537873 0.993898 0.9938561 0.9932631 0.9905351 0.98965156 0.990341 0.99214 0.99020076 0.99538183 0.9937554 0.9934663 0.99327254 0.9958906 0.9928519 0.9917471 0.99241 0.99329233 0.9931175 0.99402 0.99443465 0.99357176 0.99626184 0.9958326 0.9963426 0.99683833 0.9910029 0.9910009 0.98764575 0.9898167 0.9935864 0.9917482 0.9927717 0.99276215 0.99098676 0.99373114 0.9934193 0.9918935 0.98898935 0.9882669 0.9849911 0.9962661 0.9957906 0.9958811 0.9949692 0.99486154 0.9927453 0.9954071 0.9919497 0.9931496 0.9920652 0.993643 0.9951935 0.9967072 0.9964657 0.996699 0.9950859 0.99616635 0.99402905 0.9949978 0.9948728 0.99342114 0.9951228 0.9960516 0.9955661 0.9950152 0.99599147 0.9953427 0.9955617 0.99441135 0.99345636 0.9904206 0.987835 0.9961838 0.9964125 0.99513334 0.996703 0.99678886 0.99495864 0.9952854 0.9966265 0.9963728 0.995554 0.9952333 0.99409634 0.99239266 0.9955809 0.99381834 0.99379987 0.9945368 0.99410325 0.9945734 0.99161434 0.9923612 0.99197185 0.9905538 0.9878745 0.9898613 0.992811 0.9965471 0.99541503 0.9966974 0.9965696 0.995703 0.9973849 0.9964695 0.9964646 0.99752206 0.99692374 0.9965211 0.9975232 0.9983114 0.99836147 0.9957433 0.9984358 0.99897856 0.99806654 1.0 0.9842525 0.9874729 0.9947954 0.99479526 0.9900562 0.9928134 0.99441475 0.9869682 0.9919744 0.9960066 0.9908427 0.9822562 0.9884064 0.9900048 0.9915373 0.99349207 0.99397653 0.9922566 0.9838708 0.99360526 0.9939058 0.9939697 0.99195343 0.9887552 0.9930506 0.9942565 0.99614424 0.993175 0.99013466 0.9911178 0.9918595 0.99240845 0.98955524 0.992062 0.9931866 0.99385124 0.99311435 0.9904841 0.99565023 0.9950167 0.99565727 0.9939869 0.9952113 0.99173254 0.9938123 0.9933375 0.9942075 0.9929285 0.9953129 0.9950354 0.9936762 0.9918786 0.9970937 0.995709 0.992561 0.98915887 0.99135244 0.9922955 0.99051005 0.9935312 0.99464715 0.9946145 0.9963099 0.99234295 0.9937175 0.9939981 0.99415183 0.99564797 0.99268204 0.9921051 0.99308807 0.99066895 0.9931093 0.9913015 0.9916226 0.9911425 0.99175966 0.9924921 0.99321234 0.9930073 0.991772 0.9938481 0.9935463 0.99236876 0.99402964 0.9917398 0.99343216 0.9943603 0.9962335 0.99769235 0.997474 0.9971216 0.9956489 0.99555975 0.994059 0.9949838 0.9953779 0.9949273 0.99512666 0.9951667 0.99460965 0.99365854 0.9927937 0.99336183 0.99132437 0.9898238 0.9947561 0.9957194 0.99573284 0.99606895 0.99689263 0.99621123 0.9960784 0.99257004 0.99613684 0.9953624 0.9951988 0.99346906 0.9946135 0.9930467 0.99239314 0.9945742 0.9955252 0.99568915 0.99526095 0.9943612 0.99443364 0.9941922 0.9914558 0.992656 0.9915699 0.99475086 0.9923189 0.99263793 0.99190766 0.9887251 0.98830056 0.99002916 0.99208933 0.9933187 0.99405175 0.9966146 0.9955058 0.99498963 0.9957896 0.9950549 0.99528813 0.99561507 0.9934802 0.99617285 0.9936323 0.9944739 0.99645174 0.99523926 0.9924352 0.99355376 0.9944179 0.9954077 0.9938086 0.99569917 0.9948214 0.99535 0.9958206 0.99351585 0.9924984 0.99193084 0.99280894 0.9954919 0.9952046 0.9906733 0.99011767 0.9890205 0.990838 0.9917052 0.9908748 0.9916321 0.993174 0.99218315 0.9957648 0.99448794 0.9931467 0.994527 0.99391675 0.9937612 0.99238247 0.99193436 0.9944399 0.9963186 0.9956263 0.99609345 0.9951546 0.9917341 0.9939017 0.99249965 0.9912404 0.98964757 0.9889238 0.9946747 0.9935146 0.9943713 0.99508977 0.9958719 0.9954844 0.9946277 0.99462146 0.9959573 0.9941717 0.9930488 0.99026144 0.99272895 0.99401784 0.9928968 0.9936926 0.9905361 0.9889334 0.9901545 0.98960453 0.9919869 0.99106306 0.9918064 0.9909391 0.9890939 0.9909541 0.9886686 0.99576235 0.9950378 0.99434817 0.9938406 0.9943328 0.99171793 0.9928406 0.9953301 0.9950713 0.9936059 0.9942801 0.9947276 0.9909721 0.99461055 0.99366415 0.9933618 0.99407154 0.99307245 0.99528956 0.9955556 0.9947736 0.9945435 0.9950242 0.9972796 0.9963178 0.99631345 0.9961507 0.9927467 0.9942534 0.99696517 0.9939214 0.9926114 0.9936724 0.99510044 0.9937732 0.9942578 0.99557334 0.9953462 0.99449205 0.9952886 0.9947477 0.99559045 0.9943371 0.99302816 0.9942347 0.9945839 0.99410754 0.9938781 0.99140054 0.98756146 0.98919004 0.99139416 0.99355066 0.9934237 0.9929789 0.99199724 0.99410254 0.9929895 0.9895302 0.9886656 0.9894277 0.9896839 0.99100983 0.9917226 0.9908166 0.99299335 0.9913831 0.9884539 0.9849511 0.99184936 0.99271977 0.9918524 0.99156934 0.99050504 0.99498045 0.9936753 0.9909582 0.99323 0.9921112 0.9922294 0.9922731 0.9892529 0.9882964 0.9902149 0.99150246 0.99470246 0.99287045 0.9919971 0.9934341
MilicxevicxVelxkoM_SRP19121VeljkoMBespuce-L2_1 0.9854717 0.9913087 0.98771936 0.9796474 0.98268265 0.9907001 0.98780155 0.9845346 0.98828447 0.9869725 0.98637843 0.9905621 0.9841522 0.9831372 0.9889156 0.98524785 0.98601776 0.98864794 0.99028146 0.98709536 0.9817053 0.9831925 0.9947964 0.992014 0.9913009 0.9856352 0.98870087 0.9811825 0.9886482 0.98313946 0.98335063 0.98947483 0.9835867 0.9758276 0.97091335 0.99073654 0.99120057 0.984346 0.9904776 0.98778 0.98557127 0.9829344 0.9874849 0.9812078 0.9901744 0.9921041 0.98540986 0.98469037 0.9865795 0.9818934 0.98601174 0.9834242 0.98016804 0.9853257 0.9815225 0.98946905 0.99052083 0.9883133 0.9878184 0.9874383 0.9871268 0.9885605 0.99136096 0.9898959 0.99193335 0.9927371 0.98480797 0.98716265 0.9832966 0.988607 0.9895446 0.9937377 0.9869926 0.984779 0.98690736 0.9847283 0.9918211 0.98961437 0.98768055 0.9877021 0.98788357 0.9817979 0.98642576 0.97990537 0.97811735 0.98017925 0.97800165 0.98170024 0.98215306 0.9815973 0.98221374 0.97898513 0.98561525 0.9846439 0.9836456 0.98337233 0.9802866 0.9807068 0.9822183 0.9795594 0.9825636 0.9831851 0.98147964 0.9780173 0.9746243 0.98497105 0.97609836 0.97776127 0.9825468 0.9791588 0.9802418 0.9787949 0.97985303 0.9809887 0.98162943 0.976841 0.98658156 0.98539275 0.986045 0.9859227 0.9862578 0.9833759 0.9892286 0.9886149 0.98783875 0.9909114 0.9851267 0.9920851 0.9934946 0.9910726 0.99082154 0.99168175 0.9884646 0.98818696 0.9895265 0.98119265 0.98673785 0.98749626 0.98691934 0.9804669 0.9777843 0.9726576 0.9768834 0.98818266 0.9852768 0.98366845 0.989378 0.9905279 0.98841697 0.9874895 0.9935956 0.9917367 0.9876044 0.9888847 0.9866673 0.9858663 0.9849909 0.97738487 0.97582036 0.97953653 0.9799038 0.97687185 0.9779662 0.97847664 0.97987294 0.97664654 0.98121727 0.98264563 0.98297274 0.9818275 0.9804252 0.97466195 0.9793463 0.97743875 0.9738775 0.9755125 0.9845755 0.9797611 0.9791282 0.98791945 0.9839978 0.9814995 0.9817698 0.9783435 0.97404385 0.9692833 0.9866917 0.9838426 0.9824433 0.98476446 0.98360616 0.98454016 0.9778732 0.98386735 0.9805139 0.987241 0.98839396 0.9915305 0.9898933 0.98702955 0.983682 0.9809829 0.98455733 0.9827074 0.9898967 0.9813677 0.9803359 0.9803112 0.98011905 0.97834206 0.97842336 0.9784966 0.9869764 0.9895978 0.9886278 0.9828624 0.9889277 0.9845315 0.9829674 0.9897231 0.9882649 0.9792036 0.9790087 0.9820315 0.9843707 0.9844387 0.98065937 0.9871744 0.9855246 0.9865895 0.9842525 1.0000004 0.9982406 0.98651516 0.9859319 0.9885539 0.9861042 0.9809388 0.9876032 0.98570526 0.98311496 0.9717033 0.96226686 0.97227794 0.976413 0.98675835 0.9849384 0.992194 0.9930808 0.99029386 0.98867404 0.9877323 0.9901104 0.99013424 0.99255854 0.98984635 0.9919509 0.99051815 0.9926728 0.98848075 0.9906761 0.989201 0.98219514 0.98631275 0.98612785 0.98554474 0.9847441 0.98340094 0.981071 0.9842817 0.9842258 0.98595333 0.9892838 0.9850838 0.986181 0.9859734 0.99410754 0.99356925 0.98845917 0.98960996 0.98881084 0.9922231 0.994431 0.98801655 0.9902213 0.9901013 0.98628277 0.99268013 0.9919187 0.987247 0.9943222 0.9909177 0.9928762 0.99013627 0.99146664 0.9898862 0.988285 0.9917414 0.9894107 0.9880992 0.9872586 0.98177594 0.9750004 0.9808609 0.97666556 0.97607267 0.9756087 0.9764513 0.99007106 0.98683625 0.98640233 0.98695546 0.9856592 0.9888028 0.9899014 0.98702955 0.98912144 0.9868417 0.9923189 0.99143225 0.9857357 0.98861957 0.9862739 0.98467505 0.98285806 0.9793886 0.98213893 0.9891892 0.9865758 0.98847675 0.9890236 0.9824041 0.97862613 0.9779847 0.97854024 0.97524774 0.97415435 0.9919431 0.9873585 0.98670846 0.9866761 0.98485696 0.98846465 0.9818944 0.98091316 0.989411 0.9854743 0.9865916 0.9897944 0.98368746 0.9841655 0.982045 0.9922806 0.9888233 0.9896653 0.9867185 0.9911152 0.9875076 0.98666954 0.96724254 0.98742145 0.98969257 0.9868851 0.9860777 0.987649 0.99127865 0.9880739 0.98670423 0.98691624 0.9889757 0.9880542 0.9900038 0.9865383 0.9801351 0.98819953 0.9884306 0.9868341 0.98189443 0.98546046 0.9730425 0.98848647 0.9736657 0.97528225 0.983985 0.97642523 0.9693942 0.97237897 0.9739504 0.9910606 0.976676 0.98804384 0.98095423 0.98928976 0.9884019 0.9746547 0.9764518 0.9750154 0.9744398 0.97984475 0.98291403 0.99042255 0.9921106 0.99271554 0.99343747 0.9917181 0.992527 0.99391353 0.99248195 0.9925977 0.9859173 0.9805041 0.97929513 0.987317 0.9789922 0.9813624 0.9818592 0.9758228 0.98099613 0.98494494 0.9830905 0.98790944 0.9844817 0.98844546 0.98807824 0.9853198 0.9878886 0.9846245 0.98413265 0.97964114 0.98312795 0.9839076 0.98348206 0.98603433 0.98522997 0.9858701 0.98398435 0.9873945 0.9803478 0.9909667 0.98938185 0.9864544 0.9861844 0.9850325 0.9829693 0.98440397 0.9810563 0.98851997 0.9844166 0.98772466 0.9896712 0.9858347 0.99093664 0.9876549 0.98731464 0.99174 0.9842634 0.9831048 0.98515517 0.98534465 0.9876512 0.9909276 0.9853302 0.98602 0.99057424 0.9896641 0.9871978 0.99166244 0.989113 0.9901221 0.99023014 0.98713136 0.9843422 0.9897892 0.986697 0.9880024 0.9861883 0.9848817 0.9895101 0.98719084 0.99071944 0.9896741 0.9905327 0.9858147 0.9843991 0.9871757 0.98628366 0.9917845 0.986501 0.9844344 0.9786253 0.9825608 0.9825753 0.98043466 0.98365265 0.9829851 0.9839307 0.98361975 0.98361963 0.97955126 0.9827267 0.978494 0.9803428 0.98152477 0.97846353 0.99107754 0.99267375 0.9907962 0.98811233 0.9839075 0.98691684 0.99118173 0.9878795 0.98824173 0.9926264 0.99120474 0.9917045 0.98970646 0.9870721 0.9864117 0.98468614 0.979127 0.9693696 0.96754456 0.9602021 0.9745171 0.9753799 0.97360927 0.97394836 0.9694752 0.9787047 0.97436947 0.96839726 0.97298664 0.9724039 0.9729953 0.9710979 0.96377563 0.96385545 0.96792674 0.9695625 0.9761661 0.987906 0.98613787 0.9860283
MilicxevicxVelxkoM_SRP19121VeljkoMBespuce-L2_2 0.98920614 0.9946214 0.9918655 0.9858806 0.9879979 0.99224323 0.98942244 0.98648477 0.991462 0.9903784 0.99012166 0.99343234 0.9887383 0.9878237 0.9916746 0.9892635 0.9892641 0.9915772 0.99278265 0.9908844 0.9858388 0.98759156 0.9962751 0.99473417 0.9939712 0.98932123 0.99164385 0.98615634 0.9913882 0.9869546 0.9875079 0.99168795 0.9874324 0.97932434 0.9752795 0.99190843 0.9926081 0.9867057 0.9935935 0.9925453 0.9902586 0.9878728 0.99125737 0.98676383 0.99282646 0.9947125 0.98992825 0.989625 0.99080116 0.9869844 0.9900743 0.9875728 0.98506135 0.9893076 0.98558426 0.99302393 0.9939141 0.9897262 0.9911998 0.99071985 0.9904279 0.9919079 0.99363494 0.9922343 0.9932508 0.994267 0.98888427 0.9896947 0.9874611 0.993243 0.9926737 0.9951646 0.98994875 0.98868746 0.99004793 0.9887111 0.9931061 0.9908656 0.99141747 0.9918755 0.9905421 0.987066 0.9909934 0.9859361 0.985065 0.9864527 0.98474324 0.98808527 0.98784745 0.98762566 0.98783875 0.9834703 0.98810685 0.98674595 0.9860489 0.98725975 0.98426914 0.9857943 0.98520887 0.98352283 0.98451936 0.9859497 0.98482835 0.9832551 0.9812407 0.9887651 0.9822371 0.9834811 0.9871506 0.98476654 0.98576057 0.9854358 0.9856429 0.9863554 0.9869784 0.9834453 0.9895036 0.9891587 0.9892647 0.98985535 0.98946464 0.9865044 0.99141127 0.9912936 0.9918752 0.99390256 0.98943055 0.99438673 0.99496984 0.9939601 0.9944811 0.9946488 0.99282384 0.9926887 0.9927849 0.9847146 0.9898573 0.9907418 0.9904035 0.98746186 0.9854956 0.98131853 0.9848556 0.99151975 0.98841006 0.9876218 0.9924718 0.9930368 0.9921133 0.9911475 0.99453914 0.9927422 0.9891685 0.9898936 0.99010247 0.9895623 0.98923826 0.98366356 0.9826208 0.9842352 0.98504204 0.98156685 0.9831571 0.98322207 0.9846264 0.982072 0.9856129 0.9866689 0.98643774 0.98633164 0.98481697 0.9802848 0.98392683 0.9832679 0.9800544 0.9817236 0.98713833 0.983597 0.9831137 0.9915916 0.9882622 0.9862375 0.9871948 0.984673 0.9799973 0.9759044 0.9900339 0.988553 0.9875916 0.98949724 0.9866997 0.98734593 0.9822039 0.98706675 0.9849813 0.99077094 0.9911409 0.9944491 0.9934629 0.99143046 0.98878515 0.98674774 0.9899227 0.98880476 0.99364835 0.98716897 0.9868104 0.9866731 0.9858295 0.983884 0.9847985 0.9854134 0.9900352 0.9910793 0.9914781 0.9874857 0.9917923 0.9888468 0.98737895 0.9915941 0.99098355 0.9831102 0.9826469 0.9859467 0.9879223 0.987315 0.98618823 0.9901314 0.98869574 0.9884529 0.9874729 0.9982406 1.0 0.9907123 0.9897176 0.9914809 0.99008995 0.9862451 0.9887507 0.99002385 0.9876189 0.9782447 0.96890736 0.97849464 0.98198396 0.99063736 0.9888991 0.9939612 0.99486357 0.99179745 0.9931027 0.9928313 0.99442947 0.99254775 0.9920652 0.992236 0.99320334 0.9929157 0.99427617 0.9894996 0.9927768 0.9911818 0.9855378 0.98750925 0.98927724 0.98946685 0.9884364 0.9863988 0.9842385 0.98891634 0.9887083 0.99056166 0.9929725 0.9904266 0.99020517 0.9894092 0.99546194 0.99566853 0.9927167 0.99305254 0.9928089 0.9933542 0.99505347 0.99117726 0.99361736 0.9919075 0.9877729 0.9937043 0.9930083 0.98891425 0.9951493 0.992906 0.99480087 0.9931649 0.9930696 0.99291617 0.99235094 0.99500513 0.99204123 0.9910851 0.99036336 0.98526555 0.979969 0.9837953 0.981539 0.980911 0.9808429 0.9802379 0.9924281 0.99037546 0.9899874 0.98991966 0.98924315 0.9922623 0.99313784 0.9909858 0.99191403 0.9911574 0.9943365 0.99335396 0.98904246 0.9917887 0.9896025 0.9898098 0.9886067 0.9862579 0.9882976 0.9927781 0.9905267 0.9920533 0.9924578 0.98762536 0.984718 0.9839022 0.98551005 0.9823094 0.9821803 0.99468714 0.99161106 0.9911846 0.9914045 0.9895397 0.99271476 0.9872937 0.98569 0.9930166 0.9908956 0.99161 0.99361205 0.98890847 0.98913026 0.987434 0.9950168 0.9925714 0.9924619 0.9905396 0.9933048 0.9906416 0.9896338 0.97451615 0.99170625 0.9930486 0.99120796 0.9907201 0.9919645 0.9949923 0.9913377 0.991313 0.99110895 0.99262655 0.9922506 0.9939594 0.9901266 0.9849717 0.991561 0.99162304 0.9903926 0.9869041 0.98963165 0.97874844 0.9916482 0.979164 0.98010325 0.9876707 0.9818167 0.97520816 0.97763926 0.97923756 0.9934379 0.9815297 0.99139065 0.98559976 0.99249524 0.99193877 0.980721 0.98191315 0.98078364 0.979776 0.9845042 0.98770756 0.9942448 0.9943876 0.9957488 0.9958472 0.9954771 0.9951875 0.99640423 0.99531674 0.9959219 0.9896399 0.9847871 0.9839014 0.9909984 0.98411524 0.9846904 0.9850082 0.980227 0.98553205 0.98877895 0.9876232 0.99113274 0.98912483 0.9920296 0.99077886 0.99004483 0.9899309 0.98654395 0.98617476 0.985349 0.9874736 0.9883644 0.9876883 0.9900224 0.9878155 0.9890961 0.98820114 0.99137044 0.9862377 0.99288195 0.99272186 0.9908775 0.99053705 0.9896405 0.9881012 0.9891153 0.9870492 0.9920796 0.9893831 0.9913985 0.99374974 0.9908669 0.9937973 0.9909596 0.9908474 0.99386954 0.9877942 0.9869832 0.98783344 0.9889562 0.99064183 0.99370664 0.989313 0.9896341 0.99411815 0.99363315 0.991288 0.99441856 0.99138004 0.9933862 0.99275714 0.99180293 0.9891703 0.99217665 0.9900883 0.9922025 0.99024093 0.98948854 0.9927649 0.9905238 0.99299735 0.99298817 0.99397343 0.98818016 0.9889275 0.99138284 0.9900457 0.99348724 0.99125147 0.98951125 0.98463833 0.9878232 0.98750436 0.98564935 0.98919296 0.98808795 0.98945045 0.9881329 0.98732233 0.98336446 0.9864309 0.98340005 0.9849183 0.9851811 0.98240227 0.9928847 0.9947541 0.99351704 0.9919333 0.9892113 0.9908632 0.994089 0.9919836 0.9924899 0.99355984 0.99300694 0.99306595 0.9927188 0.99101126 0.9894547 0.98874426 0.984617 0.97582066 0.9745433 0.9678831 0.9797613 0.9805526 0.97981614 0.9795422 0.97621393 0.9838843 0.97937274 0.974436 0.9782988 0.97851694 0.97865766 0.97744703 0.9713892 0.9710903 0.9750357 0.975637 0.9811341 0.9886412 0.9872069 0.9867419
MiodragovicxJovan_SRP19102JovanMRadisa-L2_1 0.9938291 0.99612385 0.99591273 0.9940275 0.99497956 0.9932645 0.99096733 0.98768336 0.9948765 0.9951301 0.99563134 0.99639606 0.9946174 0.9946443 0.9964751 0.994948 0.9947801 0.9955122 0.99599767 0.9961463 0.9935031 0.99467784 0.99431 0.9939155 0.99431866 0.99247754 0.994072 0.99095297 0.99409205 0.99298006 0.9930642 0.99427897 0.99343747 0.9895726 0.9871961 0.9938685 0.9932569 0.9918821 0.99562144 0.9958569 0.99545276 0.99494046 0.99524915 0.99407774 0.9933658 0.9948336 0.99562573 0.9966171 0.99649185 0.99606985 0.9976961 0.99679613 0.9957234 0.99395573 0.9925219 0.9950267 0.99435866 0.9881076 0.9914468 0.9952271 0.9950949 0.9927432 0.99516195 0.9937972 0.99007 0.9912574 0.994999 0.99423695 0.9941275 0.9963574 0.9974007 0.99316734 0.99373734 0.99618006 0.99568564 0.99616665 0.994128 0.9938765 0.99620295 0.99616295 0.9942386 0.99373776 0.9946889 0.99391955 0.9926648 0.99437374 0.9939947 0.99530244 0.99551755 0.9938779 0.99589354 0.99447215 0.9943717 0.9936558 0.9939545 0.99507445 0.99226415 0.9941239 0.99329495 0.99329627 0.99187213 0.9938035 0.99419606 0.99484354 0.99350363 0.99667364 0.9942808 0.99496907 0.996727 0.99566036 0.996051 0.9949917 0.9955265 0.99620837 0.9957924 0.9941244 0.9968704 0.99582016 0.99518687 0.9951593 0.9949375 0.99344236 0.9962438 0.9957934 0.9961219 0.9958191 0.9961737 0.9949368 0.9938149 0.9953857 0.99556017 0.9952953 0.9963387 0.99674743 0.9959317 0.9930924 0.99384177 0.99493986 0.9946668 0.99230033 0.9924861 0.98857325 0.99158525 0.9965874 0.9962158 0.9964998 0.9961033 0.99479 0.99597305 0.99638814 0.9926457 0.9913716 0.9908258 0.9877364 0.99769527 0.9970358 0.99669105 0.9938755 0.99378806 0.99285287 0.99423546 0.9920877 0.9924383 0.9922613 0.99354464 0.9939748 0.99427986 0.9962478 0.99505293 0.99670607 0.9960974 0.99275935 0.9946976 0.99456275 0.99233055 0.99357426 0.99551827 0.9941748 0.9934514 0.99827236 0.9974484 0.99575615 0.9957531 0.99377275 0.99407715 0.9917224 0.9974849 0.9970438 0.99738216 0.99675953 0.9953784 0.995733 0.9936724 0.9958084 0.9951294 0.99639654 0.99695486 0.99610716 0.99447787 0.9964403 0.99344844 0.99434125 0.9950636 0.9929105 0.99509144 0.99370825 0.99339294 0.99475855 0.9919096 0.9891701 0.9901897 0.99385893 0.9960976 0.994576 0.99612623 0.9950515 0.99529076 0.994787 0.99495035 0.99489254 0.9949209 0.99271846 0.9916753 0.9940514 0.99697965 0.995438 0.99590385 0.99620426 0.99592894 0.9945891 0.9947954 0.98651516 0.9907123 0.9999998 0.99797845 0.9961939 0.99779373 0.99634045 0.9933244 0.9960149 0.9985459 0.9925724 0.9852603 0.9918759 0.99368834 0.99687713 0.9977969 0.99264467 0.993864 0.9882843 0.9941524 0.99515325 0.9943444 0.9920228 0.99041843 0.9939766 0.9949902 0.99591446 0.99466723 0.9914606 0.99342805 0.9932295 0.99288726 0.9920753 0.9942473 0.9962133 0.99576336 0.99363494 0.9911649 0.9977399 0.996787 0.9973193 0.9966394 0.9972031 0.99544924 0.99617094 0.9938923 0.99564475 0.9944606 0.99604136 0.9956881 0.9934169 0.99237293 0.99681234 0.9943233 0.9927149 0.98946464 0.993457 0.9936503 0.991421 0.99384576 0.9960672 0.994617 0.9965653 0.99381167 0.9955456 0.99493384 0.99664277 0.9957997 0.99448377 0.99298507 0.9934986 0.99218225 0.9928942 0.992304 0.99199355 0.99217796 0.99193746 0.99452007 0.99446064 0.9953926 0.9962002 0.99654216 0.9965337 0.995574 0.99632525 0.995999 0.99652195 0.9970788 0.9975439 0.9967699 0.9971409 0.9965552 0.9963331 0.9947114 0.9934392 0.9940959 0.99715906 0.9975091 0.9970264 0.99680316 0.99123305 0.9896319 0.98810655 0.9946511 0.9925234 0.99172217 0.9971993 0.99680734 0.9970929 0.99728936 0.99625254 0.9965512 0.99501234 0.9912223 0.9974202 0.9965137 0.99700624 0.99454015 0.99482834 0.99315953 0.99184775 0.99552125 0.99612087 0.9965419 0.9952485 0.99413276 0.99372876 0.99265724 0.9877174 0.9957107 0.9952023 0.99550736 0.9949527 0.9952101 0.99419296 0.99253994 0.99282616 0.9941579 0.99491894 0.9943223 0.9952276 0.9975755 0.99436456 0.9968605 0.9971345 0.9968592 0.9947373 0.99563026 0.9905726 0.99659395 0.99095774 0.99198854 0.99680847 0.9933616 0.9891284 0.9897702 0.9918386 0.9968067 0.99127597 0.99632734 0.9935155 0.9967363 0.99631345 0.99380034 0.9943378 0.9933478 0.9931587 0.9956926 0.993877 0.9949815 0.99446213 0.9932399 0.9946729 0.9942582 0.99517834 0.9948092 0.9946594 0.994541 0.99643683 0.99440753 0.99342024 0.99472475 0.99464726 0.9943155 0.993146 0.99211955 0.9952344 0.99552184 0.9956728 0.99745035 0.9963212 0.99465066 0.9949591 0.99594724 0.9908687 0.9900178 0.99025047 0.99552774 0.99571776 0.99581236 0.9968557 0.99706346 0.9944579 0.99458843 0.99495316 0.9952343 0.9937779 0.9937443 0.99362516 0.99436253 0.99444824 0.99386 0.9933598 0.99485296 0.9938369 0.9950259 0.9941308 0.99589163 0.9956192 0.9955058 0.9953612 0.99439836 0.9953611 0.99404335 0.99611866 0.9954541 0.9946515 0.99597394 0.9948171 0.9944663 0.99524045 0.9960338 0.9959946 0.99574935 0.99585474 0.99584067 0.9940163 0.9963093 0.9960989 0.99615 0.9952483 0.9945449 0.99717337 0.9974587 0.99669373 0.9955679 0.9962469 0.99664366 0.9962866 0.9965646 0.9967142 0.9927226 0.9952883 0.9965095 0.9959412 0.99455166 0.9978431 0.99792176 0.9962598 0.9975796 0.99783856 0.99666554 0.9978015 0.99734575 0.99767894 0.99425304 0.99318534 0.98984045 0.991968 0.9919434 0.9918609 0.99092615 0.988967 0.9922693 0.9931993 0.99441326 0.995308 0.99529594 0.9955007 0.9945293 0.99553776 0.9951236 0.9934586 0.9927958 0.99318796 0.9936261 0.99450547 0.9947357 0.9935103 0.99607724 0.9907934 0.9887228 0.98496526 0.9920751 0.99338067 0.9926421 0.9928002 0.99067855 0.9948066 0.99172133 0.9880023 0.9914096 0.99036056 0.99128073 0.9912223 0.987417 0.9865632 0.9893149 0.99011064 0.9927202 0.990853 0.98866534 0.9898027
MiodragovicxJovan_SRP19102JovanMRadisa-L2_10 0.9937116 0.9957087 0.9962518 0.99310017 0.9933054 0.99487585 0.9937564 0.9920471 0.9922882 0.99234194 0.9931025 0.9944005 0.99149144 0.9913836 0.993944 0.99221385 0.99237967 0.9935981 0.99425447 0.9928273 0.98955774 0.9912357 0.9922264 0.991221 0.99152666 0.9895654 0.9915007 0.98759437 0.990787 0.9891547 0.98983395 0.9909853 0.9898155 0.9862471 0.9836117 0.99237317 0.9917393 0.98995364 0.99463683 0.994207 0.99383676 0.99286574 0.9947656 0.99235773 0.9932845 0.99371153 0.9938437 0.99486756 0.9939703 0.9945181 0.9959041 0.9956565 0.99582994 0.9954471 0.9943705 0.99470466 0.99445355 0.98931456 0.99147254 0.99465376 0.99517035 0.99225086 0.9945598 0.9942103 0.9913661 0.99206287 0.9950097 0.9945668 0.994153 0.9954064 0.9961615 0.9933444 0.9944583 0.9949379 0.9953606 0.9945719 0.99340445 0.9944347 0.99655914 0.99452925 0.99406385 0.99426466 0.9948495 0.9932627 0.99198866 0.993868 0.99259126 0.99440646 0.99405533 0.9950691 0.9962591 0.9918808 0.9949506 0.9931194 0.9937146 0.9951282 0.9935286 0.99445754 0.9940842 0.9941734 0.9927162 0.9929827 0.9926027 0.9925871 0.9910223 0.9961767 0.9922376 0.99283445 0.9948683 0.9940628 0.99371856 0.9932485 0.9942769 0.9947856 0.99476534 0.9929765 0.99523854 0.9938099 0.99292827 0.9930313 0.9937604 0.99198693 0.9943341 0.99292374 0.9938565 0.99422306 0.9941174 0.9933248 0.9936181 0.99390143 0.99361175 0.9937316 0.9942302 0.99495023 0.9942877 0.9913405 0.99370754 0.99504167 0.99447536 0.9931311 0.9921896 0.9890826 0.991719 0.99628353 0.9940018 0.99376756 0.99626404 0.9952978 0.99645096 0.9958897 0.99389803 0.99246633 0.991998 0.98982584 0.99607956 0.9951489 0.9944756 0.9933467 0.9935247 0.9925787 0.993984 0.99097407 0.9918109 0.9916972 0.992674 0.9924655 0.9936557 0.9945925 0.99496776 0.9951567 0.9950552 0.99104565 0.992516 0.9926715 0.99038535 0.9920579 0.99361986 0.9915334 0.99034816 0.9963175 0.9945612 0.9923476 0.9921524 0.9917981 0.9907365 0.9877442 0.9961531 0.9959382 0.9955148 0.9965036 0.99265456 0.99227184 0.99014634 0.9931477 0.99202335 0.99315524 0.99430174 0.99608433 0.9954075 0.99633783 0.99496377 0.9943545 0.99499524 0.99363583 0.9962349 0.99474937 0.9943191 0.9936433 0.9936299 0.991712 0.99226856 0.9936847 0.99419785 0.993006 0.9944126 0.99255717 0.9935241 0.99362975 0.9927558 0.99399066 0.99446905 0.9924777 0.9914807 0.9930209 0.9958301 0.9955796 0.9946906 0.9953033 0.99623936 0.9955107 0.99479526 0.9859319 0.9897176 0.99797845 0.9999998 0.99791807 0.9989266 0.99750656 0.9956065 0.9978868 0.99769974 0.9909179 0.98208034 0.99009895 0.99223137 0.99768704 0.998678 0.99483585 0.9941416 0.9903276 0.9950432 0.9952252 0.99492633 0.99418634 0.99209994 0.9954376 0.99522877 0.9970555 0.9955049 0.99170107 0.99367493 0.9945195 0.99429053 0.9934574 0.9953193 0.99538434 0.99554145 0.9945776 0.9933378 0.9960914 0.99460936 0.996553 0.99517846 0.99574745 0.99527544 0.99570733 0.9952166 0.9952634 0.9943699 0.99563086 0.9959782 0.9953817 0.99371225 0.9966817 0.99518156 0.99466616 0.99196 0.9945106 0.9942319 0.9914135 0.9949665 0.9965826 0.9955851 0.9966908 0.99530685 0.9965754 0.99554986 0.9959398 0.996677 0.9956155 0.9942212 0.99173355 0.98838156 0.99030405 0.98873293 0.9885479 0.9883665 0.98887366 0.99315506 0.9938054 0.9957372 0.9948174 0.9943084 0.9950428 0.9954306 0.99543273 0.9965353 0.9958163 0.9953299 0.9964295 0.99580246 0.99637496 0.9954276 0.9951789 0.9932317 0.9919066 0.99311244 0.9947282 0.9947313 0.9939708 0.99400795 0.9926199 0.99061805 0.98972 0.9934013 0.99001986 0.989968 0.9954296 0.99405634 0.99441063 0.99520564 0.9940488 0.99493104 0.9927973 0.9890182 0.99646276 0.9953526 0.9955861 0.99287015 0.99294186 0.99218863 0.9904488 0.99360484 0.9950864 0.9954649 0.9938408 0.99363106 0.99318683 0.99253607 0.9860246 0.9947477 0.9946015 0.9942909 0.99372244 0.99442464 0.99414015 0.99326485 0.9928688 0.993878 0.99494344 0.99495226 0.9951632 0.99623615 0.99226457 0.99560404 0.9954098 0.9952972 0.99295187 0.99332446 0.9883985 0.9953171 0.9880519 0.9892829 0.9948974 0.9908788 0.9859647 0.98733306 0.9890679 0.9955198 0.988832 0.99475646 0.9908582 0.99512625 0.9954747 0.99146503 0.9910631 0.99016565 0.9899008 0.9936578 0.9927295 0.9944732 0.9949867 0.99329084 0.99385464 0.9931151 0.99423766 0.9942083 0.99379295 0.9938256 0.9942395 0.9929725 0.9924886 0.9937753 0.99248904 0.99388033 0.9925908 0.9914837 0.9947073 0.99567235 0.99493057 0.99696505 0.9949297 0.9947429 0.9953669 0.9949787 0.99369425 0.9925091 0.9925799 0.99397635 0.99508864 0.9958127 0.9958226 0.9961746 0.9951507 0.9945645 0.9950559 0.9953851 0.9924478 0.9944674 0.99205285 0.99390036 0.99408793 0.99379635 0.9930365 0.99413633 0.99357146 0.99259406 0.99146706 0.99357766 0.9936994 0.9932292 0.99331814 0.99076474 0.99171877 0.9922913 0.99454564 0.9933701 0.9938071 0.9948621 0.99453104 0.99436235 0.9940067 0.99532324 0.99604625 0.9951146 0.99609655 0.9958857 0.99540925 0.99514115 0.9953182 0.9947956 0.9951548 0.99565154 0.99624145 0.99529594 0.9946272 0.9947723 0.99493563 0.99537796 0.996584 0.9966709 0.9965581 0.99503803 0.9957446 0.99715525 0.9955579 0.9941189 0.99653554 0.99563634 0.99341846 0.99530596 0.99660903 0.99506474 0.9953666 0.9969497 0.99579704 0.99280906 0.9920251 0.98930013 0.991262 0.990136 0.9905018 0.9898439 0.9885701 0.992455 0.9930226 0.9945687 0.9950969 0.99469376 0.99548066 0.99494827 0.9958919 0.99491596 0.9933057 0.99352115 0.9934528 0.9933856 0.9936396 0.99361116 0.99335176 0.9931128 0.9876907 0.9852593 0.98104435 0.9879175 0.98990345 0.9889569 0.9889198 0.98716795 0.9922563 0.98877496 0.9852022 0.988929 0.9870635 0.98756045 0.9878639 0.98406756 0.9825576 0.98539776 0.9864073 0.99007213 0.99229985 0.9904994 0.9906584
MiodragovicxJovan_SRP19102JovanMRadisa-L2_11 0.99093777 0.9940861 0.99276006 0.9881642 0.9887543 0.99363 0.99160635 0.9913277 0.98976266 0.98861426 0.9896581 0.99227047 0.9874027 0.98726505 0.991073 0.98801386 0.9885391 0.9903539 0.9920603 0.9903898 0.98539037 0.98739696 0.9924653 0.9902009 0.9899216 0.98570484 0.98895 0.9831336 0.98711395 0.98432297 0.98504436 0.9882834 0.9852852 0.9810645 0.9775913 0.9903339 0.9902601 0.98594326 0.99309623 0.9921571 0.9907299 0.9892522 0.99287415 0.9880881 0.9913903 0.9927254 0.9905407 0.9918874 0.9915339 0.9906192 0.9940851 0.99408025 0.99282014 0.99284667 0.9920867 0.9919692 0.99238676 0.98638433 0.9880087 0.9909959 0.9916498 0.9889608 0.992828 0.9922417 0.99009734 0.99098456 0.9926452 0.99341744 0.9918483 0.995055 0.99539423 0.99388415 0.99272287 0.9917331 0.99303055 0.99066347 0.99240935 0.9927192 0.99401194 0.9927676 0.99217427 0.9914196 0.9928086 0.9902394 0.98834157 0.9908299 0.9886277 0.9913738 0.9904833 0.99276 0.9940677 0.9869583 0.99246526 0.9907772 0.9910531 0.9924053 0.99123013 0.99184215 0.9915421 0.99025446 0.9900734 0.99005985 0.98970705 0.9899791 0.98708767 0.9951606 0.9883319 0.98952407 0.9926819 0.9916461 0.9913828 0.99018466 0.99139977 0.9917773 0.9923451 0.98951006 0.99444413 0.99357253 0.99344563 0.9932777 0.99320567 0.99158657 0.9923591 0.9911191 0.9919795 0.99353415 0.9908221 0.99232125 0.99424094 0.9941954 0.993065 0.9931512 0.99263555 0.9934358 0.9936435 0.98587567 0.99058145 0.99197507 0.99098974 0.9908695 0.98914194 0.9859635 0.98882866 0.9956436 0.99345434 0.99199 0.99611557 0.9962169 0.9957211 0.99485326 0.99409986 0.99405867 0.9933033 0.9920124 0.99322397 0.99214536 0.99086905 0.98921627 0.98905426 0.98920953 0.9896902 0.98724765 0.9875971 0.9882776 0.98883855 0.9876602 0.98878425 0.9909003 0.99121714 0.9919438 0.9906355 0.9854733 0.9877312 0.98757195 0.98448026 0.98616874 0.990231 0.98648965 0.98530966 0.99451196 0.9918221 0.98810035 0.98863757 0.9878114 0.98682773 0.98352814 0.9935394 0.9924418 0.9923785 0.9934826 0.9885898 0.98922825 0.984729 0.9893514 0.98746496 0.9907885 0.99231184 0.99563444 0.99569046 0.994648 0.9932325 0.9917153 0.99272466 0.9907602 0.99529016 0.9934843 0.9920523 0.9918551 0.9924723 0.99094677 0.9909821 0.9908322 0.9901957 0.9906855 0.9913514 0.9876335 0.9904831 0.9888592 0.9878743 0.99085766 0.9905836 0.9864686 0.9852113 0.9874484 0.9914163 0.99123746 0.99095595 0.99227273 0.9922722 0.99265623 0.9900562 0.9885539 0.9914809 0.9961939 0.99791807 0.99999964 0.99881554 0.99511826 0.9981913 0.9979328 0.9950167 0.9861973 0.9773005 0.9869953 0.9897811 0.998611 0.9980363 0.9938131 0.99397254 0.99330515 0.9934085 0.9936119 0.99359405 0.9940354 0.9932024 0.9950991 0.9946577 0.9956198 0.9959354 0.9913633 0.9940895 0.99423754 0.99252516 0.99415934 0.99521226 0.9946085 0.99426806 0.99292207 0.99194056 0.9935211 0.9920019 0.9945143 0.99376816 0.99337465 0.99485165 0.99441475 0.9947594 0.99436986 0.9924759 0.99304116 0.9936511 0.99457717 0.993923 0.9938306 0.9925834 0.99405587 0.9918937 0.99493265 0.9941618 0.9902517 0.9945778 0.9955717 0.99427456 0.9950722 0.9952243 0.9958487 0.99456793 0.9951762 0.9951195 0.9951103 0.99358404 0.98799807 0.983964 0.9859984 0.98427284 0.9833678 0.98358285 0.9841202 0.99282575 0.9921069 0.9950035 0.9936702 0.9917581 0.9933163 0.9946557 0.9932745 0.996593 0.9943997 0.99430263 0.99439037 0.99227434 0.99369234 0.9920832 0.9920739 0.989228 0.98757 0.98919976 0.9918036 0.9920991 0.9911594 0.9913728 0.98816663 0.9849721 0.98445463 0.98949784 0.98539436 0.98601365 0.99448377 0.99142176 0.9914271 0.99249417 0.9901872 0.9922531 0.98831666 0.9842979 0.99415123 0.9920621 0.9927322 0.9901915 0.9887143 0.98844904 0.9861428 0.9915749 0.992087 0.99320334 0.9906362 0.99126744 0.98986864 0.9886029 0.9778676 0.993283 0.9945533 0.9916228 0.99213326 0.9929112 0.9934858 0.99303836 0.9928947 0.99313384 0.9939186 0.99308544 0.9933821 0.9937326 0.9879034 0.9940467 0.9934449 0.9934249 0.9890862 0.989769 0.9823999 0.99286574 0.9823284 0.9836037 0.99140114 0.98579305 0.9791645 0.9809896 0.9831218 0.99472725 0.98383194 0.99256843 0.98655474 0.9935445 0.99375635 0.9864621 0.9869137 0.9856724 0.98472327 0.9890266 0.9881109 0.9942161 0.9965334 0.9944283 0.99439186 0.99238074 0.9947431 0.99408484 0.9925375 0.9931461 0.99153936 0.9897733 0.9894925 0.9915309 0.98877466 0.99117297 0.9904461 0.98816353 0.99158454 0.99231946 0.9912836 0.9946493 0.9921242 0.9942103 0.99388623 0.9938293 0.992936 0.99182326 0.99195975 0.98983824 0.9933054 0.9939267 0.9932936 0.99393034 0.9919943 0.9914896 0.99213225 0.9927488 0.9883185 0.9943684 0.99207336 0.99248385 0.9922714 0.9926726 0.99034333 0.99339956 0.9931171 0.99243534 0.9898127 0.99216264 0.9933506 0.99182063 0.99340785 0.9903799 0.99057364 0.99389666 0.9910098 0.98978245 0.99101686 0.9926544 0.9926546 0.9942573 0.9925256 0.992541 0.9947118 0.993867 0.9950906 0.9947318 0.9961598 0.9933927 0.9947521 0.9931487 0.99325895 0.99507856 0.9937266 0.99299896 0.9919257 0.99214536 0.99286234 0.9919015 0.9948751 0.9947582 0.9950515 0.9940835 0.9940699 0.9941028 0.9938932 0.9935688 0.9952225 0.99330413 0.98972505 0.9925971 0.9937987 0.99159 0.99263394 0.99462414 0.9929865 0.98920465 0.98900265 0.9854254 0.98785627 0.98529726 0.98649716 0.9860765 0.9846838 0.99434525 0.99384207 0.99443364 0.9936768 0.9923863 0.99424326 0.99485826 0.99458444 0.99350953 0.99483174 0.99508697 0.9947485 0.9941804 0.99309266 0.9921763 0.9923435 0.9897547 0.9816971 0.979213 0.9741665 0.9822042 0.9848757 0.98372567 0.9836253 0.9809571 0.9872445 0.9823501 0.97757906 0.9827278 0.9803611 0.9811505 0.98147875 0.9766596 0.9749387 0.97845495 0.9795996 0.98394275 0.9903473 0.9876615 0.98704875
MiodragovicxJovan_SRP19102JovanMRadisa-L2_12 0.99252045 0.9948856 0.9943765 0.99176496 0.9919587 0.99314886 0.99144316 0.98971426 0.99166113 0.99107933 0.99198383 0.99357057 0.9901544 0.9901453 0.9927419 0.9905387 0.9905857 0.9918299 0.9930316 0.99241775 0.98845583 0.99025446 0.9925862 0.99103785 0.9911253 0.98840505 0.9906565 0.98608565 0.9892814 0.9873467 0.98794943 0.98998547 0.98797816 0.9840863 0.9811209 0.9908739 0.99053663 0.98767537 0.99406165 0.9937959 0.99290615 0.99206436 0.9942307 0.99093527 0.99200875 0.99310386 0.9929199 0.9944155 0.99361724 0.9934819 0.99590516 0.99583954 0.99507004 0.9938263 0.9926526 0.99323714 0.9931663 0.98664266 0.98931944 0.9929757 0.9933883 0.9903957 0.99357045 0.99304396 0.98946595 0.990483 0.9943383 0.99407357 0.9931913 0.9959143 0.996046 0.9932691 0.99322844 0.9938742 0.9944683 0.9931158 0.9924501 0.9930609 0.9953289 0.9944589 0.9927792 0.9930597 0.9937501 0.9928524 0.9916827 0.99328995 0.991681 0.9937204 0.9931751 0.9946521 0.99613917 0.9900278 0.99330145 0.9921637 0.99268913 0.994123 0.9928129 0.99393976 0.9932107 0.9925863 0.99128664 0.99189866 0.9919205 0.9926232 0.9907434 0.9967115 0.99238664 0.9932957 0.9954096 0.99472344 0.99445 0.99354947 0.9943491 0.99465656 0.9947795 0.99294513 0.9954645 0.9948495 0.9941387 0.9942034 0.99421924 0.9924141 0.9935323 0.9926621 0.9935547 0.99434114 0.9930825 0.99299943 0.9930488 0.9940861 0.99349546 0.9933579 0.99382585 0.9947334 0.9940263 0.9886486 0.99179924 0.9930811 0.99245316 0.9931001 0.9923668 0.98952925 0.99213433 0.99618155 0.9947258 0.99409276 0.99614984 0.9955821 0.9961896 0.9958608 0.99265957 0.99204195 0.99150395 0.9893072 0.99528754 0.9941559 0.9934348 0.9922496 0.992283 0.9909244 0.9922154 0.98941934 0.9896982 0.9899125 0.9910032 0.9911612 0.9916075 0.9933849 0.9927932 0.9941266 0.9931407 0.98918283 0.99122876 0.99143994 0.98877156 0.9904698 0.9915243 0.9889778 0.9880899 0.9959022 0.99415255 0.99112236 0.99149936 0.99153996 0.9910254 0.9881232 0.9951029 0.99447674 0.9947621 0.9952866 0.99088013 0.991404 0.9884342 0.9918202 0.99052596 0.99266905 0.9938761 0.99579775 0.99563026 0.9961275 0.99443483 0.9937398 0.9942755 0.99265045 0.9958373 0.9950074 0.99408996 0.9942607 0.9935393 0.991382 0.99217653 0.99341196 0.99242544 0.9916308 0.9928196 0.9908697 0.991927 0.9918209 0.9908782 0.99182075 0.99218434 0.9894204 0.9880995 0.99038434 0.993696 0.99298877 0.9936099 0.99380684 0.9941988 0.99388295 0.9928134 0.9861042 0.99008995 0.99779373 0.9989266 0.99881554 1.0000004 0.9966166 0.9964612 0.9979658 0.9973841 0.9900078 0.9811094 0.98996466 0.9921391 0.9986441 0.9991455 0.99326503 0.99369204 0.9912439 0.99406224 0.9949569 0.9940066 0.9935085 0.9913924 0.9949835 0.9946568 0.9960996 0.995218 0.9916114 0.9938206 0.9941271 0.99345016 0.99328595 0.99526036 0.99573857 0.9954541 0.9939645 0.99272513 0.9952197 0.99377817 0.99601656 0.99458694 0.9952816 0.99498457 0.99492866 0.9943065 0.9948161 0.9944124 0.9949454 0.99518347 0.9941443 0.9929578 0.9957693 0.9941807 0.9935824 0.991063 0.9940999 0.99373007 0.9903481 0.99405724 0.9961052 0.99454075 0.996227 0.9943242 0.9956205 0.9947859 0.99551797 0.9957626 0.994887 0.9931318 0.99055654 0.9875636 0.9889288 0.98766017 0.9871392 0.9873074 0.9874495 0.9930938 0.9930843 0.99546653 0.99479276 0.99379474 0.9945576 0.9948508 0.9946067 0.9964163 0.995531 0.9948306 0.995434 0.99437755 0.995433 0.994048 0.9949292 0.992546 0.99150497 0.9924661 0.9938275 0.9944522 0.99334246 0.9933644 0.9908264 0.9884435 0.9875048 0.9926719 0.9891397 0.9896509 0.99506867 0.99369854 0.99387944 0.99485767 0.99306816 0.9941416 0.99164647 0.9871093 0.9956267 0.9943936 0.9948114 0.99159276 0.9914483 0.9905937 0.9887674 0.9926523 0.993534 0.99407816 0.99202657 0.9917031 0.99096745 0.99002767 0.98287797 0.9948968 0.9951336 0.99397707 0.9941418 0.99446213 0.9941611 0.9928762 0.99322647 0.9939541 0.99450415 0.9939934 0.9942929 0.99510455 0.9904244 0.99472517 0.99440795 0.9946091 0.9912955 0.99179995 0.98589945 0.9938274 0.9858603 0.98699355 0.99348724 0.98913944 0.98360145 0.9845608 0.98680645 0.99483424 0.9865045 0.9934974 0.9889419 0.9941607 0.99448305 0.9903202 0.9906164 0.98948485 0.98856723 0.99230564 0.9913462 0.9946991 0.9957485 0.99382585 0.9942292 0.9929045 0.99475896 0.99410945 0.99309057 0.9934754 0.9935179 0.9916393 0.99131286 0.9927314 0.9917433 0.99248725 0.9914031 0.99007905 0.993454 0.9941622 0.9936954 0.99591684 0.9941968 0.99430186 0.9944405 0.9948919 0.99226743 0.991352 0.99135876 0.9928905 0.99469954 0.9953285 0.9949906 0.99548894 0.99316037 0.9928278 0.9937009 0.99451923 0.9913914 0.99432313 0.99278873 0.9940663 0.9936385 0.99374187 0.99219126 0.99459374 0.9945857 0.9933751 0.99201727 0.9937998 0.9945174 0.99385124 0.9938248 0.9917268 0.9923275 0.9933824 0.99340737 0.9921674 0.99291736 0.9942401 0.99378914 0.99441504 0.9943381 0.99387765 0.99507135 0.99449635 0.99589604 0.99510336 0.9954719 0.9945484 0.9951938 0.99467695 0.99480146 0.9946612 0.99501836 0.99464226 0.9937512 0.99391603 0.9940069 0.9940466 0.9955575 0.99582267 0.9959631 0.99397445 0.99526906 0.99610215 0.9950582 0.99351555 0.9969982 0.99581987 0.993487 0.99531823 0.99645394 0.9944305 0.99543726 0.9970012 0.99566865 0.9920701 0.9912111 0.9877589 0.99027073 0.98871166 0.98917484 0.9885983 0.98685884 0.9929279 0.9934224 0.9946286 0.99486923 0.99477893 0.9956098 0.99509275 0.9957436 0.9947126 0.9939284 0.9939489 0.9939151 0.99386585 0.99392724 0.9932503 0.9935071 0.99252003 0.98573685 0.98356736 0.9791987 0.9860656 0.9881945 0.9874789 0.9872669 0.9852489 0.990607 0.9864055 0.98244005 0.98699385 0.98472255 0.9854913 0.9860074 0.9819322 0.9801923 0.9834093 0.98431975 0.9879709 0.9898172 0.98730755 0.9871429
MiodragovicxJovan_SRP19102JovanMRadisa-L2_13 0.9931959 0.99412954 0.99553865 0.9938178 0.993641 0.9934727 0.99278426 0.9929958 0.9907422 0.9908773 0.99232435 0.99281716 0.99155754 0.9916502 0.99261665 0.9911056 0.99157274 0.9922723 0.9925447 0.9922922 0.9896553 0.991729 0.9895139 0.9893658 0.9901881 0.9892508 0.99074644 0.9878467 0.9897485 0.9891033 0.9900558 0.98972255 0.9897708 0.98480797 0.98320955 0.9897834 0.988921 0.9886996 0.99273944 0.9932185 0.99309033 0.99280137 0.9938183 0.9925253 0.9910808 0.99129146 0.99302423 0.9946339 0.993178 0.99502575 0.99571407 0.9963198 0.9975499 0.9968196 0.99682266 0.9930789 0.9923699 0.98654354 0.9900689 0.9938881 0.9948381 0.99046165 0.9927058 0.9926121 0.98852503 0.98934686 0.99565536 0.99456763 0.99507695 0.99402535 0.9946722 0.99100214 0.9934805 0.99427813 0.99469626 0.9941969 0.99092436 0.9923558 0.9958112 0.99356806 0.9927214 0.9945922 0.99438685 0.99405175 0.99247646 0.9942955 0.99356693 0.9952212 0.9944368 0.996161 0.9963126 0.9927132 0.9943307 0.9933309 0.9934673 0.9957474 0.99501944 0.99534583 0.9945846 0.99538106 0.9930706 0.993569 0.9936112 0.99340504 0.9927643 0.9951703 0.9941544 0.99407417 0.99488014 0.99502736 0.99433005 0.9946626 0.9955181 0.9954822 0.9953929 0.9947257 0.99425983 0.9925888 0.9922119 0.99261355 0.9932195 0.9922627 0.993166 0.9911743 0.992513 0.9924488 0.9940468 0.9910965 0.99086195 0.9920765 0.9921326 0.9918096 0.99312574 0.9939193 0.99308574 0.99054205 0.992223 0.9937554 0.99309605 0.99419355 0.9934732 0.99142486 0.99291897 0.9953234 0.9929855 0.99346745 0.9956309 0.99353415 0.9961366 0.99498385 0.9907088 0.99043405 0.99175406 0.98817176 0.99459153 0.99372196 0.9935785 0.9939544 0.9945535 0.9938171 0.99512017 0.992462 0.9936836 0.9932572 0.993582 0.99432045 0.99432373 0.99447167 0.99604493 0.99516016 0.99546856 0.9925938 0.99249685 0.9931163 0.99114454 0.9927934 0.99363023 0.9923833 0.9905757 0.99512756 0.9941354 0.99257517 0.9930141 0.9929838 0.99116015 0.98934096 0.9943422 0.99546504 0.99559444 0.9969266 0.9919907 0.9911995 0.990453 0.99275124 0.9923069 0.99224806 0.9925932 0.99463767 0.9948542 0.99685764 0.9966449 0.99563986 0.99596846 0.9952922 0.9955893 0.9963508 0.99666613 0.9955781 0.9961169 0.9947461 0.9955218 0.9958255 0.992352 0.9908487 0.993321 0.9920426 0.99197704 0.99277467 0.99211574 0.9922025 0.9931522 0.99321866 0.9920727 0.9932259 0.9953872 0.99533474 0.9960145 0.9946407 0.99568737 0.99457395 0.99441475 0.9809388 0.9862451 0.99634045 0.99750656 0.99511826 0.9966166 1.0000001 0.9920043 0.9972629 0.9969806 0.99206644 0.9840184 0.9911676 0.99295163 0.99677473 0.9973171 0.9927633 0.9921463 0.9878287 0.99470925 0.9951426 0.9945576 0.99370813 0.9889573 0.9941141 0.9932165 0.99615234 0.9939013 0.990243 0.99226296 0.9935676 0.9947482 0.99211115 0.99480754 0.9952456 0.99600273 0.99498194 0.9941037 0.9962546 0.99524426 0.9964748 0.9941051 0.9959984 0.9947739 0.99551135 0.9925022 0.99266076 0.9924977 0.9935644 0.9942746 0.99352 0.9906834 0.99586886 0.9933358 0.9938486 0.99186134 0.99204004 0.99235696 0.99083364 0.99207 0.9945366 0.99348336 0.9958848 0.99379265 0.99601686 0.99632263 0.99441844 0.9961215 0.9957312 0.9950117 0.9916386 0.9893841 0.9900882 0.98971987 0.9890489 0.989163 0.9894598 0.99041545 0.9915809 0.994115 0.99213886 0.9924017 0.9928473 0.9925978 0.9934106 0.994694 0.9949078 0.99274474 0.99393606 0.99523777 0.9952691 0.99530715 0.9943619 0.99298805 0.9925549 0.99333143 0.99354523 0.99412525 0.9929144 0.99267197 0.9914464 0.98940074 0.9890925 0.99485785 0.99155545 0.991796 0.99393386 0.9940363 0.99405956 0.99528575 0.99445784 0.9943131 0.9933386 0.9888899 0.9950955 0.9952861 0.99522465 0.9910547 0.99298626 0.99142015 0.98974425 0.99135107 0.9937962 0.99429816 0.99356204 0.9919853 0.99189115 0.9912927 0.9879689 0.9930558 0.99240804 0.99250984 0.9921118 0.99256384 0.99157035 0.99111533 0.99185973 0.99220574 0.99328554 0.99369544 0.9933293 0.9952156 0.9926244 0.99369687 0.9940048 0.99385726 0.99264264 0.9919159 0.9890568 0.9936204 0.98902434 0.98986757 0.99412274 0.9920616 0.9870162 0.9886569 0.98977345 0.99382716 0.9884907 0.99323535 0.9905554 0.99394053 0.99457294 0.9918988 0.9917248 0.9910983 0.99064904 0.9928102 0.99179596 0.9914437 0.9919966 0.98945844 0.99003184 0.9904489 0.99065846 0.99043345 0.99087054 0.9908848 0.99448913 0.9950154 0.9949111 0.99332076 0.9934681 0.9949117 0.9934181 0.9939576 0.99612004 0.995744 0.9950538 0.9961959 0.99489236 0.99362504 0.99428594 0.9952084 0.99354565 0.9925797 0.9923116 0.99477935 0.9960519 0.99625033 0.9962706 0.9963558 0.99459547 0.9937851 0.99503994 0.99490255 0.99304694 0.99299335 0.99073076 0.9936569 0.9941219 0.9945564 0.99384654 0.9936237 0.9940596 0.9909898 0.990136 0.9922811 0.9921595 0.9929952 0.99207914 0.98959345 0.99086136 0.99069476 0.9937907 0.993346 0.99289703 0.99387705 0.99344575 0.9921463 0.9934512 0.9961402 0.9958291 0.9940971 0.996601 0.9950535 0.9952563 0.9945912 0.99440926 0.9944564 0.9962629 0.9951788 0.9962867 0.99407345 0.99442893 0.9960229 0.99463296 0.99508274 0.99529374 0.9965833 0.99601406 0.9948899 0.99681985 0.9968168 0.99563825 0.99202925 0.99509215 0.9959514 0.99429166 0.99561065 0.99718213 0.9963677 0.99558866 0.99777377 0.99570864 0.99251914 0.9913361 0.98958087 0.9908942 0.9907758 0.9912651 0.9896206 0.9880662 0.99070746 0.9903155 0.99274105 0.99426806 0.99450517 0.9943703 0.993203 0.99559855 0.9942658 0.99052006 0.9914648 0.99120754 0.99242854 0.9929394 0.99209726 0.9934669 0.9936251 0.9901416 0.98709154 0.9841169 0.98766196 0.9899105 0.9895855 0.9888981 0.9883746 0.99283105 0.9891809 0.98605216 0.99012804 0.98812145 0.9883815 0.9893515 0.9867265 0.984709 0.98747367 0.9879256 0.99071383 0.98985404 0.988265 0.98827934
MiodragovicxJovan_SRP19102JovanMRadisa-L2_14 0.9864676 0.9911964 0.9890699 0.9821652 0.9836728 0.99241215 0.9902349 0.9899546 0.9880807 0.98573387 0.9868038 0.9901696 0.9841605 0.98416495 0.9884203 0.9838138 0.984548 0.98654836 0.98924196 0.9874312 0.9822035 0.98363334 0.99032223 0.98676324 0.98638946 0.9815467 0.9852783 0.9783263 0.9840044 0.98079294 0.98097104 0.9860357 0.9818326 0.9759687 0.9716977 0.987897 0.9869353 0.9819976 0.99042207 0.98815316 0.9869876 0.9852339 0.9895601 0.9828143 0.9880365 0.98962957 0.9865148 0.98779684 0.9882568 0.9872079 0.9920707 0.99255496 0.990506 0.98996025 0.9902561 0.987917 0.9883317 0.98262 0.98288834 0.9875834 0.9880599 0.9843179 0.99068594 0.9901685 0.98761946 0.9883096 0.9903966 0.9929962 0.9902025 0.99257946 0.99308896 0.9935416 0.9916913 0.9899692 0.9916833 0.9884575 0.9922929 0.9927777 0.9919296 0.99073905 0.9911838 0.9874628 0.9890005 0.986946 0.98309374 0.9872507 0.9841969 0.98734784 0.9869333 0.9886291 0.99039674 0.98290396 0.9912234 0.9894632 0.9901194 0.9901762 0.98945314 0.98910123 0.99069166 0.9883711 0.9891423 0.98810065 0.9876913 0.9878341 0.98339736 0.9925205 0.9840001 0.9858547 0.98989284 0.988304 0.98828745 0.9857771 0.9877684 0.98805124 0.98934114 0.9847077 0.99346954 0.99236596 0.9924387 0.9915265 0.99224067 0.9910634 0.9912326 0.989844 0.9895382 0.99173343 0.9878404 0.99114025 0.99284965 0.99186045 0.98970413 0.99061245 0.9893841 0.98993856 0.9915061 0.98099303 0.9859141 0.9876445 0.98681223 0.98627955 0.9835555 0.97993064 0.98330104 0.99455106 0.99299824 0.99087995 0.99495703 0.99519026 0.99399453 0.99337983 0.9925181 0.9934541 0.9922189 0.99119645 0.9911541 0.98989564 0.9875965 0.98430943 0.98380625 0.9872066 0.98627794 0.9850819 0.9842414 0.98570997 0.98621863 0.98391473 0.985123 0.98827 0.9889675 0.98947823 0.9878938 0.98169345 0.9850681 0.98377323 0.98022324 0.9812505 0.98801947 0.98302996 0.9811975 0.9920039 0.9890151 0.98426837 0.9845163 0.98350155 0.98346186 0.98010314 0.9910957 0.9889833 0.98941284 0.98973906 0.9858678 0.98779255 0.9813005 0.98705006 0.9836222 0.9880485 0.9907002 0.9940472 0.99355394 0.9917989 0.9902851 0.98867434 0.98938185 0.9862697 0.99240273 0.99066293 0.9883571 0.9885533 0.99025214 0.98912376 0.9879298 0.98704714 0.987316 0.98900753 0.98882914 0.98356193 0.9881146 0.98477405 0.98427093 0.98852414 0.98750377 0.98235536 0.98093027 0.98336464 0.98835635 0.9886257 0.98738366 0.98984843 0.9895817 0.9916835 0.9869682 0.9876032 0.9887507 0.9933244 0.9956065 0.9981913 0.9964612 0.9920043 0.9999995 0.99529004 0.9923627 0.9823239 0.97413516 0.98378074 0.9871592 0.99668086 0.9956835 0.9924387 0.99322945 0.9934732 0.9905395 0.9901444 0.99004465 0.9929108 0.9944797 0.9944895 0.9944888 0.99353397 0.9951242 0.9920941 0.99416167 0.9943339 0.9919176 0.9952856 0.99451977 0.99328864 0.99303913 0.99230343 0.9915498 0.99030644 0.98909885 0.9911269 0.99140805 0.9896249 0.99297905 0.99273276 0.9934952 0.99226826 0.9886254 0.9904584 0.99015677 0.99397016 0.9935564 0.9913036 0.98949516 0.99307764 0.9918793 0.9945124 0.9939094 0.9898414 0.9934597 0.99426705 0.99285495 0.99242795 0.9948982 0.9943069 0.99218297 0.9933074 0.9940238 0.99406135 0.9923894 0.98716897 0.9822618 0.98551935 0.98241985 0.9813474 0.98142666 0.983276 0.9896675 0.9875548 0.99169445 0.993199 0.99015814 0.9912069 0.99277765 0.991041 0.99578786 0.9919858 0.9925261 0.9923862 0.98970944 0.9909794 0.98957664 0.98796785 0.9841554 0.981786 0.98382866 0.9884232 0.98922735 0.9883827 0.9885455 0.98227227 0.9782748 0.9772097 0.9852173 0.9810518 0.9813404 0.99261636 0.9883092 0.9882872 0.9888989 0.9862854 0.98844993 0.98350567 0.9788155 0.99115103 0.9876805 0.9887899 0.98603904 0.98384464 0.98310715 0.98041165 0.9882808 0.98819023 0.99029243 0.9866706 0.98807806 0.9857008 0.9848763 0.9725098 0.990696 0.9927585 0.9883119 0.98894143 0.9901613 0.9908247 0.9925897 0.9912061 0.9915336 0.9920721 0.9904718 0.99018145 0.9907387 0.98364985 0.9912662 0.99059296 0.9907178 0.9848014 0.9854709 0.9771242 0.9898609 0.9771316 0.97922635 0.98827684 0.98074985 0.9739156 0.9757052 0.9782392 0.99265444 0.9783069 0.98923045 0.9818366 0.99029183 0.9900321 0.9826491 0.9841354 0.98277706 0.9816145 0.98576665 0.98359394 0.99100137 0.99514115 0.99203235 0.99244857 0.9886946 0.99271715 0.9918594 0.9894224 0.9898755 0.9887986 0.9865887 0.9864734 0.98870313 0.9860626 0.98978394 0.98938334 0.98637104 0.98942196 0.99033654 0.9887661 0.9928675 0.98946434 0.9923842 0.99288994 0.99159926 0.9920963 0.9919112 0.9920023 0.9862238 0.99117655 0.991502 0.9911932 0.9913459 0.99076235 0.99009115 0.990182 0.9902427 0.984522 0.9937938 0.9911739 0.9906679 0.9897081 0.99049306 0.9877005 0.99195135 0.9904686 0.99099916 0.9874081 0.9906008 0.99098366 0.98914367 0.99218214 0.989414 0.9890398 0.99324983 0.9893907 0.98782945 0.99021524 0.9911681 0.9914516 0.9936252 0.99119955 0.9904621 0.9920104 0.99153125 0.9930475 0.99318224 0.99569297 0.99163043 0.9937569 0.9908712 0.99105835 0.9945586 0.992101 0.9898052 0.98981434 0.98981893 0.99067277 0.9894099 0.99334896 0.9923233 0.99207026 0.9934467 0.991091 0.99055326 0.99173814 0.9925843 0.99211025 0.9895569 0.9856353 0.98988277 0.9908631 0.98831457 0.9891491 0.9911175 0.9892494 0.9843354 0.9840804 0.9800838 0.9829697 0.97993076 0.9809707 0.9805652 0.97880614 0.9941435 0.99324954 0.99362904 0.9919781 0.98925126 0.99245995 0.9934241 0.9920187 0.9913552 0.9952879 0.9949645 0.995263 0.9934178 0.9918345 0.9916576 0.99143255 0.9864452 0.9772322 0.97481966 0.96965545 0.9784727 0.9815961 0.9794972 0.98011166 0.97641706 0.98342264 0.9779849 0.9723513 0.9788822 0.97467786 0.97656757 0.97707236 0.97044927 0.969317 0.9729474 0.97500753 0.97971714 0.98876727 0.98465264 0.9848512
MiodragovicxJovan_SRP19102JovanMRadisa-L2_2 0.99274963 0.99447525 0.99470764 0.9911548 0.9910577 0.99308556 0.9920232 0.99259704 0.98952764 0.9889905 0.98988163 0.9916672 0.9883039 0.9881041 0.99089044 0.9887025 0.9893902 0.9910337 0.99156857 0.9897766 0.98587203 0.98817724 0.99046326 0.98902243 0.9896573 0.9870911 0.9891039 0.98482835 0.98751575 0.985397 0.98650926 0.98775584 0.9860426 0.982082 0.9794778 0.98999786 0.98988414 0.9874114 0.9928816 0.99227935 0.99134636 0.9903702 0.9930056 0.99014926 0.9918587 0.99224687 0.99112844 0.9926602 0.99147934 0.9922582 0.99365246 0.9938023 0.9938597 0.99490035 0.9937315 0.9928507 0.99302083 0.9875269 0.98979956 0.9915522 0.9925393 0.9898099 0.9925777 0.9925787 0.98960865 0.9905319 0.9932678 0.9928125 0.9920277 0.9937634 0.9941485 0.99202275 0.9916583 0.9912691 0.99220246 0.99109185 0.9905068 0.991612 0.9942909 0.9918567 0.990884 0.9926335 0.9933858 0.99180543 0.99020106 0.99173653 0.98999566 0.9926856 0.9913577 0.9946922 0.9947903 0.9886384 0.99185497 0.99005103 0.99065715 0.9922662 0.9915957 0.99177885 0.99155754 0.99156654 0.9897321 0.98987997 0.9893755 0.9894597 0.987788 0.99426854 0.99015766 0.9904984 0.9920987 0.9917902 0.9914311 0.99120563 0.9924335 0.9924259 0.9926952 0.99091846 0.9928642 0.9913324 0.9907798 0.9912749 0.99142873 0.9897909 0.99082613 0.989174 0.99048114 0.991483 0.9905865 0.9904375 0.99163914 0.99173075 0.9913162 0.99118805 0.99151903 0.9923173 0.99199075 0.9875769 0.9910171 0.99264306 0.99179476 0.99362254 0.9917259 0.98952353 0.99146014 0.9955545 0.9921125 0.9911101 0.9952435 0.9936341 0.9951538 0.99351704 0.9930534 0.9915893 0.99118435 0.989184 0.99265987 0.9918165 0.9912639 0.99070203 0.9908 0.9905039 0.9921378 0.9882185 0.9900082 0.9893992 0.9902907 0.98985636 0.9911003 0.9911125 0.9926077 0.99198073 0.99179816 0.987713 0.9883845 0.9894348 0.9869759 0.9884648 0.9905788 0.9882545 0.98677015 0.99414855 0.99171937 0.98934346 0.99008155 0.9892155 0.98756313 0.98455024 0.9929245 0.99286133 0.99277085 0.9951046 0.98927766 0.98835516 0.98594147 0.9894084 0.9883689 0.9899759 0.990851 0.9943713 0.9946942 0.9952275 0.9948734 0.99214715 0.9934566 0.992396 0.9952653 0.9947643 0.9946937 0.99256307 0.9950256 0.99399775 0.9942409 0.99261284 0.9909878 0.990182 0.99145824 0.9895198 0.99080974 0.9911277 0.98926044 0.9911863 0.991814 0.9895086 0.9883863 0.99002415 0.9929128 0.992917 0.992831 0.99258816 0.99369824 0.9930234 0.9919744 0.98570526 0.99002385 0.9960149 0.9978868 0.9979328 0.9979658 0.9972629 0.99529004 1.0000006 0.995769 0.98889625 0.979364 0.98897934 0.9911464 0.99835485 0.9976276 0.99381024 0.9923505 0.9899434 0.99441963 0.99460596 0.99432963 0.9936618 0.98994875 0.9937131 0.9928477 0.9959284 0.9939322 0.9888004 0.9919956 0.99251705 0.9920212 0.99144757 0.99378926 0.9933381 0.9935092 0.99226964 0.99136287 0.9935199 0.991773 0.9947501 0.9928624 0.99377877 0.99335456 0.9932085 0.9936583 0.9932761 0.99257606 0.9929087 0.99378455 0.99382365 0.9921851 0.99388945 0.9939949 0.9932645 0.9902525 0.99260056 0.9923126 0.9888558 0.99339944 0.9940721 0.9937556 0.99516535 0.99376625 0.9952737 0.9950491 0.9940599 0.9949986 0.9942161 0.9928298 0.98875386 0.98428506 0.9863275 0.98517865 0.9847544 0.9843938 0.9845058 0.99156696 0.99187726 0.9942818 0.99157333 0.9902739 0.9919397 0.9929843 0.99219775 0.99481046 0.99321914 0.9930305 0.99385583 0.99318856 0.9940891 0.9929054 0.99293786 0.991098 0.9900254 0.9917547 0.9917819 0.9916903 0.9908455 0.9907985 0.9912303 0.98866093 0.9886319 0.9918112 0.98729503 0.9881935 0.9934107 0.9918313 0.99169016 0.99296725 0.99180305 0.99320227 0.9904088 0.98706925 0.99432856 0.99391335 0.99393326 0.9912228 0.9908864 0.99078315 0.9891628 0.9918321 0.99356365 0.99358666 0.9922368 0.9922855 0.99154365 0.9910084 0.9821362 0.9918221 0.9920833 0.99071324 0.99055755 0.99137086 0.9923083 0.9918124 0.9923244 0.9919017 0.99303305 0.9936332 0.99356955 0.99372005 0.98900306 0.99265814 0.9927361 0.99227965 0.98982424 0.9902369 0.9842936 0.9925813 0.9845712 0.9854658 0.99165803 0.9880555 0.98164463 0.9839183 0.9850214 0.9937507 0.9855727 0.99229175 0.9877778 0.9932074 0.9934643 0.9876688 0.9871016 0.9860654 0.9853105 0.9895478 0.99035925 0.99305516 0.9938771 0.991994 0.9917392 0.9916586 0.9919622 0.99256104 0.9919605 0.9923055 0.99190855 0.9906974 0.9910519 0.99193 0.98939675 0.9913353 0.99019957 0.9890552 0.99216825 0.99262714 0.9911141 0.99425095 0.99177134 0.9922341 0.99248713 0.9928143 0.992451 0.99038064 0.98967415 0.9907898 0.9928213 0.9935938 0.9931181 0.9939622 0.99147916 0.99086833 0.99189484 0.9938016 0.9897575 0.9931494 0.9905815 0.99222434 0.99226344 0.9924243 0.99098706 0.9922512 0.99199104 0.99015325 0.9887495 0.99134547 0.9918995 0.9913609 0.9915721 0.98822373 0.9891546 0.99097735 0.9908691 0.98931843 0.9899815 0.99148387 0.99181604 0.9926579 0.9912716 0.99311984 0.9947203 0.99298143 0.99472666 0.994382 0.9946388 0.9932218 0.993062 0.9929899 0.99456304 0.9948758 0.993778 0.9925022 0.99167746 0.9931839 0.99280435 0.9922869 0.9942199 0.99508303 0.9951393 0.9930588 0.9938824 0.99518585 0.99299777 0.99142444 0.9942786 0.9940893 0.99068195 0.99309653 0.9947821 0.99353963 0.9933001 0.995959 0.9937782 0.99068743 0.9898063 0.987766 0.9893402 0.98725843 0.9884007 0.9875752 0.9864843 0.99117625 0.99116766 0.9929941 0.9935037 0.9925922 0.99355483 0.9936558 0.99477583 0.99344903 0.9915833 0.99247694 0.9921718 0.99218994 0.9918177 0.99062175 0.991906 0.99054 0.98409396 0.98160774 0.9769022 0.98349476 0.9857183 0.9851627 0.98456603 0.98292285 0.98916215 0.98431253 0.98065233 0.984839 0.98336774 0.98355037 0.9836215 0.97992325 0.9777574 0.98125947 0.9819544 0.9860225 0.98956156 0.988566 0.9876108
MiodragovicxJovan_SRP19102JovanMRadisa-L2_3 0.99389476 0.9951991 0.995744 0.9945776 0.9952274 0.99180126 0.9898483 0.9870549 0.9942511 0.9946279 0.99529606 0.9952532 0.99458987 0.9951179 0.9955574 0.9944086 0.9938229 0.99425244 0.99472266 0.9956192 0.99407077 0.99494845 0.9925232 0.9922246 0.99319756 0.9927109 0.9935599 0.991179 0.9932775 0.9927623 0.99275565 0.9932134 0.9929084 0.9903844 0.988224 0.9927336 0.9918987 0.99171144 0.9952906 0.9947877 0.9954343 0.99621147 0.9953972 0.9949025 0.99273753 0.9937062 0.99569356 0.997033 0.9964329 0.9974277 0.9976174 0.9975094 0.9972272 0.9951206 0.9938584 0.99410397 0.992809 0.9866292 0.9904742 0.99509174 0.9950636 0.99151397 0.9949234 0.9942462 0.98871386 0.98962295 0.99618816 0.9952651 0.9951319 0.99530613 0.9955933 0.9917539 0.99272835 0.99583024 0.9953039 0.99614006 0.9927005 0.99316245 0.995671 0.9955074 0.9927044 0.99398947 0.9938046 0.99558616 0.99370635 0.9952443 0.9951094 0.9955511 0.99611396 0.9950618 0.99658704 0.99553347 0.99354017 0.9931262 0.9937428 0.99459237 0.99251217 0.9942627 0.9932698 0.9941252 0.99187076 0.99365926 0.9942665 0.99559903 0.99528384 0.9965428 0.9961717 0.99662304 0.99697006 0.996587 0.99654824 0.9957457 0.99650884 0.99683595 0.99586856 0.9957267 0.9958067 0.9945572 0.9937961 0.9938482 0.9943683 0.9929002 0.9953931 0.9946573 0.9948248 0.9942523 0.9958447 0.9935314 0.99159724 0.99342215 0.9937808 0.99339056 0.9951634 0.9956629 0.99459875 0.9933395 0.9934243 0.99431187 0.9949171 0.993402 0.993911 0.9905613 0.9926656 0.99647814 0.99614406 0.99629503 0.99479866 0.9932903 0.995356 0.99552023 0.99027914 0.98917526 0.98884094 0.98504007 0.9969513 0.9963571 0.99628794 0.9949584 0.99487287 0.99376965 0.9956393 0.9930753 0.9935822 0.9926872 0.9941144 0.9957346 0.9954316 0.99691135 0.995708 0.9966362 0.99653345 0.9946825 0.9960824 0.99608946 0.9943605 0.99528843 0.99545574 0.9946936 0.99386847 0.9978592 0.9977325 0.99649304 0.9961944 0.9955942 0.99531126 0.9933064 0.99702084 0.99682957 0.997313 0.99698395 0.99585485 0.9957137 0.9950077 0.9963395 0.99595 0.99580795 0.9958463 0.9952407 0.9937545 0.9968775 0.9943512 0.99539965 0.9956671 0.9934913 0.99468386 0.99449277 0.9944001 0.9953864 0.9931895 0.99049747 0.9918003 0.99521136 0.99593616 0.9942428 0.99615055 0.99603623 0.99546766 0.99586195 0.9959383 0.994664 0.99500704 0.99374026 0.99263877 0.9949964 0.99708027 0.99579316 0.9974376 0.99621254 0.9962159 0.99502033 0.9960066 0.98311496 0.9876189 0.9985459 0.99769974 0.9950167 0.9973841 0.9969806 0.9923627 0.995769 0.99999964 0.9956132 0.98904294 0.9948503 0.99605834 0.99671686 0.9980879 0.9922729 0.9928179 0.98684114 0.9937265 0.99521977 0.9935848 0.9915896 0.988943 0.9935047 0.994542 0.9956389 0.9936537 0.99099797 0.99313694 0.99309224 0.9933974 0.991642 0.9939281 0.99590826 0.99590623 0.99406534 0.9914143 0.9972304 0.9966334 0.9970707 0.99568206 0.99713707 0.9943874 0.99596703 0.9929963 0.9948239 0.9943444 0.99599576 0.9956214 0.9932623 0.99132967 0.9971012 0.9947049 0.99265003 0.9895545 0.99259466 0.9932453 0.99098784 0.9932697 0.99555355 0.99425983 0.9967348 0.9924778 0.9944901 0.9939506 0.99502164 0.99554324 0.9935185 0.99205846 0.99427724 0.9932736 0.9937083 0.993377 0.9931796 0.9931815 0.9928514 0.9928738 0.99302053 0.9941677 0.994902 0.9959675 0.9950316 0.9936047 0.9956645 0.99470073 0.9954316 0.9959453 0.99648935 0.997568 0.9974722 0.9970621 0.9970373 0.9956948 0.99479735 0.995316 0.9958438 0.9968507 0.99597985 0.99585617 0.99179965 0.9907919 0.98944104 0.99608046 0.9943174 0.99340343 0.9957797 0.9964863 0.99645597 0.9967113 0.9965424 0.9961501 0.99550796 0.99114615 0.9969194 0.99610895 0.996263 0.99288434 0.99433905 0.99211216 0.99132556 0.99404734 0.9949005 0.99509317 0.9942419 0.99232626 0.9920933 0.9917798 0.99067914 0.99504983 0.99411154 0.9952215 0.9940264 0.99426496 0.9927866 0.9915236 0.99188375 0.99336714 0.99414647 0.9941559 0.9946146 0.99725103 0.9950992 0.9960684 0.99657947 0.9967035 0.9952711 0.99543 0.9923228 0.99585307 0.9923898 0.9934982 0.9973049 0.99501556 0.99162316 0.9918275 0.99371374 0.99587274 0.9920683 0.99545693 0.99393153 0.996058 0.99557334 0.99506843 0.99521154 0.99430615 0.9943353 0.9962226 0.9950772 0.9929089 0.9926206 0.9913365 0.9926978 0.9924395 0.9931084 0.99297166 0.99306846 0.99255353 0.9965434 0.9948353 0.99428093 0.9942703 0.9956216 0.9946364 0.99333805 0.9934775 0.9960133 0.99588776 0.9957382 0.99701446 0.9960936 0.9927298 0.9941019 0.9950323 0.9904104 0.98992324 0.9896108 0.99644446 0.9959731 0.99620456 0.9971049 0.9972224 0.9946832 0.99434817 0.9948219 0.9959855 0.9951971 0.99364424 0.9930449 0.99469495 0.99476165 0.99420816 0.9945567 0.99468154 0.99378264 0.9941978 0.99404204 0.9957133 0.9946515 0.995523 0.9940938 0.993204 0.994692 0.99254966 0.9963048 0.99505293 0.99429625 0.9951118 0.99411595 0.9931313 0.9952138 0.99611175 0.995509 0.99507475 0.9962132 0.9953556 0.99323344 0.99591535 0.9952479 0.995923 0.99630713 0.99428076 0.99708015 0.99697965 0.9967343 0.9959015 0.99577725 0.9969565 0.99588156 0.9963342 0.99602455 0.99254096 0.99481463 0.9966945 0.99494386 0.9926556 0.99668914 0.99739885 0.99680907 0.99737394 0.9981378 0.99746394 0.99741334 0.9978937 0.9972578 0.9948993 0.99352217 0.9905977 0.99248564 0.9935167 0.99269426 0.991325 0.98917794 0.99080426 0.99164605 0.99373513 0.9955248 0.9960723 0.9958029 0.9942095 0.9958355 0.99507517 0.9922781 0.99166137 0.9923707 0.9928026 0.994372 0.99482995 0.99433094 0.99651104 0.9930155 0.9913458 0.988313 0.99312246 0.99419767 0.993545 0.99344724 0.99223745 0.995622 0.9930638 0.9901704 0.9935513 0.99142134 0.99264455 0.99322647 0.98971176 0.9888864 0.99103516 0.9920033 0.99401236 0.98910767 0.9869886 0.98842657
MiodragovicxJovan_SRP19102JovanMRadisa-L2_4 0.9869138 0.98785603 0.9902523 0.99121064 0.9911854 0.9832025 0.98119545 0.97769207 0.99064374 0.9909952 0.99210787 0.9899622 0.9922044 0.9932239 0.98994434 0.990659 0.9886627 0.9881127 0.9878835 0.9917095 0.9923183 0.9924468 0.9861566 0.9875449 0.9890845 0.9920542 0.9904811 0.99205923 0.989292 0.99096906 0.9907445 0.9890321 0.9905466 0.9877472 0.98649883 0.98520917 0.984441 0.98656535 0.989593 0.9899335 0.99166167 0.9936933 0.98980063 0.9926945 0.9855329 0.9868757 0.9918931 0.9936449 0.99304426 0.9945223 0.99308646 0.99293536 0.9936372 0.98991597 0.98907864 0.9877545 0.98535275 0.97773635 0.9831832 0.989011 0.98870665 0.9849705 0.98842335 0.9872066 0.97887325 0.9800789 0.99092066 0.98897207 0.9902355 0.9895805 0.988299 0.98363686 0.9858006 0.9910616 0.9893566 0.99213064 0.98444146 0.9849479 0.98955166 0.9904918 0.9851242 0.9885196 0.9873567 0.9944229 0.9921163 0.99333215 0.9943651 0.9933203 0.9940024 0.99147207 0.99295485 0.99340564 0.98592126 0.98597217 0.98706067 0.9884721 0.98651934 0.98973995 0.9870105 0.98959255 0.9844578 0.98676175 0.9883108 0.9926615 0.99377203 0.9903184 0.9945024 0.9946026 0.9923221 0.9936095 0.9936534 0.9933642 0.9935428 0.9929241 0.99179167 0.99397516 0.98955095 0.98882526 0.9870674 0.9876673 0.9883311 0.98775977 0.98880035 0.98901343 0.9898641 0.98752856 0.9916199 0.98682106 0.98233694 0.9854692 0.98682344 0.9860908 0.9899862 0.99029374 0.9878949 0.9890299 0.9870071 0.9873197 0.9890813 0.9906198 0.9924801 0.9897325 0.990652 0.9915799 0.9919274 0.99235725 0.98709315 0.98488736 0.98885024 0.98926073 0.97987026 0.97883934 0.9784295 0.973896 0.9913618 0.9917967 0.9931304 0.9922826 0.9922813 0.9934034 0.99502134 0.9933277 0.994411 0.9921843 0.99351466 0.99546474 0.99376726 0.99429774 0.99215555 0.9937814 0.99441046 0.9963999 0.99522454 0.99652314 0.99660176 0.9958006 0.990885 0.991716 0.99069524 0.99285257 0.99439 0.99494886 0.994743 0.99491864 0.99571216 0.99471736 0.9922594 0.9930316 0.99399906 0.99311 0.9931853 0.9917928 0.9944727 0.99313873 0.9940189 0.99134254 0.98990273 0.9881398 0.98679286 0.99185663 0.98927796 0.99160266 0.99169207 0.988788 0.98783165 0.99087405 0.9915796 0.99272823 0.98948973 0.98687285 0.9888195 0.9935516 0.99093944 0.98714995 0.99066275 0.99347305 0.9900089 0.99166155 0.99317324 0.9874661 0.9886892 0.9887213 0.98745286 0.9906398 0.9924075 0.9897598 0.99663603 0.9903841 0.9900129 0.98745185 0.9908427 0.9717033 0.9782447 0.9925724 0.9909179 0.9861973 0.9900078 0.99206644 0.9823239 0.98889625 0.9956132 1.0000001 0.997133 0.9988116 0.9981417 0.9898613 0.9912496 0.98418534 0.98502505 0.97721 0.9889007 0.9914644 0.98790944 0.9843049 0.97836727 0.9855749 0.98694324 0.9881755 0.98483014 0.9831231 0.9858506 0.98603106 0.9871718 0.9827653 0.98726827 0.99015725 0.990409 0.9881736 0.98459023 0.9915498 0.99161536 0.9905471 0.9888507 0.9921288 0.9874298 0.9894628 0.98468417 0.98738074 0.9885103 0.9907578 0.99011064 0.98469234 0.982101 0.99085385 0.9888823 0.98435295 0.980658 0.9837087 0.9852221 0.98302156 0.9844355 0.98772514 0.98691154 0.98989373 0.9835707 0.9867697 0.9868198 0.98772556 0.9885674 0.9859835 0.98404455 0.9925073 0.9935853 0.99143183 0.9941375 0.9938296 0.99395007 0.99195373 0.9844956 0.9849582 0.98632234 0.98886317 0.99094015 0.9887372 0.9859476 0.9898963 0.9875092 0.9890977 0.9890859 0.9890438 0.9933615 0.99236447 0.9930954 0.99349946 0.993379 0.99364364 0.993538 0.9912362 0.99219453 0.99136025 0.991012 0.98621356 0.986965 0.9854246 0.99558496 0.9959753 0.99461293 0.98864895 0.9919141 0.9919913 0.9916737 0.99295473 0.9918338 0.9929945 0.98848397 0.9911444 0.9924531 0.99213815 0.9874331 0.9914596 0.9883985 0.98874223 0.98792934 0.9892371 0.9885991 0.98959386 0.9849807 0.9856598 0.9870963 0.9942028 0.9894616 0.98700124 0.9897015 0.98783576 0.98816836 0.98589176 0.98561525 0.9873055 0.98853296 0.9888578 0.9898896 0.9898952 0.99139076 0.9921064 0.99007136 0.9906529 0.9912344 0.99190974 0.9910798 0.9915634 0.99008703 0.9908597 0.9918023 0.99341404 0.9935183 0.9920927 0.9908499 0.99284774 0.9884806 0.98943704 0.9898128 0.99160314 0.9900284 0.9894064 0.99548453 0.9947739 0.99424934 0.9942282 0.9948247 0.99334604 0.9866285 0.98453426 0.9839245 0.984667 0.98609424 0.98573095 0.9855155 0.9867088 0.9857619 0.9920232 0.9909354 0.99301565 0.98979354 0.993419 0.9901107 0.9890637 0.9917202 0.99250805 0.99136364 0.9916402 0.9914781 0.9919463 0.98553646 0.9869359 0.9897575 0.9820887 0.9818436 0.9813471 0.9945852 0.9912179 0.9911027 0.9927372 0.99216825 0.98897785 0.98944885 0.99024904 0.9913455 0.9947336 0.9866627 0.98744476 0.9900636 0.990891 0.99046904 0.9934063 0.9903352 0.9898877 0.98927265 0.9917156 0.9917933 0.98957765 0.99241114 0.9880457 0.9880302 0.99005103 0.9848087 0.99310523 0.99058217 0.98807335 0.9893455 0.9876954 0.98590416 0.9897803 0.992223 0.989627 0.9895474 0.99069923 0.98908925 0.9844587 0.9900178 0.9881437 0.99233615 0.99292296 0.98731554 0.9918036 0.9923308 0.99326086 0.9920094 0.99079406 0.9921384 0.9889611 0.9900864 0.9893792 0.98492384 0.98837465 0.9911469 0.9880116 0.98361933 0.99106485 0.9930553 0.9944601 0.9935764 0.99411136 0.99450827 0.99384654 0.99359405 0.99383247 0.9902288 0.98777163 0.9852513 0.9864893 0.99143934 0.9887339 0.9856206 0.9835437 0.98281986 0.9842091 0.9874587 0.99091834 0.9932151 0.9910517 0.98784876 0.990514 0.9903278 0.98406476 0.9836357 0.984789 0.9866142 0.9902058 0.9906926 0.9908912 0.99588263 0.99542636 0.996551 0.99475044 0.9944662 0.99460644 0.9947561 0.99442476 0.9954269 0.9954544 0.9937966 0.9933766 0.9953556 0.9931218 0.99450696 0.9957207 0.9935673 0.99332476 0.9941257 0.9946284 0.9944147 0.9787869 0.9769639 0.9794219
MiodragovicxJovan_SRP19102JovanMRadisa-L2_5 0.9770459 0.9790976 0.9812436 0.9819597 0.9823211 0.9739637 0.9710572 0.9675122 0.9855592 0.98508096 0.9866818 0.9837365 0.98754185 0.9888873 0.98314697 0.9839259 0.9812064 0.9798723 0.9800406 0.9865419 0.988365 0.9874556 0.9793488 0.9811473 0.98297936 0.9874409 0.98485637 0.98799163 0.98315954 0.98590064 0.98493737 0.98333377 0.9853044 0.98174757 0.9803701 0.9767338 0.97564 0.9785258 0.9816866 0.98174995 0.98414665 0.9870444 0.9811297 0.98508316 0.97576976 0.9782997 0.9843777 0.98657316 0.98672056 0.98791474 0.98715395 0.9870522 0.9874693 0.9821426 0.9827038 0.97841096 0.975301 0.96610034 0.9724319 0.9806429 0.98023695 0.975337 0.98080397 0.9787918 0.9687226 0.9699505 0.9837631 0.982586 0.9838553 0.9823529 0.9808381 0.97635573 0.97814465 0.984795 0.9823393 0.98619586 0.97726727 0.9771086 0.981389 0.98413885 0.97729015 0.9804321 0.978567 0.9883956 0.98457175 0.98675704 0.98856795 0.98652905 0.9875909 0.982741 0.985174 0.9879871 0.9779352 0.97842693 0.9797587 0.9809641 0.97829145 0.98223543 0.9791828 0.98206604 0.9763531 0.97926897 0.98189104 0.9879007 0.98898214 0.9833265 0.98884255 0.9893717 0.9862178 0.9880367 0.9881915 0.9870608 0.9872259 0.9858992 0.9848137 0.9878306 0.98331624 0.982641 0.98143727 0.9815255 0.9821986 0.98310655 0.9824358 0.98337185 0.9834689 0.9806613 0.985392 0.98025346 0.9742019 0.978047 0.9793161 0.9787339 0.9833054 0.98325956 0.9813059 0.9810367 0.9777425 0.9779661 0.9803611 0.98190767 0.98474455 0.9810692 0.9820172 0.98509747 0.9872711 0.9874599 0.9794502 0.9771716 0.9813861 0.98252946 0.9695889 0.97040725 0.97016686 0.9643032 0.9840618 0.9850113 0.9867335 0.98458016 0.9844415 0.9892829 0.9893958 0.99014276 0.9900352 0.9879845 0.98891634 0.99063945 0.98746866 0.98910135 0.98606646 0.9886987 0.98904186 0.99274766 0.9910025 0.99195063 0.99256665 0.99019706 0.9855616 0.9865551 0.985319 0.986332 0.98917687 0.990124 0.9897311 0.9898232 0.9919804 0.9919605 0.98546094 0.9861844 0.98817784 0.9856 0.98808694 0.98737067 0.9905102 0.98809844 0.9888954 0.9858456 0.9836986 0.9807232 0.97895646 0.9847588 0.9811537 0.9851042 0.9847771 0.9799979 0.978924 0.9841484 0.98444474 0.9872746 0.98246497 0.9796805 0.981184 0.9875618 0.98322153 0.97937244 0.9834021 0.98641986 0.9829551 0.9830776 0.9863184 0.97896624 0.97971 0.9791646 0.97792625 0.98214006 0.98498964 0.9812294 0.99137497 0.9828444 0.9814097 0.9789053 0.9822562 0.96226686 0.96890736 0.9852603 0.98208034 0.9773005 0.9811094 0.9840184 0.97413516 0.979364 0.98904294 0.997133 1.0 0.9976647 0.9963908 0.9821837 0.98315084 0.97456425 0.977439 0.96982074 0.98085314 0.98399657 0.97899747 0.97572976 0.9703966 0.9774602 0.9797953 0.97909486 0.9766742 0.97655445 0.9792416 0.9789577 0.9794834 0.9753337 0.97960824 0.9835889 0.98356795 0.9810724 0.9766744 0.9845402 0.9860006 0.98243546 0.9818084 0.9850903 0.9805337 0.98313236 0.97606695 0.9793214 0.97935575 0.9829688 0.9814496 0.97628754 0.9738246 0.98301333 0.97972184 0.97635967 0.97318184 0.97607267 0.97839457 0.9765616 0.9757026 0.97966886 0.97897005 0.9816655 0.9752448 0.978843 0.9783746 0.97998536 0.980641 0.9784036 0.976164 0.9883595 0.9914833 0.98779696 0.99163944 0.9909193 0.9916827 0.98916656 0.9757085 0.9751329 0.9770489 0.9826843 0.98508996 0.981439 0.9778332 0.9828057 0.98039496 0.9816241 0.9825157 0.98113286 0.9868564 0.98530364 0.9868717 0.9864809 0.98615646 0.9866401 0.986253 0.98414373 0.98580873 0.9850794 0.9846566 0.97532165 0.97650105 0.97450924 0.99007434 0.9926655 0.99007356 0.9813933 0.9857783 0.9856288 0.9844147 0.9860574 0.98437446 0.9860679 0.9807166 0.9834906 0.98473686 0.984582 0.97884345 0.98382103 0.9795008 0.97994304 0.9797971 0.9807854 0.98071826 0.9821544 0.97575843 0.9764006 0.9784218 0.99009204 0.9821787 0.97943485 0.9817319 0.979931 0.9804298 0.9770472 0.9786241 0.98070943 0.98211396 0.9818338 0.98210454 0.98196197 0.9842172 0.9866718 0.98325807 0.9839289 0.98499954 0.9856841 0.9843849 0.9864515 0.9829606 0.9857302 0.9870354 0.98776174 0.9879712 0.9876466 0.98549044 0.9879586 0.9808483 0.98260796 0.9824526 0.98566234 0.98305166 0.981528 0.9911443 0.991545 0.9909686 0.991151 0.98973966 0.9864369 0.9781414 0.9763371 0.9756985 0.9766094 0.97774553 0.9780319 0.9772346 0.9784411 0.97704667 0.98605204 0.9848724 0.9882821 0.98287624 0.9881051 0.98450404 0.98415256 0.98775536 0.98678744 0.9843711 0.9852444 0.9847667 0.9860056 0.97785443 0.97993684 0.98370343 0.973649 0.9745857 0.97418416 0.98886216 0.9848671 0.9841836 0.9867977 0.9852049 0.9822019 0.9829156 0.9833202 0.9841745 0.98995286 0.9794256 0.9817821 0.9835369 0.984752 0.98436093 0.98833 0.9842189 0.983753 0.9840061 0.98684597 0.98665386 0.9831393 0.98695725 0.9819658 0.98318374 0.9851238 0.9785027 0.98799676 0.98505527 0.9816723 0.9833245 0.98070675 0.97854495 0.98372215 0.9864199 0.98204297 0.9825902 0.9837944 0.98189354 0.9765519 0.9832617 0.9814201 0.98623526 0.9862686 0.9800299 0.98561424 0.9857524 0.9882599 0.9856642 0.984493 0.9852155 0.9810376 0.98198855 0.98077905 0.9767482 0.9801059 0.9823388 0.9804442 0.97580385 0.9831588 0.9855871 0.9879136 0.98685163 0.9867538 0.98766226 0.98702097 0.98559004 0.98657763 0.9824316 0.9797668 0.976479 0.9779284 0.98522055 0.98147815 0.97717255 0.97471154 0.9760438 0.97697353 0.9802076 0.9837294 0.9865017 0.984174 0.98040104 0.98247254 0.982919 0.977399 0.9763877 0.97800654 0.9801905 0.9846255 0.98568606 0.9855749 0.99211186 0.9931598 0.9956907 0.99511445 0.99133563 0.99147815 0.9915298 0.991526 0.99295145 0.9903227 0.98941714 0.98926336 0.99171394 0.98809576 0.990747 0.992394 0.98984736 0.99076545 0.9908923 0.991593 0.98945946 0.9681737 0.9652699 0.96924144
MiodragovicxJovan_SRP19102JovanMRadisa-L2_6 0.985499 0.9870254 0.98840433 0.9884533 0.9887361 0.98209196 0.97958666 0.9772709 0.989376 0.98905915 0.99045616 0.98891973 0.9903902 0.99147815 0.9883598 0.98830384 0.9865825 0.986177 0.98643917 0.99068165 0.9907717 0.99090576 0.98595816 0.98684657 0.98832166 0.9906545 0.9895646 0.99038893 0.98737043 0.9885155 0.98832124 0.98763764 0.9882876 0.985133 0.98329186 0.98401505 0.9833721 0.9845004 0.98879963 0.9885607 0.9900727 0.992015 0.98868245 0.9905883 0.9844892 0.98620594 0.9902351 0.9923829 0.9918142 0.99274015 0.99243605 0.9925712 0.9926743 0.9891635 0.9888073 0.9861886 0.983919 0.975741 0.98092544 0.9869448 0.98692393 0.9829594 0.9877681 0.98652065 0.97815543 0.97938704 0.99022925 0.98916364 0.989584 0.98913395 0.9879442 0.9837251 0.9845234 0.9894117 0.98803425 0.99026936 0.9837509 0.9839879 0.987939 0.9895038 0.98382664 0.9871583 0.9860049 0.99285144 0.9899321 0.99141264 0.992217 0.99147034 0.99186313 0.9899265 0.99166566 0.99132 0.98455304 0.98465097 0.9857852 0.98707384 0.98507214 0.98814917 0.9857482 0.9876536 0.983081 0.9853318 0.98709655 0.9916518 0.9921919 0.9902743 0.99310225 0.99361926 0.9916585 0.99288696 0.9929614 0.9919769 0.9923613 0.9914718 0.9904563 0.9926601 0.9895124 0.98861736 0.98763686 0.9879665 0.9882481 0.9881949 0.9877156 0.98785204 0.98839766 0.98685163 0.9896588 0.98594606 0.9823005 0.9851995 0.9859479 0.9852846 0.9887362 0.9890648 0.98732585 0.9859953 0.9849089 0.98543125 0.9869697 0.9893666 0.99095225 0.9878858 0.9889486 0.9916206 0.99226916 0.99197245 0.9870787 0.98499995 0.9883204 0.9887325 0.9795791 0.97942704 0.9791875 0.97450334 0.98982394 0.99038386 0.99143213 0.98989004 0.98968625 0.9924367 0.9933478 0.9925894 0.9930581 0.9913437 0.99237984 0.9939466 0.9918981 0.9929283 0.9908973 0.99270606 0.9928205 0.99433404 0.9933022 0.994542 0.994118 0.9930674 0.9896897 0.99000126 0.98874664 0.99208784 0.99342525 0.9932708 0.99346536 0.9935484 0.9942806 0.9933674 0.9907882 0.9910762 0.9924945 0.9913985 0.9913218 0.9905798 0.992101 0.99153376 0.99181616 0.99013853 0.98885745 0.98780715 0.9867267 0.9912708 0.98864996 0.9906315 0.9906335 0.98697037 0.9870777 0.99066657 0.9910022 0.9924101 0.98950815 0.9869782 0.98838514 0.992409 0.98880035 0.9858006 0.9888495 0.99068165 0.9883745 0.9888723 0.9904341 0.9856311 0.9863869 0.98524916 0.9839054 0.98755515 0.99036914 0.98769563 0.99531084 0.9887855 0.9880476 0.9861992 0.9884064 0.97227794 0.97849464 0.9918759 0.99009895 0.9869953 0.98996466 0.9911676 0.98378074 0.98897934 0.9948503 0.9988116 0.9976647 1.0 0.9991658 0.99063873 0.99133253 0.98341584 0.9848868 0.97875243 0.98771936 0.9903802 0.98661214 0.98388875 0.9789902 0.98551804 0.98664355 0.98732 0.9848554 0.98288697 0.98630834 0.98593515 0.9862635 0.9829858 0.98692006 0.9898972 0.9897778 0.9873138 0.9839357 0.99047357 0.9907383 0.98965216 0.9884146 0.9911982 0.98742163 0.98932767 0.9844973 0.9869771 0.9873891 0.98948133 0.9887197 0.98453593 0.98222417 0.989616 0.9875788 0.98440045 0.9811498 0.9840596 0.98552597 0.98271394 0.9843539 0.98713636 0.9864743 0.9893316 0.983223 0.9864256 0.9862071 0.98703617 0.98781854 0.9856925 0.983629 0.9912961 0.99227065 0.9899603 0.992574 0.9918866 0.99231774 0.9903237 0.9839794 0.9838257 0.985597 0.9883398 0.98974377 0.9876646 0.98528445 0.9886772 0.9876303 0.98827165 0.9888483 0.9880365 0.9919251 0.99125504 0.9916187 0.9922369 0.9914848 0.99150026 0.99161845 0.9895533 0.9910183 0.98992634 0.9897 0.9836749 0.9838634 0.9825346 0.99378824 0.99413025 0.9928105 0.98799676 0.9907757 0.99062085 0.99023646 0.9912 0.99047667 0.99094075 0.98639655 0.98999536 0.9907105 0.9906748 0.9857801 0.9893247 0.98620445 0.9862519 0.98668516 0.9878681 0.9876002 0.988228 0.9837571 0.9839621 0.9852127 0.99058604 0.988511 0.9868049 0.9880254 0.98672855 0.9871586 0.98495394 0.9852283 0.9870756 0.98807585 0.98812 0.9884924 0.98843473 0.9902498 0.9903593 0.98916364 0.98959017 0.99054134 0.9901318 0.98915225 0.98884547 0.9888439 0.98825866 0.98943067 0.99197847 0.99111927 0.9888628 0.9879363 0.98997885 0.98791265 0.9867228 0.9886018 0.98943263 0.989289 0.98829556 0.9933682 0.99345165 0.9926333 0.99243337 0.9929458 0.9911334 0.98600084 0.9847908 0.9839205 0.9843619 0.98496175 0.9853686 0.9849732 0.985402 0.98460907 0.99107295 0.98988205 0.9923456 0.9885868 0.9917921 0.9892798 0.988594 0.99095285 0.99126315 0.9896424 0.9897049 0.9904181 0.99058586 0.98476404 0.9863012 0.98937356 0.98169684 0.9816705 0.98117006 0.9925835 0.9903876 0.99024147 0.99177104 0.99121 0.9874071 0.9876138 0.98854244 0.9902372 0.99301547 0.9866762 0.9876718 0.9895313 0.99028635 0.9901052 0.9923035 0.9899445 0.98964673 0.9893556 0.99109405 0.9914579 0.9893177 0.9918929 0.98818064 0.9881607 0.9899272 0.9857167 0.99160784 0.98885715 0.9868298 0.9883267 0.98669374 0.98571795 0.9892849 0.99135476 0.9887519 0.98872364 0.99042064 0.9885748 0.9849118 0.9893011 0.98783594 0.99147326 0.9923195 0.9872347 0.99085534 0.9910485 0.9921766 0.99104756 0.9898766 0.99018157 0.98789275 0.9888752 0.9881825 0.9842832 0.9871894 0.98947316 0.9870417 0.9830799 0.99013436 0.9918335 0.9926556 0.99237955 0.9928396 0.99328303 0.9925122 0.99261516 0.9923261 0.9887612 0.9867074 0.98391646 0.98537636 0.98961294 0.98733544 0.9841108 0.9821684 0.98369575 0.9842616 0.98719215 0.9900314 0.9918869 0.9903958 0.98765105 0.98960775 0.98935145 0.984918 0.9844163 0.9854361 0.9868739 0.9900302 0.9902764 0.9908359 0.9949596 0.9933346 0.9947835 0.99272645 0.99223906 0.9928713 0.9928257 0.9926003 0.9930217 0.99313337 0.99097615 0.9897958 0.992747 0.98988307 0.99178445 0.9928835 0.990087 0.9899627 0.9912133 0.9917889 0.99159193 0.977161 0.97498816 0.977058
MiodragovicxJovan_SRP19102JovanMRadisa-L2_7 0.98714316 0.9896535 0.9903495 0.9892078 0.98977727 0.985666 0.98331577 0.9812946 0.9913673 0.99058235 0.9918454 0.99105865 0.9916054 0.99258554 0.9903153 0.9896361 0.9880905 0.9879729 0.988601 0.992326 0.991552 0.991863 0.98849523 0.98888654 0.990103 0.9915625 0.99084395 0.99075913 0.98926777 0.9897344 0.98964405 0.98970157 0.9897125 0.9848717 0.98274094 0.98596007 0.9853056 0.9854915 0.9903989 0.9900571 0.9911017 0.992543 0.98995286 0.9908448 0.9862473 0.9879726 0.99110734 0.99314535 0.9928327 0.99351144 0.9942345 0.9943384 0.9941325 0.9910918 0.9911606 0.98809266 0.98628163 0.97816736 0.98290956 0.9889487 0.9890677 0.98495024 0.9899532 0.98874736 0.98124367 0.982403 0.9920618 0.9915493 0.9914732 0.9917261 0.9909315 0.9876591 0.9879599 0.9917539 0.99080116 0.9922267 0.9872725 0.98737365 0.9904896 0.9918774 0.9871618 0.98867875 0.9880097 0.99380726 0.99080527 0.992735 0.99289256 0.9927828 0.9930413 0.9911782 0.99283534 0.9917979 0.9878169 0.9873249 0.9883804 0.9897565 0.9879823 0.990418 0.98856485 0.9898868 0.9860619 0.98768103 0.9892411 0.99299335 0.992762 0.9920656 0.99374354 0.99440527 0.993405 0.9941448 0.9941253 0.9930179 0.99365914 0.9927214 0.9923043 0.99331105 0.99195844 0.9910652 0.99033797 0.99065125 0.99095774 0.9909927 0.99025655 0.99039644 0.9907676 0.9898144 0.99159074 0.98910975 0.98558277 0.9881304 0.9885366 0.98815906 0.9909387 0.9912282 0.9899976 0.9868888 0.98648274 0.9873344 0.98857033 0.9906195 0.9915878 0.9885356 0.9897749 0.9935702 0.9940305 0.9936095 0.99041545 0.9884515 0.9914961 0.99183595 0.98308676 0.983541 0.9831662 0.9789893 0.9920938 0.99230206 0.993054 0.9904592 0.99026424 0.993966 0.9942521 0.9935988 0.9938908 0.99270034 0.9935466 0.99435824 0.9926473 0.99412036 0.9926475 0.99423075 0.99396116 0.9943948 0.9941536 0.99500364 0.99407864 0.99314845 0.99123603 0.990627 0.98925644 0.9936886 0.9944865 0.9938763 0.9940711 0.99392706 0.99482524 0.9937814 0.99245644 0.9925525 0.9939557 0.9929331 0.99246424 0.99233806 0.992559 0.99292743 0.9926411 0.9921047 0.9912164 0.99069816 0.98969716 0.9933758 0.9909157 0.9923112 0.9925239 0.9889174 0.98974645 0.99288934 0.9928539 0.99397963 0.9917936 0.98973435 0.9906451 0.99364674 0.9905664 0.9881048 0.9909634 0.99166185 0.9906774 0.9903703 0.9914662 0.98806274 0.98838854 0.98664427 0.9854702 0.9889945 0.99189925 0.98955756 0.9960284 0.99084616 0.99014676 0.98888755 0.9900048 0.976413 0.98198396 0.99368834 0.99223137 0.9897811 0.9921391 0.99295163 0.9871592 0.9911464 0.99605834 0.9981417 0.9963908 0.9991658 1.0000001 0.9934106 0.99337375 0.98643106 0.98849136 0.983465 0.99064285 0.99271864 0.98918015 0.98753566 0.9832597 0.9889567 0.98990077 0.99019766 0.9883693 0.9868184 0.98981327 0.98951066 0.98910666 0.9867355 0.990015 0.9924957 0.9924281 0.9903764 0.98749775 0.99232537 0.992512 0.9916107 0.9908606 0.99284136 0.99036866 0.99172443 0.9877859 0.98958033 0.9892267 0.991446 0.9906261 0.98811024 0.98611426 0.9918604 0.9897399 0.9880519 0.9852111 0.98746836 0.9888623 0.98636997 0.98736596 0.9900784 0.9895694 0.9915956 0.9869011 0.9896689 0.98935425 0.9901456 0.9907272 0.9891207 0.98715276 0.99304545 0.9930219 0.99180853 0.993286 0.99257463 0.9930212 0.9916984 0.98632556 0.9857782 0.9878793 0.9910449 0.9918309 0.9901023 0.9881763 0.9907876 0.99068046 0.9906503 0.99100715 0.9902401 0.9931832 0.99287325 0.99325126 0.99316645 0.99207914 0.99192387 0.99235696 0.99165833 0.9929865 0.99212515 0.9917921 0.98479354 0.9843696 0.98300314 0.9945016 0.9943523 0.99311787 0.9907188 0.99272835 0.99235344 0.992029 0.9925232 0.99204975 0.9917857 0.98721963 0.9918366 0.99211454 0.992252 0.98774356 0.99054086 0.9876232 0.9871801 0.98890793 0.9897436 0.98982316 0.99002993 0.98622495 0.98604023 0.9870133 0.9899819 0.9906376 0.9893017 0.9897176 0.9889 0.989389 0.98772705 0.9887429 0.99025404 0.9910059 0.9909854 0.99089754 0.990903 0.9918497 0.99100965 0.991057 0.9913509 0.9921125 0.9908656 0.990304 0.9884318 0.99047 0.9881665 0.9893855 0.9930039 0.9912371 0.98815966 0.98754156 0.98985744 0.9901424 0.9866859 0.99030185 0.98995596 0.9909843 0.9901446 0.9936168 0.9942822 0.99330795 0.9928026 0.99369276 0.99161905 0.98830086 0.9878315 0.9866361 0.98718786 0.9874101 0.9881359 0.9876139 0.98770607 0.9872515 0.9926371 0.9912794 0.993374 0.9904021 0.9928626 0.9912194 0.9906712 0.99229944 0.99329984 0.9921221 0.99191463 0.9929559 0.9928602 0.988356 0.9897798 0.9922717 0.9858319 0.985807 0.9854709 0.99383014 0.9928167 0.99249995 0.9938381 0.9934402 0.99016196 0.9903718 0.9911282 0.9923142 0.99395394 0.9896674 0.9906062 0.9920808 0.99236834 0.9923036 0.9937485 0.9922796 0.99183625 0.9918184 0.99280965 0.9936403 0.9915646 0.9936975 0.99095416 0.9906462 0.99196863 0.9889387 0.9932239 0.99092114 0.9893998 0.9908669 0.9894041 0.98899734 0.991684 0.99353534 0.9912238 0.99131495 0.99296206 0.9916669 0.98868996 0.992012 0.99117374 0.99377507 0.99414814 0.9904769 0.99329656 0.99295 0.9940864 0.9932216 0.99243414 0.99233365 0.9906979 0.9914989 0.9909919 0.9878517 0.99024755 0.99171716 0.9903538 0.987091 0.9923783 0.993489 0.99366415 0.99398696 0.99440145 0.9943398 0.9941218 0.99422157 0.993912 0.9897413 0.9877996 0.98473823 0.9866047 0.9898469 0.9879736 0.9851256 0.9829204 0.9873949 0.9880678 0.9904644 0.992619 0.993722 0.9928133 0.9905558 0.99218327 0.9920231 0.98835236 0.9877963 0.9888519 0.99003965 0.9924494 0.9926595 0.9932196 0.99534345 0.99276835 0.99368227 0.9913211 0.9918422 0.9928996 0.99249285 0.99230015 0.9922594 0.9937974 0.99105513 0.98913884 0.99282765 0.9896414 0.99155277 0.99266684 0.98908925 0.98895115 0.9905959 0.9914505 0.99188733 0.98081315 0.97812665 0.9800972
MiodragovicxJovan_SRP19102JovanMRadisa-L2_8 0.9920098 0.99490404 0.99387586 0.99032617 0.9909328 0.993136 0.99139893 0.9912659 0.9914864 0.99040693 0.9915255 0.9932334 0.9899312 0.9899856 0.99199 0.98948085 0.98953843 0.9910096 0.99224204 0.99210054 0.9879953 0.98984486 0.9925535 0.9908522 0.9912112 0.9884414 0.99052644 0.9859591 0.98907757 0.98695433 0.98774403 0.98998743 0.987627 0.982233 0.97919655 0.99005985 0.9897541 0.986644 0.9934677 0.9928322 0.99191856 0.9913616 0.99345636 0.990017 0.991415 0.99253607 0.99181134 0.9934616 0.9928653 0.99293095 0.9956437 0.9959568 0.99504924 0.99460703 0.99431694 0.9925452 0.9923903 0.98591506 0.98847073 0.9920857 0.9927593 0.9894123 0.993591 0.9931266 0.9891423 0.9902079 0.99446183 0.994717 0.99356776 0.99571556 0.99575657 0.9939608 0.9929589 0.9930694 0.9937321 0.9923692 0.9921202 0.9924762 0.994597 0.9938759 0.99197584 0.992892 0.99365175 0.99307364 0.9909194 0.9930389 0.99135464 0.9935942 0.9925927 0.9946188 0.99549794 0.98934174 0.9929067 0.99135363 0.9916815 0.99362993 0.9925065 0.9931492 0.99251246 0.9918674 0.99048555 0.9910409 0.9911536 0.9922166 0.9901627 0.99578816 0.9918239 0.99263823 0.9942554 0.9938499 0.9936012 0.9926815 0.9940096 0.9938373 0.99435014 0.99234265 0.99483716 0.99410266 0.9939795 0.9940053 0.9939401 0.99266124 0.9930053 0.9918997 0.99271333 0.9938128 0.9923657 0.9928327 0.99304515 0.9937519 0.99302715 0.9929133 0.99340147 0.9940457 0.9938767 0.98697346 0.9905629 0.9921376 0.99163127 0.99350524 0.9918905 0.98940825 0.9914837 0.9966921 0.9947906 0.9938041 0.9966833 0.9956749 0.9966667 0.99564284 0.99240583 0.9926535 0.9923352 0.99020106 0.9940944 0.99320996 0.9924577 0.99070394 0.99067605 0.99168605 0.99219877 0.9895694 0.99043775 0.99050564 0.99116826 0.990756 0.9910187 0.99253845 0.99301445 0.99342453 0.9923632 0.9885211 0.9901182 0.99048203 0.9877297 0.9889162 0.99130434 0.9884761 0.98725927 0.9951839 0.993466 0.99061275 0.9912462 0.99098897 0.990177 0.9875817 0.9938061 0.993489 0.9939957 0.99494904 0.9903432 0.99088246 0.98752534 0.99122876 0.98978794 0.9921543 0.9929881 0.9958263 0.9959612 0.99634445 0.99534917 0.9937628 0.9946023 0.9925099 0.99570024 0.9960028 0.9951867 0.99458915 0.99565125 0.9941027 0.9943122 0.9938017 0.99138653 0.9910159 0.99255323 0.9900207 0.9918075 0.9908699 0.98975784 0.9913575 0.9913133 0.9881129 0.9868984 0.9894523 0.9928984 0.9921657 0.9936799 0.99319595 0.99323386 0.99321604 0.9915373 0.98675835 0.99063736 0.99687713 0.99768704 0.998611 0.9986441 0.99677473 0.99668086 0.99835485 0.99671686 0.9898613 0.9821837 0.99063873 0.9934106 1.0000002 0.99865186 0.9934014 0.9942364 0.9927248 0.9948059 0.99546784 0.99437875 0.9945561 0.99184716 0.99517673 0.9948088 0.9962853 0.9955681 0.9921803 0.9948211 0.9948673 0.9931555 0.99346787 0.99539346 0.9955666 0.9954051 0.9938763 0.9927537 0.9948276 0.9935929 0.9955135 0.9944183 0.9949194 0.99516404 0.9951096 0.9944598 0.9945104 0.993321 0.9940514 0.99422777 0.9945526 0.99319506 0.9949416 0.99362844 0.99459314 0.99230653 0.9943399 0.9942102 0.9909887 0.99415624 0.9953863 0.99465257 0.9960611 0.99470955 0.99624294 0.9956153 0.99553937 0.9958794 0.9954904 0.9939616 0.9905325 0.98711807 0.9886682 0.9875979 0.9866582 0.98685247 0.98717797 0.99232507 0.9916188 0.9944005 0.9940844 0.99288994 0.9937287 0.9940902 0.9936887 0.9964568 0.9948372 0.99439895 0.9943643 0.993622 0.99466896 0.993654 0.99371266 0.99148387 0.9903796 0.9916148 0.99306136 0.99376947 0.9928382 0.9926099 0.98922557 0.9864857 0.98586714 0.99259156 0.9889612 0.9895632 0.99502444 0.9935324 0.993224 0.9941846 0.99258167 0.99364805 0.9907705 0.98654646 0.9950215 0.99390346 0.99430245 0.9909741 0.9907055 0.98980147 0.98789626 0.9921682 0.99294245 0.9936255 0.99200255 0.99155706 0.99031436 0.9895786 0.9818827 0.9937851 0.99424005 0.9921479 0.9923639 0.9930138 0.99335104 0.9935006 0.9940751 0.9939954 0.9945304 0.9939121 0.9940968 0.9943686 0.989776 0.9940203 0.99386346 0.99410105 0.9906531 0.9908559 0.9845876 0.993259 0.9848427 0.98593885 0.99255806 0.9883454 0.98193234 0.9833244 0.9854411 0.9947124 0.98516804 0.99295646 0.98820895 0.9940974 0.99403226 0.98908675 0.98976153 0.9885193 0.9875086 0.9907461 0.990249 0.99348766 0.9951615 0.99307346 0.9932472 0.99210644 0.99371904 0.9934789 0.99235624 0.99257445 0.99321026 0.9918523 0.9918764 0.99253976 0.99118364 0.9926507 0.99173075 0.99070096 0.99380696 0.99385613 0.992764 0.9957107 0.9937805 0.9942033 0.9943757 0.9951901 0.99339306 0.9924143 0.9920945 0.9923277 0.9950751 0.99540836 0.99514854 0.9957534 0.9928329 0.99250287 0.9932056 0.9944417 0.99102426 0.9947781 0.9932527 0.99426335 0.99369586 0.99416167 0.9925147 0.99475735 0.9944618 0.9934002 0.99168074 0.9938197 0.994123 0.9938022 0.9941362 0.99168205 0.9922833 0.9940024 0.9924345 0.99110985 0.99183095 0.9932074 0.99317384 0.9944012 0.994072 0.9943347 0.9955944 0.9947432 0.9966004 0.99566585 0.9963467 0.99484026 0.99556255 0.9949618 0.9958214 0.99602586 0.99524105 0.9941177 0.99379104 0.99448293 0.9944836 0.99357766 0.9953213 0.99588627 0.99586844 0.9940902 0.9951973 0.99538565 0.99468225 0.9932285 0.99592566 0.9952952 0.99257135 0.99476886 0.9959077 0.9943779 0.9948565 0.9968334 0.9950806 0.9909642 0.98995495 0.98701894 0.9892732 0.9877894 0.98841476 0.987348 0.9855735 0.99401486 0.99380785 0.99498683 0.9951286 0.99429315 0.9953364 0.9952934 0.9958989 0.99505043 0.99433905 0.99458575 0.9947238 0.994731 0.99442846 0.99353415 0.99443156 0.9920815 0.98530006 0.9833232 0.9790032 0.9849949 0.98747003 0.98666817 0.9861576 0.98428345 0.9900811 0.9852857 0.98109496 0.98640573 0.9835321 0.9845975 0.9851881 0.9806454 0.9790087 0.9823139 0.9833788 0.98688984 0.98889154 0.9863829 0.9861496
MiodragovicxJovan_SRP19102JovanMRadisa-L2_9 0.9930351 0.99470794 0.99440026 0.992105 0.99259615 0.99258065 0.99092245 0.99004376 0.99160063 0.991459 0.9924424 0.9937734 0.99084425 0.9910412 0.9932675 0.99110353 0.9914259 0.9923295 0.99352086 0.99289685 0.98961794 0.99140483 0.9921427 0.9909802 0.9914603 0.9892466 0.99134547 0.9870183 0.99005467 0.98847705 0.9889822 0.9906603 0.98916495 0.98560303 0.98299176 0.99091566 0.9904902 0.9885931 0.9938077 0.9931989 0.9928394 0.99270725 0.994082 0.9914917 0.99186784 0.9927705 0.99311924 0.9946512 0.99375093 0.9944366 0.99634886 0.9967107 0.99629664 0.99485874 0.9941751 0.9932924 0.992626 0.98656297 0.9893758 0.9932866 0.9939429 0.990301 0.99392086 0.993505 0.9893772 0.9903259 0.9952013 0.99493766 0.9941608 0.9948126 0.9959616 0.9924774 0.9927062 0.9940164 0.9943827 0.9934659 0.9923635 0.99320775 0.9951372 0.9941745 0.9926624 0.9934239 0.993602 0.9927918 0.99114037 0.9928776 0.9918134 0.99336666 0.9931611 0.9944269 0.99580884 0.99154764 0.99308944 0.99251425 0.99300355 0.99407107 0.99243826 0.9934471 0.9927669 0.99265885 0.9916232 0.992705 0.9926056 0.9930959 0.9915889 0.99623764 0.993037 0.99394065 0.9955505 0.9948534 0.99451447 0.9936164 0.9946477 0.99495274 0.9944555 0.993415 0.99519676 0.99391776 0.9937582 0.99369013 0.99384266 0.99228984 0.9938323 0.99251914 0.99298126 0.9936889 0.99331844 0.9925441 0.99256164 0.99350154 0.9930949 0.99279547 0.9935827 0.9944029 0.9940059 0.9897018 0.9920661 0.99320275 0.9927235 0.99260736 0.9921591 0.9891936 0.9915503 0.9962526 0.9950183 0.99461156 0.9957641 0.9948657 0.99584895 0.99542636 0.9919915 0.9916613 0.99190557 0.98889 0.9953474 0.9942853 0.9937917 0.99248874 0.9925797 0.9915176 0.99280024 0.99036753 0.99080956 0.9907701 0.9916462 0.9923903 0.99254006 0.99399006 0.9937366 0.99438184 0.9938663 0.99028486 0.99193347 0.99187773 0.98939943 0.9909993 0.99301654 0.99105203 0.9901011 0.9964739 0.9951847 0.9925057 0.9927101 0.9921775 0.9910621 0.9886374 0.9950424 0.9945763 0.9948802 0.9954903 0.9919335 0.992361 0.989773 0.9928709 0.9917954 0.9931519 0.9941048 0.9954766 0.99497706 0.99637353 0.99472725 0.994122 0.99459654 0.99287844 0.9953958 0.9949216 0.9942733 0.9943349 0.99384266 0.9919254 0.9924923 0.99359465 0.99294454 0.99202716 0.9935587 0.9917749 0.99252963 0.9924285 0.9916869 0.9926294 0.99267477 0.9906558 0.9894745 0.9915669 0.9946024 0.99396783 0.99449694 0.99417 0.9947533 0.99431217 0.99349207 0.9849384 0.9888991 0.9977969 0.998678 0.9980363 0.9991455 0.9973171 0.9956835 0.9976276 0.9980879 0.9912496 0.98315084 0.99133253 0.99337375 0.99865186 0.9999999 0.9928404 0.9933659 0.99043864 0.9933347 0.99444985 0.99331605 0.9929763 0.99091053 0.9945525 0.9946068 0.9959905 0.9949596 0.9913386 0.9937356 0.9940013 0.99360806 0.993268 0.99478644 0.99559593 0.99557954 0.9939972 0.9924929 0.99589825 0.9949304 0.99658936 0.99497277 0.99579024 0.99519897 0.99586403 0.9940364 0.9947904 0.9938928 0.99467367 0.99485993 0.994388 0.9926523 0.99622065 0.99390453 0.99422944 0.99176747 0.99423045 0.99398154 0.99124867 0.99417967 0.9961409 0.99448806 0.99676687 0.994047 0.9956747 0.9946548 0.99504685 0.99583596 0.99489486 0.99346566 0.9910797 0.9887668 0.99002314 0.98878825 0.9882185 0.9883408 0.98868024 0.9927588 0.9928341 0.99502105 0.9939806 0.99377483 0.9939134 0.9939279 0.9943312 0.99600625 0.99520195 0.99485314 0.99540246 0.99510163 0.9956442 0.99458593 0.9949259 0.9927566 0.99160874 0.99254006 0.9940652 0.9949328 0.99371636 0.9936867 0.9905066 0.98830265 0.9875598 0.9929348 0.98980856 0.9897014 0.99512345 0.99420094 0.9942133 0.9952723 0.9938871 0.9943153 0.9924296 0.9881037 0.9959582 0.9944389 0.99473953 0.991418 0.99192345 0.990596 0.9887947 0.9925605 0.9936645 0.9943923 0.9926192 0.99195933 0.9912744 0.99026114 0.98430574 0.9942851 0.994382 0.9935992 0.99357367 0.99382186 0.99291754 0.9917179 0.99198204 0.9928602 0.99362427 0.9931247 0.9934899 0.9954623 0.9915254 0.99473876 0.9947333 0.9948814 0.99193627 0.99213827 0.98724854 0.99397486 0.98721474 0.98852885 0.99434125 0.99061 0.9854435 0.98650825 0.98843956 0.9949186 0.9878546 0.9937129 0.9899306 0.99466455 0.9946888 0.99078155 0.99128413 0.9900714 0.9896511 0.99267155 0.99160904 0.9929691 0.99399734 0.99199486 0.9928267 0.99146914 0.9932668 0.99277383 0.99198025 0.9920084 0.99443245 0.99329174 0.99271196 0.9927795 0.9925944 0.9934118 0.9924415 0.99169034 0.99435085 0.99447936 0.9938642 0.99610454 0.99443585 0.9936018 0.9944079 0.99501634 0.99253064 0.99177045 0.9917578 0.9935051 0.99518526 0.9955712 0.9956676 0.99617434 0.9935842 0.9927676 0.99374616 0.9946996 0.991798 0.9942797 0.99233526 0.9938221 0.9938142 0.9938221 0.9925164 0.9940953 0.99399054 0.992817 0.9914341 0.9935539 0.99366295 0.99360824 0.99344456 0.9915888 0.9925743 0.9930154 0.9935595 0.9925091 0.99295074 0.9940616 0.9934605 0.9935091 0.99456215 0.9946484 0.9951645 0.99423456 0.99626774 0.9951062 0.99551094 0.9947655 0.9953862 0.9943547 0.99516636 0.99478936 0.9956966 0.99477607 0.99427396 0.9946529 0.99423647 0.994533 0.9954218 0.99586344 0.9956974 0.9937337 0.9951966 0.99590975 0.99503076 0.9930544 0.9960817 0.9957477 0.99389786 0.99540234 0.99666744 0.9952286 0.9953315 0.9972097 0.9953551 0.9928737 0.992169 0.9894266 0.99139434 0.99026257 0.99067783 0.9898643 0.9881331 0.99262816 0.99255705 0.99408257 0.99484134 0.9946106 0.9952877 0.9946015 0.9957479 0.9944173 0.9934702 0.99335325 0.9934837 0.99342597 0.9937213 0.9934267 0.99360687 0.993288 0.9875972 0.98507786 0.9813352 0.987348 0.9895069 0.9885406 0.98838234 0.9864406 0.99140275 0.98776966 0.9838329 0.98832834 0.98591816 0.98690873 0.9873519 0.9834533 0.9819733 0.98489964 0.9859482 0.9891286 0.9898314 0.9876086 0.9877021
Nepoznat_SRP18923NNBeogradskeTajne-L2_1 0.9941067 0.9972545 0.99661916 0.99069405 0.9920493 0.9976425 0.99626726 0.9943227 0.99157196 0.9911644 0.99173224 0.9939163 0.98996085 0.9898301 0.9932264 0.990865 0.99127126 0.99323964 0.99412596 0.99154466 0.98780185 0.9895396 0.99314183 0.9919289 0.99188924 0.9889098 0.99121743 0.9863584 0.9912962 0.9879846 0.9885707 0.9908471 0.98872423 0.98368895 0.9803802 0.99417526 0.99370915 0.99028873 0.9957186 0.99380344 0.9933599 0.9918813 0.9955329 0.99085546 0.9953961 0.99571186 0.9928686 0.99285805 0.9930362 0.99236995 0.99328727 0.9926454 0.9922982 0.9957618 0.9936589 0.9953095 0.9960346 0.9930904 0.99388856 0.9950789 0.9953295 0.9938416 0.9966317 0.99693793 0.9966954 0.99677855 0.99528235 0.9955766 0.9945 0.9941863 0.99456227 0.9959299 0.9958999 0.99346215 0.9952082 0.9934428 0.99618435 0.9964652 0.99660933 0.9942827 0.9952962 0.99215806 0.99440217 0.9909361 0.9884627 0.9915336 0.9896926 0.9920049 0.99219036 0.9932519 0.99254763 0.9887159 0.9950979 0.9929283 0.9929283 0.99343437 0.9929857 0.99261737 0.99321735 0.99284476 0.99298954 0.992552 0.99104476 0.98879015 0.98726606 0.99218 0.9870986 0.9879902 0.9904987 0.98924506 0.98904324 0.9893603 0.9904348 0.99106205 0.99125487 0.9888736 0.9933633 0.99109524 0.99077564 0.9912298 0.9930437 0.9909732 0.99432546 0.9923713 0.9928901 0.9945362 0.99263155 0.9947889 0.9964712 0.99497205 0.9945054 0.9951576 0.9939221 0.9941179 0.9949811 0.9893378 0.9935642 0.99456644 0.9944336 0.9915625 0.98889565 0.9858283 0.98843527 0.99528784 0.99132454 0.9907832 0.99545705 0.9957803 0.9960841 0.9945534 0.99672633 0.9950542 0.9926991 0.9928493 0.99377203 0.9933439 0.99210304 0.99060255 0.99009764 0.991607 0.99228954 0.98888975 0.99046093 0.9904014 0.9913012 0.9889773 0.992234 0.99229944 0.99412197 0.991866 0.99151087 0.98739463 0.9895208 0.9889196 0.9862586 0.9879671 0.9925439 0.9889199 0.9880289 0.99399954 0.99070954 0.98916066 0.9887691 0.9888064 0.9838172 0.98044324 0.9939029 0.9933206 0.9915465 0.99457884 0.9911272 0.9903905 0.9866322 0.99124485 0.9893695 0.9920052 0.99257874 0.99665374 0.9965157 0.99543726 0.9948921 0.9928873 0.9945797 0.9940221 0.9973467 0.9919213 0.9915876 0.98994446 0.9917772 0.99066526 0.99120915 0.99061084 0.9938271 0.99506974 0.9955537 0.9916236 0.99525034 0.993742 0.9924766 0.9961418 0.9961674 0.9914927 0.9910081 0.9925163 0.9936073 0.9945864 0.99165386 0.9952787 0.99502754 0.9956647 0.99397653 0.992194 0.9939612 0.99264467 0.99483585 0.9938131 0.99326503 0.9927633 0.9924387 0.99381024 0.9922729 0.98418534 0.97456425 0.98341584 0.98643106 0.9934014 0.9928404 1.0000002 0.9969488 0.9934339 0.9966119 0.9956749 0.997493 0.9977482 0.9961798 0.99747294 0.997165 0.997922 0.9976812 0.9932352 0.9961475 0.9963174 0.99399406 0.99385023 0.99505824 0.9937048 0.9940486 0.99363345 0.9927257 0.9931433 0.9922422 0.99475795 0.9952875 0.99390805 0.9942332 0.99456346 0.99813855 0.99662167 0.9931753 0.9951265 0.9956741 0.99793136 0.997558 0.9953919 0.9966455 0.99626756 0.99409723 0.996168 0.9960459 0.99256265 0.9977896 0.99638903 0.99784005 0.99634373 0.9968618 0.9962834 0.99570096 0.99605715 0.9966144 0.9956656 0.99552727 0.9904293 0.98455435 0.988635 0.98590493 0.9857752 0.9851531 0.98599076 0.99356663 0.9926718 0.99369144 0.9925095 0.99203956 0.9942454 0.9957999 0.9945191 0.99513924 0.9943096 0.9949876 0.99544126 0.9944364 0.99547035 0.99428385 0.992351 0.99095094 0.9887297 0.9910859 0.9938396 0.99245894 0.9929389 0.9936252 0.9923501 0.98984015 0.9893781 0.9897748 0.9860922 0.9860202 0.99548656 0.99295026 0.99255073 0.9931002 0.9922323 0.9943014 0.99033177 0.98737264 0.9947919 0.99264437 0.992753 0.99275553 0.9904299 0.9902384 0.988665 0.994314 0.99386525 0.994519 0.9928394 0.99470264 0.99284106 0.9923005 0.9828103 0.9929543 0.99400634 0.99279267 0.9916396 0.9932035 0.995139 0.99411976 0.99300456 0.993416 0.9955322 0.99611473 0.9962364 0.99441147 0.99027175 0.9947562 0.9946138 0.99412906 0.99171734 0.99210846 0.98564094 0.9949151 0.98504996 0.9863032 0.9922004 0.98765016 0.98196054 0.98460156 0.9858417 0.99606985 0.98677814 0.99422157 0.98968184 0.9946515 0.9951387 0.986855 0.98628503 0.9858196 0.9854983 0.9897399 0.9906075 0.9929834 0.9949049 0.9945128 0.9945036 0.9939685 0.99424046 0.99497706 0.99487513 0.994645 0.99267215 0.9904468 0.9895086 0.99426657 0.9892928 0.9915323 0.9909777 0.9884179 0.99231946 0.99500614 0.9930812 0.99579626 0.9931609 0.9947234 0.9957274 0.992946 0.9959109 0.9938563 0.99317825 0.990732 0.99307156 0.99396116 0.9933418 0.994577 0.9951332 0.9945483 0.99422634 0.99566853 0.9908941 0.9966688 0.9933132 0.99422103 0.994624 0.9943116 0.9934697 0.9916322 0.98965997 0.9918472 0.9894176 0.9921727 0.9929047 0.99176264 0.9936459 0.9896558 0.9904577 0.9931597 0.9925547 0.9915643 0.99262273 0.9926882 0.99494994 0.9960341 0.9928813 0.9952539 0.99741757 0.9963317 0.99586445 0.99739075 0.9952897 0.99561054 0.9952395 0.99415904 0.9946894 0.9973773 0.9949397 0.9944827 0.9934404 0.9944732 0.9957981 0.99479383 0.99783844 0.99691606 0.99689716 0.9959251 0.99446636 0.9961882 0.99412376 0.9958559 0.9933333 0.9922865 0.9886038 0.991419 0.9924239 0.99150485 0.99157315 0.99300563 0.9923123 0.9906356 0.98982584 0.98791635 0.98955274 0.9878327 0.9885812 0.9881958 0.9861057 0.9941112 0.99478555 0.9954875 0.99523044 0.9927879 0.99435306 0.99622506 0.9958452 0.99520135 0.9949071 0.9948094 0.9948572 0.9942734 0.99317414 0.9924587 0.99245894 0.9878875 0.9825952 0.9801839 0.9750758 0.9839016 0.98579425 0.984499 0.98430204 0.98199695 0.9886175 0.9850249 0.98109776 0.9848844 0.9832065 0.9833193 0.98339486 0.97813594 0.9773002 0.9802978 0.9815643 0.9866912 0.9947465 0.9935474 0.99374264
Nepoznat_SRP18923NNBeogradskeTajne-L2_10 0.99059534 0.9964322 0.9947417 0.9884881 0.9905527 0.9967531 0.99480164 0.9910685 0.9942124 0.99265134 0.9932987 0.9958151 0.9920534 0.9919661 0.99428743 0.9909613 0.99097776 0.992404 0.99435955 0.9938756 0.9898765 0.99087065 0.9954674 0.99383116 0.9936334 0.9902977 0.99262327 0.9872396 0.99299794 0.99000067 0.9902428 0.99360484 0.9907259 0.98095226 0.9772846 0.9927254 0.9918656 0.9880246 0.9947291 0.9937942 0.9929701 0.9910884 0.9934418 0.9887851 0.99250287 0.9942128 0.9922145 0.9927092 0.9938539 0.9916565 0.9951722 0.99430823 0.9927431 0.9943183 0.9934185 0.9938721 0.9940059 0.9890626 0.9908257 0.9947226 0.9946776 0.9920856 0.9962549 0.99535495 0.99433863 0.994828 0.99488306 0.99639916 0.99467385 0.9961654 0.9963773 0.99875575 0.9961777 0.9954025 0.9966886 0.99466634 0.99740595 0.9966326 0.9963057 0.9965472 0.99633276 0.9901472 0.99279577 0.99085903 0.98805434 0.99149436 0.98963654 0.9921546 0.9927194 0.9912999 0.9919405 0.98865664 0.994576 0.9939668 0.99330837 0.99421835 0.9925459 0.9928248 0.9934739 0.9919376 0.9921922 0.9927033 0.99242026 0.9907326 0.98833936 0.9933093 0.98801535 0.98952055 0.9929314 0.9911343 0.9914124 0.990551 0.9910523 0.991361 0.99232376 0.9888298 0.9953791 0.9943962 0.9951707 0.99513507 0.9961159 0.9946875 0.9966512 0.9959879 0.9957117 0.99753445 0.9948678 0.99796665 0.9966192 0.99657696 0.9962306 0.9970408 0.99557596 0.99574 0.9968902 0.98750097 0.9912045 0.9922837 0.99226457 0.98992634 0.98811495 0.9843241 0.987368 0.9956339 0.9941032 0.993653 0.9965512 0.9969822 0.9971593 0.99691725 0.99475944 0.9958938 0.9939454 0.99337393 0.99527496 0.9941995 0.9937082 0.9881662 0.9876829 0.9920249 0.99150336 0.99004275 0.98987293 0.99082404 0.991804 0.98877835 0.99086446 0.99299556 0.9930418 0.9930724 0.9918227 0.9876993 0.99111974 0.98950064 0.98653966 0.98769385 0.9922257 0.98830914 0.98672533 0.9946469 0.99248016 0.990136 0.99024576 0.9895979 0.98653305 0.98367393 0.99402386 0.9928374 0.99283195 0.99323493 0.9913233 0.9930226 0.98821986 0.99301046 0.99010426 0.99440676 0.9952295 0.9977777 0.9969729 0.99619776 0.99398685 0.9930796 0.99466735 0.9930261 0.9966047 0.99271685 0.99171126 0.9921982 0.9915802 0.98977906 0.9900962 0.99095935 0.99340224 0.994625 0.9952763 0.99114096 0.9950548 0.99208397 0.9919284 0.99463695 0.99424875 0.98849577 0.988203 0.9907778 0.9926813 0.9926779 0.9918267 0.99490064 0.9935688 0.99455166 0.9922566 0.9930808 0.99486357 0.993864 0.9941416 0.99397254 0.99369204 0.9921463 0.99322945 0.9923505 0.9928179 0.98502505 0.977439 0.9848868 0.98849136 0.9942364 0.9933659 0.9969488 1.0 0.9967127 0.997134 0.99677587 0.99662936 0.9977049 0.997084 0.9979531 0.9989044 0.9970804 0.9988255 0.99770623 0.9988243 0.9986312 0.9940124 0.9949847 0.9957062 0.99593925 0.9958881 0.9951155 0.9937351 0.9936419 0.9938379 0.9943935 0.9964866 0.9945303 0.995507 0.99532974 0.9979244 0.99759376 0.99386424 0.99627554 0.9955604 0.9978578 0.9980301 0.996168 0.9955267 0.997463 0.9953786 0.9978535 0.99796075 0.9962844 0.99714947 0.9976915 0.99805206 0.99677575 0.9970026 0.9963746 0.99578065 0.9976738 0.996702 0.99647164 0.9958139 0.9928418 0.98821735 0.9920138 0.9889791 0.9882863 0.9883661 0.98919284 0.99297595 0.9906445 0.99244404 0.99518406 0.9943063 0.9956763 0.99603605 0.994978 0.99667495 0.99565494 0.9962211 0.9955475 0.99370265 0.9951004 0.99427503 0.992446 0.9903634 0.9888656 0.99023 0.99556994 0.99471295 0.99526745 0.99570334 0.9881037 0.98511446 0.9836412 0.990196 0.9878555 0.98714674 0.9974218 0.99522215 0.99452037 0.99465895 0.99303764 0.9943398 0.99011993 0.9864353 0.99513704 0.9926804 0.9934193 0.9926104 0.99061096 0.9890866 0.98706216 0.99474835 0.9933709 0.99471647 0.9926247 0.9936474 0.9914091 0.9906812 0.98108494 0.9954454 0.9962585 0.9940331 0.99429685 0.9954365 0.9967388 0.99591094 0.99529004 0.9957275 0.9967413 0.9957334 0.99593616 0.9936631 0.9893577 0.9948397 0.9945252 0.9940549 0.9901896 0.99139965 0.983514 0.9938872 0.9835598 0.9849739 0.991864 0.9863852 0.980522 0.9819964 0.9844499 0.9957938 0.98370415 0.99321556 0.988167 0.99419713 0.99411917 0.9871328 0.9893779 0.9885837 0.9874267 0.9902234 0.9893518 0.99349934 0.9960192 0.99494976 0.9959768 0.9945913 0.9959235 0.9955589 0.994781 0.99515647 0.9942241 0.9912063 0.99033844 0.9940795 0.9906837 0.9925815 0.9926302 0.98944247 0.9931098 0.9960263 0.9948031 0.99682134 0.9952412 0.99694604 0.9974889 0.99584895 0.99629694 0.995584 0.9948843 0.9914919 0.99428976 0.99439466 0.9944438 0.9952662 0.99560666 0.9962904 0.9955352 0.9955829 0.99173784 0.9979328 0.99729735 0.9966737 0.9960439 0.9959837 0.99450076 0.99409795 0.99228334 0.9957548 0.99317706 0.9955634 0.9960346 0.9947611 0.99731535 0.9949554 0.9946481 0.9970302 0.9944506 0.9943957 0.99573153 0.99529326 0.9969992 0.99830604 0.99601156 0.99598217 0.9973508 0.9972566 0.9970494 0.9984956 0.99711084 0.99816036 0.9985832 0.99624217 0.99527895 0.997574 0.9963794 0.9954235 0.99601835 0.9959575 0.9973868 0.9960295 0.9977368 0.99753153 0.99738836 0.9954132 0.9952472 0.9956591 0.99631804 0.9979484 0.99501675 0.99363834 0.99015635 0.9931925 0.99321723 0.991335 0.9935025 0.9932963 0.9935514 0.99014366 0.9890214 0.98483366 0.9882434 0.9868961 0.9874265 0.9866504 0.983383 0.9966891 0.99756974 0.9973248 0.99635184 0.9940947 0.9957983 0.9972289 0.99600583 0.9964688 0.9971538 0.9963968 0.99705017 0.99654967 0.9956639 0.99488825 0.9946733 0.9898296 0.9833233 0.9812879 0.9768246 0.98445106 0.98634696 0.98504025 0.98533237 0.9827063 0.98936534 0.9854525 0.9807448 0.986044 0.9833162 0.9842831 0.9846175 0.9783313 0.97834206 0.9814687 0.98275656 0.9873228 0.99157107 0.9881589 0.98922557
Nepoznat_SRP18923NNBeogradskeTajne-L2_11 0.984017 0.99178296 0.98775005 0.97959024 0.9814843 0.99319476 0.9905485 0.98925143 0.987603 0.98390687 0.9855527 0.9896194 0.9839216 0.9837985 0.98637056 0.98160374 0.98181504 0.9839765 0.9871429 0.98655474 0.98066884 0.9821194 0.9906372 0.9870821 0.9862974 0.98130196 0.9844096 0.977027 0.9838872 0.97969127 0.97981584 0.9851532 0.9807807 0.9695366 0.9648784 0.98433393 0.98394525 0.9772402 0.98867923 0.9870505 0.9850013 0.9829363 0.98749495 0.9795486 0.9854729 0.988284 0.98418695 0.9852086 0.98674643 0.983763 0.9900435 0.98993367 0.98789895 0.9900684 0.99032515 0.98665893 0.98790795 0.98054546 0.9823052 0.9868879 0.9877477 0.98379827 0.99068195 0.9900784 0.98955894 0.99002284 0.9898561 0.9930266 0.9904667 0.99306405 0.9919631 0.99688274 0.99315345 0.9898267 0.99228686 0.98793364 0.9935682 0.99295324 0.9916558 0.99201864 0.99233675 0.9844838 0.9874644 0.98503083 0.9812308 0.98598874 0.9828625 0.9864975 0.9857883 0.9865988 0.9872292 0.97891706 0.98951536 0.98798573 0.9878396 0.9892256 0.9883398 0.98822874 0.9887742 0.9861748 0.98717093 0.98638934 0.98578596 0.9850587 0.9812783 0.98885757 0.9808905 0.9832251 0.9874963 0.98608446 0.9859864 0.98474324 0.985437 0.9853616 0.9869729 0.98274064 0.9913871 0.9908358 0.9926115 0.9923528 0.99290884 0.99206877 0.9907933 0.9901849 0.99030447 0.993826 0.9879687 0.99363786 0.99419594 0.9934233 0.9916684 0.99282473 0.99038506 0.9906949 0.9930334 0.97669935 0.9835775 0.98514056 0.9843755 0.98561144 0.98255396 0.97918606 0.98214674 0.9917913 0.98964745 0.9880086 0.9944664 0.99642384 0.99495876 0.9940144 0.99139315 0.99489594 0.99297965 0.9935896 0.98835486 0.9865384 0.98561835 0.9806932 0.9805857 0.9865715 0.9843979 0.98393816 0.9827081 0.9846609 0.9849948 0.9807639 0.98225236 0.9857818 0.98642707 0.9868305 0.9843574 0.97905576 0.9831455 0.9814648 0.9775393 0.97855616 0.9847326 0.97844565 0.97674406 0.98849267 0.9853058 0.9808854 0.98148555 0.98236847 0.97910434 0.97642875 0.9875147 0.9861553 0.98666656 0.9876783 0.9825679 0.9855559 0.9782491 0.98502165 0.9810563 0.9876313 0.98909575 0.9946357 0.9957066 0.992051 0.9910556 0.9887103 0.99016356 0.98818874 0.99367964 0.9905042 0.98822004 0.9886384 0.98976076 0.98907447 0.9885344 0.98657787 0.98470813 0.9868892 0.9877972 0.9813711 0.9876971 0.9829624 0.9828117 0.9871275 0.9861748 0.97853947 0.97810036 0.9810597 0.9844268 0.9843173 0.9848694 0.9876423 0.98653144 0.9887694 0.9838708 0.99029386 0.99179745 0.9882843 0.9903276 0.99330515 0.9912439 0.9878287 0.9934732 0.9899434 0.98684114 0.97721 0.96982074 0.97875243 0.983465 0.9927248 0.99043864 0.9934339 0.9967127 0.99999964 0.99374306 0.99286884 0.99211067 0.99663186 0.9965604 0.99613774 0.99564993 0.99280566 0.99659896 0.99486065 0.99689615 0.9967296 0.9906493 0.99374443 0.99389225 0.9927127 0.9920865 0.9916885 0.9915937 0.98775965 0.9881812 0.98929745 0.9920026 0.98906726 0.9934098 0.991845 0.99528307 0.9931448 0.98805636 0.9901283 0.9896722 0.9952089 0.9962828 0.990183 0.9901023 0.995123 0.99511594 0.9964162 0.99587625 0.9925866 0.9937323 0.9943636 0.9946349 0.9921083 0.9951067 0.9940699 0.9929607 0.99398154 0.9931823 0.99488676 0.9939469 0.9862338 0.98056173 0.98454314 0.98091704 0.9798495 0.9802536 0.9815263 0.9879049 0.98460054 0.988738 0.990825 0.9880333 0.9902425 0.9926677 0.9897441 0.9948021 0.9914585 0.9912831 0.9894167 0.9869175 0.9891354 0.98791397 0.9859567 0.9821723 0.98097277 0.98299164 0.9884447 0.98817503 0.98822427 0.98881143 0.98031366 0.9760351 0.9749141 0.98393536 0.9804622 0.9808072 0.99243873 0.9885197 0.98740005 0.98828006 0.9848276 0.9873602 0.98104745 0.975743 0.989006 0.9857301 0.986603 0.98490363 0.9817381 0.9807305 0.97751045 0.9873895 0.98585546 0.9882078 0.9849063 0.98659974 0.98352265 0.98221856 0.9703083 0.9906401 0.99312323 0.9874422 0.98952764 0.99108946 0.9929922 0.993949 0.99380535 0.99302465 0.99362135 0.9916222 0.991065 0.98732406 0.9809444 0.9896004 0.98839957 0.98872113 0.982345 0.9829575 0.9733296 0.98709106 0.9730086 0.9747105 0.984485 0.9771396 0.96924204 0.9710763 0.97427297 0.99021447 0.973314 0.98635566 0.97886956 0.98841316 0.9885538 0.97867596 0.9817799 0.9807855 0.9786953 0.9817837 0.98009586 0.98923296 0.9946012 0.9930444 0.9926605 0.989774 0.9929453 0.9915775 0.9894826 0.99024695 0.98735523 0.9846036 0.98432904 0.9885609 0.98379946 0.9873832 0.9880815 0.9840277 0.98817366 0.9901417 0.98879826 0.9920373 0.98983526 0.9941289 0.99429667 0.9926522 0.9951628 0.9944236 0.9941757 0.98468125 0.99061733 0.9909728 0.9895468 0.99037844 0.9903388 0.99068373 0.990487 0.99074423 0.985252 0.99591994 0.99433696 0.9929511 0.992605 0.9932204 0.9898354 0.9907729 0.9901079 0.9914528 0.9875386 0.990211 0.99204314 0.989975 0.99347043 0.99006486 0.9890298 0.99484324 0.987776 0.9873488 0.9900572 0.99091864 0.99271435 0.9960474 0.9920779 0.99067634 0.99336886 0.9934715 0.99406093 0.995095 0.9967367 0.9930384 0.995195 0.9914721 0.9910238 0.9952619 0.99122524 0.98902047 0.99000686 0.99082273 0.99192554 0.9887306 0.99327093 0.99288493 0.99261314 0.99386996 0.99177414 0.99003184 0.99282086 0.99489385 0.9904568 0.9874701 0.9826544 0.98708034 0.9874095 0.9847483 0.98721206 0.98818284 0.9871831 0.9816894 0.98057026 0.9759512 0.9798938 0.9773513 0.9785249 0.9775757 0.97401994 0.9966347 0.99626064 0.99501777 0.9924907 0.9895823 0.9922612 0.99505794 0.99238944 0.99270546 0.99586695 0.9954993 0.99548614 0.99480987 0.9923829 0.99035305 0.9916233 0.9822043 0.9738213 0.9716066 0.9670804 0.9735978 0.97694534 0.97534055 0.9753307 0.97229576 0.9798939 0.97433496 0.9688297 0.9761103 0.971574 0.9731341 0.9743027 0.9669339 0.9665638 0.97021186 0.97170997 0.9768064 0.98609686 0.9817914 0.98191506
Nepoznat_SRP18923NNBeogradskeTajne-L2_12 0.99233484 0.99679816 0.99669284 0.9926094 0.99293137 0.99606836 0.99474543 0.9920326 0.99433464 0.9929285 0.9939918 0.9950932 0.99327445 0.9931308 0.9935854 0.99201286 0.99126697 0.99269444 0.9933648 0.9936753 0.9903431 0.99174505 0.99337494 0.992833 0.99287343 0.9915292 0.9922089 0.98935 0.9925664 0.99066347 0.9914678 0.99218893 0.99109846 0.98296416 0.9805214 0.9910405 0.9905964 0.9881146 0.99457693 0.99481 0.9940285 0.9929536 0.9942854 0.9919423 0.9924055 0.99349463 0.9932749 0.99419975 0.9943096 0.9941049 0.99545425 0.99466795 0.994626 0.9962386 0.9949163 0.9947116 0.9951488 0.98905003 0.9922557 0.99497026 0.9950945 0.9928719 0.99561846 0.99511194 0.99281263 0.9934414 0.9955765 0.9949842 0.995334 0.99695534 0.9954314 0.99662596 0.99635905 0.995609 0.9962854 0.9954541 0.9945563 0.99428195 0.9971791 0.99632263 0.99470764 0.99315065 0.9949776 0.9950515 0.9931867 0.99564135 0.9940516 0.99628043 0.9956252 0.99566585 0.99533105 0.99058753 0.9946034 0.99231446 0.99232066 0.99513876 0.994276 0.99507785 0.9938068 0.9941186 0.9915609 0.99194175 0.99173105 0.9922209 0.99131525 0.9940209 0.991546 0.9921612 0.99360913 0.9932925 0.9931469 0.99392486 0.9942292 0.99388707 0.99512047 0.99281394 0.99445236 0.9938385 0.99314725 0.9942131 0.9949721 0.9936345 0.9944859 0.9940823 0.99559647 0.99602836 0.9953282 0.99592584 0.9945298 0.9951401 0.9955611 0.99594855 0.99618644 0.996297 0.9957736 0.9892503 0.9925243 0.9937807 0.9940628 0.99535537 0.9936626 0.99150795 0.9933225 0.9960634 0.9930202 0.9929714 0.99651986 0.9958813 0.9978868 0.9967746 0.99314755 0.9929703 0.99096847 0.99036056 0.99464816 0.9938914 0.99415004 0.9924393 0.9924357 0.9949269 0.99529886 0.99231905 0.9935276 0.9932183 0.99439543 0.9919944 0.993592 0.9942422 0.9949154 0.9945498 0.9938757 0.991457 0.992778 0.99315566 0.9911246 0.9920878 0.99222314 0.9892808 0.98789376 0.99458873 0.99270797 0.99156094 0.99200124 0.9928192 0.9895867 0.9871273 0.99466205 0.99532557 0.99495584 0.99662995 0.992208 0.9918554 0.9898973 0.9928977 0.99179 0.9939815 0.99373364 0.9970183 0.99752337 0.99743015 0.9968526 0.9952765 0.9969982 0.9962005 0.9978791 0.9961274 0.9959923 0.99484986 0.9953899 0.99395907 0.9950969 0.99539024 0.99350876 0.99243516 0.9949369 0.99313116 0.99462473 0.9941498 0.99359214 0.9936896 0.99474764 0.9907499 0.99025226 0.99266493 0.9937185 0.99322873 0.9949899 0.9949619 0.99453866 0.9936548 0.99360526 0.98867404 0.9931027 0.9941524 0.9950432 0.9934085 0.99406224 0.99470925 0.9905395 0.99441963 0.9937265 0.9889007 0.98085314 0.98771936 0.99064285 0.9948059 0.9933347 0.9966119 0.997134 0.99374306 1.0000004 0.9992592 0.9988492 0.99789554 0.9926862 0.99688536 0.9963027 0.9972143 0.9964734 0.9937469 0.9961618 0.9966257 0.9936517 0.9918874 0.9957236 0.9956396 0.99557996 0.9944355 0.9934144 0.9944795 0.99395764 0.99521875 0.99558556 0.99597085 0.9953336 0.9946331 0.9963541 0.9958523 0.9944448 0.9963301 0.99660766 0.9957825 0.9952488 0.99562925 0.99675274 0.9954437 0.9929249 0.99455047 0.9950373 0.9927988 0.9949168 0.9955394 0.99702615 0.99642754 0.99561995 0.9967003 0.9971936 0.99718773 0.99673903 0.99628884 0.9955241 0.9933194 0.9891241 0.9910744 0.9903801 0.989873 0.9897922 0.98948985 0.9922504 0.9914297 0.9934827 0.99432796 0.993977 0.99555486 0.9959975 0.9952979 0.99603134 0.99595463 0.99476635 0.99457616 0.99495125 0.99597603 0.995684 0.994694 0.9936082 0.9932106 0.9944885 0.9955336 0.9944632 0.9949086 0.9950019 0.99240625 0.9904644 0.9894133 0.9949503 0.9921874 0.99259245 0.996023 0.99540555 0.99486786 0.9954234 0.9943928 0.9956596 0.992838 0.9888059 0.9954929 0.9956691 0.99561816 0.99366176 0.99316615 0.9923636 0.99094564 0.99442106 0.99457943 0.9945434 0.9940499 0.99347293 0.99245626 0.99262744 0.9874387 0.9952076 0.99486315 0.9940677 0.9937072 0.9949982 0.99651355 0.9960482 0.99695885 0.99636495 0.9974661 0.99811774 0.99784815 0.9943707 0.99163926 0.99480146 0.9945715 0.99421734 0.9925946 0.9928401 0.98734784 0.99447817 0.9871459 0.98784643 0.99301964 0.9899536 0.98462915 0.98590076 0.9878958 0.99492025 0.98676085 0.9939126 0.99053353 0.99435014 0.9948729 0.9908729 0.99102116 0.9906233 0.98929775 0.9921846 0.99259555 0.9941503 0.99502146 0.9944793 0.99421763 0.9951756 0.9945641 0.9948412 0.99509335 0.99553484 0.99396276 0.99202335 0.9921092 0.99540913 0.9922219 0.9928875 0.9924508 0.99083865 0.9948449 0.99681365 0.9958534 0.9969351 0.9959036 0.9963971 0.9962089 0.99604833 0.9954259 0.99358356 0.9927002 0.99425364 0.9953045 0.99580085 0.9952238 0.9960594 0.9951954 0.9964559 0.9965698 0.99721146 0.99511015 0.99652004 0.9958088 0.99715364 0.99696124 0.99705213 0.99673766 0.99497384 0.9941988 0.9943605 0.9935674 0.99493194 0.9956275 0.99552834 0.9955341 0.99232215 0.99283546 0.99394846 0.99491507 0.99388397 0.99399 0.99502194 0.9961949 0.99693775 0.9950238 0.9966414 0.9982516 0.99766207 0.99763626 0.99823505 0.99550337 0.9971689 0.9966566 0.9973976 0.9973446 0.99734604 0.9963114 0.9958791 0.99620354 0.997124 0.997524 0.9963533 0.9972733 0.9980537 0.99799895 0.99539596 0.99643254 0.99750036 0.9958444 0.9953011 0.995901 0.9951579 0.99233276 0.9944757 0.9949458 0.9935868 0.99516845 0.9954623 0.99565357 0.99149853 0.9892724 0.98615026 0.98879 0.9889094 0.9888845 0.9874953 0.9848701 0.9942909 0.99567467 0.99660933 0.99712133 0.9964258 0.9964997 0.99699354 0.9973888 0.9976166 0.993983 0.9943661 0.9945773 0.99571705 0.9958069 0.99418706 0.995366 0.991742 0.98726845 0.9858425 0.9817841 0.9866518 0.988427 0.98816097 0.9876211 0.986769 0.9924251 0.988191 0.98538893 0.9892064 0.98762107 0.9875752 0.9884703 0.98418236 0.98319715 0.98599464 0.98640025 0.99014705 0.99030566 0.9881392 0.9886287
Nepoznat_SRP18923NNBeogradskeTajne-L2_13 0.9930093 0.9968277 0.9968464 0.9941591 0.9944364 0.99469894 0.99300593 0.98980474 0.9950385 0.9941329 0.99517024 0.9957646 0.99451786 0.9945741 0.9944009 0.9933902 0.9922192 0.99335456 0.99389297 0.99519044 0.99229044 0.99354655 0.994358 0.994152 0.9943657 0.99328643 0.9937884 0.99150777 0.9935474 0.99214137 0.99280685 0.993296 0.9924085 0.9850149 0.9826639 0.9913506 0.99120307 0.9890392 0.99534875 0.9959031 0.9952987 0.994716 0.99524146 0.9936745 0.99276376 0.9942237 0.9947994 0.9958874 0.9959432 0.9955517 0.9964843 0.9957771 0.9955196 0.9961142 0.9944702 0.9951551 0.9951423 0.98842156 0.9923709 0.9953915 0.99533355 0.9933714 0.99589944 0.9952123 0.9918694 0.9927744 0.9961107 0.9952726 0.9956365 0.99753237 0.9956433 0.99587727 0.99539465 0.995986 0.9962004 0.9959072 0.9940067 0.9935436 0.99693596 0.9971078 0.9940875 0.99363387 0.9950208 0.99637544 0.99481124 0.9966688 0.9956001 0.9971884 0.9968085 0.99644506 0.9963954 0.99223727 0.9936782 0.99235237 0.9922988 0.9951569 0.99396974 0.9955542 0.99346834 0.99401677 0.9909551 0.99229455 0.99255854 0.99370414 0.9934982 0.9950361 0.9936806 0.99427354 0.99503624 0.9950426 0.9948968 0.9957415 0.99557596 0.9952435 0.9959296 0.99473226 0.99479824 0.99469596 0.9939745 0.99504673 0.99541783 0.99388826 0.9949561 0.99485856 0.99650294 0.9964937 0.99632293 0.99627614 0.9939948 0.9955522 0.996279 0.99619 0.99705684 0.9973341 0.99633497 0.99030375 0.9929535 0.9938569 0.9944889 0.9961562 0.995448 0.99328464 0.9949029 0.9965458 0.99422973 0.9943514 0.995947 0.9954932 0.9975994 0.99680644 0.9918732 0.991745 0.98989576 0.9888152 0.9954034 0.9948973 0.9954438 0.9940077 0.9938597 0.995108 0.9960813 0.99294287 0.99434733 0.99358416 0.9949496 0.993741 0.99456847 0.9953201 0.9948513 0.99541306 0.9946219 0.99314505 0.99429476 0.994885 0.99306226 0.99394894 0.9926143 0.9904727 0.9895111 0.9957471 0.99443704 0.99351084 0.9941271 0.9949531 0.99221164 0.98998743 0.99530536 0.99587893 0.9958362 0.9971451 0.9933146 0.99306375 0.9917468 0.99403256 0.99341434 0.9951251 0.99441737 0.996892 0.9973335 0.9979793 0.9967519 0.9960231 0.9974974 0.99655616 0.99766636 0.9966278 0.99666643 0.9961714 0.9954676 0.99375606 0.9953184 0.9965967 0.99421203 0.99284875 0.9954071 0.9945718 0.9951302 0.9951149 0.9947039 0.9935444 0.99466056 0.9908721 0.9901615 0.9931001 0.9942132 0.99310243 0.9962988 0.9952837 0.99442947 0.99320716 0.9939058 0.9877323 0.9928313 0.99515325 0.9952252 0.9936119 0.9949569 0.9951426 0.9901444 0.99460596 0.99521977 0.9914644 0.98399657 0.9903802 0.99271864 0.99546784 0.99444985 0.9956749 0.99677587 0.99286884 0.9992592 0.9999995 0.99867827 0.99681056 0.9912974 0.99608594 0.99609315 0.99688256 0.9959756 0.99349093 0.9961635 0.9962154 0.9934834 0.99137455 0.9954282 0.9962294 0.99611694 0.99429804 0.99286073 0.9954462 0.99502933 0.9959662 0.9959145 0.9969896 0.9951937 0.99496794 0.99568653 0.99621564 0.9956719 0.9970552 0.99720216 0.9950206 0.99429023 0.9962276 0.99702895 0.9946789 0.9917517 0.99416894 0.9946482 0.9922799 0.9945048 0.9956515 0.9965559 0.9969287 0.9945481 0.9959899 0.9965313 0.9971179 0.996407 0.9955376 0.99450433 0.99386936 0.9908929 0.9918519 0.9919974 0.99144137 0.9915244 0.9904202 0.9930287 0.9923308 0.99387634 0.9946252 0.99487305 0.995994 0.99568856 0.99586403 0.9959069 0.99645185 0.9951039 0.99471927 0.99549305 0.9964586 0.9960304 0.9961559 0.99542385 0.99529684 0.99606574 0.9963856 0.99567616 0.9958602 0.9960166 0.9928767 0.9913907 0.99033105 0.9965149 0.99430436 0.9947157 0.9963788 0.99668247 0.9960923 0.99657786 0.99583185 0.9967035 0.994539 0.9903266 0.9961337 0.99649966 0.996421 0.9941517 0.9943102 0.9930577 0.99215263 0.99488086 0.9948157 0.99464905 0.9943914 0.99308527 0.99227065 0.9923767 0.9892778 0.9961302 0.9954574 0.99526495 0.9949026 0.99579686 0.99677885 0.9954927 0.99696434 0.99668014 0.9974843 0.9980948 0.9980602 0.9951253 0.9931154 0.9954978 0.9953425 0.9952067 0.9939675 0.9942365 0.98924685 0.9950104 0.98907554 0.9896233 0.99416524 0.99186206 0.98699504 0.98769784 0.98980147 0.99530184 0.9884813 0.9945407 0.99217397 0.99510884 0.9955353 0.9929308 0.9930744 0.9926011 0.99132925 0.9937638 0.99411327 0.9949736 0.99507743 0.9948428 0.994734 0.99577343 0.99516755 0.9951035 0.9955314 0.9958682 0.995163 0.992916 0.99307793 0.9957083 0.9935739 0.99288 0.99243474 0.99148744 0.99521357 0.9967924 0.9961736 0.99697405 0.99658066 0.99583185 0.9956075 0.9963732 0.99390054 0.9923426 0.9913893 0.99553376 0.9957525 0.9961623 0.995835 0.99662733 0.99470437 0.99599874 0.9963506 0.9975436 0.99650717 0.9963671 0.99636585 0.9977177 0.9974468 0.9975735 0.99761397 0.9956099 0.9952438 0.9955303 0.9954564 0.99621564 0.9968412 0.9971357 0.99614364 0.99367285 0.9943172 0.9944216 0.99551195 0.99438083 0.99409467 0.99504155 0.99594516 0.99677765 0.9960716 0.99685144 0.99818087 0.99793005 0.9979087 0.9978775 0.99489546 0.9974498 0.9967041 0.9981879 0.99783534 0.996467 0.99659544 0.997051 0.9969415 0.9975274 0.99777603 0.9969353 0.99711275 0.9980878 0.99812835 0.9942455 0.99645597 0.99782616 0.99581486 0.9946383 0.99695635 0.9965947 0.99453413 0.99580675 0.9961581 0.99495524 0.99665743 0.996676 0.9970767 0.99317575 0.99097836 0.98776186 0.99030876 0.9911337 0.99072087 0.9891068 0.986265 0.99378407 0.99539435 0.9964981 0.99739707 0.99758184 0.9969969 0.9970472 0.9977636 0.9979904 0.9937425 0.993919 0.99431676 0.9957844 0.9964596 0.99479604 0.9960115 0.99370414 0.9896407 0.9886657 0.9848849 0.9891174 0.99043393 0.9905168 0.9898096 0.98933315 0.99403286 0.9901278 0.9876846 0.9912172 0.9897507 0.9899076 0.9908558 0.98698467 0.98608226 0.98862815 0.98883927 0.99193156 0.98874056 0.9867067 0.98727524
Nepoznat_SRP18923NNBeogradskeTajne-L2_14 0.9939868 0.99752265 0.9975478 0.99433786 0.9948248 0.99630046 0.99494624 0.9924238 0.99414045 0.9936209 0.9944931 0.99562 0.99343264 0.9930986 0.9945817 0.9934433 0.99291706 0.9944061 0.994862 0.9943978 0.9908292 0.9926437 0.99432665 0.99438846 0.9940686 0.99216753 0.993435 0.99071467 0.9934621 0.9913635 0.99223316 0.99294066 0.9918408 0.98538226 0.9829247 0.9934368 0.993237 0.9906429 0.99613166 0.9966952 0.99572575 0.99427605 0.9962887 0.9939305 0.99500674 0.99577785 0.99521816 0.99563307 0.99550515 0.99479866 0.99547595 0.99427694 0.9940595 0.99623764 0.99433064 0.99616015 0.9966141 0.9916509 0.9946098 0.99591994 0.9957815 0.9950435 0.9961539 0.99565136 0.99446654 0.9950515 0.9958764 0.9946666 0.99528974 0.997036 0.9956604 0.99558353 0.9959794 0.99515545 0.9958436 0.9952134 0.9946295 0.99415505 0.99728954 0.99620366 0.9948887 0.99443763 0.996417 0.9950337 0.9939525 0.9958435 0.9945491 0.9965791 0.9962007 0.9964695 0.995878 0.99131733 0.99482524 0.9927796 0.99241686 0.99520826 0.99413705 0.9953814 0.993488 0.9938185 0.9918039 0.9926197 0.99211794 0.99224466 0.9915651 0.9943428 0.9914277 0.9918917 0.99362594 0.99314475 0.9930968 0.99425733 0.9942541 0.9942868 0.9950947 0.99318844 0.9942202 0.99380344 0.992767 0.99370295 0.9944547 0.99231786 0.99470186 0.9938358 0.9957939 0.99584126 0.99532914 0.9957322 0.99552256 0.9960085 0.99659663 0.996611 0.9967786 0.9969666 0.99620134 0.9908451 0.994618 0.99544036 0.9956481 0.99549997 0.9940171 0.99182695 0.9939336 0.9961839 0.9927984 0.9929609 0.9961522 0.99585456 0.9973969 0.9961682 0.994454 0.99348456 0.9912451 0.99084455 0.9949621 0.9948688 0.9945112 0.993858 0.99362266 0.99406445 0.9949488 0.9913661 0.9933955 0.9929983 0.99392855 0.9918146 0.99393564 0.99420345 0.99471617 0.9941801 0.9934838 0.9909745 0.992133 0.9924916 0.99046195 0.99202245 0.9928162 0.99032396 0.9894296 0.99524826 0.99292433 0.9920846 0.99268913 0.99308634 0.98875576 0.9858665 0.9952231 0.99580324 0.99478614 0.9968483 0.9924491 0.99173146 0.9897461 0.9927907 0.99218404 0.99423355 0.99392515 0.9974139 0.9976259 0.9973887 0.99662733 0.9956342 0.9973497 0.997206 0.9983721 0.99522704 0.9953376 0.9941011 0.9942848 0.9927787 0.99422103 0.99502814 0.9944484 0.99391407 0.99582005 0.993899 0.9952691 0.99501824 0.99433315 0.9948257 0.99586064 0.99185777 0.99114376 0.9934076 0.9942072 0.9942066 0.99501616 0.99570435 0.99482584 0.9936828 0.9939697 0.9901104 0.99442947 0.9943444 0.99492633 0.99359405 0.9940066 0.9945576 0.99004465 0.99432963 0.9935848 0.98790944 0.97899747 0.98661214 0.98918015 0.99437875 0.99331605 0.997493 0.99662936 0.99211067 0.9988492 0.99867827 0.9999995 0.99719065 0.9922551 0.9965209 0.99583083 0.9974016 0.99660194 0.9924928 0.9956862 0.9956834 0.9938236 0.991789 0.9953853 0.9952433 0.9952218 0.9936783 0.9925953 0.9949416 0.9942124 0.996192 0.99618655 0.99661094 0.9953583 0.99498224 0.99622256 0.9962075 0.99523205 0.9964154 0.9974028 0.99544156 0.99487793 0.9956326 0.9967714 0.994669 0.99161315 0.9941306 0.9941261 0.99177176 0.99531484 0.9952382 0.9965173 0.9965418 0.9954642 0.9965354 0.9968519 0.99724907 0.99641687 0.99575806 0.9954444 0.99217606 0.9881353 0.98974186 0.9896151 0.98901415 0.98896885 0.9880916 0.99383575 0.99358 0.9946443 0.9938615 0.9939986 0.9960867 0.9963711 0.99597025 0.995616 0.9964012 0.9951505 0.99528253 0.99507535 0.99616885 0.9955406 0.995144 0.9945861 0.99366724 0.99496305 0.99607253 0.9946939 0.9950841 0.99546 0.99404263 0.99230045 0.9916146 0.9945071 0.9915027 0.9920498 0.9965066 0.99565196 0.99546134 0.99599814 0.9948779 0.9965208 0.9938181 0.99055153 0.9963265 0.99634075 0.9962936 0.99517035 0.99410284 0.9936449 0.992492 0.99548197 0.9955065 0.995457 0.994899 0.9949248 0.9939909 0.99352396 0.9871805 0.99578154 0.99547017 0.9953629 0.9944703 0.99557006 0.99704134 0.9952353 0.9959365 0.9958519 0.9971683 0.998051 0.9983349 0.9951762 0.9925244 0.99570554 0.9954359 0.99492073 0.99382913 0.994068 0.98860216 0.9955988 0.9881134 0.98872644 0.9935482 0.9906368 0.9853574 0.98711663 0.98860985 0.99609995 0.98883724 0.99524885 0.992042 0.99541783 0.9961156 0.99090123 0.9903218 0.9899636 0.98898625 0.9923963 0.99368066 0.995417 0.9954073 0.995524 0.9952946 0.9963477 0.99533224 0.99581516 0.9961869 0.99661124 0.99462175 0.9926822 0.992256 0.9961486 0.9925047 0.99261177 0.99210685 0.99043274 0.99416256 0.99626 0.9954197 0.9966257 0.9957022 0.99636245 0.9956553 0.995581 0.99447113 0.99234295 0.9916877 0.9941396 0.9948174 0.99527544 0.9948424 0.99580014 0.9948913 0.99592793 0.99614745 0.996981 0.99477935 0.99598265 0.9950676 0.99657696 0.996231 0.99640584 0.99616724 0.9946774 0.99393183 0.9944327 0.99346346 0.9946224 0.99576515 0.9954135 0.9954616 0.99218863 0.9929636 0.9940126 0.99406654 0.99354106 0.99309766 0.9939506 0.9953476 0.9961451 0.9945662 0.99642086 0.99880105 0.99813145 0.9973579 0.9976898 0.99471855 0.9969739 0.9959822 0.99728644 0.99672335 0.99677163 0.9959283 0.9967392 0.9958681 0.9968504 0.9975666 0.9962961 0.99736905 0.9979739 0.9981235 0.9945626 0.99622345 0.9976454 0.9952815 0.99505603 0.9962771 0.9954575 0.99274665 0.9945803 0.99500346 0.993814 0.9952856 0.9955611 0.99602234 0.99291885 0.991519 0.9887854 0.9906558 0.99041116 0.99067205 0.9896221 0.98755187 0.99384063 0.99501675 0.99603075 0.99669546 0.99604297 0.9960781 0.9967404 0.9973554 0.9973066 0.9937449 0.9944468 0.9942594 0.9956311 0.9955105 0.9939024 0.99460006 0.9918113 0.9870513 0.98551357 0.98081297 0.9874399 0.9889561 0.98882186 0.9881599 0.9869844 0.9922638 0.988351 0.9854367 0.9885282 0.98790807 0.98757726 0.9880636 0.9839939 0.9829348 0.9858546 0.9860581 0.9900207 0.99205977 0.99064136 0.9907987
Nepoznat_SRP18923NNBeogradskeTajne-L2_15 0.9905193 0.9955882 0.9943656 0.98825413 0.98928887 0.997416 0.9962303 0.9943434 0.9917742 0.9896501 0.99105316 0.9934839 0.9897579 0.9895427 0.9915544 0.98828804 0.98850125 0.9903475 0.9918636 0.99093807 0.98666215 0.98837596 0.99250025 0.990458 0.9904055 0.98750335 0.9894867 0.9841913 0.9895672 0.9867501 0.9872257 0.9899867 0.9875389 0.97844905 0.97511137 0.9900844 0.98927885 0.9854095 0.9932804 0.99212795 0.9911989 0.98987854 0.9934183 0.98779756 0.9913497 0.9926435 0.990521 0.9913029 0.9919142 0.99100685 0.9940569 0.9938936 0.9935266 0.9955692 0.9953002 0.99258375 0.9933833 0.98809695 0.98978615 0.9934521 0.9940355 0.99038017 0.9947562 0.9946684 0.99353963 0.9938025 0.9948217 0.99615425 0.9951687 0.99529326 0.99470824 0.99712634 0.9969367 0.9942983 0.9961985 0.9935403 0.99550325 0.9959598 0.996491 0.99509823 0.99571854 0.99077654 0.9930337 0.99140036 0.98808646 0.99223703 0.98994905 0.99274254 0.9921585 0.9932135 0.99291474 0.9867655 0.9950046 0.99345 0.9933813 0.9947097 0.99484867 0.9942309 0.9948571 0.99379295 0.99343294 0.99237484 0.9915029 0.9901438 0.98784924 0.99218726 0.9874964 0.9887443 0.9913451 0.99064964 0.99029064 0.9901229 0.9911201 0.99111307 0.9922919 0.9891105 0.99410677 0.992821 0.99314445 0.99348736 0.9951494 0.99400246 0.99435234 0.9929229 0.9935043 0.99556077 0.9930341 0.9952972 0.99572456 0.9950138 0.9941503 0.9949817 0.99387014 0.9941036 0.9953002 0.985294 0.9902588 0.9917453 0.9912746 0.99183524 0.98898685 0.9865295 0.98882824 0.9953849 0.99215466 0.9915924 0.99688625 0.99717706 0.9978622 0.9963294 0.9940288 0.99502516 0.993301 0.99327385 0.99292064 0.99161935 0.9909277 0.98875403 0.98892033 0.9926329 0.991943 0.98977906 0.9902165 0.99092185 0.9914441 0.98845285 0.9902986 0.9915781 0.9935765 0.99197865 0.9910026 0.987045 0.98923874 0.98861647 0.9856577 0.98695666 0.990635 0.9861869 0.9846807 0.9926079 0.99004513 0.9874352 0.98758674 0.98861307 0.9849193 0.982205 0.9925947 0.99245507 0.99210584 0.9942375 0.9894237 0.9899899 0.985728 0.990661 0.9881444 0.9916313 0.99247545 0.9969213 0.99779165 0.99607116 0.9960856 0.99367255 0.99508965 0.99419546 0.9973784 0.9943833 0.99354994 0.9923775 0.9943454 0.9937038 0.9938868 0.992298 0.9909372 0.9918185 0.9934578 0.9891959 0.9927737 0.9907476 0.9902906 0.99281967 0.9933417 0.988723 0.9881636 0.9899788 0.99187195 0.99233073 0.99167496 0.993916 0.9935621 0.99451846 0.99195343 0.99013424 0.99254775 0.9920228 0.99418634 0.9940354 0.9935085 0.99370813 0.9929108 0.9936618 0.9915896 0.9843049 0.97572976 0.98388875 0.98753566 0.9945561 0.9929763 0.9977482 0.9977049 0.99663186 0.99789554 0.99681056 0.99719065 0.9999997 0.9965977 0.99851954 0.99755675 0.99764335 0.9981084 0.99597883 0.997492 0.9984113 0.995262 0.99502677 0.9968561 0.9954272 0.99569666 0.9958657 0.9955493 0.9925439 0.9923089 0.9937818 0.99464285 0.9935811 0.9955063 0.99483484 0.99746233 0.9955191 0.9917859 0.9942046 0.9943282 0.9976195 0.9972361 0.9947431 0.9948911 0.99713874 0.9963561 0.99676466 0.99680805 0.99406934 0.9961248 0.9964717 0.9974033 0.9958551 0.9976331 0.9974458 0.9972493 0.9966007 0.9975202 0.99776644 0.99733835 0.99171156 0.9860383 0.98972505 0.98699385 0.98639476 0.9861652 0.98762554 0.991177 0.9894103 0.99274266 0.9933159 0.9919799 0.993911 0.99528265 0.9936683 0.99647385 0.99480647 0.993976 0.99369955 0.9932455 0.99434316 0.9939711 0.99114805 0.98904055 0.9878592 0.98983437 0.9929316 0.9920869 0.9922442 0.9926093 0.9886718 0.98556423 0.984849 0.9905998 0.9870975 0.98733807 0.9949917 0.9926872 0.9920972 0.99303275 0.9910812 0.99272126 0.9884457 0.9837003 0.993413 0.99194044 0.9921518 0.9902148 0.9886799 0.9879864 0.98563665 0.9918236 0.99150723 0.9929393 0.99108034 0.99210924 0.98993367 0.98960984 0.98145163 0.99340063 0.99443847 0.99187005 0.9920253 0.99364394 0.99525225 0.99564284 0.9956006 0.99503726 0.9964698 0.9963182 0.99558175 0.99263114 0.9881537 0.9933902 0.9928323 0.992772 0.98927283 0.98909384 0.9825954 0.99244255 0.9821496 0.98356444 0.9906182 0.9856875 0.97938645 0.9812164 0.9834475 0.9941398 0.9823698 0.9918113 0.9865596 0.9926978 0.9934676 0.9861972 0.9871403 0.98667973 0.9852997 0.98840535 0.9878748 0.99181855 0.9953644 0.99382323 0.9935908 0.99276745 0.99392235 0.9937322 0.9932568 0.993268 0.9920689 0.9905774 0.99029183 0.9936591 0.9895983 0.99242336 0.99222565 0.99005 0.9936814 0.9956665 0.9940692 0.99622923 0.99399704 0.99625784 0.9969207 0.99496615 0.9977783 0.9964584 0.99594307 0.9909315 0.99465436 0.9951566 0.9942026 0.9947784 0.99555564 0.9954634 0.9953923 0.9955666 0.99130565 0.99771494 0.9948667 0.99567735 0.9957864 0.99639666 0.9946798 0.9935712 0.99244213 0.99258256 0.9901172 0.9926646 0.99363166 0.99289674 0.9947182 0.9909089 0.9910695 0.9943022 0.9930123 0.9924398 0.99400777 0.99416363 0.9961651 0.99727464 0.99463385 0.99565756 0.99752986 0.9967065 0.9972767 0.99796677 0.9976948 0.99607843 0.99681014 0.99510616 0.99585444 0.9983944 0.9953492 0.99337196 0.99406964 0.9956124 0.9961089 0.99444264 0.99760485 0.9975264 0.9968753 0.9977907 0.9962098 0.99596655 0.995971 0.9962769 0.9936259 0.9923357 0.9884797 0.9919113 0.9929076 0.99136066 0.9920003 0.9936028 0.9923382 0.98774076 0.98620474 0.98360175 0.9859507 0.9849196 0.98531514 0.9842766 0.9813191 0.99598724 0.9961896 0.9965881 0.99598306 0.99380493 0.9951653 0.99683315 0.99619067 0.99601036 0.99567264 0.99581015 0.9958658 0.9959753 0.9946893 0.9931269 0.994482 0.9876612 0.98218143 0.9798224 0.9756195 0.98157 0.9842278 0.98305166 0.9827454 0.9808769 0.98768806 0.98317325 0.9791964 0.9846486 0.98120004 0.9818454 0.9829799 0.9773717 0.9763669 0.97934985 0.98071855 0.9854563 0.99164027 0.9890433 0.9894102
Nepoznat_SRP18923NNBeogradskeTajne-L2_2 0.9874524 0.99354565 0.9903792 0.9819319 0.9846019 0.99620515 0.9936245 0.99156535 0.9894447 0.9871886 0.9881672 0.9918117 0.9861668 0.98602086 0.9903536 0.98542804 0.98643446 0.98843706 0.99092555 0.9890709 0.9840935 0.9852036 0.9923675 0.98926127 0.98872757 0.98374474 0.98758274 0.979939 0.987878 0.9837814 0.98366356 0.98898023 0.9848335 0.97600967 0.9714793 0.9902716 0.98918027 0.9838998 0.9920682 0.98919797 0.98822355 0.98616296 0.99080867 0.98303264 0.99009717 0.99176824 0.9876215 0.98775345 0.98932844 0.98622763 0.99115366 0.9908759 0.98893666 0.9914397 0.99104106 0.98944956 0.99025494 0.98591745 0.98604834 0.99041915 0.9907912 0.9871507 0.9932143 0.99278045 0.99281096 0.99289274 0.9917761 0.9949699 0.9921549 0.992398 0.9936985 0.9969356 0.9949065 0.9917762 0.99428564 0.99055535 0.996372 0.99632627 0.99350846 0.9925982 0.99486625 0.98585945 0.9889284 0.9849869 0.9809791 0.986049 0.9834248 0.98651934 0.9871161 0.9865308 0.9874575 0.98303884 0.99341315 0.9919903 0.99171495 0.99135727 0.9901573 0.98925006 0.9919542 0.9892382 0.9914895 0.9903142 0.9893743 0.9863745 0.9824984 0.9900401 0.98167646 0.9836723 0.98848003 0.98608613 0.9862481 0.98427516 0.98579127 0.9866802 0.98746777 0.9829139 0.9935616 0.99121964 0.99260664 0.9917966 0.9933291 0.99242 0.99425066 0.9925382 0.9913606 0.99460495 0.99005336 0.9947587 0.9963408 0.99455875 0.99268454 0.9940852 0.99129146 0.99152327 0.99423844 0.9826142 0.98779213 0.9892911 0.98834246 0.9840439 0.98103905 0.9764491 0.98016125 0.9926287 0.9907886 0.9896333 0.9952741 0.9965928 0.99489695 0.9942641 0.99462044 0.9959204 0.99416673 0.9940418 0.9919204 0.9903872 0.9884758 0.9829451 0.9823478 0.9878481 0.9863775 0.98580015 0.98463213 0.98646706 0.98692834 0.98323274 0.98574567 0.9886919 0.990245 0.98908275 0.9876495 0.9814301 0.98569417 0.983312 0.9793732 0.98079747 0.98960644 0.98400956 0.98232466 0.99106616 0.98804724 0.984228 0.98369575 0.98310924 0.9800829 0.9769517 0.99068856 0.9888346 0.9883944 0.9893167 0.9871191 0.98934627 0.9822504 0.9888392 0.9845633 0.98997724 0.99205536 0.9956968 0.9951045 0.9925199 0.9908247 0.9893168 0.9903819 0.98826087 0.99412674 0.98850083 0.9865277 0.98729813 0.9877603 0.9865044 0.98578566 0.9854522 0.98931164 0.9924159 0.99199796 0.9849402 0.9915372 0.9864935 0.9866937 0.9923449 0.99089324 0.98453104 0.98396677 0.98591375 0.98930496 0.99009943 0.9862849 0.9918952 0.9909951 0.9936493 0.9887552 0.99255854 0.9920652 0.99041843 0.99209994 0.9932024 0.9913924 0.9889573 0.9944797 0.98994875 0.988943 0.97836727 0.9703966 0.9789902 0.9832597 0.99184716 0.99091053 0.9961798 0.997084 0.9965604 0.9926862 0.9912974 0.9922551 0.9965977 1.0000001 0.9976269 0.9977111 0.9950091 0.997908 0.9959065 0.99704844 0.9971874 0.9932776 0.9963875 0.99491215 0.9935208 0.9935122 0.9935551 0.99293786 0.99006367 0.9901116 0.9910265 0.99384385 0.9900834 0.99383956 0.9937272 0.9968191 0.9946956 0.9884669 0.9915736 0.9907477 0.9970887 0.99775887 0.99275583 0.99111617 0.9959054 0.99603075 0.9973617 0.9970433 0.9936625 0.99612427 0.9961073 0.9960527 0.9933041 0.99702656 0.9951712 0.99375296 0.99494207 0.99521446 0.9957471 0.9952956 0.98838 0.9826472 0.9876524 0.9829769 0.98230594 0.9822318 0.9845592 0.99001014 0.9872195 0.99004203 0.992243 0.99036425 0.9920001 0.99373126 0.9915937 0.9951184 0.9922487 0.99411297 0.9935088 0.99064374 0.99211377 0.9909833 0.98702717 0.98348117 0.98083115 0.98328286 0.9905955 0.99019694 0.9905648 0.99103963 0.9823394 0.9782542 0.97707164 0.98373723 0.98041683 0.9795599 0.99442935 0.989919 0.98927194 0.9896237 0.9872 0.98932135 0.98344886 0.97927094 0.99128366 0.98691165 0.98794067 0.9873184 0.98401356 0.98282266 0.979839 0.99038094 0.9890578 0.99169326 0.98809516 0.99065566 0.98760134 0.98627603 0.97336483 0.9911112 0.99361026 0.98950857 0.9898696 0.9915447 0.99259466 0.99394536 0.9917665 0.992569 0.9939056 0.9918842 0.9917959 0.9908591 0.98461837 0.9922923 0.99164504 0.99163556 0.9856647 0.98647094 0.977828 0.9908312 0.9774373 0.9796268 0.9883294 0.98067063 0.9739562 0.9762806 0.9788889 0.993777 0.97868603 0.9901451 0.98295933 0.9913591 0.99133 0.98086154 0.98323053 0.9823208 0.9815735 0.9850023 0.9828764 0.98981756 0.9949129 0.9927081 0.99358517 0.9904188 0.99372137 0.99284416 0.9913988 0.9912745 0.98999214 0.9876755 0.9862766 0.9906159 0.98601294 0.99062455 0.99039996 0.9866541 0.9900129 0.99221843 0.9905789 0.9941956 0.99095726 0.9944583 0.9956894 0.99233764 0.9957249 0.9952752 0.99545497 0.9863872 0.99188304 0.99208754 0.9917256 0.9921355 0.99353176 0.9927373 0.99187535 0.9916651 0.9856594 0.99629587 0.9934094 0.99215263 0.99241716 0.9923245 0.98956263 0.9904485 0.98801285 0.9919746 0.9873558 0.99122083 0.99187773 0.98955595 0.9941421 0.99106145 0.99050236 0.9951795 0.9905039 0.9903673 0.9927824 0.9924767 0.99422157 0.9960102 0.99228805 0.99297947 0.9944012 0.99408704 0.9940388 0.99608105 0.99672526 0.99440295 0.9958451 0.99163264 0.99089986 0.9967177 0.9936204 0.9910351 0.99160624 0.99156433 0.9935947 0.9916773 0.9958169 0.99438715 0.993848 0.99611986 0.9925421 0.99160177 0.9940623 0.99682707 0.9909626 0.9886592 0.9841389 0.9886443 0.9890789 0.98716146 0.98818487 0.98910034 0.98814166 0.9843054 0.9839062 0.9801508 0.9832371 0.9806011 0.981583 0.98140913 0.9782982 0.9964071 0.9959809 0.9952173 0.9928551 0.988995 0.9922677 0.99490017 0.99257153 0.99253243 0.9970886 0.99621683 0.996415 0.9947709 0.992229 0.9919481 0.9912864 0.9841522 0.9765964 0.9734637 0.9686337 0.9780318 0.98077565 0.97840166 0.9790786 0.9753464 0.9829099 0.9786667 0.97268647 0.9789348 0.9750855 0.9766389 0.97704315 0.9698649 0.9695974 0.97295344 0.97500634 0.98049647 0.9921093 0.9882835 0.98936284
Nepoznat_SRP18923NNBeogradskeTajne-L2_3 0.9911753 0.9965484 0.9945696 0.9891143 0.99062955 0.99726206 0.9952685 0.99323106 0.9931045 0.990978 0.9923107 0.9946635 0.9909344 0.9909283 0.993049 0.98972994 0.99004143 0.99126613 0.9933077 0.99285424 0.9885616 0.9901113 0.9930675 0.99161434 0.99112034 0.98804414 0.99054706 0.9854109 0.99084944 0.98804355 0.9883414 0.9912725 0.98900944 0.98073125 0.9772856 0.99184716 0.99065113 0.9871773 0.995266 0.9939835 0.993413 0.9918842 0.99503493 0.98956186 0.99308205 0.994 0.99266154 0.99327415 0.9935842 0.9921351 0.99540746 0.99516326 0.9943544 0.9957571 0.99538666 0.99317026 0.9934927 0.9880049 0.9898839 0.9941111 0.99449897 0.99087733 0.99561703 0.99547386 0.9937254 0.99402773 0.99651176 0.99747443 0.9966887 0.99643624 0.996553 0.997488 0.99786276 0.995961 0.99751407 0.9949443 0.9969107 0.9970046 0.9972838 0.9964432 0.99693066 0.9918729 0.9938258 0.99222356 0.9894063 0.99310136 0.99092436 0.99330676 0.993412 0.9935156 0.9938975 0.9882725 0.9964996 0.99458855 0.99469745 0.9957012 0.9951947 0.99507827 0.9957772 0.99434197 0.99429893 0.9936714 0.9932182 0.99262965 0.99007493 0.9946581 0.98929083 0.9907201 0.9940355 0.9927251 0.99273217 0.9919212 0.9928353 0.9930797 0.9939532 0.99076515 0.9966363 0.9951435 0.9953929 0.99539363 0.9967321 0.9955844 0.99590236 0.99472976 0.9947441 0.9965678 0.9939969 0.9960376 0.9965205 0.996256 0.99512076 0.99603516 0.99499595 0.9952991 0.99640375 0.9870041 0.9914882 0.9928715 0.9923256 0.99200606 0.9896718 0.9866026 0.98949075 0.9961002 0.9940994 0.9938604 0.99790114 0.9981296 0.9983656 0.9976865 0.99494874 0.9958724 0.9944244 0.9934546 0.995592 0.9943053 0.9929024 0.99024653 0.9898825 0.99350536 0.99254835 0.9915811 0.99079955 0.99231577 0.99274087 0.98977363 0.9913296 0.9934988 0.9945536 0.9940288 0.99262345 0.9882755 0.9912347 0.9901405 0.98691875 0.9883761 0.9926599 0.98842776 0.98687476 0.99451536 0.9922522 0.98943484 0.98940563 0.9906105 0.9868235 0.98430383 0.99445486 0.9939492 0.99378073 0.9944079 0.99069375 0.9922891 0.9873301 0.99235564 0.9896059 0.99339145 0.99474466 0.9983727 0.9982921 0.99715275 0.99652565 0.9955441 0.9961448 0.99481326 0.99806434 0.9950514 0.99363434 0.99390286 0.9939993 0.9924351 0.9926745 0.99288785 0.99260026 0.99368966 0.9948473 0.9902179 0.9939127 0.99140006 0.99169666 0.9939963 0.993814 0.98920953 0.9884171 0.9904853 0.9930501 0.9936103 0.9927317 0.99530315 0.99465674 0.99596196 0.9930506 0.98984635 0.992236 0.9939766 0.9954376 0.9950991 0.9949835 0.9941141 0.9944895 0.9937131 0.9935047 0.9855749 0.9774602 0.98551804 0.9889567 0.99517673 0.9945525 0.99747294 0.9979531 0.99613774 0.99688536 0.99608594 0.9965209 0.99851954 0.9976269 0.9999993 0.9983488 0.99743634 0.9986991 0.9963169 0.99835503 0.9985865 0.996911 0.996806 0.9979307 0.9972648 0.9971396 0.9967617 0.99628377 0.99413764 0.9939877 0.995488 0.996844 0.99541104 0.99743533 0.9967772 0.99761516 0.9963111 0.9930951 0.9954113 0.9954077 0.9977743 0.997435 0.99607605 0.99473304 0.9972 0.9970559 0.99732053 0.997357 0.9950795 0.9965584 0.9973868 0.99758756 0.99651945 0.99800414 0.9978314 0.99729645 0.9974725 0.9978329 0.9981427 0.99785584 0.9928915 0.9884239 0.99132395 0.9887433 0.98794967 0.9882114 0.9893727 0.9920008 0.99058694 0.9934364 0.9953592 0.99414295 0.995608 0.9965296 0.99552435 0.997374 0.99637866 0.9956216 0.99533933 0.9946058 0.9956527 0.9949769 0.99305093 0.9902165 0.9888681 0.9904664 0.99427944 0.9942954 0.99412686 0.99445546 0.9888151 0.9857078 0.98444426 0.99123406 0.9879635 0.9880858 0.99660826 0.9942516 0.99386966 0.9943971 0.9922267 0.99376225 0.9898339 0.98504525 0.99502814 0.9927887 0.9933701 0.9911697 0.9898492 0.9885781 0.98610365 0.9929706 0.9928184 0.9942454 0.9918855 0.9926279 0.99081874 0.990063 0.98207855 0.99557203 0.9965556 0.99414927 0.99444294 0.9955393 0.9957322 0.99636763 0.99568784 0.99623406 0.99710155 0.9962355 0.99580604 0.994097 0.9895439 0.99502707 0.9943559 0.994719 0.99071205 0.9902719 0.9842701 0.9936585 0.9834364 0.98505247 0.9920705 0.9865469 0.98073673 0.9822982 0.98486 0.99565 0.9840636 0.9933815 0.98777336 0.99384654 0.99437034 0.9881106 0.98946196 0.9888343 0.9877311 0.9906822 0.9889429 0.9927966 0.9959383 0.9943639 0.99462223 0.9930437 0.9949841 0.9941301 0.9931125 0.99353456 0.99375147 0.992128 0.99117917 0.9944317 0.99190617 0.99420995 0.9937631 0.9915451 0.99526924 0.99668044 0.99567497 0.9975511 0.9959871 0.9975924 0.9983241 0.9968134 0.99755615 0.9970421 0.996962 0.9928212 0.9964642 0.9966993 0.996096 0.99630225 0.9967286 0.9964801 0.9967325 0.99640846 0.9923287 0.9980052 0.996284 0.9969869 0.9968191 0.9969594 0.9950436 0.9955356 0.994264 0.9950045 0.9920083 0.99455696 0.9951581 0.99433625 0.9963607 0.99359107 0.9936266 0.9961765 0.994535 0.99439967 0.9955282 0.9957631 0.99680084 0.9977944 0.9963343 0.99665886 0.9976124 0.9974052 0.99816144 0.99836826 0.9980481 0.99712574 0.9979328 0.99630415 0.99613106 0.9985973 0.9965841 0.9949502 0.9955859 0.99649274 0.9969419 0.9953101 0.99784833 0.99741864 0.9969129 0.9981683 0.99673015 0.9962478 0.9972557 0.9975304 0.9955704 0.99367005 0.9906871 0.99404943 0.99444646 0.99263054 0.9937045 0.994573 0.99374896 0.98984563 0.9886217 0.9850539 0.9879871 0.98665345 0.98711777 0.98619014 0.9836133 0.9972048 0.9970267 0.99758446 0.9969571 0.9948757 0.99678075 0.99759036 0.996972 0.99673307 0.9975039 0.99759483 0.99740726 0.99740267 0.99623436 0.9954333 0.9959055 0.9901462 0.98374593 0.9814743 0.9773046 0.98391473 0.9866455 0.98525274 0.98537755 0.98282087 0.98901653 0.98491657 0.9803429 0.9856742 0.98241377 0.983406 0.9844727 0.9786553 0.97792494 0.9810692 0.9823052 0.98672205 0.9931412 0.98951894 0.99028254
Nepoznat_SRP18923NNBeogradskeTajne-L2_4 0.99188447 0.9966074 0.99500203 0.98942035 0.99126214 0.99725187 0.99491495 0.9913784 0.99534476 0.9939649 0.994618 0.9966104 0.9932147 0.9932952 0.995546 0.99217486 0.9921876 0.9933817 0.9951994 0.9949345 0.99163157 0.99239534 0.9957272 0.9936662 0.9938068 0.99089855 0.9931948 0.9877208 0.99348235 0.9910144 0.99061584 0.994224 0.9916064 0.98431003 0.9808253 0.9936048 0.99255 0.9892894 0.99536955 0.9935906 0.9934156 0.99256957 0.99458253 0.98968124 0.99269295 0.9944845 0.9929396 0.993628 0.9948455 0.9934131 0.99657243 0.9962262 0.994673 0.99489063 0.99406946 0.9938482 0.99391335 0.98878026 0.9905026 0.995576 0.99543834 0.9916999 0.9967928 0.9961159 0.9938909 0.9942773 0.99581563 0.9974708 0.9957948 0.9962309 0.99677086 0.9980756 0.9971846 0.9967345 0.9979929 0.9961818 0.9981495 0.99804497 0.99728906 0.99711853 0.9970811 0.99120975 0.9930773 0.99211484 0.9886243 0.9924995 0.99092233 0.9927749 0.9936521 0.9920816 0.9932611 0.99089384 0.99629754 0.99590397 0.99568325 0.9958257 0.99428517 0.99435455 0.99553555 0.994308 0.9946789 0.9950494 0.9948297 0.99290377 0.99053466 0.99480355 0.9901245 0.99169207 0.9945173 0.99300796 0.99303484 0.99174875 0.9926127 0.99321246 0.9934655 0.99054575 0.99683726 0.99532413 0.99588233 0.9954852 0.9969069 0.99581516 0.9979826 0.9971266 0.9962742 0.9979712 0.99594855 0.99808776 0.99685764 0.9969407 0.9961836 0.99693483 0.9960435 0.9962336 0.99756855 0.9890372 0.9917955 0.9928516 0.99308 0.98980606 0.9885046 0.98446995 0.9875075 0.9968633 0.9958862 0.9954142 0.9968262 0.9973705 0.9974498 0.9972754 0.99446535 0.9952238 0.99358845 0.9922267 0.9962561 0.99510044 0.99415463 0.99004614 0.9896676 0.9931292 0.9927793 0.991549 0.9908464 0.9916499 0.9927896 0.9909093 0.9923604 0.994911 0.99491274 0.99480826 0.99380827 0.9898516 0.99329454 0.9913946 0.9885284 0.9895652 0.99447894 0.9906259 0.98943245 0.996023 0.9943759 0.99193186 0.9914226 0.990947 0.9889472 0.9864645 0.9957096 0.9944133 0.9944311 0.994618 0.9937311 0.9952334 0.9907194 0.995033 0.9922607 0.9956748 0.99666375 0.9980595 0.9969796 0.9967479 0.9942721 0.9939263 0.99492407 0.9928019 0.99662536 0.9929247 0.9916484 0.99277365 0.99178034 0.98982126 0.9901978 0.9917449 0.99463886 0.9958358 0.9963864 0.9924101 0.9958783 0.9931149 0.9932794 0.99573195 0.99519104 0.99043643 0.9899657 0.99220973 0.9944456 0.9943113 0.99322623 0.9963774 0.9953642 0.99642223 0.9942565 0.9919509 0.99320334 0.9949902 0.99522877 0.9946577 0.9946568 0.9932165 0.9944888 0.9928477 0.994542 0.98694324 0.9797953 0.98664355 0.98990077 0.9948088 0.9946068 0.997165 0.9989044 0.99564993 0.9963027 0.99609315 0.99583083 0.99755675 0.9977111 0.9983488 0.9999998 0.99782264 0.99901533 0.9979479 0.99868214 0.99889284 0.9956386 0.9967623 0.9970293 0.9972211 0.9973021 0.9966758 0.99506134 0.995003 0.9952127 0.9952203 0.9966405 0.99501294 0.99592084 0.9965844 0.9980311 0.9977283 0.99353606 0.99650776 0.9956748 0.9982343 0.99814755 0.9972253 0.9957255 0.99740374 0.9958218 0.9980914 0.99853164 0.996238 0.99755937 0.9985908 0.998293 0.99741614 0.9976135 0.9971114 0.99607986 0.99788034 0.99802786 0.99734765 0.996437 0.9945455 0.99061656 0.9940789 0.9910015 0.9905174 0.99039346 0.991795 0.9941621 0.9919274 0.9940115 0.996462 0.99590987 0.99647796 0.996547 0.9961414 0.9975613 0.9963263 0.9972211 0.99694794 0.9958661 0.9967343 0.9961854 0.9934975 0.99118954 0.9893954 0.9908388 0.99587375 0.99570215 0.9959307 0.99631023 0.98827773 0.9853849 0.9839499 0.9913215 0.9892713 0.9881667 0.99773324 0.99568576 0.99518955 0.99526197 0.9938353 0.9946785 0.99101704 0.98615235 0.9957439 0.9927666 0.99346596 0.99170905 0.9903945 0.9883041 0.9864503 0.99439174 0.9932145 0.99515975 0.9926491 0.99323815 0.99105364 0.9903339 0.98322254 0.9953903 0.9962074 0.99444646 0.99411285 0.995224 0.9956692 0.9958523 0.99486965 0.99581224 0.99699897 0.99585164 0.99583125 0.99552524 0.9913862 0.9961314 0.9960436 0.99588436 0.9919731 0.99274355 0.9862514 0.9952676 0.9863411 0.98795813 0.99428624 0.9891137 0.9840143 0.9852856 0.9875919 0.9968002 0.9860407 0.9941838 0.9899784 0.9952301 0.9950504 0.9897074 0.9916417 0.99086845 0.99013734 0.99236435 0.9905194 0.99305725 0.9962688 0.99454314 0.9957385 0.99382627 0.99604166 0.9953418 0.99476504 0.99447364 0.9954571 0.9929328 0.9919448 0.99505603 0.9926897 0.9946059 0.99444413 0.9918326 0.99472606 0.99686074 0.99578977 0.99784905 0.99604416 0.996415 0.99792707 0.99581754 0.99606985 0.9958798 0.99537486 0.9928895 0.9955653 0.9955864 0.99591887 0.9962407 0.9970123 0.99684453 0.99622154 0.99638295 0.99281424 0.9984904 0.99688727 0.99644375 0.99633455 0.9963222 0.994959 0.9946246 0.9925583 0.9958795 0.9932207 0.99598867 0.99585766 0.9950135 0.99709237 0.99511516 0.9952264 0.9968131 0.99602175 0.9954728 0.99671984 0.99631447 0.99747497 0.9983017 0.99693877 0.99682176 0.9974508 0.99728566 0.99742585 0.99862546 0.9974936 0.99789274 0.99872136 0.99643815 0.99584955 0.99794936 0.9975362 0.9962296 0.9968163 0.99631894 0.9975351 0.99706244 0.99880904 0.9981171 0.9975518 0.99687266 0.9959883 0.9962106 0.99701214 0.9981225 0.9955346 0.99458736 0.9916024 0.9943628 0.9948119 0.9932721 0.9943066 0.9945338 0.994256 0.991 0.98972636 0.98601615 0.9889354 0.9882084 0.98820907 0.98757166 0.983857 0.99647367 0.99715674 0.9973536 0.9967097 0.9946597 0.99632007 0.99741954 0.99632317 0.9963392 0.99768984 0.9964885 0.9974241 0.99666107 0.99605083 0.99605966 0.9954125 0.9914681 0.9860641 0.9837041 0.9797355 0.98696935 0.9890215 0.9875184 0.9878598 0.98513997 0.99077886 0.9873552 0.9827551 0.98816943 0.98448414 0.98611724 0.98681253 0.9805592 0.98050094 0.98319215 0.98504174 0.989063 0.992873 0.98939097 0.99106336
Nepoznat_SRP18923NNBeogradskeTajne-L2_5 0.9953181 0.9974948 0.99765104 0.9932762 0.9940403 0.9979175 0.9972185 0.9948616 0.993311 0.99328893 0.9938621 0.9955218 0.99232715 0.992153 0.99522275 0.992801 0.9933232 0.9949091 0.99538624 0.9937369 0.9902487 0.9920396 0.99440706 0.99291706 0.9936693 0.99118245 0.99312985 0.98817474 0.9928162 0.9904134 0.991092 0.99291676 0.99109364 0.9859809 0.9833008 0.994393 0.9939198 0.9913995 0.9953399 0.99427515 0.9939462 0.9931088 0.99553907 0.9920621 0.99450684 0.994949 0.99365515 0.9945753 0.994397 0.9945403 0.99596536 0.99572176 0.995442 0.99659866 0.99508405 0.9964001 0.9965894 0.9929421 0.9943543 0.9970778 0.99746907 0.994532 0.9968866 0.9966178 0.99518836 0.99556625 0.99597245 0.9960139 0.9949811 0.99566334 0.9966436 0.9956973 0.99608195 0.9954331 0.9966954 0.9953885 0.9959476 0.99660283 0.9976573 0.9956328 0.9959554 0.99368906 0.99535114 0.99282783 0.9907228 0.9932795 0.99183816 0.9940001 0.9938953 0.99468756 0.99498475 0.9919579 0.9969439 0.9960977 0.9957601 0.9967509 0.9960891 0.9955692 0.9962954 0.99589944 0.9957311 0.995694 0.9948732 0.9919978 0.99050635 0.99524385 0.9916702 0.9922811 0.9942807 0.9933285 0.9928392 0.99261504 0.99376863 0.99438936 0.9944504 0.9923599 0.9954416 0.9936388 0.9934933 0.99379057 0.9951037 0.99338347 0.9961449 0.9943964 0.9946855 0.9960086 0.9953498 0.99555486 0.995691 0.9955014 0.9952981 0.9954642 0.9951065 0.99570525 0.9958101 0.9914033 0.99412644 0.99554914 0.995201 0.99282116 0.9912622 0.98847556 0.990826 0.99661887 0.994001 0.9937676 0.9967902 0.9960124 0.9973565 0.996204 0.99522084 0.99399924 0.9930757 0.9916707 0.99591446 0.99500173 0.9943025 0.99233156 0.99241525 0.9926993 0.9939375 0.99057263 0.9918805 0.99171567 0.99279046 0.9923032 0.99421287 0.9946321 0.99622685 0.9945425 0.99447536 0.99039793 0.9922 0.99179006 0.9892577 0.9910742 0.9941841 0.9913801 0.99039114 0.99595386 0.99391055 0.9922223 0.9918773 0.9913652 0.98895925 0.9859575 0.995697 0.99529237 0.9946476 0.9966963 0.9936602 0.9930134 0.99033594 0.9940219 0.9925548 0.99430686 0.99495804 0.9970515 0.99667376 0.9970419 0.99585 0.99411404 0.9954539 0.99455655 0.9974172 0.9941097 0.99404293 0.9928059 0.99376756 0.9921604 0.9929393 0.9929114 0.99517226 0.9954108 0.9964867 0.99364096 0.9955968 0.99512696 0.9935496 0.99642795 0.9968894 0.99409044 0.9936837 0.9949545 0.9962895 0.99647754 0.994333 0.99688303 0.99716157 0.99699193 0.99614424 0.99051815 0.9929157 0.99591446 0.9970555 0.9956198 0.9960996 0.99615234 0.99353397 0.9959284 0.9956389 0.9881755 0.97909486 0.98732 0.99019766 0.9962853 0.9959905 0.997922 0.9970804 0.99280566 0.9972143 0.99688256 0.9974016 0.99764335 0.9950091 0.99743634 0.99782264 1.0 0.9980797 0.995153 0.99612206 0.9971122 0.9950731 0.9945489 0.99621195 0.9959123 0.99653685 0.9961353 0.9950769 0.99603605 0.99481916 0.99640346 0.9955302 0.995448 0.99502134 0.995667 0.99750215 0.9970275 0.99454665 0.99623096 0.99646896 0.9977235 0.99646825 0.9976078 0.9969436 0.9969464 0.9944888 0.9960715 0.99632835 0.9938908 0.9971976 0.99767494 0.99778336 0.9981444 0.9970771 0.9976087 0.99741435 0.9972904 0.9983976 0.9971196 0.99622816 0.9927495 0.98791736 0.99134004 0.98879635 0.9885418 0.98804945 0.98941344 0.99527556 0.99460405 0.996094 0.9947547 0.9945514 0.99573463 0.9960758 0.9953637 0.99677306 0.9959993 0.99578434 0.99692273 0.996083 0.9968983 0.99623364 0.9943417 0.9930352 0.99146366 0.9930614 0.9958962 0.99521244 0.9951887 0.9953264 0.993075 0.99042845 0.99005824 0.9925791 0.9892702 0.98890597 0.99662733 0.99511606 0.9947698 0.995656 0.99466103 0.9955423 0.99284333 0.98913133 0.9961312 0.9946569 0.9948909 0.993256 0.99252343 0.9916865 0.9901121 0.99501055 0.99502265 0.9960124 0.99445236 0.9952656 0.9936959 0.9930977 0.98505914 0.9940002 0.99428993 0.99387795 0.993023 0.99393284 0.9951054 0.9937699 0.99348336 0.99403393 0.9958168 0.99589336 0.99609417 0.9963981 0.9923748 0.9956045 0.9960883 0.9953845 0.99292886 0.9938009 0.98766124 0.9959496 0.9880889 0.98914045 0.99465626 0.9909486 0.98536503 0.98727965 0.9888086 0.9967712 0.98830557 0.9950198 0.9911001 0.9956188 0.9961329 0.9900467 0.9902453 0.98943746 0.98894584 0.9923692 0.99227595 0.9936241 0.9953366 0.9936091 0.994346 0.9939755 0.9944715 0.9948867 0.99499553 0.99473065 0.99509597 0.9936263 0.9927959 0.9950637 0.99195635 0.9940513 0.9931066 0.9915246 0.99461377 0.9968355 0.99522805 0.99746597 0.9950695 0.9955334 0.99664885 0.99493766 0.9960929 0.99458873 0.9939925 0.9930241 0.99506307 0.99559325 0.9956034 0.9965213 0.99643505 0.9957111 0.99565935 0.9963053 0.9924418 0.9966279 0.9937573 0.99498713 0.99505293 0.9952728 0.9941112 0.99310535 0.991894 0.99295187 0.9910185 0.99391514 0.99398696 0.99355376 0.99472046 0.9916052 0.9925123 0.993819 0.9948182 0.99402356 0.99503636 0.99496055 0.99617714 0.99614924 0.99493766 0.9966686 0.99785346 0.99651504 0.9972412 0.99801517 0.996916 0.99697095 0.9971101 0.995525 0.99621147 0.99765396 0.99714 0.9959338 0.99536353 0.9962232 0.99695194 0.99720764 0.9988839 0.9989973 0.9988514 0.9971241 0.9974884 0.99844253 0.9968803 0.99666584 0.9957585 0.99572825 0.992476 0.9945162 0.99600124 0.9948975 0.9948405 0.9966663 0.9952928 0.9928429 0.9918549 0.98976916 0.99157596 0.9901329 0.9906792 0.99044454 0.98777336 0.9935468 0.9943556 0.99538153 0.9957494 0.9943852 0.9953043 0.99605453 0.99660486 0.99565405 0.9945887 0.99404436 0.9945647 0.9943176 0.9938759 0.993399 0.9935974 0.9911713 0.9863817 0.98348176 0.97899705 0.98662627 0.9885255 0.9875745 0.9872688 0.9852785 0.9918277 0.9881587 0.98412406 0.9886188 0.98641074 0.9867468 0.9870286 0.9825224 0.9810282 0.98409426 0.98545986 0.99000245 0.99481404 0.99312174 0.9933583
Nepoznat_SRP18923NNBeogradskeTajne-L2_6 0.9922851 0.9967987 0.9950659 0.98921216 0.9909516 0.99793947 0.9958996 0.9935897 0.9933411 0.9919053 0.9928403 0.99547714 0.99120927 0.99112403 0.994417 0.99093956 0.9914768 0.99300396 0.9949655 0.99360603 0.9892222 0.99077904 0.9951974 0.99335974 0.99316716 0.9893178 0.99232936 0.9864095 0.9919754 0.9890058 0.9892607 0.99272656 0.98990655 0.9822834 0.9787461 0.9935187 0.9926722 0.98880905 0.99514484 0.99388784 0.992996 0.991333 0.9946217 0.98924196 0.99338055 0.9947941 0.9925011 0.9930638 0.9938215 0.9920617 0.99555993 0.9952047 0.9938785 0.9952329 0.994434 0.99435604 0.99479276 0.9900252 0.9914774 0.99537504 0.99568015 0.99240786 0.99633735 0.99571085 0.9949487 0.99527687 0.99555683 0.9968741 0.9952995 0.9962429 0.9970301 0.9978278 0.99696606 0.9953737 0.99710995 0.9946427 0.99764466 0.9972691 0.99704075 0.9963018 0.9970383 0.99173385 0.9939838 0.990767 0.9880282 0.9916082 0.98966634 0.9922639 0.99251175 0.9923923 0.99306357 0.9892534 0.9960211 0.9954147 0.9947339 0.99536765 0.99433434 0.99405336 0.9948413 0.99323916 0.9942358 0.9943803 0.99384224 0.9915207 0.988982 0.99438834 0.9887089 0.990135 0.9935484 0.9919533 0.9918978 0.99101204 0.9919382 0.99253786 0.9930837 0.98993295 0.9961986 0.99468666 0.9955577 0.99529105 0.9963932 0.9949825 0.99686974 0.9954955 0.99523115 0.9973712 0.99474674 0.9970536 0.9976112 0.99720347 0.99638355 0.9970575 0.9955309 0.9959166 0.99730456 0.9882198 0.99236906 0.99351144 0.9929707 0.9902215 0.98828787 0.98467654 0.9877799 0.99625933 0.99437386 0.9939304 0.9974973 0.99804205 0.9978476 0.9971691 0.9960318 0.996595 0.9955075 0.994436 0.9956051 0.994443 0.9933402 0.9896914 0.98929024 0.99180996 0.9914441 0.9899379 0.98976076 0.9908112 0.9914389 0.9893318 0.991119 0.9933705 0.99396724 0.99353564 0.9923127 0.98754835 0.9906701 0.9891177 0.9860074 0.9876402 0.99336207 0.989113 0.9878745 0.99542326 0.9930275 0.99014914 0.9901363 0.9894003 0.9862478 0.98346007 0.99470335 0.99370563 0.99327195 0.9942978 0.9915431 0.99284375 0.9878845 0.9928887 0.99030596 0.9942439 0.99536395 0.9982345 0.9978451 0.9966551 0.99503016 0.9939182 0.9950966 0.993647 0.997401 0.9934457 0.9921484 0.99260205 0.9923534 0.99065363 0.9909684 0.9914633 0.9933052 0.99498516 0.99557376 0.9907819 0.9946901 0.99192953 0.9916162 0.9952343 0.9946718 0.98991895 0.989438 0.99136484 0.9936375 0.9940103 0.99209553 0.9957745 0.99479187 0.9959952 0.993175 0.9926728 0.99427617 0.99466723 0.9955049 0.9959354 0.995218 0.9939013 0.9951242 0.9939322 0.9936537 0.98483014 0.9766742 0.9848554 0.9883693 0.9955681 0.9949596 0.9976812 0.9988255 0.99659896 0.9964734 0.9959756 0.99660194 0.9981084 0.997908 0.9986991 0.99901533 0.9980797 0.99999994 0.997165 0.99840724 0.9985577 0.9954536 0.99661106 0.99696845 0.99660593 0.99661326 0.996224 0.9951756 0.99477154 0.9946033 0.995633 0.9966296 0.99492484 0.9965298 0.99650335 0.9981378 0.997361 0.9933649 0.995467 0.9953004 0.99819314 0.99806714 0.9965705 0.9950928 0.9978205 0.99641275 0.9982407 0.99813575 0.9959618 0.99755865 0.998256 0.9978997 0.9972924 0.9981321 0.99763024 0.9969169 0.9978343 0.9976206 0.9978128 0.9973712 0.9919696 0.9875814 0.99116206 0.9880536 0.9872084 0.9874673 0.98875684 0.99399203 0.9921714 0.9943737 0.9951025 0.99417615 0.995589 0.9964304 0.99524564 0.9974065 0.9962064 0.9963479 0.9961072 0.9943908 0.9957059 0.9947589 0.9926747 0.99028206 0.9884391 0.99005455 0.9951431 0.99475116 0.99473894 0.9951739 0.988883 0.9856092 0.9846117 0.9900582 0.9871145 0.986635 0.9974763 0.99480355 0.99434406 0.9949186 0.9928855 0.99442226 0.99031657 0.98603714 0.9956157 0.9928367 0.9935487 0.9921897 0.99031633 0.98909897 0.9867269 0.99435353 0.9935146 0.995297 0.99277925 0.99397707 0.9918829 0.99060154 0.98063993 0.9950038 0.99637693 0.9939608 0.99418163 0.99516034 0.99591184 0.9950925 0.9943144 0.99487287 0.99614406 0.9951178 0.9952839 0.9949342 0.9902189 0.9956845 0.9953936 0.9950295 0.99097675 0.99171764 0.98439986 0.9947438 0.9844302 0.98580384 0.9927829 0.9873185 0.98124176 0.98317575 0.98537046 0.9968503 0.9851681 0.9942421 0.98874736 0.9952584 0.9953943 0.98736113 0.98895186 0.98812526 0.9873227 0.9903563 0.98911655 0.99348927 0.996745 0.99511045 0.99582446 0.9940089 0.9960196 0.99533266 0.99454856 0.9946941 0.9943622 0.9923147 0.9912448 0.99437207 0.9910922 0.9937267 0.99351954 0.99058485 0.9939441 0.9961912 0.9949465 0.9972765 0.99528307 0.9972676 0.99799466 0.9961313 0.9970445 0.99644667 0.9962229 0.9916706 0.9952604 0.99553466 0.99526656 0.99598926 0.9963267 0.99596393 0.9956963 0.99552107 0.991181 0.998038 0.9959916 0.9958281 0.9958224 0.9960773 0.9940082 0.9940704 0.99270934 0.99476457 0.99142516 0.9942683 0.99510425 0.99380183 0.9964305 0.9936923 0.9936695 0.99650776 0.99441177 0.9944657 0.9958422 0.99583596 0.9970804 0.99785405 0.99591076 0.9961677 0.99783343 0.9971871 0.99753404 0.9984184 0.99834687 0.9972547 0.9983984 0.9956273 0.9953299 0.9980345 0.996628 0.99538827 0.99545616 0.99569464 0.9968368 0.99582577 0.9983514 0.99795103 0.9978361 0.997301 0.996635 0.9961115 0.99713933 0.9982034 0.9953724 0.9939904 0.9903632 0.99345785 0.9939569 0.9920387 0.9934345 0.99416363 0.99356234 0.9905202 0.9899 0.9864423 0.98920286 0.98734534 0.9882521 0.9878084 0.9848218 0.99695957 0.99691236 0.9969022 0.99593127 0.9938129 0.9956977 0.99719185 0.9962928 0.99585366 0.99744636 0.99688494 0.99707144 0.9964979 0.9952095 0.9944497 0.99429256 0.98993456 0.9836527 0.98070616 0.9762956 0.9841308 0.98652875 0.98513836 0.98518527 0.98242825 0.98901534 0.9851684 0.9801313 0.9855829 0.9826301 0.9835626 0.98411465 0.97832876 0.97765017 0.9808597 0.982301 0.98696417 0.9939414 0.99073195 0.991283
Nepoznat_SRP18923NNBeogradskeTajne-L2_7 0.9861354 0.9926005 0.99106574 0.98452944 0.9868255 0.9948597 0.99367964 0.9880561 0.9923446 0.9901494 0.99100286 0.9934164 0.98977065 0.9897263 0.99162894 0.98749524 0.98728997 0.9884275 0.99085397 0.9916426 0.9879396 0.9884303 0.9931291 0.99045366 0.990769 0.98739773 0.98978275 0.9836511 0.9899871 0.987586 0.9871929 0.9915774 0.9882244 0.97726035 0.9732665 0.98902106 0.98749167 0.98400444 0.9909689 0.9897798 0.989371 0.98822176 0.9901233 0.98440576 0.9877251 0.98987436 0.9887359 0.98955846 0.9912074 0.9890199 0.9938971 0.9935413 0.9918114 0.99080974 0.99131244 0.9893644 0.98906577 0.9838506 0.9851732 0.99267834 0.99258876 0.987376 0.99269813 0.9915031 0.98976344 0.98985523 0.99221027 0.9949851 0.9926556 0.99366695 0.9940832 0.99634683 0.99482626 0.994484 0.99604183 0.99358696 0.9956082 0.9954385 0.9940593 0.995023 0.9951458 0.98663706 0.988701 0.9884628 0.98460996 0.9889838 0.9870217 0.98927844 0.9902268 0.98806983 0.9895522 0.9861447 0.99366075 0.9945832 0.9935241 0.99350107 0.99278975 0.9921319 0.9941879 0.9917207 0.992712 0.9924889 0.9926738 0.99023706 0.9872236 0.99126476 0.98647696 0.9883497 0.9916895 0.99008685 0.9901044 0.98817635 0.9891478 0.9894413 0.990502 0.9864994 0.9939998 0.9934189 0.9946225 0.99369246 0.9957605 0.99497277 0.995829 0.99512124 0.9939371 0.99593484 0.99345934 0.996231 0.9932259 0.993602 0.9927611 0.9937991 0.99251574 0.99277556 0.99442613 0.98333263 0.98645556 0.9877818 0.98785204 0.985927 0.98440933 0.98074067 0.98376304 0.99371386 0.9935512 0.9932866 0.99429286 0.99494797 0.99539655 0.9953954 0.989941 0.9924335 0.9910368 0.98965764 0.9933214 0.99171096 0.9908004 0.98488396 0.984818 0.98985434 0.9884908 0.98799086 0.98679763 0.9881477 0.9890497 0.9867423 0.98766863 0.9909528 0.9910343 0.9910787 0.9896556 0.9857011 0.98975205 0.9873273 0.984203 0.98514116 0.989902 0.98551124 0.98403275 0.99181634 0.9907274 0.9874805 0.98721087 0.9873678 0.9860311 0.98346615 0.99137986 0.98998296 0.9909324 0.9900615 0.98935723 0.99198765 0.9868462 0.99152815 0.9879738 0.9922967 0.99372256 0.9951942 0.9940647 0.9935867 0.99114054 0.9907289 0.99158084 0.98934466 0.9930184 0.9903653 0.9888559 0.99034965 0.9892224 0.98745185 0.98741436 0.98864824 0.99027944 0.9919343 0.9924965 0.98816574 0.99190176 0.9884878 0.9890038 0.99116874 0.99077916 0.98606503 0.98576313 0.98791254 0.99057084 0.9906187 0.9893807 0.99281126 0.99137163 0.9932927 0.99013466 0.98848075 0.9894996 0.9914606 0.99170107 0.9913633 0.9916114 0.990243 0.9920941 0.9888004 0.99099797 0.9831231 0.97655445 0.98288697 0.9868184 0.9921803 0.9913386 0.9932352 0.99770623 0.99486065 0.9937469 0.99349093 0.9924928 0.99597883 0.9959065 0.9963169 0.9979479 0.995153 0.997165 0.9999999 0.99739516 0.99831724 0.99365366 0.9950056 0.9948532 0.9949165 0.9953881 0.9960615 0.9947952 0.99100614 0.9917549 0.99111897 0.99310064 0.9912201 0.99287224 0.993225 0.99509937 0.9949391 0.9905616 0.993675 0.9921029 0.9958852 0.99549896 0.9948715 0.9918403 0.996304 0.99505967 0.996338 0.9970706 0.9967131 0.9943631 0.99648374 0.995518 0.99463236 0.99544525 0.9944373 0.9932358 0.9952107 0.995537 0.99520034 0.99419755 0.99302167 0.9883541 0.99306935 0.9886117 0.9879244 0.98788637 0.99052745 0.98911476 0.9860198 0.98923373 0.99423814 0.99304676 0.99313486 0.9926676 0.9920926 0.99507964 0.9930918 0.99327296 0.99284333 0.99132633 0.9925002 0.99232054 0.989237 0.9866115 0.98515713 0.9861648 0.99264985 0.9923459 0.992707 0.9928348 0.9826075 0.97938955 0.97743475 0.98773295 0.9860727 0.9849804 0.9946681 0.99270433 0.992103 0.9921574 0.9902229 0.9905137 0.9865569 0.9812781 0.9917364 0.988786 0.98973405 0.9874375 0.9862218 0.9837866 0.9813131 0.9900796 0.98839563 0.99087787 0.98801494 0.98884916 0.98594177 0.98534703 0.97855604 0.993132 0.99399376 0.99164057 0.9920563 0.9930888 0.9933614 0.99353874 0.9926333 0.99357533 0.99415517 0.9923345 0.9922702 0.9907662 0.98627746 0.9918897 0.99153435 0.9915014 0.9867327 0.9876568 0.9802589 0.99045587 0.9804 0.9824478 0.9897116 0.98368955 0.97830075 0.9788718 0.9820933 0.99270886 0.9793923 0.9894852 0.9843354 0.990749 0.990376 0.98539305 0.98881036 0.987956 0.98653847 0.988199 0.9857816 0.9893498 0.9934309 0.99099576 0.99256897 0.9901363 0.99314624 0.99202985 0.99100107 0.9908057 0.9920241 0.9890864 0.9882859 0.99079263 0.98914903 0.9914231 0.99143 0.98880345 0.992287 0.9950951 0.9937632 0.9953123 0.9937101 0.9950128 0.99670076 0.9939077 0.9952134 0.9963555 0.99536395 0.9895898 0.99315524 0.99273276 0.99322546 0.99323076 0.99560785 0.99545914 0.99411297 0.9927572 0.98931617 0.9961806 0.9953621 0.9947396 0.9933124 0.9940304 0.9923326 0.9927663 0.9907487 0.99384624 0.9911097 0.99368674 0.99348426 0.9926955 0.99522245 0.9937306 0.99326164 0.9949332 0.9937093 0.9940686 0.99646026 0.994534 0.9960542 0.996434 0.995589 0.9938852 0.9943223 0.9945461 0.99503875 0.9958644 0.99596447 0.995759 0.99738353 0.9941065 0.99302995 0.9953868 0.9948901 0.9925311 0.9941994 0.993924 0.9948233 0.994425 0.9959412 0.99575675 0.99466753 0.99512815 0.9938813 0.9933068 0.99525994 0.9961226 0.9924025 0.991166 0.9882658 0.9914081 0.9917046 0.98945326 0.9913327 0.99137914 0.9910698 0.9861328 0.9847107 0.98049754 0.98397976 0.98322195 0.9830602 0.98234123 0.97797793 0.99454767 0.9954269 0.99524814 0.99404436 0.99186635 0.9936538 0.9945891 0.9932116 0.9938499 0.99535096 0.9941326 0.9953503 0.9947156 0.9939062 0.99367356 0.9935617 0.987616 0.9816507 0.9794095 0.975795 0.9823398 0.9846111 0.98284113 0.9833957 0.9806739 0.98701996 0.9833892 0.97826874 0.98516303 0.9796771 0.9819908 0.9831092 0.975942 0.9760613 0.9788064 0.9811664 0.9854271 0.9883085 0.9834978 0.9854189
Nepoznat_SRP18923NNBeogradskeTajne-L2_8 0.98910207 0.9954385 0.99311155 0.98712176 0.98934776 0.9951627 0.99270356 0.9900332 0.99402493 0.9915822 0.9927021 0.99509877 0.99157643 0.99177825 0.99313426 0.9895686 0.9892684 0.99061644 0.992959 0.9936618 0.98972297 0.99060184 0.99431276 0.99233806 0.9919162 0.988716 0.9911557 0.9860183 0.99162114 0.98893577 0.9888038 0.9926425 0.9896047 0.9800202 0.97612405 0.99136883 0.9901509 0.98613095 0.99471253 0.9933979 0.99277335 0.991583 0.9939271 0.9884257 0.99158293 0.9936658 0.99216145 0.9927595 0.99406123 0.99187404 0.9957044 0.99541116 0.9937443 0.99419653 0.99427557 0.99198484 0.99207455 0.9858727 0.98802364 0.9930946 0.9929248 0.98961633 0.9953802 0.99468386 0.9920865 0.9926978 0.9957241 0.9975248 0.9959599 0.9966769 0.9956892 0.9980588 0.9962368 0.9954815 0.99654174 0.9944254 0.99690044 0.99629486 0.995873 0.99661857 0.9957423 0.9899729 0.9921695 0.99214286 0.98810405 0.99245656 0.9903637 0.99250025 0.9930532 0.9920867 0.9927831 0.98807615 0.9942286 0.99334306 0.99315363 0.9941288 0.99283075 0.9934307 0.99366146 0.9920708 0.99193764 0.99223584 0.99231625 0.99255013 0.98996806 0.9936103 0.9887412 0.9905268 0.99359196 0.9922807 0.9926727 0.99127793 0.991984 0.99197406 0.9929349 0.9897238 0.9960422 0.995503 0.99605876 0.9958343 0.99685943 0.99570394 0.9964808 0.9957363 0.9954036 0.9971495 0.99420553 0.9973317 0.9960673 0.9963531 0.9953306 0.9960978 0.99528307 0.9953337 0.9967345 0.985449 0.9897007 0.99074113 0.9908946 0.990479 0.98851633 0.98505944 0.9879036 0.99623024 0.9952979 0.9947098 0.99697 0.9975886 0.9975495 0.9974204 0.99314153 0.9956934 0.99372727 0.9929376 0.9949277 0.9941337 0.9928908 0.98852956 0.9879451 0.99306893 0.99166423 0.9911041 0.9903227 0.9915753 0.99222416 0.9892669 0.9903632 0.9933061 0.99303985 0.9935865 0.99179626 0.98816156 0.9916238 0.9898966 0.98683035 0.9875106 0.99205554 0.98776734 0.98618114 0.99446195 0.99262804 0.9897992 0.9900083 0.9905504 0.9876778 0.98526835 0.9937992 0.9927857 0.99333644 0.99297845 0.9907298 0.99334526 0.98789597 0.9929046 0.9897133 0.9941543 0.99506766 0.9978929 0.99737424 0.9964198 0.99471945 0.9944416 0.9952922 0.99309266 0.99643195 0.9940666 0.9924799 0.99349874 0.9930726 0.9913577 0.99150735 0.9921732 0.9923415 0.9938746 0.9946102 0.9900112 0.994389 0.99059135 0.9912885 0.9931874 0.99253094 0.9865125 0.9857442 0.9888491 0.99175614 0.9916155 0.9924185 0.9942771 0.99261105 0.99404 0.9911178 0.9906761 0.9927768 0.99342805 0.99367493 0.9940895 0.9938206 0.99226296 0.99416167 0.9919956 0.99313694 0.9858506 0.9792416 0.98630834 0.98981327 0.9948211 0.9937356 0.9961475 0.9988243 0.99689615 0.9961618 0.9961635 0.9956862 0.997492 0.99704844 0.99835503 0.99868214 0.99612206 0.99840724 0.99739516 0.99999964 0.999074 0.9953181 0.99631286 0.99680907 0.9970188 0.99677646 0.99563515 0.99439245 0.993546 0.9940604 0.9943614 0.99658895 0.994784 0.996439 0.9964097 0.99681944 0.9964789 0.9925971 0.995302 0.9946243 0.9971973 0.997162 0.9951643 0.9939548 0.9967307 0.9957824 0.99740744 0.9976071 0.995343 0.99622875 0.9968838 0.9970388 0.9959861 0.99684846 0.99647415 0.9956171 0.99720705 0.9966769 0.9969024 0.9962858 0.9934263 0.98955554 0.9923567 0.99008495 0.9890789 0.98941356 0.99001604 0.9915457 0.98893327 0.991827 0.99571913 0.99461097 0.99553823 0.99571544 0.9951359 0.9969414 0.9959203 0.99584264 0.99471194 0.99369997 0.99469304 0.994177 0.99234694 0.98980093 0.9883417 0.9897181 0.9940896 0.99425477 0.994361 0.9947705 0.9859691 0.982917 0.98124486 0.99073136 0.9884736 0.98817784 0.9969564 0.9948013 0.9941156 0.9941373 0.9921801 0.9934309 0.989252 0.9845011 0.9947133 0.9920188 0.9927892 0.99079025 0.98923063 0.9871873 0.98509806 0.9929815 0.9916965 0.99349374 0.99106663 0.99159545 0.98915046 0.988427 0.9809591 0.9957192 0.99666977 0.99382216 0.9942421 0.99538755 0.99593055 0.9968365 0.9961439 0.99670774 0.9972045 0.9957539 0.9954372 0.9932953 0.98887104 0.99462354 0.9940826 0.9943728 0.9899448 0.990023 0.9830537 0.99300385 0.98269933 0.984383 0.9917141 0.9858548 0.9801232 0.98116916 0.9840667 0.99533397 0.9827658 0.9924858 0.98741865 0.99350494 0.99336475 0.9880172 0.99041754 0.9897221 0.98832595 0.9904746 0.98840094 0.9926094 0.99573535 0.99456835 0.99532765 0.9931971 0.9955022 0.9946592 0.993338 0.9935045 0.99380386 0.99129415 0.990527 0.99367756 0.99166644 0.9931222 0.9932307 0.9907866 0.9942459 0.99570334 0.99478555 0.99692714 0.99548256 0.9968051 0.99743396 0.9965457 0.99605876 0.99599594 0.9955929 0.9920908 0.99555254 0.99545085 0.9953737 0.99559087 0.99554366 0.9961002 0.99575293 0.9956328 0.99221253 0.99805844 0.9978693 0.997351 0.99637556 0.996705 0.99522465 0.9958766 0.9940056 0.9966724 0.9939749 0.99618423 0.9961724 0.9955139 0.99762285 0.9957199 0.9954655 0.99774593 0.99421155 0.9939266 0.9951037 0.9949289 0.99616057 0.9979459 0.99673146 0.99589396 0.9969691 0.9975179 0.99777865 0.997962 0.9975526 0.99773484 0.9984417 0.99677616 0.9962036 0.9979522 0.9962977 0.9952369 0.99622864 0.9963042 0.9971507 0.9952425 0.99727947 0.9967988 0.9961708 0.9956726 0.9949776 0.9945582 0.99591804 0.99699384 0.99505854 0.9933548 0.99055314 0.993866 0.9937723 0.9920602 0.9937012 0.9936767 0.9935476 0.98892474 0.9875938 0.9834162 0.9866603 0.9859356 0.9860298 0.9846413 0.9813837 0.99776316 0.9978235 0.9979609 0.9971822 0.9948823 0.99666965 0.997703 0.99645466 0.9969741 0.99799883 0.99746263 0.9981228 0.99787056 0.9971289 0.9963975 0.9964503 0.99041265 0.9837732 0.9823113 0.97835875 0.984684 0.9869654 0.98549604 0.98577476 0.9830827 0.9889415 0.9847634 0.98014456 0.9860389 0.9820733 0.9837911 0.9848692 0.9780935 0.9782615 0.9812 0.98266774 0.9865943 0.9899183 0.98583555 0.9873605
Nepoznat_SRP18923NNBeogradskeTajne-L2_9 0.9890796 0.9949313 0.9935642 0.9875432 0.9892018 0.99661696 0.99507844 0.9922507 0.99346596 0.99103975 0.9923017 0.99458486 0.9910768 0.99116063 0.9926201 0.98890465 0.98874074 0.9901256 0.9923381 0.9926047 0.9887209 0.989681 0.9935062 0.99116886 0.99107236 0.9881408 0.99041563 0.9850078 0.9906055 0.9882138 0.9881306 0.99171793 0.98893255 0.9791864 0.9755555 0.9902071 0.988906 0.98531723 0.9933145 0.99209523 0.99164146 0.9905218 0.99295324 0.98740214 0.9902235 0.9920574 0.99094665 0.9918953 0.99300015 0.9916177 0.995615 0.9956274 0.99465597 0.99477047 0.9952078 0.9914931 0.99159145 0.98574764 0.9875283 0.9935063 0.9936484 0.9890484 0.994625 0.99399495 0.99173427 0.9920509 0.9952472 0.99726784 0.99576 0.9959342 0.99553186 0.9976921 0.99700934 0.995836 0.9972751 0.99478835 0.9966046 0.99689597 0.9964701 0.996249 0.99639684 0.98992366 0.99177945 0.9919598 0.9881487 0.9924158 0.9902425 0.99252945 0.9929089 0.99225926 0.99296606 0.9879346 0.995289 0.9947064 0.99456704 0.99541086 0.99477834 0.99460745 0.99552715 0.9940486 0.9939569 0.99331 0.99314725 0.99226224 0.98950857 0.9935498 0.9888347 0.9905286 0.99345565 0.9924533 0.9923037 0.99118024 0.9919828 0.99194854 0.99310666 0.9897665 0.9958326 0.9950053 0.9955274 0.99517053 0.9968292 0.99604374 0.99624056 0.9952215 0.99499404 0.99675006 0.9943636 0.9967689 0.9952111 0.9953715 0.994344 0.9952938 0.99445784 0.99474174 0.99602884 0.98503745 0.9890205 0.99039245 0.990411 0.9903607 0.98848176 0.98541844 0.98795503 0.9962779 0.99499315 0.99440044 0.9967726 0.99729866 0.9978289 0.9973315 0.9925607 0.99504465 0.9937982 0.9927875 0.994602 0.9933226 0.992272 0.988466 0.98843366 0.9935409 0.99213105 0.99140114 0.9906178 0.99186873 0.99241054 0.98949575 0.9906487 0.99315494 0.9938999 0.9936285 0.9923514 0.98856014 0.9916158 0.9899865 0.9870872 0.9879292 0.99180967 0.9874347 0.9856544 0.99380094 0.99207866 0.9890698 0.9891083 0.99010813 0.9877594 0.9854394 0.99354386 0.9927781 0.9933126 0.9933857 0.99063206 0.99266934 0.98782784 0.9926198 0.98946893 0.9932543 0.99447405 0.9973639 0.9971617 0.99631226 0.99500424 0.9940885 0.9948667 0.9930549 0.9963209 0.994222 0.9927758 0.99322903 0.9934709 0.9921511 0.9921506 0.99218255 0.99197996 0.9931047 0.994058 0.98974264 0.9935133 0.9905536 0.99092036 0.9929211 0.99277306 0.98812336 0.9875104 0.98975086 0.9921835 0.99247265 0.99247533 0.99431187 0.99352044 0.9948439 0.9918595 0.989201 0.9911818 0.9932295 0.9945195 0.99423754 0.9941271 0.9935676 0.9943339 0.99251705 0.99309224 0.98603106 0.9789577 0.98593515 0.98951066 0.9948673 0.9940013 0.9963174 0.9986312 0.9967296 0.9966257 0.9962154 0.9956834 0.9984113 0.9971874 0.9985865 0.99889284 0.9971122 0.9985577 0.99831724 0.999074 0.9999999 0.9964014 0.997012 0.9974992 0.9970603 0.9974708 0.997387 0.99665153 0.9933404 0.99361366 0.9938648 0.9953975 0.99397933 0.99595374 0.9959671 0.997058 0.99608827 0.99247533 0.9953 0.9946314 0.99786574 0.99722457 0.9959022 0.99423516 0.9976997 0.99689996 0.99760205 0.9979566 0.99610585 0.99609965 0.9976266 0.9973933 0.99624395 0.9975874 0.99699754 0.99611384 0.9969954 0.9976109 0.99786425 0.9970027 0.9940814 0.9894199 0.99289036 0.9898858 0.9891556 0.989116 0.9907392 0.9910245 0.98867923 0.99227387 0.99554133 0.9942165 0.995038 0.9952966 0.9945656 0.9974721 0.99564993 0.99482304 0.994325 0.99369675 0.994618 0.9944371 0.9917811 0.9891768 0.98803383 0.98938465 0.9937351 0.9937289 0.9936407 0.9939699 0.9862377 0.98307735 0.9815685 0.990917 0.9885712 0.9882266 0.9959625 0.9938534 0.99328864 0.99364084 0.9916079 0.9925834 0.9886255 0.9833512 0.993866 0.9914514 0.99213886 0.989464 0.9885392 0.9864782 0.9841878 0.9915748 0.99084586 0.99285424 0.9904444 0.99089825 0.98852944 0.9880577 0.9815937 0.99491036 0.99566734 0.9929971 0.9933877 0.9946362 0.99524546 0.99656665 0.9959347 0.99630225 0.9969603 0.9958004 0.9950816 0.9929336 0.9885011 0.9939414 0.99338377 0.9935662 0.9892535 0.9893238 0.9828747 0.9924699 0.9825022 0.9843069 0.9915661 0.9859535 0.98034537 0.9813359 0.98415464 0.9943913 0.98189133 0.9914973 0.9865416 0.9926417 0.9927691 0.9880009 0.9903051 0.9896545 0.9880994 0.9902623 0.9882365 0.9918409 0.99554425 0.9934298 0.9941437 0.99214506 0.99461484 0.99366295 0.99264723 0.9927852 0.9936663 0.99178886 0.9913427 0.9936377 0.99154896 0.99403125 0.994024 0.99192923 0.99479556 0.9967201 0.9953768 0.997224 0.9952952 0.9968068 0.9979268 0.996193 0.9972709 0.99750763 0.9970575 0.9921518 0.99571127 0.99553704 0.995414 0.99547786 0.99677044 0.99683154 0.9965503 0.99562615 0.99209744 0.99805444 0.99672526 0.996874 0.9961077 0.99674785 0.99521065 0.99530244 0.9939272 0.99522704 0.99275315 0.9951321 0.9951462 0.994644 0.9966137 0.99428564 0.9940174 0.99639344 0.99460524 0.9942369 0.99591076 0.99535006 0.99667746 0.99776995 0.9965767 0.9963354 0.99690974 0.9969178 0.9977557 0.9980408 0.9981972 0.9972959 0.9984069 0.9962647 0.99616474 0.9981632 0.9967436 0.9943648 0.9958577 0.9964984 0.996707 0.99559003 0.9977749 0.9975411 0.9965558 0.9974528 0.9962117 0.9955123 0.9967162 0.9970346 0.9947042 0.9933074 0.99038935 0.9936606 0.9941729 0.99232966 0.9934254 0.9942654 0.9933969 0.98814714 0.98664206 0.9827564 0.9858678 0.98525774 0.98526025 0.9839967 0.9805603 0.99691105 0.9971317 0.99749225 0.9967271 0.99468446 0.99638176 0.9973191 0.99628925 0.996615 0.99702364 0.99672353 0.9974343 0.9971692 0.9964159 0.9957494 0.99624723 0.9899282 0.9839968 0.98201483 0.9783555 0.98388565 0.98644847 0.98495686 0.9852503 0.98298514 0.9889034 0.98471105 0.98028225 0.9864757 0.9818223 0.9834574 0.98489285 0.9783907 0.9781486 0.9809391 0.98266256 0.9868442 0.9905445 0.9865 0.9879333
NovakovicxStojan_SRP19130StojanNKaludjerHajduk-L2_1 0.9886959 0.99301934 0.99294496 0.9898379 0.99044746 0.99520993 0.99350375 0.9918431 0.9917725 0.98949397 0.9910803 0.9923144 0.99011 0.99013597 0.9916145 0.98820776 0.9882973 0.9889028 0.9907556 0.9913586 0.98803777 0.98940545 0.9887638 0.9876882 0.9875551 0.9855187 0.98789126 0.9839921 0.9887496 0.98743474 0.9872677 0.9894372 0.98846924 0.97993696 0.977165 0.98900163 0.9868838 0.9854051 0.9920765 0.99158645 0.9918747 0.99095106 0.99301684 0.98846775 0.9891556 0.9900699 0.9908284 0.99243647 0.9924398 0.99242395 0.9951857 0.9954594 0.995485 0.99425554 0.99494696 0.98928523 0.9890722 0.9829318 0.9856733 0.99194723 0.9921297 0.986532 0.9910261 0.9909689 0.9882046 0.9883404 0.9952905 0.9954057 0.9956806 0.99374133 0.99448353 0.9928257 0.9973917 0.9961918 0.9972646 0.99509925 0.9943071 0.99629015 0.99681145 0.99496025 0.99640137 0.9895877 0.99019635 0.9923236 0.98948044 0.99307203 0.9912837 0.9928991 0.9935685 0.99281764 0.99343157 0.9883868 0.9961493 0.9951371 0.9959482 0.9961959 0.9966376 0.99631023 0.9974575 0.9969442 0.99568695 0.9943172 0.9943065 0.99408585 0.9914281 0.9935281 0.9899694 0.9913214 0.9938908 0.9934096 0.9932315 0.99249345 0.99287736 0.9930231 0.99377793 0.99118257 0.9957309 0.994072 0.9932069 0.9931255 0.9951771 0.9945242 0.99458283 0.99289113 0.99300134 0.99382496 0.99330723 0.99281484 0.9915889 0.99263585 0.9916187 0.99215114 0.9926237 0.9933871 0.9944333 0.9855086 0.9881826 0.9894532 0.98929363 0.9907936 0.98957855 0.98725903 0.98959017 0.9951087 0.99379325 0.9940442 0.9951941 0.99471295 0.99623436 0.99585056 0.9897867 0.99165946 0.9910826 0.9884379 0.9945822 0.9933514 0.9914065 0.9912338 0.9917127 0.99407095 0.99295616 0.9923836 0.9912119 0.9927386 0.99300116 0.9902164 0.990687 0.9930788 0.99388915 0.99396926 0.99340683 0.98987573 0.9920557 0.99072045 0.98826885 0.9895587 0.9921666 0.9886385 0.9868746 0.9933758 0.9920722 0.98931086 0.98915935 0.9907903 0.9886415 0.9869442 0.9933297 0.9934246 0.99394757 0.99346685 0.9901765 0.9917811 0.988015 0.9916994 0.9896278 0.99155307 0.9931256 0.9958456 0.9956949 0.99581426 0.9952264 0.9953482 0.9950694 0.99437404 0.9954182 0.99407023 0.9925244 0.9932458 0.99283296 0.99136764 0.99198735 0.9926772 0.9919044 0.99227786 0.9931922 0.98943174 0.99176943 0.99028504 0.9913486 0.99214727 0.9921954 0.99046874 0.98950344 0.99064857 0.99313676 0.99427557 0.99338365 0.9944472 0.99438363 0.99505156 0.99240845 0.98219514 0.9855378 0.99288726 0.99429053 0.99252516 0.99345016 0.9947482 0.9919176 0.9920212 0.9933974 0.9871718 0.9794834 0.9862635 0.98910666 0.9931555 0.99360806 0.99399406 0.9940124 0.9906493 0.9936517 0.9934834 0.9938236 0.995262 0.9932776 0.996911 0.9956386 0.9950731 0.9954536 0.99365366 0.9953181 0.9964014 0.99999976 0.9979619 0.99850595 0.9976239 0.9984429 0.9985924 0.99839115 0.9927147 0.99256605 0.99368286 0.99391675 0.9939406 0.9955599 0.9950611 0.9929372 0.99202913 0.9898616 0.9925863 0.9934433 0.9947022 0.9931173 0.99474525 0.99126273 0.9937861 0.99348366 0.9929637 0.9934214 0.99206215 0.9918187 0.9949689 0.99372345 0.99352527 0.99545777 0.995262 0.9948242 0.99434835 0.9962046 0.9967913 0.9963673 0.9941183 0.9906589 0.99236625 0.9906211 0.9901526 0.98999727 0.99128747 0.98799837 0.98770505 0.9918448 0.99415565 0.992924 0.9935123 0.9934392 0.9936407 0.99540615 0.99482936 0.9922561 0.99270695 0.9940815 0.9939213 0.9944142 0.99127465 0.9887186 0.9879572 0.9890733 0.9921819 0.9928987 0.9917312 0.99198556 0.98633003 0.9836633 0.9825626 0.9917247 0.98918855 0.9892362 0.9934454 0.99204254 0.9923463 0.9929441 0.99067426 0.99109733 0.9888842 0.98252606 0.99255985 0.9911034 0.9915411 0.9871702 0.98803186 0.98572546 0.9834584 0.9885939 0.9897157 0.991922 0.98970383 0.9892801 0.9881969 0.98716545 0.98443335 0.99334264 0.99298275 0.9920055 0.9918036 0.9928742 0.9915569 0.9949378 0.9940746 0.99524385 0.9957635 0.99515814 0.99364644 0.99257463 0.98864484 0.9922601 0.99174684 0.99226654 0.98896 0.987638 0.98426366 0.9907732 0.9833662 0.9851817 0.9915481 0.9868568 0.9826569 0.9832438 0.985829 0.9926201 0.9827915 0.9902226 0.9862586 0.9902192 0.9911654 0.990106 0.9910991 0.9910479 0.9895811 0.991462 0.9883723 0.98926884 0.9928056 0.98940474 0.99031645 0.9886654 0.991042 0.9894748 0.98889494 0.98926175 0.99295026 0.9929199 0.9921112 0.9930534 0.993048 0.99524 0.99487203 0.99409497 0.9957809 0.99648845 0.9956622 0.99623615 0.9948613 0.99530166 0.9962858 0.9952408 0.9943321 0.99517965 0.9954718 0.9938104 0.99621916 0.9953618 0.9957948 0.99469984 0.9961106 0.9956278 0.9969932 0.9949577 0.9924037 0.99525034 0.99300927 0.99509 0.99452305 0.9958733 0.9944187 0.99517095 0.99462306 0.9931109 0.9907965 0.9934079 0.9928198 0.99344677 0.99402416 0.99198085 0.99212825 0.99298346 0.9937601 0.99411356 0.994228 0.9940465 0.9941175 0.99426746 0.99532 0.9959781 0.9951759 0.99488926 0.99631894 0.9952718 0.9954822 0.9949408 0.9952955 0.9950448 0.9950863 0.99617296 0.9960288 0.9929427 0.99469024 0.9962216 0.99509734 0.9947609 0.9957853 0.995871 0.9944802 0.99728626 0.99641407 0.99485815 0.99669254 0.9944478 0.9943614 0.99334514 0.991591 0.99443424 0.9951375 0.9940414 0.9935984 0.9949296 0.99358416 0.9876497 0.9863464 0.9829199 0.98525786 0.98536307 0.9851131 0.98330855 0.98074436 0.9939481 0.99335563 0.99532366 0.9957488 0.9946312 0.9960254 0.9952111 0.99604625 0.9952846 0.9941555 0.99477637 0.994909 0.9955058 0.99534225 0.9949798 0.99562 0.99110144 0.986171 0.9835608 0.98108554 0.98471594 0.9879681 0.98664075 0.98695624 0.9850643 0.98949206 0.9857418 0.98215735 0.98720694 0.9830729 0.9846502 0.98655605 0.9813196 0.9804842 0.9830313 0.9843402 0.98764336 0.99085766 0.9870718 0.9889824
NovakovicxStojan_SRP19130StojanNKaludjerHajduk-L2_2 0.98681587 0.9921247 0.99043256 0.9847989 0.9863524 0.9952525 0.9927851 0.9914873 0.9904269 0.98765343 0.9890013 0.99164885 0.9872689 0.98727137 0.9905786 0.9856914 0.98631907 0.9875274 0.9902437 0.9898035 0.98539275 0.9865344 0.99007154 0.9872923 0.9869685 0.9829589 0.9865613 0.98023856 0.98702234 0.9845184 0.98407114 0.9886274 0.9856961 0.97692317 0.97317225 0.98832273 0.98653156 0.98287165 0.99064547 0.98892975 0.988455 0.9871282 0.9905489 0.9838378 0.98754287 0.9893258 0.987561 0.9890086 0.9899523 0.98889667 0.99373794 0.9940764 0.9926771 0.9917381 0.9926308 0.9875269 0.98786694 0.98187786 0.9833834 0.9898577 0.9900066 0.98441374 0.9906532 0.99031013 0.98862875 0.9887047 0.9929884 0.9949952 0.9933939 0.9928887 0.99427754 0.9945606 0.9964381 0.9941995 0.9960663 0.9925863 0.99538004 0.99688655 0.99508166 0.9935018 0.9957988 0.9864717 0.98798007 0.98826355 0.9843205 0.98905104 0.9865022 0.9889284 0.98977077 0.9890002 0.99034137 0.9851161 0.99508876 0.99382186 0.9944189 0.9942244 0.99392074 0.99303687 0.9954079 0.99365973 0.9942567 0.99254996 0.9922697 0.9910234 0.9869625 0.9924376 0.9857299 0.98768 0.99174374 0.990219 0.99024814 0.9882887 0.98934156 0.98984027 0.9907724 0.98660463 0.99530166 0.99344313 0.9935438 0.99272364 0.994491 0.9940068 0.9944268 0.992692 0.99187756 0.9939882 0.99116385 0.99327224 0.99312323 0.9931122 0.9913057 0.99219453 0.9912856 0.9919907 0.9941514 0.9825079 0.9862688 0.9877071 0.98711157 0.98620844 0.98440546 0.98102635 0.98413074 0.99442047 0.9935459 0.9926513 0.9954118 0.99595356 0.99556094 0.99527603 0.9912575 0.9940101 0.9930391 0.9911452 0.9930377 0.9914687 0.98902786 0.9865746 0.9866874 0.99078476 0.9889875 0.9890247 0.98713726 0.989313 0.9895362 0.98619807 0.9870677 0.9906601 0.9914932 0.99164814 0.99066526 0.9852206 0.9887276 0.98635995 0.9831133 0.9842895 0.9909282 0.9857727 0.9840048 0.99252826 0.9905436 0.9864522 0.9860943 0.9862222 0.9849778 0.98274875 0.99198663 0.9906575 0.99128246 0.9906958 0.9882976 0.99095166 0.98473763 0.99004906 0.9866192 0.9905173 0.9928911 0.9957345 0.99532896 0.9938781 0.9924386 0.9919788 0.99211216 0.9903274 0.9940401 0.9912147 0.98884976 0.9901528 0.9901123 0.98881805 0.98857707 0.98854035 0.9899507 0.99186003 0.9917448 0.9859175 0.99084705 0.9870692 0.98796546 0.991505 0.99041563 0.9867972 0.98587227 0.9872742 0.9908033 0.99185985 0.98962194 0.99263555 0.9923788 0.9941425 0.98955524 0.98631275 0.98750925 0.9920753 0.9934574 0.99415934 0.99328595 0.99211115 0.9952856 0.99144757 0.991642 0.9827653 0.9753337 0.9829858 0.9867355 0.99346787 0.993268 0.99385023 0.9949847 0.99374443 0.9918874 0.99137455 0.991789 0.99502677 0.9963875 0.996806 0.9967623 0.9945489 0.99661106 0.9950056 0.99631286 0.997012 0.9979619 1.0 0.9982595 0.99681365 0.997357 0.9973697 0.9970378 0.99109304 0.99087405 0.9917495 0.9932306 0.99130017 0.99488 0.994311 0.9936885 0.99233234 0.98797625 0.9909959 0.9912182 0.9954972 0.99491465 0.9933288 0.9896014 0.9944969 0.9943872 0.994915 0.99499786 0.9928596 0.9930029 0.9955732 0.9937975 0.9927499 0.99642086 0.9952479 0.99379826 0.994316 0.9956528 0.9966309 0.9959083 0.9914824 0.987231 0.99029434 0.9869893 0.9862648 0.9861832 0.98830587 0.98858726 0.98677313 0.9913837 0.9940237 0.9918184 0.9925528 0.9932717 0.9922341 0.99604 0.9934983 0.99272186 0.99272984 0.99183387 0.9923212 0.99222004 0.9882082 0.98472834 0.9829895 0.9846945 0.99060166 0.9912711 0.9904222 0.99071777 0.98216337 0.9783503 0.97728884 0.98708564 0.9842904 0.98390234 0.99374074 0.99025095 0.99021757 0.99071497 0.98786885 0.9890249 0.9850157 0.9788249 0.9911782 0.98787916 0.98882306 0.9853179 0.9845028 0.98234105 0.97950625 0.9879562 0.987967 0.9912509 0.9877137 0.9886266 0.986482 0.98490167 0.97722137 0.99160075 0.9927849 0.9896984 0.9899826 0.9912901 0.99079317 0.99502313 0.993154 0.99426425 0.99489534 0.9930286 0.99180853 0.9913563 0.9854911 0.99164766 0.9911773 0.9912921 0.98580337 0.98563725 0.9795542 0.98976284 0.9791937 0.98141134 0.9896481 0.9828514 0.9774465 0.9785596 0.9814179 0.99276406 0.97902614 0.98905957 0.98311013 0.989658 0.98998654 0.98557633 0.9877305 0.987245 0.98577034 0.9881763 0.98441565 0.98891366 0.9944032 0.9902843 0.99146616 0.9881033 0.99199575 0.99023634 0.98873127 0.98907584 0.9913713 0.99052835 0.98952055 0.99134797 0.98978704 0.99376285 0.99367404 0.99123526 0.9929236 0.9941049 0.99285716 0.995038 0.99242526 0.9948264 0.9957998 0.9938444 0.9944622 0.99536043 0.99578094 0.98976094 0.9943137 0.9934523 0.99379236 0.9929866 0.9946355 0.9938955 0.9945606 0.9925708 0.98818654 0.995684 0.9930864 0.9932065 0.99247736 0.99390346 0.99133885 0.99342483 0.9922207 0.99294424 0.988896 0.99258757 0.9921978 0.9914448 0.99427265 0.99208796 0.99151796 0.9946476 0.99178845 0.99194425 0.99331427 0.9931798 0.9933334 0.99476767 0.99407387 0.9939727 0.9939932 0.99378043 0.99510527 0.9949336 0.99679255 0.99428004 0.99580634 0.9931522 0.99266326 0.9962496 0.995107 0.991378 0.99293107 0.9935949 0.99372053 0.99292 0.99540126 0.9947242 0.99361646 0.9969123 0.9945353 0.99229074 0.99572504 0.9955446 0.9928064 0.9909577 0.98785335 0.99180084 0.9925019 0.9907518 0.99083483 0.9922999 0.9906175 0.984784 0.9842379 0.9800542 0.9829586 0.98151857 0.98185825 0.9807479 0.97771406 0.9957646 0.99468917 0.9954665 0.99423957 0.9917904 0.99456817 0.9950766 0.9943267 0.993692 0.9963393 0.9961105 0.9964856 0.9957769 0.99430156 0.9941565 0.9939817 0.9878859 0.98108757 0.9779282 0.9746518 0.98073053 0.98422 0.9821865 0.98286676 0.9797406 0.9856161 0.98117745 0.9759901 0.98239625 0.9775487 0.9796933 0.98116034 0.97459036 0.97399914 0.9769913 0.97894007 0.9831601 0.9912434 0.98658276 0.9883766
NovakovicxStojan_SRP19130StojanNKaludjerHajduk-L2_3 0.9896164 0.9945017 0.9935596 0.98958087 0.99027634 0.9961581 0.9938408 0.9919044 0.99305683 0.99033654 0.99199593 0.993608 0.99074465 0.99071825 0.99230784 0.9888434 0.9886 0.9897266 0.991716 0.9924379 0.9883861 0.9897019 0.9915905 0.98971015 0.9893733 0.986616 0.9890317 0.98449004 0.9893569 0.98750055 0.9873397 0.99029386 0.9884704 0.98043215 0.97748613 0.989616 0.9881493 0.9851768 0.9931959 0.99257684 0.99207175 0.99119365 0.9936972 0.98856986 0.98984605 0.99149674 0.9910829 0.9927244 0.9931848 0.99270636 0.9962336 0.9962616 0.9955082 0.99418867 0.9944474 0.9906684 0.9909898 0.98400813 0.9866418 0.9924106 0.9923392 0.9875827 0.9926427 0.9922676 0.98947966 0.9898405 0.99520224 0.99583477 0.99558514 0.99628174 0.995925 0.9953419 0.9982339 0.9965747 0.99775493 0.9951729 0.9953659 0.99630994 0.9972877 0.9961507 0.99643165 0.9907822 0.9919786 0.99351907 0.990717 0.994517 0.99227345 0.9943608 0.99421513 0.99399495 0.99499696 0.98820084 0.9965019 0.99448025 0.9950921 0.99659175 0.9964959 0.99672234 0.9971112 0.9961054 0.994828 0.9937431 0.99378616 0.99458754 0.99169064 0.9952121 0.990548 0.9920334 0.994604 0.9941083 0.99409217 0.99314785 0.9938766 0.9938065 0.99525607 0.9917119 0.9969243 0.99596125 0.99506265 0.9951909 0.99640703 0.9957736 0.9954406 0.99451774 0.99492496 0.99593407 0.99417657 0.9948925 0.99428225 0.9951202 0.9940164 0.99450916 0.9947486 0.9953122 0.9959997 0.98544395 0.9891043 0.99055016 0.9904438 0.9923369 0.9907306 0.9883231 0.9906939 0.9965744 0.9951139 0.9947505 0.9971985 0.99723244 0.99785614 0.9973716 0.991925 0.99385947 0.99248827 0.99110967 0.9951117 0.99358654 0.9917412 0.99153817 0.99180394 0.99415284 0.99289197 0.99214774 0.9908913 0.99247247 0.9929321 0.989961 0.9903976 0.9935316 0.99393326 0.99464935 0.9934835 0.98937213 0.9921818 0.9910426 0.98827 0.9893482 0.9922304 0.9879608 0.9864287 0.9946064 0.9929068 0.98971117 0.98973143 0.9910168 0.9895798 0.9875578 0.9945409 0.9943422 0.99490446 0.9946276 0.99090487 0.99259746 0.98809004 0.9921693 0.99004084 0.99294466 0.99452615 0.99730283 0.9976278 0.99652314 0.99593836 0.9954766 0.99591756 0.99425733 0.9968758 0.9952369 0.9934186 0.9943815 0.99397624 0.99228436 0.9930207 0.99364185 0.99206346 0.99237955 0.9935423 0.98960865 0.9924629 0.9904661 0.991175 0.9923347 0.9922663 0.98901105 0.9878757 0.9898273 0.9929561 0.99319965 0.9938212 0.99469703 0.99426645 0.9947862 0.992062 0.98612785 0.98927724 0.9942473 0.9953193 0.99521226 0.99526036 0.99480754 0.99451977 0.99378926 0.9939281 0.98726827 0.97960824 0.98692006 0.990015 0.99539346 0.99478644 0.99505824 0.9957062 0.99389225 0.9957236 0.9954282 0.9953853 0.9968561 0.99491215 0.9979307 0.9970293 0.99621195 0.99696845 0.9948532 0.99680907 0.9974992 0.99850595 0.9982595 1.0000008 0.99879754 0.9987939 0.998192 0.99761003 0.9938504 0.99327224 0.99433476 0.99492866 0.9946956 0.99677724 0.99564624 0.99486446 0.99394304 0.9915825 0.99397486 0.9946498 0.99564743 0.9949429 0.99498355 0.99274075 0.9948516 0.9941489 0.99479437 0.9950914 0.9927081 0.9936639 0.99612737 0.9953478 0.99473417 0.99715984 0.997053 0.9964602 0.9965556 0.99728376 0.99791545 0.9969899 0.99396557 0.99043334 0.99187094 0.99042755 0.9895893 0.98970896 0.990771 0.9908198 0.9898366 0.9940463 0.9962215 0.99438083 0.99537224 0.99587554 0.9951047 0.9976399 0.9963853 0.9942544 0.99410343 0.9945152 0.99506336 0.9950213 0.99239975 0.98958266 0.9887199 0.9900706 0.99328524 0.99377984 0.9930019 0.9931546 0.9870235 0.9839743 0.98287445 0.9926363 0.989785 0.9902595 0.9951322 0.9929974 0.9930925 0.9937267 0.99116683 0.99227047 0.98910844 0.9825493 0.99355483 0.99206936 0.9925585 0.9884373 0.98831 0.9865063 0.98417896 0.990206 0.9906881 0.99267316 0.99023145 0.9899502 0.988548 0.98759186 0.98324937 0.9946875 0.99502003 0.9928343 0.99290425 0.9942005 0.99385643 0.997001 0.9965874 0.9970653 0.9975868 0.99665916 0.9954737 0.99364644 0.98902524 0.9939642 0.99333775 0.993696 0.9898514 0.9890995 0.9841575 0.9923817 0.9835115 0.98507506 0.99213934 0.9870602 0.98218113 0.9826143 0.9855492 0.9942632 0.9830087 0.99173707 0.9870296 0.99202013 0.99276555 0.9903854 0.99144363 0.99126285 0.9894838 0.9916209 0.98888147 0.99204785 0.9959712 0.9928025 0.99319047 0.9914341 0.9939829 0.99233013 0.99148947 0.99209833 0.9933857 0.99254596 0.99203587 0.99437785 0.99297065 0.9950326 0.99480337 0.9931633 0.995902 0.996746 0.9959349 0.99703693 0.99553275 0.99682105 0.9969542 0.99632055 0.9951882 0.9953966 0.995504 0.99395144 0.99700695 0.99661857 0.99637157 0.9957589 0.9961565 0.9963148 0.99732393 0.9954887 0.9926535 0.9965786 0.9948033 0.99598193 0.9953567 0.99669963 0.99493515 0.9966755 0.99607563 0.9949329 0.99251264 0.9947637 0.99497193 0.9948879 0.9958562 0.993339 0.99319494 0.9951851 0.9942085 0.99392796 0.9943828 0.9950124 0.99511594 0.9964498 0.99623 0.995898 0.9964582 0.99644905 0.9975296 0.9968061 0.9971262 0.9957578 0.99691904 0.99644697 0.99600327 0.99738204 0.9964009 0.9943244 0.9954444 0.99614793 0.9959743 0.99512684 0.99698895 0.99682456 0.99603355 0.9977938 0.99693686 0.9954273 0.99715906 0.99574244 0.99607444 0.99445117 0.992033 0.9951613 0.99564403 0.9940196 0.9945675 0.99547863 0.99452525 0.9879735 0.98627776 0.9822813 0.9851435 0.9848819 0.9848067 0.9832963 0.98032737 0.99646765 0.99605316 0.99722373 0.9970128 0.9957764 0.9972942 0.9971581 0.99706316 0.9966949 0.9965545 0.99695164 0.9969392 0.9974451 0.99685913 0.99600315 0.9966654 0.9914135 0.98545843 0.98335004 0.9800819 0.98459345 0.98773587 0.98673743 0.98682547 0.9846966 0.9896792 0.9849741 0.9810241 0.98662245 0.9825715 0.9841512 0.9861422 0.98051095 0.9795562 0.982296 0.9835625 0.9870737 0.9912483 0.9870346 0.9883728
NovakovicxStojan_SRP19130StojanNKaludjerHajduk-L2_4 0.9904877 0.9951271 0.9940339 0.991455 0.9922786 0.9948043 0.9919569 0.98929816 0.9951831 0.9930108 0.9944404 0.99544233 0.9937987 0.99397 0.99461263 0.9916575 0.9911369 0.9917074 0.9934828 0.9953643 0.99215657 0.9931587 0.9930486 0.99186665 0.9916874 0.98961395 0.99154943 0.98780143 0.9921305 0.99092734 0.99049354 0.9928453 0.99165493 0.9836915 0.9810879 0.9906343 0.98927766 0.98694247 0.9942097 0.9942782 0.9939291 0.9934816 0.9945208 0.9908188 0.9902083 0.9923504 0.9931716 0.99485064 0.9955147 0.9947549 0.9979402 0.99786454 0.9967649 0.99459416 0.9944898 0.99189186 0.9917259 0.9837053 0.9875846 0.9938423 0.9935175 0.9890105 0.9937986 0.9929843 0.9889632 0.9897462 0.9962729 0.9963973 0.9965359 0.99753875 0.99704164 0.9954027 0.9976772 0.9981103 0.9984573 0.99699116 0.99582076 0.99604934 0.9975694 0.9978162 0.9965892 0.9919398 0.99290025 0.99501824 0.9925061 0.9957137 0.99433744 0.99579144 0.99602354 0.9943676 0.99592596 0.99145865 0.9963392 0.99536145 0.9957594 0.9974003 0.9961196 0.9972882 0.9968379 0.99616563 0.99450123 0.99507016 0.9957817 0.9968453 0.9947138 0.99666613 0.99364734 0.995077 0.9972141 0.9966755 0.99691427 0.9958427 0.9959642 0.9959309 0.9968189 0.9942516 0.9982295 0.99768525 0.997108 0.9972904 0.9977048 0.99715143 0.9970754 0.9968357 0.9970052 0.99744153 0.99654186 0.9963045 0.99428725 0.9964189 0.99577713 0.99589604 0.99672294 0.99718535 0.997396 0.9879862 0.99021184 0.9914686 0.9916454 0.99286354 0.9924921 0.9895158 0.9919598 0.9969921 0.99702036 0.997223 0.99731004 0.9969338 0.99789536 0.9983224 0.9909359 0.992912 0.9920897 0.98962 0.9968049 0.99546456 0.9943357 0.99305815 0.9931377 0.9950258 0.99425286 0.9939668 0.9923134 0.9936654 0.9944926 0.9927268 0.99234384 0.9959178 0.9949894 0.99697405 0.9955355 0.9922807 0.99517655 0.9939899 0.9913955 0.9923232 0.9940167 0.990893 0.9894464 0.99646413 0.99565107 0.9930271 0.99322665 0.9939902 0.993139 0.99179393 0.9960901 0.9960384 0.9972091 0.9956766 0.9932648 0.99552655 0.9916618 0.9949635 0.9931914 0.9958085 0.9967402 0.99757224 0.9973305 0.9976268 0.99581087 0.9966989 0.99686754 0.99480796 0.9966823 0.9958644 0.99435437 0.99649745 0.99405247 0.9914684 0.9926821 0.9951911 0.99383515 0.99348557 0.9950025 0.9920977 0.9940394 0.992121 0.9933882 0.9931596 0.9930697 0.9899752 0.98888814 0.9914724 0.99431646 0.9935515 0.99570256 0.9957238 0.99489886 0.994851 0.9931866 0.98554474 0.98946685 0.9962133 0.99538434 0.9946085 0.99573857 0.9952456 0.99328864 0.9933381 0.99590826 0.99015725 0.9835889 0.9898972 0.9924957 0.9955666 0.99559593 0.9937048 0.99593925 0.9927127 0.9956396 0.9962294 0.9952433 0.9954272 0.9935208 0.9972648 0.9972211 0.9959123 0.99660593 0.9949165 0.9970188 0.9970603 0.9976239 0.99681365 0.99879754 1.0000002 0.999379 0.99775434 0.9964809 0.9960668 0.99594176 0.99594474 0.99648553 0.99677056 0.99732435 0.99682385 0.9943978 0.9948571 0.9929979 0.9953924 0.9954269 0.99486375 0.994141 0.99616784 0.9933131 0.9943187 0.9932239 0.9944968 0.99517554 0.99344337 0.9932825 0.99652934 0.9953139 0.99582344 0.9958943 0.99660563 0.99645895 0.99740195 0.9972692 0.9974046 0.9962686 0.9956878 0.9939822 0.9942877 0.99363744 0.99278885 0.99331415 0.9935388 0.9923086 0.99130076 0.9945713 0.99733794 0.9966268 0.99687344 0.99624133 0.99648964 0.99760467 0.9977383 0.9959351 0.9954634 0.9961372 0.99651 0.9966374 0.99480647 0.99225664 0.991688 0.9923881 0.99554855 0.99657625 0.9957975 0.99584174 0.98750347 0.98492825 0.98328924 0.99482596 0.9929224 0.9928744 0.99673 0.99593526 0.99594474 0.9962542 0.9939963 0.99436706 0.9920719 0.9854137 0.9952573 0.9940227 0.9946699 0.9903015 0.990982 0.9881832 0.98633724 0.99217224 0.9923823 0.99418306 0.99215835 0.9907038 0.9896692 0.9885632 0.98601854 0.9964911 0.9962048 0.99491507 0.9951655 0.9959144 0.994676 0.996433 0.9966857 0.997556 0.99775463 0.9964783 0.9957342 0.9954025 0.99179006 0.99540585 0.9951403 0.99559474 0.99221754 0.9916882 0.98726726 0.9938786 0.98708236 0.9882568 0.99442893 0.9901803 0.9858168 0.98576397 0.98879576 0.9952736 0.9858109 0.9932482 0.98978853 0.99375176 0.994112 0.99336374 0.995079 0.9947581 0.9931573 0.9942298 0.99093056 0.99294066 0.9955001 0.9929947 0.99407506 0.99267185 0.9948915 0.9929594 0.9924482 0.9929865 0.9958221 0.9946898 0.9939555 0.9954571 0.99563164 0.99611795 0.9958834 0.9947614 0.9969971 0.99736786 0.9974164 0.9979357 0.9974895 0.9969924 0.9972674 0.9978236 0.9936955 0.99417347 0.9942903 0.99599177 0.99791074 0.9974135 0.9977851 0.9970354 0.9962316 0.9968087 0.99778074 0.9963757 0.99491656 0.9963794 0.99640447 0.9971372 0.9967101 0.9974813 0.99607706 0.9975451 0.9970297 0.9969715 0.9951806 0.99695414 0.99680454 0.99720013 0.99740225 0.99618566 0.996177 0.9963944 0.99621964 0.99615556 0.99582654 0.9965703 0.99605787 0.99679476 0.9978554 0.99698746 0.99672997 0.9971948 0.9981307 0.9972157 0.99665695 0.9972435 0.9980154 0.9977635 0.99692893 0.99670863 0.9976818 0.99644303 0.9975807 0.9975167 0.9973682 0.99677277 0.99720436 0.99737775 0.9967611 0.99631125 0.99740064 0.9959973 0.99798024 0.99617684 0.9977535 0.9969339 0.9952112 0.9975735 0.9974755 0.9960168 0.9971926 0.9968717 0.9967438 0.99071527 0.98874956 0.9842933 0.9874225 0.98800004 0.98764503 0.98588604 0.9824457 0.99592096 0.9959245 0.9970549 0.9974356 0.99701834 0.99792033 0.99706775 0.9972957 0.9971678 0.99639606 0.99608386 0.9964624 0.997301 0.9976503 0.99706507 0.9972578 0.9945192 0.9891828 0.9873011 0.9845425 0.9884294 0.99102956 0.9903447 0.99051917 0.98847604 0.9924903 0.98838764 0.98451054 0.9898148 0.9863692 0.9880029 0.9898816 0.9846783 0.98414606 0.9867876 0.987687 0.9902322 0.990061 0.9857633 0.98761696
NovakovicxStojan_SRP19130StojanNKaludjerHajduk-L2_5 0.99096143 0.9948101 0.99455535 0.9920059 0.9926501 0.9954186 0.9932389 0.9907527 0.9945875 0.99295723 0.9942688 0.99512494 0.99345225 0.99362725 0.9945305 0.9914858 0.9912279 0.991813 0.99335593 0.99490905 0.99193436 0.9930243 0.9925665 0.99137425 0.9915246 0.9896954 0.99162936 0.98781186 0.9919586 0.99091053 0.9906415 0.99277973 0.99173266 0.9836895 0.9812799 0.99063003 0.98917776 0.98749024 0.9935652 0.993561 0.9935825 0.99314356 0.9940784 0.99064904 0.99002314 0.99174464 0.9928271 0.9946351 0.995008 0.9949907 0.99778533 0.9980252 0.997334 0.9950498 0.9951937 0.99184924 0.99150264 0.9844437 0.9878664 0.9942457 0.9940999 0.9890984 0.99357593 0.9928481 0.9890162 0.98970604 0.9963466 0.99651664 0.9965631 0.9964396 0.9967181 0.99479777 0.99746215 0.9978734 0.9984388 0.9969097 0.9954958 0.9962975 0.9976381 0.99723166 0.99669015 0.99173635 0.99246424 0.99476945 0.9921194 0.99524766 0.9938866 0.9952468 0.9957581 0.99428487 0.99552053 0.9918463 0.99674666 0.9963296 0.9965301 0.99785316 0.9970558 0.9975592 0.99775964 0.9972723 0.99569595 0.9958826 0.9964486 0.9964786 0.9943936 0.9962649 0.993675 0.9948986 0.9968654 0.99638015 0.9962481 0.9954466 0.9957334 0.9957619 0.9964447 0.99413145 0.99760365 0.99677205 0.99612087 0.99622226 0.9971802 0.9966817 0.9969627 0.9961568 0.99627995 0.9966994 0.9964532 0.99568516 0.99338675 0.9954002 0.9948739 0.99503833 0.9958463 0.9964754 0.99685585 0.9882966 0.99013424 0.9913989 0.99160105 0.99256104 0.9923346 0.9895773 0.99171793 0.9970392 0.996759 0.9969483 0.99671656 0.99616176 0.9976016 0.9977046 0.9905014 0.99243563 0.99215007 0.98944694 0.9966134 0.99530077 0.99415314 0.993115 0.99338627 0.99518067 0.9946283 0.9939872 0.9928436 0.9939263 0.99470973 0.99308777 0.9928485 0.99577874 0.9955014 0.996664 0.9957447 0.99254525 0.99493 0.9937727 0.99137706 0.99242646 0.99415714 0.9912425 0.98970294 0.9961891 0.99548787 0.9930253 0.9930757 0.9936812 0.99282485 0.99142116 0.99562657 0.99557537 0.99659926 0.9956447 0.9933377 0.9950148 0.99174213 0.99485004 0.9931515 0.9951273 0.99606335 0.99709654 0.9967937 0.99756604 0.99589765 0.99636394 0.99655104 0.9949209 0.99637234 0.99565905 0.9944291 0.9958477 0.99416995 0.9921161 0.99313635 0.99496275 0.9940089 0.9937113 0.99503773 0.9922664 0.9939524 0.9924982 0.99337906 0.99346083 0.9934662 0.9912777 0.9903412 0.99235404 0.9948261 0.9945995 0.99583834 0.99587125 0.9954123 0.99539316 0.99385124 0.9847441 0.9884364 0.99576336 0.99554145 0.99426806 0.9954541 0.99600273 0.99303913 0.9935092 0.99590623 0.990409 0.98356795 0.9897778 0.9924281 0.9954051 0.99557954 0.9940486 0.9958881 0.9920865 0.99557996 0.99611694 0.9952218 0.99569666 0.9935122 0.9971396 0.9973021 0.99653685 0.99661326 0.9953881 0.99677646 0.9974708 0.9984429 0.997357 0.9987939 0.999379 1.0 0.9986674 0.99770325 0.9958048 0.9955443 0.995777 0.99573594 0.99624187 0.9966321 0.99655735 0.99423 0.9945946 0.9928195 0.99526936 0.99542874 0.99533945 0.993953 0.99665785 0.9934943 0.99486 0.9937639 0.99439895 0.99514455 0.99365103 0.99335396 0.99672276 0.99529463 0.99598163 0.9960021 0.9965098 0.9963932 0.9968461 0.997587 0.99756277 0.9964427 0.9959 0.9936413 0.9944909 0.9934849 0.9927772 0.9929503 0.9936828 0.9918936 0.9910564 0.99436796 0.9965816 0.99605095 0.9961755 0.99539036 0.99579614 0.9973353 0.99706215 0.99489945 0.9950592 0.995976 0.9961888 0.996503 0.99415004 0.9919633 0.9914321 0.9921273 0.9952962 0.9961381 0.99528533 0.99538416 0.9878335 0.98522246 0.9839267 0.99460435 0.9926919 0.9925202 0.9961325 0.9954607 0.99545157 0.99592227 0.9939876 0.9940754 0.99212134 0.98571014 0.994765 0.99357605 0.9941329 0.9898028 0.99090195 0.9880783 0.9863434 0.991583 0.992014 0.9940496 0.9921252 0.990799 0.98975015 0.98878753 0.986603 0.9955561 0.99515915 0.99422014 0.9941459 0.994929 0.9938387 0.99587226 0.99589217 0.99685127 0.9973362 0.99627906 0.9954538 0.99520814 0.9918265 0.9948585 0.9947969 0.9950161 0.9918817 0.9914477 0.98737895 0.9936195 0.9873291 0.988645 0.99436104 0.9904879 0.98618406 0.9863666 0.9890381 0.9949261 0.9857338 0.9927639 0.98963016 0.9932785 0.9937817 0.99320513 0.9948098 0.99446094 0.9929523 0.994087 0.9911368 0.9919575 0.99473685 0.99161965 0.99294007 0.9916204 0.9937247 0.9919937 0.99171287 0.992149 0.99581397 0.995097 0.9944493 0.99509335 0.995331 0.99643964 0.996106 0.9952404 0.99705845 0.99774593 0.99733984 0.997855 0.99703413 0.99645346 0.9970807 0.99719834 0.9942002 0.9948278 0.99489135 0.9958735 0.9977428 0.99702495 0.9975921 0.9969076 0.9966965 0.996843 0.99785113 0.99625415 0.994665 0.9963388 0.9955744 0.99675524 0.99616975 0.99722 0.9959598 0.9967222 0.9963156 0.9961078 0.9943925 0.9964789 0.99595445 0.99654126 0.99672085 0.995302 0.9954328 0.995623 0.99608433 0.99607664 0.9959531 0.9961563 0.9958967 0.99621826 0.997605 0.9973019 0.996629 0.99661934 0.997999 0.99700344 0.9966633 0.99710995 0.9977809 0.9973173 0.9969806 0.99680465 0.99791086 0.99590194 0.99722445 0.99778557 0.99720216 0.99715066 0.9974257 0.99780434 0.99699366 0.99705195 0.9979178 0.9965771 0.9981088 0.9959708 0.9971093 0.9966997 0.99501395 0.99708277 0.997538 0.99630344 0.9966825 0.9972821 0.9964978 0.9909577 0.9892091 0.98523986 0.988022 0.9885414 0.98819304 0.9865064 0.9831352 0.99500924 0.99505186 0.99650675 0.99711055 0.9966465 0.99740773 0.996543 0.9972751 0.99687076 0.99549186 0.9953189 0.99591607 0.99665934 0.9969813 0.99655056 0.9969933 0.99419105 0.9894676 0.9872545 0.9846466 0.98831695 0.9909673 0.9901875 0.99033797 0.98855996 0.9927124 0.98885703 0.98511463 0.9904176 0.9866951 0.9882602 0.9900481 0.9850736 0.9843742 0.98693144 0.98804337 0.9907558 0.9907188 0.9867077 0.988475
NovakovicxStojan_SRP19130StojanNKaludjerHajduk-L2_6 0.9884322 0.99291426 0.9932128 0.9894951 0.9901013 0.9956286 0.99463034 0.9913991 0.99271363 0.9905775 0.9919202 0.99325734 0.99108285 0.99111044 0.99241364 0.98908335 0.9891179 0.9896397 0.99141216 0.9920977 0.98917997 0.9902506 0.99033636 0.988774 0.9890262 0.98713976 0.98909664 0.9848227 0.9896642 0.9885951 0.9882544 0.9906157 0.9895059 0.9804281 0.9776099 0.9892453 0.98736984 0.98580647 0.9916487 0.9911875 0.9914698 0.9908199 0.99219245 0.98800194 0.9883247 0.9898594 0.9905016 0.9922214 0.9927201 0.99260664 0.9959034 0.99604803 0.99584043 0.99351746 0.99439573 0.98986554 0.98948705 0.98334014 0.9858491 0.99333274 0.9935286 0.9873472 0.9915986 0.99111885 0.9882205 0.98849744 0.99436325 0.9952443 0.99487287 0.9943018 0.994833 0.9937942 0.997325 0.9967578 0.99797523 0.99603665 0.9949451 0.99649894 0.99680126 0.9957833 0.99698645 0.9893976 0.99007994 0.99213684 0.98908806 0.9927712 0.99104536 0.9927906 0.99326444 0.9919699 0.9931652 0.98922306 0.9965539 0.9967414 0.99723464 0.99690765 0.9972727 0.99680406 0.99825704 0.9972911 0.9969204 0.99566233 0.99579585 0.9943052 0.99158466 0.99348 0.99081165 0.99210554 0.9944856 0.9938748 0.99368674 0.9925438 0.9931804 0.99330413 0.9942236 0.9912551 0.9959523 0.9947848 0.994405 0.9942283 0.99647474 0.9959976 0.9956277 0.9944733 0.9942326 0.9951518 0.9946061 0.9941629 0.9918492 0.99327964 0.9924702 0.9930672 0.9932826 0.9940648 0.9948562 0.98581123 0.9877904 0.9892806 0.9892092 0.99011546 0.989286 0.9865539 0.98881036 0.9953703 0.99461365 0.99481875 0.9952442 0.99473447 0.9964918 0.9964716 0.98972374 0.99165326 0.99120927 0.98857474 0.9950182 0.99345493 0.9922093 0.9903133 0.991074 0.993694 0.99259055 0.9921403 0.990925 0.99224776 0.9927036 0.9905286 0.99075544 0.9935502 0.9942835 0.9944482 0.9937823 0.9902408 0.99268126 0.99128544 0.9889312 0.98991597 0.9924123 0.9889677 0.987248 0.99381614 0.9929719 0.99024177 0.9900392 0.9906402 0.9898379 0.9881692 0.9938189 0.99359 0.9945028 0.9937447 0.99141 0.99291736 0.9894711 0.99287224 0.9907587 0.9928226 0.9942539 0.995612 0.9952587 0.99567205 0.9944403 0.99436903 0.99454314 0.99316835 0.9947957 0.9939024 0.9927087 0.9935517 0.9928183 0.99115133 0.9918089 0.9927011 0.9921278 0.9922415 0.9933416 0.99012154 0.9920503 0.99072075 0.99140376 0.99213123 0.99237126 0.99073327 0.99016595 0.9911784 0.9938188 0.9943932 0.99351275 0.9948167 0.99482584 0.9956695 0.99311435 0.98340094 0.9863988 0.99363494 0.9945776 0.99292207 0.9939645 0.99498194 0.99230343 0.99226964 0.99406534 0.9881736 0.9810724 0.9873138 0.9903764 0.9938763 0.9939972 0.99363345 0.9951155 0.9916885 0.9944355 0.99429804 0.9936783 0.9958657 0.9935551 0.9967617 0.9966758 0.9961353 0.996224 0.9960615 0.99563515 0.997387 0.9985924 0.9973697 0.998192 0.99775434 0.9986674 1.0000001 0.9990745 0.99322695 0.9931949 0.99335796 0.99347275 0.9934742 0.9949326 0.99477077 0.993952 0.99307424 0.9906837 0.9936524 0.9934839 0.995709 0.993981 0.995845 0.9922029 0.9953653 0.99471986 0.9943165 0.9952654 0.99443483 0.9926277 0.99644667 0.9948568 0.99468744 0.9958895 0.9956291 0.9953115 0.9951755 0.99691975 0.9971136 0.99602515 0.9955244 0.99180996 0.99439514 0.9915148 0.9912091 0.99112284 0.9933576 0.98905146 0.98814327 0.99212784 0.99495244 0.99383664 0.99403775 0.9935536 0.9937194 0.99611294 0.99498874 0.9927672 0.99322844 0.9942367 0.9945177 0.9951718 0.99132794 0.98900366 0.98837334 0.98935664 0.99317056 0.99356085 0.99280024 0.9928912 0.98579675 0.98314303 0.98184735 0.9921278 0.9900975 0.98960227 0.9939206 0.9930788 0.9931486 0.99367833 0.99153936 0.99175227 0.98949623 0.98319453 0.9925465 0.9912259 0.9918461 0.9876783 0.98852915 0.98598087 0.98393 0.9893147 0.9897925 0.9920996 0.9899324 0.98929876 0.9878766 0.9873346 0.9846519 0.9934156 0.99321586 0.9921496 0.9922682 0.9932528 0.99234843 0.99460024 0.9940588 0.99497706 0.9956102 0.9947954 0.99373573 0.9929071 0.98903763 0.9926285 0.992252 0.9925257 0.9891945 0.98861444 0.9844777 0.9913343 0.9842032 0.9858286 0.99215424 0.98756397 0.98344344 0.98359704 0.9864367 0.99281126 0.9827806 0.99054515 0.9868456 0.990904 0.99161696 0.9904438 0.99221873 0.99192077 0.990425 0.99183744 0.988568 0.98969436 0.99313074 0.9898001 0.99097985 0.9894716 0.9918708 0.99027264 0.9898053 0.99011314 0.9936253 0.9930618 0.9925096 0.9931148 0.99310404 0.9951726 0.99495775 0.9940297 0.9962131 0.9973818 0.9964056 0.9967063 0.99545383 0.99562085 0.9970635 0.99549997 0.99509215 0.99619746 0.99633783 0.9939204 0.9963095 0.9956765 0.99619776 0.9953451 0.9972768 0.9965259 0.99706906 0.99476814 0.992519 0.9954747 0.9936768 0.9950243 0.99458313 0.9957506 0.99445987 0.99493605 0.994416 0.99333835 0.9914973 0.9939219 0.9932864 0.9939099 0.99444413 0.99268574 0.9927172 0.9931402 0.995001 0.99538803 0.99594855 0.99529624 0.995424 0.9950636 0.9959901 0.9960788 0.9951207 0.9949188 0.9963362 0.9958635 0.9961132 0.9954273 0.99649054 0.9953017 0.9951512 0.99595433 0.99636984 0.9934071 0.9952835 0.99606204 0.9954582 0.99567705 0.99652225 0.99678856 0.99561447 0.99769837 0.9971139 0.99569744 0.9976202 0.99550694 0.9946971 0.994155 0.99206597 0.99485236 0.9955689 0.9941583 0.9943305 0.995364 0.9941086 0.9877924 0.9862532 0.98281413 0.98540175 0.9856759 0.9851805 0.983662 0.98027354 0.993635 0.9938487 0.9952658 0.9955639 0.99455106 0.99575 0.9950444 0.9955437 0.99512607 0.99417335 0.994014 0.9946707 0.99500567 0.9951171 0.99492157 0.9954992 0.9913451 0.9867177 0.9842953 0.9817886 0.9855856 0.9885287 0.98725957 0.9875395 0.9857543 0.99041975 0.98681515 0.9830812 0.98884124 0.98391694 0.98570824 0.9875841 0.9820354 0.98148835 0.9839138 0.9856735 0.98884565 0.9907657 0.9866304 0.9885441
NovakovicxStojan_SRP19130StojanNKaludjerHajduk-L2_7 0.9867673 0.9913677 0.9914449 0.9875825 0.9877769 0.99517757 0.9945134 0.99236387 0.98942053 0.98691094 0.98853886 0.99021554 0.98732793 0.9872107 0.989112 0.9852656 0.98574007 0.9864719 0.9883149 0.98886 0.9850235 0.9866014 0.9873571 0.9856596 0.9857854 0.9833816 0.9856986 0.980864 0.98609847 0.9845116 0.9846621 0.98700356 0.9857529 0.97560114 0.9727383 0.9860308 0.98414516 0.9819513 0.98882675 0.98865694 0.9884819 0.9872605 0.98975587 0.9847454 0.9858281 0.9869428 0.9873501 0.9893542 0.98934305 0.9896138 0.9934049 0.99399644 0.99416196 0.9925923 0.9937684 0.9875845 0.9877093 0.9813949 0.98376924 0.9909571 0.99162817 0.9849913 0.98915666 0.98905456 0.9868963 0.98705727 0.9929439 0.9936539 0.9933524 0.99233305 0.9933758 0.99249387 0.9965345 0.9945752 0.99644834 0.9934387 0.99301374 0.9951367 0.9954334 0.9934705 0.99562454 0.98754394 0.9882951 0.989763 0.9870304 0.99055594 0.98827577 0.99058914 0.9906725 0.99052787 0.991205 0.98567426 0.99561554 0.99519527 0.99559957 0.99597347 0.99709666 0.9957221 0.99774116 0.9965532 0.99598175 0.99385244 0.99382293 0.99167323 0.98864967 0.99202263 0.988123 0.98944217 0.9923704 0.9917775 0.99117273 0.99042404 0.99105483 0.990929 0.992297 0.9891271 0.99423045 0.9926537 0.9923664 0.9923002 0.9945799 0.9944433 0.9929271 0.9912999 0.9914653 0.99293786 0.9918173 0.99169624 0.99001074 0.99124557 0.9899906 0.99077994 0.9906101 0.9916328 0.9926988 0.98227495 0.98525953 0.9871151 0.98643863 0.98898417 0.98755246 0.98560345 0.9876286 0.99348223 0.99201065 0.99208444 0.9942756 0.9937015 0.9955845 0.9950161 0.988227 0.990787 0.9906937 0.9882922 0.9925274 0.99072015 0.9891615 0.9881071 0.9890214 0.99198973 0.9905884 0.9900474 0.9887574 0.9905139 0.9907177 0.9879962 0.98834616 0.99081576 0.9925376 0.99224514 0.99163365 0.9872154 0.98941934 0.98826563 0.98556006 0.9869622 0.9893939 0.9853175 0.98333114 0.99090827 0.98943835 0.9863089 0.9863017 0.9879869 0.9865318 0.98491865 0.9908408 0.99098885 0.99185187 0.99175304 0.9874923 0.98909885 0.98513085 0.9892828 0.98683685 0.9893097 0.99105716 0.99401534 0.9946496 0.9943436 0.99397516 0.9928916 0.992907 0.992234 0.99402046 0.9933959 0.9919291 0.9919349 0.99238545 0.9912225 0.991601 0.9909953 0.9891599 0.9893608 0.9904726 0.98649216 0.9890696 0.9877485 0.98793465 0.9896206 0.9899326 0.9885847 0.98804474 0.988619 0.99101484 0.9922308 0.9908805 0.9923221 0.9929026 0.99396515 0.9904841 0.981071 0.9842385 0.9911649 0.9933378 0.99194056 0.99272513 0.9941037 0.9915498 0.99136287 0.9914143 0.98459023 0.9766744 0.9839357 0.98749775 0.9927537 0.9924929 0.9927257 0.9937351 0.9915937 0.9934144 0.99286073 0.9925953 0.9955493 0.99293786 0.99628377 0.99506134 0.9950769 0.9951756 0.9947952 0.99439245 0.99665153 0.99839115 0.9970378 0.99761003 0.9964809 0.99770325 0.9990745 1.0000005 0.9910407 0.9904977 0.9915305 0.991358 0.99151605 0.99380285 0.9929998 0.992402 0.990795 0.9886279 0.99124986 0.9916923 0.9946035 0.9925982 0.9939539 0.9903341 0.9944191 0.9946663 0.9926821 0.9934562 0.9927024 0.9907427 0.9947394 0.9931905 0.99281025 0.9951326 0.9946112 0.9945679 0.9933205 0.9957756 0.996626 0.9956988 0.99274755 0.9880608 0.9909141 0.98776424 0.9873572 0.98721635 0.98978066 0.9866266 0.9861152 0.99076456 0.9927187 0.99089265 0.9918079 0.991933 0.99129325 0.99505687 0.9932594 0.98987037 0.9905986 0.9914139 0.99191076 0.9925365 0.9886796 0.98597705 0.9856382 0.98674226 0.99056876 0.9909663 0.9898462 0.9899756 0.984203 0.98096323 0.98001117 0.98957306 0.98673755 0.9869445 0.99155986 0.9902296 0.99016535 0.9911184 0.98847246 0.98901045 0.98640585 0.97981715 0.9899017 0.98868525 0.9893205 0.9847587 0.9856693 0.98348266 0.9809177 0.986324 0.98747754 0.9900774 0.9876733 0.9873119 0.98592114 0.98515296 0.98095685 0.99110496 0.991078 0.9892499 0.98977077 0.9908635 0.990268 0.9937691 0.99318016 0.9937658 0.9943482 0.99341226 0.99178416 0.9903628 0.9858542 0.9898455 0.98937726 0.98972476 0.9858654 0.9850582 0.98055565 0.98844206 0.9802655 0.9818447 0.9888335 0.9839369 0.97879666 0.9794872 0.9822662 0.9903141 0.9786108 0.98758376 0.9828813 0.98790634 0.98905444 0.9871706 0.9889194 0.9885878 0.9866545 0.98851943 0.98534346 0.9876039 0.9918984 0.9876967 0.9885233 0.98689234 0.9894734 0.98769736 0.98702747 0.98782563 0.9908931 0.9911526 0.9907032 0.9910207 0.99038833 0.9937167 0.99347883 0.9925594 0.9943676 0.9957354 0.99440193 0.99486554 0.9932325 0.99464643 0.9959342 0.9940583 0.99492496 0.9961753 0.9963351 0.9912718 0.9947736 0.99392474 0.99413383 0.99315476 0.995564 0.99459505 0.99566185 0.99292624 0.9898662 0.9941152 0.99178123 0.99365425 0.99288696 0.9945441 0.9924346 0.99311733 0.9932031 0.9910292 0.9885402 0.99134374 0.9910093 0.99147034 0.9923508 0.9899219 0.9896476 0.99132186 0.9923504 0.99285614 0.9940319 0.993376 0.99377054 0.993801 0.99410653 0.9946465 0.9935639 0.99296117 0.9951231 0.9943714 0.995666 0.9935094 0.9948523 0.9933446 0.9936446 0.9951672 0.994732 0.9904764 0.9925416 0.9947407 0.9935738 0.9932903 0.9948769 0.9953725 0.99420935 0.99773735 0.9967125 0.9943807 0.99664444 0.9941882 0.9930397 0.99208635 0.98943233 0.992486 0.99365336 0.9920559 0.9919008 0.9939299 0.99194646 0.9852155 0.98382324 0.98041606 0.98320484 0.9824302 0.9826259 0.98117083 0.97804767 0.9925326 0.99228084 0.99377143 0.99370027 0.9926604 0.9942087 0.9936569 0.99436235 0.99355006 0.99264115 0.99296534 0.99329394 0.99375176 0.9932091 0.9924769 0.9939352 0.98819894 0.9829414 0.97996825 0.97733706 0.9806241 0.9843494 0.983112 0.9832598 0.9815431 0.98713106 0.9827853 0.9787358 0.98497754 0.98000956 0.98140496 0.983434 0.9780328 0.97685003 0.97981274 0.98132324 0.9851955 0.9897922 0.98562795 0.98679537
NusxicxBranislav_SRP19021BranislavNOpstinskoDet-L2_1 0.9949417 0.995987 0.99599606 0.99441636 0.9952722 0.9933645 0.99102044 0.9885592 0.9938271 0.99512744 0.9960504 0.996155 0.9953276 0.99573743 0.9968724 0.99592084 0.9959156 0.9963355 0.99661434 0.99687284 0.9947548 0.9960905 0.9931495 0.99357575 0.99386585 0.99271244 0.99422604 0.9916035 0.9942928 0.9938113 0.993905 0.993924 0.99434173 0.99110234 0.98952985 0.9936838 0.9931442 0.99235886 0.99526995 0.99579686 0.9956638 0.9954761 0.99568397 0.99498993 0.9931692 0.99447674 0.99594295 0.9966754 0.9964833 0.9971914 0.9975345 0.997317 0.9969301 0.99534106 0.9940791 0.99599904 0.9953151 0.9892133 0.9931646 0.996683 0.9965751 0.99414307 0.99609685 0.9952625 0.9912614 0.9923291 0.9962337 0.9952497 0.9958506 0.99606603 0.9964368 0.9922942 0.9940799 0.9964436 0.99589235 0.99644613 0.99413455 0.99355423 0.9964423 0.9962187 0.9943602 0.9959346 0.9963849 0.9943681 0.992331 0.9953426 0.99535817 0.99606216 0.99611557 0.9946434 0.99609923 0.996513 0.99530643 0.99448615 0.9941984 0.99648094 0.99354786 0.995483 0.9935469 0.99429613 0.9928138 0.9955991 0.9959698 0.99580866 0.9956047 0.9960852 0.99523747 0.9955552 0.9965663 0.9958899 0.99580586 0.99572426 0.99631125 0.9970237 0.9963271 0.9956283 0.9962815 0.9949392 0.99468803 0.99501216 0.9948648 0.9935552 0.9967509 0.99587727 0.9965152 0.9958655 0.9975841 0.99487054 0.9946665 0.9963125 0.99662644 0.996194 0.9974424 0.99762 0.9967887 0.9945635 0.9951778 0.99617815 0.99618345 0.9921484 0.9924061 0.98859483 0.9911759 0.9956535 0.9949174 0.9960031 0.9957947 0.99467313 0.9960048 0.99614185 0.9922125 0.9912829 0.9915536 0.98863125 0.99718094 0.9965957 0.9964413 0.99570423 0.995611 0.99322355 0.9948682 0.99278677 0.993358 0.99311477 0.9940206 0.9953494 0.9952024 0.99719006 0.9963874 0.9974703 0.9969394 0.9937115 0.9953197 0.9949737 0.9927021 0.99424267 0.99669725 0.9957815 0.99509305 0.99801475 0.9972729 0.9962911 0.9962395 0.9944249 0.9930756 0.9914032 0.9976574 0.9979982 0.9977511 0.99778074 0.9960507 0.9959995 0.99471754 0.9966877 0.9964632 0.99698085 0.9966401 0.9959079 0.9947721 0.9968803 0.99453866 0.9960705 0.9964568 0.99457407 0.99546987 0.99389154 0.99403775 0.9953229 0.99256724 0.9897961 0.9911826 0.99533 0.9957899 0.9943026 0.9967029 0.9955223 0.9956237 0.9952576 0.9954279 0.995484 0.99548864 0.9938043 0.9928333 0.995071 0.99716926 0.9955876 0.996508 0.9968745 0.9963537 0.995061 0.99565023 0.9842817 0.98891634 0.9977399 0.9960914 0.9935211 0.9952197 0.9962546 0.99030644 0.9935199 0.9972304 0.9915498 0.9845402 0.99047357 0.99232537 0.9948276 0.99589825 0.9931433 0.9936419 0.98775965 0.9944795 0.9954462 0.9949416 0.9925439 0.99006367 0.99413764 0.995003 0.99603605 0.99477154 0.99100614 0.993546 0.9933404 0.9927147 0.99109304 0.9938504 0.9960668 0.9958048 0.99322695 0.9910407 1.0000001 0.9990138 0.9987282 0.9970528 0.9982172 0.9961642 0.9976955 0.99349046 0.9953845 0.99359846 0.9957298 0.99544567 0.9932857 0.9919452 0.9967739 0.9942363 0.99293214 0.99060166 0.9932077 0.9935568 0.9916101 0.99355024 0.9957117 0.9946002 0.9969885 0.9935491 0.9956908 0.9958078 0.9966546 0.99598473 0.99489146 0.9940754 0.99248713 0.9925157 0.9922047 0.9923887 0.991632 0.9924766 0.9918886 0.9953366 0.995626 0.9960926 0.9951516 0.99685365 0.9966822 0.9957085 0.9971619 0.99539727 0.997414 0.9964019 0.9968598 0.99713993 0.99717784 0.99700886 0.9962856 0.99524605 0.9940697 0.99452484 0.9968167 0.9974696 0.99699455 0.99707776 0.99186033 0.99018455 0.98893493 0.9951608 0.99308556 0.99225 0.9971096 0.99754226 0.99752235 0.99787074 0.9973192 0.9970498 0.996056 0.99172765 0.99723935 0.9963355 0.9966722 0.9940276 0.99502915 0.992783 0.9918104 0.99513805 0.99571836 0.9965189 0.99572307 0.9937973 0.9935987 0.99222964 0.9893263 0.99526596 0.9947832 0.9956636 0.99485946 0.994989 0.993817 0.991175 0.99158233 0.99287 0.9941824 0.99371815 0.99452555 0.9987893 0.9970332 0.9978189 0.99836534 0.99805516 0.99722046 0.9971783 0.9938313 0.9979003 0.994312 0.99463695 0.99754167 0.99564755 0.9915851 0.99268246 0.99416715 0.9971813 0.9935427 0.9971292 0.995533 0.9976323 0.9976773 0.9947227 0.99474275 0.9940325 0.9943924 0.9956656 0.9932562 0.99370986 0.9932436 0.99233544 0.9937019 0.9938975 0.99415594 0.9934132 0.99428815 0.9940263 0.99686664 0.9959372 0.99433154 0.9949672 0.99524343 0.9947989 0.99345773 0.9931625 0.99585944 0.9961866 0.9965486 0.99748755 0.9972591 0.99476993 0.9952718 0.99638116 0.9913069 0.9902997 0.9906915 0.99585336 0.9960798 0.99662787 0.9974286 0.99755335 0.9951923 0.9951246 0.9954736 0.99525476 0.99449474 0.99351406 0.9929208 0.9941977 0.99524635 0.9946164 0.9943117 0.9938184 0.9930971 0.9939787 0.9929745 0.99449253 0.9944532 0.99479985 0.994274 0.99300677 0.9942868 0.9928977 0.9963524 0.9961694 0.99493706 0.99620044 0.9954925 0.9941767 0.9953151 0.9967486 0.99676156 0.9962258 0.9966429 0.9958369 0.99396837 0.996179 0.9962673 0.9957563 0.99594855 0.99473894 0.99719375 0.9978765 0.99702865 0.9961351 0.99659824 0.99714017 0.99683875 0.9969408 0.9971924 0.9931887 0.9963624 0.9967329 0.9960492 0.9943956 0.9970181 0.99766684 0.9963 0.9969661 0.99739826 0.99663156 0.9972347 0.9968748 0.9970729 0.99515516 0.99402255 0.99146247 0.99314964 0.9939814 0.9938762 0.9927008 0.9903375 0.99110657 0.9915724 0.9927135 0.99433345 0.99455124 0.99417657 0.9932846 0.99478614 0.9941726 0.9921351 0.9913286 0.99151635 0.99262196 0.9935007 0.9936609 0.99273765 0.99559027 0.99274373 0.98977154 0.9865749 0.9924454 0.9939559 0.9937178 0.9933585 0.99183875 0.9950779 0.9925868 0.98903006 0.99231154 0.99147046 0.9918368 0.99248064 0.98952407 0.9885596 0.9908954 0.99134606 0.99347043 0.9914324 0.98949516 0.9904584
NusxicxBranislav_SRP19021BranislavNOpstinskoDet-L2_2 0.9931266 0.99520874 0.99475425 0.9928944 0.9941063 0.9923435 0.9896101 0.9870182 0.9950413 0.99578565 0.9967835 0.9968336 0.9966845 0.9970729 0.99709165 0.9959282 0.9957326 0.9957412 0.9964788 0.99772906 0.9962209 0.997152 0.9936036 0.99417657 0.9943645 0.9936453 0.9948647 0.9926257 0.9951231 0.994941 0.99441785 0.9948669 0.99528307 0.9905754 0.98873705 0.9929343 0.9921465 0.99165195 0.99512047 0.9953492 0.99558103 0.99572605 0.9950606 0.9942927 0.99212825 0.99406946 0.9958246 0.9963996 0.99681157 0.99710333 0.9979358 0.99756473 0.9970301 0.9952371 0.99444145 0.9947609 0.9937217 0.98696506 0.9914494 0.99619377 0.9960623 0.9929242 0.99587405 0.9948031 0.9904853 0.99142426 0.99633825 0.99581087 0.9965874 0.99577844 0.99585134 0.99265677 0.99404097 0.99697834 0.9962544 0.9971785 0.99471116 0.9938002 0.99617445 0.99686205 0.9946939 0.995233 0.9954246 0.99425066 0.9914975 0.9949602 0.9953694 0.99572605 0.996212 0.9936492 0.9952186 0.99663067 0.99436647 0.9945063 0.9943423 0.99588865 0.99254155 0.99480295 0.9927465 0.9935459 0.9923729 0.99561024 0.9961316 0.9961868 0.9960031 0.9952142 0.9949772 0.99571496 0.99665064 0.9959989 0.9960576 0.995751 0.9960127 0.99663013 0.9956336 0.99523604 0.9959959 0.9949025 0.9952776 0.99532306 0.9954182 0.99423987 0.9973515 0.9967656 0.99687284 0.9962938 0.99789935 0.9955808 0.9943723 0.99626386 0.9966588 0.99626744 0.99760723 0.9975065 0.9972763 0.99365234 0.99403715 0.9947887 0.9951661 0.99103916 0.99170876 0.9874193 0.99012935 0.99561673 0.9954685 0.9966933 0.9951357 0.9944697 0.99571234 0.99609727 0.9909311 0.9909273 0.9910932 0.9876056 0.9966122 0.99617296 0.9963265 0.9948104 0.99469876 0.99373937 0.99476504 0.9936694 0.993633 0.9935298 0.99426574 0.9953685 0.99495363 0.99738705 0.9959191 0.9973415 0.9965548 0.9943247 0.9960704 0.99517864 0.99305344 0.9941344 0.99715984 0.99631995 0.9956107 0.99788386 0.9976815 0.99668825 0.99672246 0.995025 0.9928984 0.991569 0.9972165 0.99753404 0.99772733 0.997003 0.99615055 0.99682313 0.9953695 0.99723643 0.9967114 0.99759203 0.99699855 0.9961626 0.99460465 0.99692214 0.99408835 0.9963488 0.99652386 0.99457645 0.99486166 0.9936038 0.9935472 0.99572814 0.992177 0.9894553 0.99070764 0.99543005 0.99518013 0.9940526 0.9964917 0.99517494 0.99552053 0.9944106 0.99552757 0.99488324 0.9947427 0.99240196 0.991525 0.99417156 0.9963785 0.99467045 0.99647516 0.9964165 0.9953852 0.9943297 0.9950167 0.9842258 0.9887083 0.996787 0.99460936 0.9920019 0.99377817 0.99524426 0.98909885 0.991773 0.9966334 0.99161536 0.9860006 0.9907383 0.992512 0.9935929 0.9949304 0.9922422 0.9938379 0.9881812 0.99395764 0.99502933 0.9942124 0.9923089 0.9901116 0.9939877 0.9952127 0.99481916 0.9946033 0.9917549 0.9940604 0.99361366 0.99256605 0.99087405 0.99327224 0.99594176 0.9955443 0.9931949 0.9904977 0.9990138 1.0 0.9983313 0.9975304 0.99828553 0.99618894 0.9981221 0.9934345 0.9954865 0.99290884 0.99567336 0.99490714 0.9931962 0.99220604 0.9965736 0.99367034 0.99305487 0.9909306 0.99370337 0.9943121 0.99286246 0.99336356 0.99562615 0.99467933 0.99679893 0.99304104 0.9952836 0.99498755 0.99642736 0.99562293 0.99476826 0.99417424 0.9938195 0.99445975 0.9940893 0.99426985 0.9934728 0.99446046 0.9937547 0.9939898 0.9936359 0.99438345 0.9948202 0.996881 0.9962406 0.9950062 0.99706286 0.9949633 0.99708635 0.9967903 0.9965746 0.9973679 0.99714506 0.99730396 0.99624944 0.9950483 0.99397784 0.99430263 0.9966655 0.9974469 0.9972148 0.9974018 0.98988485 0.9884391 0.9867524 0.9952011 0.99402386 0.9925188 0.997306 0.9981362 0.998096 0.9981354 0.9975033 0.99679893 0.9958603 0.99102414 0.9973248 0.9960217 0.99637985 0.993575 0.99464273 0.9916431 0.99062556 0.99485254 0.9948391 0.9959957 0.99507856 0.9928955 0.992464 0.9911472 0.98999816 0.9958788 0.9952316 0.9961299 0.9954992 0.9956194 0.9938397 0.99100745 0.99160963 0.99304366 0.9941225 0.99335635 0.9942285 0.9980321 0.99705595 0.9976983 0.9980529 0.99800855 0.9970212 0.99669445 0.99396217 0.99729973 0.99419624 0.9948985 0.9975398 0.9954976 0.99194574 0.9928905 0.9944819 0.99663067 0.99300134 0.9964747 0.9954508 0.9974227 0.99706155 0.99473 0.99567634 0.9949723 0.99545604 0.99571013 0.9929975 0.9926702 0.99242896 0.99208945 0.9936103 0.99358064 0.9941183 0.9932986 0.99399126 0.9934044 0.997206 0.99593425 0.9944513 0.9948331 0.99575394 0.9948125 0.99406606 0.9936468 0.99614525 0.9959794 0.9968835 0.99741983 0.9978261 0.9945772 0.99557686 0.9967278 0.99139214 0.99077064 0.99106497 0.99611795 0.9960474 0.99631923 0.99737585 0.9972602 0.9953861 0.9954177 0.99546504 0.9957695 0.99560094 0.99421394 0.9942731 0.9950086 0.99611425 0.99534315 0.99527574 0.9941261 0.99325615 0.9947008 0.99373466 0.9951982 0.9949459 0.99555725 0.9949308 0.99433607 0.99568164 0.99367607 0.9969476 0.9970262 0.99565953 0.9966964 0.99590904 0.99431163 0.99605674 0.99703246 0.9967397 0.9965293 0.9966967 0.995962 0.9936776 0.99657744 0.9965176 0.9960743 0.9958808 0.9944946 0.9972786 0.9978612 0.99789697 0.99670064 0.99690354 0.9970198 0.9963238 0.9965379 0.9962054 0.9924929 0.9953294 0.99568397 0.99573684 0.994392 0.99598414 0.99667805 0.9956512 0.99647915 0.9965675 0.995806 0.99671453 0.9957499 0.99629253 0.9947227 0.9933531 0.990624 0.992265 0.99398476 0.99351144 0.99196297 0.98896456 0.99150157 0.9919201 0.9929648 0.9944877 0.9945774 0.99418104 0.99341273 0.9943739 0.9941722 0.9924892 0.9915076 0.99185705 0.99317634 0.9942928 0.99452525 0.99354434 0.99600834 0.9938393 0.99115777 0.9885287 0.9933476 0.9948679 0.99429953 0.99421084 0.9926315 0.99477017 0.99287957 0.9894629 0.99296844 0.99127924 0.9923504 0.9931175 0.98963 0.98936784 0.9914198 0.9921008 0.9935879 0.9896167 0.9872774 0.98905826
NusxicxBranislav_SRP19021BranislavNOpstinskoDet-L2_3 0.99567205 0.9970539 0.99654853 0.9949441 0.9958035 0.9939522 0.99175924 0.98999727 0.99332505 0.99422574 0.99521536 0.9958667 0.9943598 0.9946901 0.9963093 0.99518704 0.9953176 0.99583197 0.99650234 0.9962924 0.99358803 0.99541277 0.99338603 0.9938657 0.99384713 0.99234676 0.9940838 0.9911859 0.9938378 0.9926204 0.9930157 0.9932433 0.99326277 0.98995876 0.9880466 0.9940731 0.99356616 0.9924695 0.9963981 0.9966738 0.9964161 0.995917 0.9969099 0.9955387 0.9949175 0.9957123 0.9966543 0.99716157 0.9964658 0.9970458 0.9972671 0.9969231 0.9965852 0.996564 0.9949668 0.9963828 0.9958302 0.99010193 0.99396604 0.99660885 0.9967909 0.9945457 0.9967102 0.9962424 0.9930916 0.99384797 0.99753755 0.9961645 0.99681705 0.9964278 0.99673545 0.9930488 0.99459964 0.99599487 0.99596834 0.9960199 0.99462754 0.99408776 0.9969781 0.99636656 0.9948989 0.9966679 0.9971413 0.9946523 0.9931196 0.99549186 0.9951333 0.99614054 0.9961689 0.9959885 0.9965692 0.9952367 0.9951877 0.99416196 0.9940205 0.9959288 0.9936168 0.9953226 0.99331754 0.99396396 0.9928923 0.9952253 0.9950369 0.9952638 0.9950106 0.9963771 0.9949403 0.995326 0.99668574 0.9958409 0.99572784 0.9960115 0.9965275 0.9972909 0.99626017 0.99588495 0.9960304 0.99478114 0.9945933 0.99491507 0.99503124 0.99312353 0.99610436 0.99491704 0.9957802 0.9955516 0.9964312 0.99463046 0.9952284 0.9963819 0.99658245 0.99617934 0.99710107 0.99724424 0.99665993 0.9939674 0.99585795 0.9966338 0.9964831 0.9940096 0.99379975 0.99051565 0.9930037 0.99635094 0.9947554 0.995651 0.99641365 0.99564666 0.996788 0.9963843 0.9938131 0.9926959 0.992666 0.99004877 0.99696296 0.9962749 0.9959701 0.9960544 0.9957785 0.9931791 0.9948392 0.9924073 0.9931944 0.99310154 0.99383634 0.9946016 0.9949889 0.9964314 0.9957714 0.9963838 0.99560773 0.9926373 0.99433166 0.99413306 0.99171513 0.99365616 0.9961428 0.99488425 0.9943402 0.99791276 0.99648947 0.9952652 0.9955293 0.99485534 0.99128234 0.9892904 0.99722284 0.9975317 0.99681276 0.9976305 0.9945804 0.9944687 0.9926362 0.99531364 0.99502295 0.99606645 0.9958398 0.9970354 0.9961376 0.99783766 0.9961776 0.99711317 0.9975554 0.99652004 0.9971584 0.9949078 0.9950307 0.9956253 0.9936385 0.99123496 0.9926103 0.99569297 0.9955573 0.9945736 0.9966347 0.9950176 0.9957004 0.99536383 0.99534655 0.9957522 0.9958224 0.9935779 0.99258775 0.9946895 0.9964154 0.9956187 0.9962663 0.99662125 0.9962253 0.9951426 0.99565727 0.98595333 0.99056166 0.9973193 0.996553 0.9945143 0.99601656 0.9964748 0.9911269 0.9947501 0.9970707 0.9905471 0.98243546 0.98965216 0.9916107 0.9955135 0.99658936 0.99475795 0.9943935 0.98929745 0.99521875 0.9959662 0.996192 0.9937818 0.9910265 0.995488 0.9952203 0.99640346 0.995633 0.99111897 0.9943614 0.9938648 0.99368286 0.9917495 0.99433476 0.99594474 0.995777 0.99335796 0.9915305 0.9987282 0.9983313 1.0000001 0.9981289 0.9989892 0.9970685 0.9981239 0.9947967 0.99641114 0.9949809 0.99637866 0.9966162 0.9944702 0.99319875 0.99713695 0.9954299 0.9942019 0.9918648 0.99437344 0.9943368 0.992229 0.9949666 0.99616325 0.9954557 0.99778694 0.9942243 0.9962937 0.9962274 0.99681365 0.9962452 0.99533594 0.99511564 0.9918026 0.9908683 0.9910926 0.9909332 0.99024487 0.9910071 0.9902304 0.99521965 0.9957377 0.9962182 0.99451405 0.9959473 0.99645555 0.99609137 0.99735004 0.9955659 0.9975559 0.99648064 0.9969344 0.9971248 0.99745476 0.9967667 0.9969957 0.9957475 0.9945576 0.99532986 0.9965935 0.9970385 0.9964652 0.9968233 0.99341947 0.99172544 0.99056715 0.9949066 0.99210924 0.99185735 0.99740034 0.9973889 0.997377 0.99805236 0.9972047 0.99742055 0.99601614 0.99195933 0.9978781 0.99688166 0.9970882 0.99484396 0.9952521 0.9935227 0.9923428 0.9955528 0.9961963 0.9966018 0.99564826 0.9944934 0.9942487 0.99271995 0.988492 0.9962212 0.99604243 0.9966713 0.995997 0.9961046 0.995056 0.9916675 0.9921672 0.99334055 0.99467784 0.9946486 0.9955681 0.9981694 0.99606085 0.99771327 0.9978854 0.99780214 0.99661285 0.99629974 0.9927499 0.9974127 0.9926094 0.99318206 0.9967462 0.994423 0.98975706 0.99147785 0.9926487 0.9972247 0.9927936 0.9969611 0.9945717 0.99754965 0.9977245 0.9934273 0.9931733 0.9924716 0.9926838 0.9948077 0.993729 0.9942758 0.9938759 0.99355257 0.9944299 0.99460196 0.99460554 0.99424255 0.9947117 0.9945782 0.9964402 0.99514633 0.99354845 0.9949675 0.99472535 0.9940811 0.9929403 0.99209374 0.99586 0.9961287 0.99646515 0.9975266 0.99725133 0.9954993 0.99599135 0.99675924 0.99295264 0.9915985 0.99159575 0.9957654 0.9963619 0.99696493 0.99707645 0.9976332 0.9953349 0.9950886 0.9956715 0.9963482 0.9946151 0.9947536 0.9937384 0.9954151 0.99602014 0.9952892 0.99471813 0.99447864 0.99398065 0.99420136 0.9928159 0.99444485 0.99491 0.99503547 0.99466634 0.9928309 0.9943603 0.9937104 0.99555564 0.99550503 0.9947603 0.99594194 0.9957031 0.9947984 0.99562174 0.99686265 0.99769187 0.99698126 0.99757224 0.99648225 0.9947255 0.9965038 0.99632955 0.9960879 0.9966415 0.99551487 0.99688447 0.9977516 0.99666727 0.9968664 0.9968445 0.99668205 0.9969591 0.99713665 0.99738526 0.99379003 0.99648416 0.99723864 0.99617344 0.99485517 0.99698436 0.9970312 0.9956099 0.99643475 0.9970265 0.9960864 0.99663526 0.9969871 0.9967027 0.99595565 0.99503887 0.9926106 0.99417967 0.9942192 0.9945132 0.9934312 0.99157774 0.9923916 0.9926041 0.9938466 0.99541694 0.9954538 0.995329 0.99471605 0.99625444 0.99532425 0.9929761 0.99281806 0.9925454 0.9936455 0.9941994 0.99368715 0.99342835 0.9945622 0.990938 0.9880677 0.9844491 0.99083674 0.9925358 0.9920788 0.99166685 0.9899624 0.99367845 0.9910682 0.98748773 0.990632 0.9898944 0.99012864 0.9905773 0.9874908 0.98636967 0.9890378 0.98931706 0.9919904 0.9922766 0.990608 0.9909351
NusxicxBranislav_SRP19021BranislavNOpstinskoDet-L2_4 0.99303573 0.99743164 0.9954459 0.9920562 0.9940922 0.99446267 0.9914699 0.9887248 0.99490166 0.99447745 0.9953157 0.9968272 0.99474967 0.9949972 0.9962951 0.99433655 0.99428785 0.9950417 0.99636906 0.9966048 0.9934739 0.994739 0.99469346 0.99488324 0.9943445 0.99214184 0.99408484 0.9907231 0.9950123 0.9930425 0.99302053 0.99468523 0.9936405 0.9871416 0.984331 0.9941036 0.99325997 0.9910183 0.99723804 0.996784 0.99638736 0.99542254 0.99648464 0.993824 0.9950527 0.9963208 0.99637496 0.99620533 0.9965968 0.9952949 0.99710053 0.9960177 0.9949302 0.9956925 0.99449855 0.9953697 0.9948736 0.9889417 0.99237484 0.99560034 0.99545956 0.9935862 0.99720037 0.9963546 0.9938411 0.9945873 0.9974621 0.9971713 0.9973246 0.9971827 0.9972673 0.996106 0.9959105 0.99674004 0.99672216 0.9963815 0.9966302 0.99544024 0.99685836 0.9974489 0.9961841 0.9940352 0.9956413 0.99351394 0.99135685 0.994321 0.99363774 0.99502116 0.9957117 0.9938761 0.99464625 0.9930933 0.99460495 0.9931524 0.99320674 0.9946699 0.9915903 0.99363434 0.9922704 0.99210465 0.9915671 0.9935361 0.99341565 0.9944728 0.99329036 0.995076 0.9921885 0.9931986 0.99577564 0.9941198 0.99480605 0.9942825 0.9946729 0.9954173 0.99491394 0.993172 0.9967567 0.9955329 0.99587566 0.9960291 0.9961033 0.99443954 0.99700785 0.9964067 0.9965913 0.99695665 0.9960508 0.99676204 0.9967102 0.99747604 0.99740285 0.997589 0.9975782 0.9974025 0.9976303 0.9919587 0.9947447 0.9955313 0.9953186 0.99217194 0.99132663 0.9872564 0.99039495 0.99592084 0.9949889 0.9956572 0.99714077 0.99709684 0.99729747 0.9974822 0.99469966 0.99463487 0.9934833 0.9915522 0.99713224 0.99653447 0.9961735 0.99289465 0.99236774 0.99375415 0.9938426 0.9929041 0.9926133 0.9934405 0.99394137 0.9926503 0.9936434 0.99592596 0.99500746 0.9958229 0.9945749 0.99130386 0.9939231 0.9930195 0.99024415 0.99167454 0.9957006 0.99342793 0.9924609 0.99738467 0.99592036 0.99430007 0.99441034 0.99383485 0.98973995 0.9876142 0.99681246 0.9965586 0.9962088 0.9958647 0.9939847 0.9954409 0.9918783 0.99548316 0.99395096 0.9968231 0.99698174 0.99815834 0.9967298 0.99755836 0.9953638 0.99644417 0.9971299 0.99559534 0.99722034 0.993995 0.99338555 0.99504495 0.9924322 0.9898903 0.99080384 0.99408203 0.995675 0.995382 0.9970754 0.99422884 0.9965955 0.9942996 0.99539244 0.99602675 0.995646 0.9913211 0.9904431 0.9932118 0.9953293 0.9944555 0.99503225 0.9962806 0.9950345 0.994753 0.9939869 0.9892838 0.9929725 0.9966394 0.99517846 0.99376816 0.99458694 0.9941051 0.99140805 0.9928624 0.99568206 0.9888507 0.9818084 0.9884146 0.9908606 0.9944183 0.99497277 0.9952875 0.9964866 0.9920026 0.99558556 0.9959145 0.99618655 0.99464285 0.99384385 0.996844 0.9966405 0.9955302 0.9966296 0.99310064 0.99658895 0.9953975 0.99391675 0.9932306 0.99492866 0.99648553 0.99573594 0.99347275 0.991358 0.9970528 0.9975304 0.9981289 0.99999946 0.9985801 0.998157 0.9983148 0.9961193 0.9971076 0.9944778 0.9966255 0.99612534 0.9954866 0.9953377 0.996535 0.9948161 0.99503297 0.9932909 0.99601686 0.9959241 0.99437064 0.9958542 0.9966226 0.99652874 0.99700075 0.9953494 0.99661434 0.99606925 0.9976819 0.99599457 0.99581456 0.9958972 0.99286795 0.99133 0.992538 0.9914285 0.9908778 0.99156606 0.9909569 0.9937647 0.9929776 0.99371254 0.99547786 0.99632967 0.99695337 0.9967592 0.99746335 0.9960183 0.9974602 0.9979391 0.99739754 0.9965012 0.9971348 0.9963368 0.9959363 0.9939419 0.99250525 0.9934637 0.9969948 0.9971326 0.9972644 0.9976037 0.9907421 0.9887441 0.98695433 0.99346507 0.99122787 0.9905277 0.99859476 0.99756896 0.99731994 0.997374 0.99596584 0.9968245 0.9941204 0.9905392 0.99780834 0.9960198 0.9964939 0.99520355 0.99430937 0.9924265 0.9906777 0.99629706 0.99602723 0.9966396 0.99520457 0.9948676 0.9939041 0.9924479 0.986498 0.99734455 0.99757314 0.99703705 0.9968556 0.9973221 0.99638635 0.99450886 0.994176 0.9955344 0.9963702 0.995479 0.99628145 0.99682695 0.99404496 0.99766326 0.9973749 0.9976166 0.9950883 0.9949292 0.98993343 0.99653965 0.9892571 0.9904766 0.99545693 0.99127877 0.98657686 0.9879952 0.9900543 0.9973742 0.9900284 0.9966346 0.992902 0.997072 0.9968049 0.9914133 0.992615 0.991932 0.99183583 0.9939071 0.99218047 0.99429595 0.99457896 0.9947742 0.9959028 0.99526936 0.9960297 0.9955038 0.99510765 0.99511796 0.9963849 0.9942683 0.9924862 0.9953765 0.994427 0.9942596 0.9935658 0.99164027 0.9955232 0.9961903 0.99650127 0.9980426 0.99760556 0.99689305 0.9972353 0.99769366 0.99413097 0.993045 0.9932634 0.99507713 0.9965176 0.99673605 0.99717903 0.9974666 0.99575186 0.99622136 0.9962922 0.99671173 0.9945835 0.996333 0.9965173 0.99697965 0.9973066 0.9964154 0.99556285 0.99563396 0.9940581 0.9963694 0.9942941 0.9960799 0.99644876 0.99594903 0.99697953 0.9956126 0.996388 0.99631816 0.99575156 0.99616843 0.99549997 0.9965037 0.99637246 0.9965162 0.99640656 0.9972285 0.9979781 0.9982804 0.9977764 0.9977028 0.99541384 0.9980526 0.997666 0.9971185 0.9961446 0.9966648 0.997342 0.99787325 0.9976438 0.9970778 0.9978754 0.996576 0.9968558 0.99680024 0.9967946 0.9937313 0.99517125 0.9958592 0.9964281 0.99665284 0.9967177 0.99591 0.9941831 0.9962096 0.9957346 0.99465126 0.9962923 0.99520254 0.9959657 0.99398375 0.99308985 0.98950446 0.99194354 0.9918544 0.9919219 0.99064124 0.9886287 0.99550796 0.99587494 0.9963921 0.9968012 0.99556607 0.9962496 0.9964297 0.9965497 0.9967029 0.995865 0.99557537 0.9953084 0.9961455 0.99609315 0.99571866 0.99474823 0.9938488 0.98871 0.9867159 0.98294336 0.9899828 0.99152523 0.9904674 0.99060786 0.98822194 0.99246085 0.9898137 0.9856592 0.9892611 0.98804915 0.98882353 0.9891268 0.9843599 0.9843552 0.98709434 0.9876337 0.99070555 0.9921219 0.98948044 0.9907379
NusxicxBranislav_SRP19021BranislavNOpstinskoDet-L2_5 0.9943099 0.9969141 0.99635744 0.9953807 0.9962167 0.99319947 0.9905889 0.9879422 0.99509 0.99519795 0.9963059 0.99645793 0.99599844 0.996292 0.99630284 0.9954721 0.99492234 0.9952927 0.99592245 0.99717635 0.9948935 0.9963103 0.993461 0.9943636 0.99429286 0.9934801 0.99456304 0.9926517 0.9948766 0.99396116 0.99417776 0.9941541 0.99444073 0.9897915 0.9879223 0.993128 0.9924658 0.9916621 0.99661815 0.9973038 0.9971533 0.99699664 0.9969523 0.9961738 0.99425834 0.9953304 0.9972484 0.99789214 0.9974254 0.9976205 0.997915 0.99726474 0.99702376 0.9966028 0.99516565 0.99572164 0.994931 0.9882261 0.9929134 0.9961856 0.99605376 0.99388885 0.9962845 0.99558485 0.99151105 0.9924441 0.9979466 0.99618584 0.99750483 0.99702394 0.9968188 0.993611 0.9950974 0.9970631 0.9964951 0.9970248 0.99427015 0.99354213 0.9970343 0.9972947 0.994665 0.9960763 0.9965366 0.9963549 0.99499995 0.9968815 0.9967942 0.99745536 0.9976508 0.9964935 0.9970804 0.9954146 0.99451315 0.99325657 0.9932573 0.99574107 0.9931626 0.9955163 0.99304956 0.9938972 0.9916278 0.99420184 0.9945699 0.9964086 0.99648213 0.9966102 0.9957553 0.9963345 0.9972681 0.99668837 0.9968861 0.9972922 0.9973202 0.99758875 0.9970494 0.996625 0.99637306 0.9954512 0.99498683 0.99563444 0.99554247 0.9940388 0.99625933 0.9957437 0.99671173 0.9960339 0.9970551 0.9952975 0.9944564 0.996352 0.99689996 0.9965252 0.9979504 0.99796665 0.9970593 0.9935584 0.9952702 0.99590665 0.99614394 0.9952187 0.9952624 0.9921979 0.9944546 0.9962522 0.99512625 0.9962367 0.99627304 0.9954276 0.99702317 0.9969946 0.9921045 0.9916999 0.9910946 0.988386 0.9971962 0.9966656 0.99664193 0.99638623 0.99603623 0.99489903 0.996052 0.9941327 0.9945443 0.99447936 0.9953381 0.9953551 0.99547267 0.9971134 0.9958553 0.9970776 0.99618924 0.99426514 0.99587524 0.995817 0.99369526 0.99518615 0.9959354 0.99481803 0.9942159 0.9978236 0.9970607 0.99618584 0.99651694 0.99676156 0.9930685 0.9913496 0.99714583 0.9979601 0.9978378 0.9977444 0.9950044 0.9954362 0.99401194 0.9960092 0.9958519 0.99693185 0.9963199 0.99719137 0.99650013 0.998378 0.996664 0.99790484 0.9984046 0.997217 0.99733967 0.9959074 0.99581873 0.9969852 0.99421835 0.9915931 0.99323636 0.9969082 0.9958471 0.99423 0.9967543 0.99582154 0.9958849 0.9956006 0.99636906 0.99500203 0.99540794 0.9928248 0.9918037 0.9945415 0.99621767 0.9949876 0.99754083 0.99663323 0.9957851 0.9942526 0.9952113 0.9850838 0.9904266 0.9972031 0.99574745 0.99337465 0.9952816 0.9959984 0.9896249 0.99377877 0.99713707 0.9921288 0.9850903 0.9911982 0.99284136 0.9949194 0.99579024 0.99390805 0.9945303 0.98906726 0.99597085 0.9969896 0.99661094 0.9935811 0.9900834 0.99541104 0.99501294 0.995448 0.99492484 0.9912201 0.994784 0.99397933 0.9939406 0.99130017 0.9946956 0.99677056 0.99624187 0.9934742 0.99151605 0.9982172 0.99828553 0.9989892 0.9985801 0.9999998 0.9974456 0.99790543 0.9942723 0.9961437 0.9953856 0.99697095 0.9972243 0.99370116 0.99258316 0.99695116 0.99537015 0.9935824 0.99129915 0.99362195 0.9939192 0.9925517 0.9940181 0.9955456 0.9952532 0.9973205 0.99377143 0.99599767 0.996075 0.9969463 0.9959173 0.9951925 0.9948937 0.9936412 0.99319905 0.9927716 0.9933954 0.9927412 0.9934684 0.9921033 0.99381864 0.9941388 0.9948 0.99498415 0.9965048 0.9968663 0.99597275 0.99747634 0.9953528 0.99764955 0.99681693 0.99655455 0.99746317 0.9976938 0.9972602 0.997834 0.99656254 0.9959676 0.9963735 0.99718523 0.997642 0.9971886 0.9974217 0.9931898 0.9918633 0.99036694 0.9967137 0.9946383 0.9944624 0.9974927 0.99813175 0.9980529 0.99837714 0.9975064 0.99763393 0.9965134 0.99222964 0.99807906 0.9976574 0.9977487 0.9950747 0.9958683 0.99385273 0.9926928 0.9955243 0.9962312 0.9962884 0.9958055 0.99380994 0.9937837 0.9926065 0.9908257 0.9973692 0.9964807 0.99725693 0.99660057 0.99684495 0.995417 0.99325234 0.9941339 0.995207 0.9960169 0.9959628 0.9965345 0.99745685 0.996069 0.9973444 0.9974653 0.9976869 0.9967235 0.9961014 0.9930584 0.996769 0.99259776 0.99326587 0.9967328 0.99470025 0.9907124 0.9915385 0.9932934 0.99669987 0.9925727 0.99673265 0.99481434 0.997035 0.997132 0.99487936 0.99499136 0.99446875 0.99430627 0.9958412 0.994827 0.99417704 0.99343276 0.99334365 0.99421173 0.99472415 0.994546 0.9940757 0.9944425 0.994501 0.99686044 0.99541587 0.9940698 0.9957772 0.9959908 0.9946003 0.9936757 0.99310386 0.99680775 0.99684966 0.9974063 0.9978933 0.99827665 0.9959157 0.99606895 0.9975812 0.992405 0.99139017 0.99128044 0.9973294 0.9971769 0.9974859 0.99787456 0.99802566 0.9955379 0.9960807 0.99678236 0.9973036 0.9967771 0.9949645 0.9952803 0.99695927 0.99727 0.9966241 0.9965237 0.99604464 0.9955624 0.99582523 0.9949769 0.9960344 0.99633205 0.99689376 0.9959074 0.99451387 0.9958342 0.99437594 0.99630666 0.9963242 0.9949192 0.996124 0.9955572 0.9949589 0.99653333 0.9974576 0.99783456 0.9977201 0.9979976 0.996761 0.993928 0.99725765 0.99657667 0.99754196 0.99736524 0.99554026 0.9973436 0.9982923 0.99794894 0.99785656 0.9977452 0.9971799 0.99644977 0.9970403 0.99703103 0.99314827 0.9961152 0.9971302 0.99606127 0.994397 0.997561 0.99751174 0.9966014 0.9974034 0.99740785 0.99659723 0.9976944 0.9971518 0.9975807 0.99592596 0.99438995 0.99115634 0.9932786 0.99423736 0.99406 0.9924488 0.9904028 0.9932212 0.9936348 0.9950908 0.9967602 0.9971408 0.99669135 0.9957207 0.99716103 0.9968447 0.9934652 0.9936235 0.9933311 0.99508667 0.99605703 0.9954505 0.99527675 0.99620265 0.9925731 0.9907398 0.98758113 0.9922587 0.99373746 0.99353004 0.9932312 0.991875 0.9950392 0.9925076 0.98948425 0.99240184 0.99159163 0.9920138 0.99275005 0.9894248 0.9887954 0.9912211 0.9912791 0.99344623 0.99002856 0.9879185 0.9888562
NusxicxBranislav_SRP19021BranislavNOpstinskoDet-L2_6 0.9903683 0.9953283 0.9933474 0.9895391 0.9909113 0.9946777 0.9916445 0.99034023 0.99311423 0.9915086 0.9932193 0.9949906 0.9923721 0.99259037 0.99383444 0.991187 0.9913671 0.9921628 0.99420464 0.99410015 0.9901624 0.99181813 0.9916841 0.9913651 0.9904726 0.98795307 0.99023783 0.9864932 0.99095285 0.98930645 0.98939395 0.9912652 0.99035484 0.98258 0.9800244 0.99081373 0.98961 0.98704803 0.9946286 0.9947588 0.9938289 0.9924335 0.99464166 0.99082816 0.9918846 0.99333835 0.9933993 0.9940862 0.9943475 0.99355775 0.9965144 0.99622434 0.9953988 0.9951037 0.9957457 0.9928661 0.9928457 0.98574877 0.9890888 0.9932653 0.9935611 0.9903134 0.99474216 0.99410796 0.99137074 0.9920889 0.9963276 0.9966073 0.99717695 0.99692917 0.9970347 0.99541086 0.9968045 0.9963442 0.99667126 0.9951116 0.99534804 0.9948988 0.99658734 0.9964582 0.99617445 0.99353665 0.99482965 0.9929831 0.99003446 0.99455804 0.9930641 0.9948393 0.99465233 0.99395174 0.99501026 0.9904449 0.9950948 0.9928968 0.99328125 0.9954441 0.99351317 0.99502265 0.9937807 0.9931672 0.99218297 0.9930171 0.9929092 0.9950887 0.9927503 0.9949391 0.99087274 0.99221754 0.9950677 0.99404854 0.9944131 0.99354446 0.99431664 0.99452716 0.9951708 0.9924864 0.9970965 0.9959918 0.99615735 0.9962077 0.99634707 0.99557495 0.99553347 0.99482906 0.9953255 0.9959715 0.99455446 0.9950018 0.996045 0.9967752 0.99580806 0.99632055 0.9963329 0.99642295 0.9970748 0.9882104 0.992222 0.9934124 0.9926898 0.99187887 0.99022114 0.98678285 0.98998564 0.9957723 0.9946734 0.9950459 0.99796176 0.9978437 0.9979938 0.99794513 0.9935458 0.9950323 0.99436927 0.99273974 0.99568784 0.9946243 0.99368 0.99196446 0.99175847 0.9942837 0.9931234 0.9931583 0.9920108 0.993998 0.9937113 0.9909207 0.9912406 0.9944132 0.9943697 0.99549496 0.99380046 0.9896353 0.99207777 0.9912101 0.98805654 0.9894152 0.9939219 0.9905411 0.98904634 0.99571675 0.99395514 0.9912926 0.9916524 0.9915046 0.9885975 0.9867543 0.99568003 0.99555016 0.9957416 0.99530804 0.99136937 0.993361 0.98903537 0.9932054 0.9914485 0.9946706 0.99560076 0.9979322 0.99756473 0.9970681 0.9960331 0.99659604 0.9970267 0.9952382 0.99705905 0.9955605 0.9940868 0.99547577 0.99417406 0.9923938 0.99273586 0.9945743 0.9924681 0.9920818 0.99443555 0.99057096 0.99312776 0.9908458 0.99211574 0.99294543 0.99265856 0.9886381 0.98763597 0.99011576 0.9934008 0.99275917 0.9943193 0.99493885 0.9939418 0.9939761 0.99173254 0.986181 0.99020517 0.99544924 0.99527544 0.99485165 0.99498457 0.9947739 0.99297905 0.99335456 0.9943874 0.9874298 0.9805337 0.98742163 0.99036866 0.99516404 0.99519897 0.9942332 0.995507 0.9934098 0.9953336 0.9951937 0.9953583 0.9955063 0.99383956 0.99743533 0.99592084 0.99502134 0.9965298 0.99287224 0.996439 0.99595374 0.9955599 0.99488 0.99677724 0.99732435 0.9966321 0.9949326 0.99380285 0.9961642 0.99618894 0.9970685 0.998157 0.9974456 1.0000002 0.9985647 0.9948521 0.99472404 0.9915855 0.9943533 0.99452436 0.99474585 0.9943657 0.99464273 0.99226403 0.9947379 0.994352 0.995468 0.9949971 0.9936376 0.9939343 0.99566644 0.9951953 0.99535966 0.99626905 0.9974653 0.9968164 0.99719304 0.9962028 0.99733603 0.99730176 0.9921377 0.9904597 0.99090207 0.99017566 0.98905146 0.9901185 0.99000025 0.991934 0.9912323 0.9940265 0.9956327 0.995148 0.99623156 0.9968294 0.99670416 0.99728066 0.9976233 0.9959887 0.99508595 0.99477565 0.9952983 0.9949919 0.9935815 0.9907561 0.9897069 0.9908442 0.9945602 0.99526876 0.994659 0.9949868 0.98795164 0.9851114 0.9837799 0.9928646 0.9899066 0.9898543 0.9967487 0.99516714 0.99515176 0.9956218 0.99317616 0.9943446 0.99125594 0.9862434 0.99593234 0.9943014 0.9948586 0.9918126 0.99140376 0.9897227 0.9872927 0.9929317 0.99347305 0.99478817 0.99307686 0.9922601 0.9914213 0.9899156 0.9837836 0.99633086 0.9967866 0.9946232 0.99540865 0.9961309 0.9949617 0.99517214 0.99513066 0.99572325 0.9962999 0.99517953 0.9949192 0.9951884 0.99148834 0.9960438 0.9954519 0.9957881 0.9925818 0.99143755 0.9869467 0.9943272 0.98609996 0.98732203 0.9934746 0.9887418 0.98344886 0.98472285 0.98718464 0.99552476 0.98642343 0.99439543 0.98966616 0.9946719 0.9951852 0.9902102 0.99136376 0.99075234 0.9900337 0.9920042 0.988776 0.9928586 0.9947318 0.9935155 0.99402106 0.99275917 0.9945787 0.9930548 0.9921862 0.9927995 0.99425054 0.9934635 0.9921857 0.99419177 0.9934821 0.9945925 0.9941634 0.9925326 0.99584174 0.99588954 0.9960768 0.9974916 0.9969753 0.9975685 0.9973523 0.99805695 0.9948399 0.99430263 0.9950864 0.9940633 0.9969706 0.99708295 0.99716216 0.9966037 0.9956353 0.99593794 0.996809 0.9955372 0.9930963 0.9959932 0.9953119 0.9961953 0.996523 0.9967811 0.994923 0.9963526 0.99563015 0.9950504 0.9924389 0.9943603 0.9950149 0.9946674 0.9959109 0.9938441 0.99400747 0.9954806 0.9944682 0.99503314 0.99457467 0.99612784 0.9956393 0.9961432 0.99609536 0.996588 0.99723333 0.997347 0.99797577 0.9969121 0.99660873 0.9964098 0.99738526 0.99640036 0.9960711 0.9972283 0.9965104 0.9957485 0.99639595 0.99645984 0.9965526 0.99463946 0.9961545 0.9959164 0.99585515 0.995419 0.9960402 0.9948559 0.99682 0.99592334 0.9964184 0.994712 0.99249446 0.9954361 0.99526215 0.9936992 0.9949831 0.99499303 0.9946662 0.99045235 0.98948187 0.98587984 0.9883687 0.98815006 0.9884016 0.98672605 0.9849422 0.9963006 0.9954109 0.9960622 0.9962682 0.9949366 0.996129 0.99600655 0.99618775 0.99598897 0.9960201 0.9964956 0.99563354 0.9967147 0.9961284 0.99546975 0.9953309 0.9927674 0.9869174 0.9845595 0.9810966 0.98644465 0.9892512 0.988378 0.98837966 0.9858644 0.99021614 0.9865609 0.9822482 0.98697346 0.98461616 0.9855014 0.9867711 0.981779 0.98129845 0.98415524 0.98482835 0.98784584 0.99152696 0.9879324 0.98868847
NusxicxBranislav_SRP19021BranislavNOpstinskoDet-L2_7 0.9920847 0.9956521 0.99413043 0.9907025 0.9923145 0.9941959 0.99152523 0.9900562 0.9938542 0.99343616 0.9948224 0.9960458 0.9939765 0.9944132 0.99549925 0.9933107 0.99355525 0.99412256 0.99570227 0.9956447 0.99290407 0.99416256 0.9929032 0.99262094 0.9922049 0.9903094 0.99246985 0.98891085 0.9926812 0.9916053 0.9913364 0.99297345 0.9922655 0.98725426 0.9847082 0.9930137 0.99186814 0.99023145 0.9957775 0.9953381 0.9951931 0.9946586 0.9958847 0.992885 0.99322754 0.99471176 0.99527967 0.99569404 0.99598646 0.9955723 0.9974421 0.99740535 0.9967239 0.9959834 0.99648225 0.9939386 0.9933533 0.9872093 0.99031764 0.9948986 0.9950615 0.9918487 0.9962058 0.9955189 0.9920628 0.9926584 0.99718577 0.99768084 0.99783254 0.99627167 0.996328 0.99456334 0.9956376 0.99647725 0.9966412 0.99603504 0.99557877 0.99527156 0.9964684 0.9965334 0.9957372 0.9946493 0.99530876 0.993722 0.99019355 0.99453247 0.99381196 0.9947891 0.9952248 0.9940946 0.995331 0.99357647 0.99529576 0.99420756 0.9943415 0.99572957 0.99326414 0.99487555 0.9936841 0.9936486 0.9930833 0.9947053 0.99473107 0.9956938 0.9942076 0.9953555 0.99258 0.99374 0.99591136 0.9948989 0.9950589 0.99414086 0.9949643 0.9954866 0.99509615 0.9936873 0.9970709 0.9956641 0.9961575 0.9959289 0.9964526 0.9954777 0.9968175 0.9955639 0.99571574 0.99595207 0.9957666 0.99532014 0.99613065 0.9969257 0.99611175 0.99645704 0.9967055 0.9967345 0.9972555 0.9910589 0.99376523 0.99464315 0.9945015 0.9912344 0.9903793 0.98639655 0.9894211 0.99645424 0.995668 0.9960574 0.99695444 0.9968911 0.9971959 0.9972166 0.99333036 0.9943971 0.994174 0.99187416 0.9963655 0.9958792 0.99504703 0.9933051 0.99296963 0.9944965 0.9942686 0.9937725 0.9933534 0.9943127 0.99424946 0.9932819 0.99348545 0.9961807 0.99584556 0.9964357 0.99524534 0.99187297 0.99392056 0.9928074 0.9900591 0.9912772 0.99613315 0.99376863 0.99253076 0.99704176 0.99579436 0.9937571 0.9938258 0.99309814 0.99026346 0.9884399 0.9968396 0.99651235 0.99644727 0.9961601 0.9940591 0.99536216 0.99211645 0.9955642 0.9940405 0.9960757 0.99643093 0.9975342 0.9964013 0.9973083 0.99543244 0.99679554 0.99688965 0.99485326 0.99641687 0.9946954 0.99379295 0.9952097 0.99368423 0.9918104 0.99207264 0.994755 0.9942376 0.99402124 0.9959152 0.99280643 0.9947771 0.99276555 0.9940027 0.9946068 0.99421346 0.99074906 0.98983824 0.9921699 0.995271 0.99448687 0.99552774 0.996137 0.99500835 0.99522644 0.9938123 0.9859734 0.9894092 0.99617094 0.99570733 0.99441475 0.99492866 0.99551135 0.99273276 0.9932085 0.99596703 0.9894628 0.98313236 0.98932767 0.99172443 0.9951096 0.99586403 0.99456346 0.99532974 0.991845 0.9946331 0.99496794 0.99498224 0.99483484 0.9937272 0.9967772 0.9965844 0.995667 0.99650335 0.993225 0.9964097 0.9959671 0.9950611 0.994311 0.99564624 0.99682385 0.99655735 0.99477077 0.9929998 0.9976955 0.9981221 0.9981239 0.9983148 0.99790543 0.9985647 0.99999976 0.99522984 0.99569577 0.99243426 0.9953126 0.99495083 0.9953889 0.99444693 0.9960026 0.99330986 0.99516255 0.9943126 0.99594444 0.99585915 0.9939516 0.9949844 0.99648654 0.9957444 0.9966831 0.9954945 0.9969835 0.9959494 0.9968533 0.99651456 0.99662113 0.99628866 0.99317163 0.9920819 0.9927222 0.991889 0.9910012 0.99184704 0.99180543 0.9932084 0.99257505 0.99443585 0.99553156 0.9961424 0.99634355 0.99616486 0.99722475 0.99675846 0.9974409 0.9968319 0.99632156 0.9964685 0.9966182 0.9963684 0.9948035 0.992568 0.9910892 0.9920641 0.9953147 0.996207 0.99564093 0.99607384 0.98878515 0.986577 0.98516774 0.9934919 0.99119896 0.990283 0.9972631 0.99641985 0.99629563 0.99651366 0.99507666 0.99553674 0.99322224 0.98870075 0.9969185 0.9947956 0.9953513 0.99261886 0.99272203 0.9904759 0.9887078 0.99382246 0.99413633 0.9956758 0.99407613 0.99294174 0.99201465 0.9907398 0.98633444 0.99641573 0.99670297 0.99564916 0.995543 0.99612 0.99469644 0.99365085 0.99332696 0.9945681 0.9954909 0.9944893 0.9948055 0.99712515 0.9944522 0.9976166 0.9972244 0.99766815 0.9951582 0.9941149 0.9905961 0.9963579 0.9899584 0.99128854 0.9960668 0.99218506 0.9876306 0.9890557 0.9909437 0.996956 0.9901948 0.9960238 0.99279267 0.9966984 0.9967063 0.99213934 0.99306697 0.9922147 0.99238753 0.9938527 0.9908874 0.9929259 0.99413687 0.9932624 0.9942093 0.9930027 0.9947245 0.9936 0.9931956 0.99297804 0.99590504 0.9949951 0.993498 0.99458295 0.99462616 0.9953165 0.9946177 0.99359024 0.9964545 0.99618435 0.9963129 0.99795663 0.9973513 0.9961445 0.99704576 0.9974347 0.99430174 0.99388963 0.99452657 0.99489164 0.9969215 0.9971398 0.99776834 0.99735975 0.99644876 0.99604076 0.9963122 0.9960099 0.99412733 0.9961362 0.99502337 0.99586326 0.99663997 0.99634683 0.99537367 0.995596 0.99441975 0.9950902 0.99301845 0.99492323 0.994928 0.99493825 0.99569184 0.9940633 0.9949554 0.9953191 0.995697 0.9958278 0.995351 0.9962555 0.99600196 0.9955249 0.99640137 0.9974153 0.99740255 0.99736595 0.99791765 0.9968747 0.9961823 0.9967077 0.99739 0.9962732 0.9963868 0.9968748 0.9972701 0.99694216 0.9971357 0.9967696 0.99696606 0.99585754 0.99694395 0.9964835 0.99604064 0.99494076 0.99568033 0.9954117 0.9961901 0.9955035 0.9960923 0.9953717 0.9937379 0.9958479 0.9960663 0.99506444 0.99546665 0.99572784 0.99521214 0.9927125 0.992025 0.9891675 0.9908978 0.9913344 0.9911921 0.98958313 0.9876386 0.994987 0.99429107 0.9952194 0.99596184 0.99479026 0.9955195 0.9953134 0.9957705 0.99547887 0.99524146 0.99511915 0.994829 0.99562806 0.995586 0.9957011 0.9950838 0.99418885 0.98996603 0.98739237 0.9841704 0.9899193 0.99215615 0.9909231 0.99106157 0.9888034 0.9922194 0.98958474 0.9855398 0.989759 0.98726386 0.988449 0.9893783 0.98470044 0.98451096 0.98682433 0.987885 0.9904329 0.99164855 0.9887196 0.99002445
NusxicxBranislav_SRP19201BranislavN1915-L2_1 0.9927288 0.99736506 0.99546194 0.9892413 0.99101704 0.99692947 0.9952911 0.9922999 0.9934341 0.9924085 0.99286383 0.99548656 0.9913939 0.99116737 0.994051 0.99134433 0.99157417 0.9932691 0.99477255 0.992741 0.98905826 0.990474 0.9953193 0.993578 0.9934369 0.99035835 0.9925618 0.9870153 0.9922285 0.9889582 0.9890648 0.99234533 0.9895423 0.98335075 0.97968525 0.99364287 0.9933718 0.98943615 0.9957463 0.99362147 0.9931376 0.99175215 0.99471796 0.9900252 0.9944763 0.99551 0.992695 0.99290746 0.9935032 0.9920421 0.9945209 0.99365824 0.9926538 0.99510807 0.9931959 0.995009 0.99526495 0.9914091 0.9923296 0.99494576 0.99534655 0.9933541 0.99703753 0.9967102 0.995692 0.99609125 0.99475735 0.9960822 0.9942533 0.9951446 0.99578655 0.99762326 0.9957291 0.99427557 0.99588865 0.9941381 0.9968644 0.9964683 0.9962922 0.995434 0.9955976 0.9916771 0.9937975 0.9907291 0.98838717 0.99105066 0.9894639 0.99178565 0.99195516 0.9920809 0.992478 0.9887265 0.9944174 0.9930994 0.9931317 0.9933854 0.9917897 0.99205357 0.99256533 0.99153745 0.9924508 0.99254054 0.99135554 0.9894516 0.9874133 0.99308777 0.98784834 0.989163 0.992048 0.990352 0.99038804 0.9898872 0.9908184 0.99142855 0.9916923 0.98890746 0.99432904 0.992667 0.99306446 0.9931998 0.9945587 0.9928246 0.9953292 0.9943981 0.9942135 0.9962189 0.993405 0.99637836 0.99694294 0.9958454 0.9954437 0.9961893 0.9948533 0.99489146 0.99572426 0.9886014 0.9924893 0.99364334 0.99357474 0.99087363 0.98880345 0.9848963 0.9877573 0.9956213 0.992812 0.99230695 0.99603975 0.99661916 0.9964566 0.99560136 0.9965153 0.995418 0.9933133 0.9930995 0.99456096 0.9933805 0.9927528 0.98900926 0.98848933 0.9908963 0.99122864 0.988835 0.9894096 0.9896954 0.9906635 0.9887775 0.9914372 0.9925395 0.9933678 0.9921858 0.99132395 0.9871644 0.9902707 0.98927945 0.98635405 0.9877472 0.99252135 0.9889533 0.98794067 0.99469423 0.99206495 0.989838 0.98970443 0.9894076 0.98524153 0.9819859 0.9944484 0.9933375 0.9923215 0.99426436 0.99130774 0.9917353 0.98744035 0.99207354 0.9897359 0.9933847 0.9941432 0.99739695 0.99661255 0.9957825 0.9941177 0.9924905 0.9943038 0.9926796 0.99705154 0.99216837 0.9916299 0.99123126 0.99153763 0.9900217 0.9902912 0.990602 0.99345267 0.99418277 0.99510515 0.9913295 0.99469024 0.99274236 0.99182636 0.9951996 0.9948967 0.98941684 0.98906446 0.9911346 0.9932224 0.99331176 0.9914733 0.9946428 0.9943148 0.9951546 0.9933375 0.99410754 0.99546194 0.9938923 0.9952166 0.9947594 0.9943065 0.9925022 0.9934952 0.9936583 0.9929963 0.98468417 0.97606695 0.9844973 0.9877859 0.9944598 0.9940364 0.99813855 0.9979244 0.99528307 0.9963541 0.99568653 0.99622256 0.99746233 0.9968191 0.99761516 0.9980311 0.99750215 0.9981378 0.99509937 0.99681944 0.997058 0.9929372 0.9936885 0.99486446 0.9943978 0.99423 0.993952 0.992402 0.99349046 0.9934345 0.9947967 0.9961193 0.9942723 0.9948521 0.99522984 1.0000002 0.99851793 0.9950534 0.9969949 0.99632764 0.99897516 0.9990798 0.9967385 0.99745643 0.99798214 0.99609196 0.99863636 0.99854535 0.99528795 0.9991305 0.9982976 0.99936634 0.99770576 0.9972809 0.99691075 0.9957087 0.9971801 0.99711907 0.99619067 0.9953574 0.9915383 0.9863127 0.99057007 0.9870967 0.9870095 0.9866169 0.987912 0.99420995 0.99266165 0.9937237 0.9942155 0.993609 0.99533534 0.9963785 0.99521923 0.99638134 0.9951661 0.99661714 0.99635464 0.99461764 0.9961247 0.9948105 0.9932748 0.99118024 0.98915035 0.99119294 0.9949909 0.99390054 0.9944745 0.9949799 0.9906718 0.98793155 0.9868998 0.99000746 0.98695153 0.9863349 0.9964906 0.99414897 0.9936842 0.99409 0.99283767 0.99472547 0.9904419 0.9871993 0.9955437 0.992919 0.99339724 0.99320126 0.9907231 0.9900181 0.98815113 0.99503595 0.993915 0.99454105 0.9925365 0.9941134 0.992006 0.991582 0.9819617 0.9944953 0.99564284 0.99383986 0.9935135 0.99475956 0.9962977 0.994437 0.9937102 0.99406075 0.99577165 0.9955366 0.996141 0.9942541 0.98981667 0.995232 0.9949053 0.99468714 0.9913098 0.9922399 0.9847352 0.99487805 0.984341 0.9858627 0.9925734 0.987218 0.9816098 0.98358804 0.98537827 0.99591255 0.98557895 0.9941385 0.9891807 0.9951355 0.99507445 0.9868582 0.9877285 0.98683566 0.9864136 0.99010473 0.99056864 0.99397546 0.9956931 0.9955081 0.9958416 0.9945843 0.995749 0.995961 0.9953085 0.99521744 0.99332726 0.9902278 0.98921907 0.9938847 0.9895821 0.9913465 0.9911654 0.98793167 0.99308354 0.995399 0.9938661 0.99660134 0.9944083 0.99557394 0.99685144 0.9942342 0.99653375 0.99480844 0.9943995 0.9913376 0.9937561 0.99471617 0.99420786 0.9955254 0.9956732 0.99524605 0.9945259 0.9962424 0.99138486 0.99764544 0.995051 0.99500996 0.995729 0.99469537 0.99346155 0.9929711 0.9911482 0.99352545 0.99118084 0.9936283 0.99461675 0.99314594 0.99523866 0.9920176 0.992531 0.9948686 0.99359745 0.9925349 0.9940709 0.9942031 0.9958385 0.99716103 0.9945556 0.99527127 0.997183 0.99648386 0.99624157 0.99819535 0.9963922 0.9962678 0.99687403 0.99465543 0.99443185 0.99710506 0.9952951 0.9949477 0.9944719 0.9944204 0.99600494 0.9949785 0.9977327 0.9968852 0.9969003 0.99568087 0.9942551 0.9960772 0.9950415 0.99689007 0.9941028 0.9928621 0.9892158 0.99208343 0.9927214 0.99125487 0.99245596 0.99319834 0.9927776 0.9910636 0.9899197 0.9869143 0.9896598 0.987781 0.98844826 0.9882878 0.98544925 0.9957958 0.9968472 0.996746 0.99597865 0.9935005 0.995221 0.99724495 0.9959616 0.9958 0.99656516 0.99601495 0.9962737 0.995382 0.9944199 0.9940265 0.9937029 0.98903424 0.98273444 0.9806783 0.9757207 0.9844444 0.98630595 0.9848377 0.9848907 0.9821091 0.98869216 0.9852293 0.98091346 0.9854705 0.9830009 0.9838166 0.9837701 0.9778257 0.97755086 0.9805168 0.98204845 0.98693764 0.9929017 0.9907863 0.99121773
NusxicxBranislav_SRP19201BranislavN1915-L2_10 0.9942135 0.9978399 0.9963086 0.99192035 0.99380547 0.99563175 0.99352473 0.9890567 0.9948977 0.9947628 0.9950117 0.9968021 0.99369735 0.9937121 0.99587345 0.9939154 0.99356955 0.9948436 0.996076 0.9956685 0.9925967 0.99364424 0.9973483 0.99623644 0.99626607 0.9936476 0.995438 0.99078774 0.9948965 0.9921217 0.9920481 0.9948835 0.99256593 0.98718363 0.98390335 0.9945879 0.9945315 0.99127525 0.9967119 0.995462 0.99494267 0.9941627 0.9956921 0.9924844 0.9950854 0.9965131 0.99495816 0.99514586 0.99564505 0.9943744 0.99611294 0.9949843 0.9936662 0.994827 0.9920435 0.9961462 0.99586684 0.99149305 0.993529 0.9963894 0.99624884 0.9948098 0.9978086 0.9968004 0.995118 0.9956784 0.99561405 0.99619675 0.99460465 0.9961232 0.9967074 0.99667233 0.9945958 0.9952076 0.99609643 0.9953494 0.9968705 0.99576163 0.99625754 0.9967474 0.99523497 0.9930274 0.9947886 0.9924543 0.99080074 0.99249464 0.99175185 0.9933003 0.99393415 0.992931 0.9937306 0.9917591 0.9939507 0.9934048 0.99291444 0.99371016 0.99124265 0.99240667 0.9920815 0.9914665 0.9917816 0.99321216 0.9926044 0.99137336 0.99025756 0.994707 0.990736 0.99200565 0.99416226 0.9924812 0.9926296 0.99230367 0.99274135 0.9934815 0.9930242 0.9912958 0.99497324 0.9938862 0.99400496 0.994074 0.9949242 0.9928238 0.9965619 0.9961506 0.9960523 0.99708664 0.99531835 0.9972681 0.99641633 0.9964032 0.9967475 0.99694324 0.99655735 0.9964089 0.9964675 0.99098617 0.99371743 0.99448395 0.9949091 0.9918017 0.991142 0.9870896 0.98997205 0.99643004 0.9946021 0.99470055 0.99537075 0.9958365 0.9960247 0.99561024 0.9951406 0.9938577 0.9918906 0.9907929 0.9959257 0.9948956 0.994668 0.99139327 0.99061006 0.99089783 0.9921701 0.98949754 0.9901404 0.9899689 0.9915299 0.9910751 0.9929841 0.99422747 0.9935264 0.99355286 0.99267495 0.9894584 0.9927901 0.9916715 0.9889295 0.9904386 0.9939641 0.99143195 0.99111074 0.99669015 0.9948163 0.99307555 0.99313134 0.9924249 0.98858833 0.98560655 0.9957546 0.9946611 0.9939237 0.99499655 0.99335545 0.99381804 0.99045956 0.99397284 0.99228805 0.9954261 0.99559003 0.9973868 0.996003 0.99626654 0.9936505 0.99325895 0.9950119 0.99320793 0.9966776 0.9920538 0.99181294 0.9924891 0.99063575 0.9884617 0.9894034 0.9917103 0.9955648 0.9956266 0.99656224 0.9941766 0.99653125 0.9947772 0.9941535 0.996165 0.9957304 0.99081033 0.99029446 0.992899 0.9942983 0.99377733 0.9931935 0.99541223 0.99454415 0.9943724 0.9942075 0.99356925 0.99566853 0.99564475 0.9952634 0.99436986 0.9948161 0.99266076 0.99226826 0.9932761 0.9948239 0.98738074 0.9793214 0.9869771 0.98958033 0.9945104 0.9947904 0.99662167 0.99759376 0.9931448 0.9958523 0.99621564 0.9962075 0.9955191 0.9946956 0.9963111 0.9977283 0.9970275 0.997361 0.9949391 0.9964789 0.99608827 0.99202913 0.99233234 0.99394304 0.9948571 0.9945946 0.99307424 0.990795 0.9953845 0.9954865 0.99641114 0.9971076 0.9961437 0.99472404 0.99569577 0.99851793 0.9999999 0.99727154 0.99851716 0.9979307 0.99764645 0.9977019 0.99801254 0.99806076 0.99686307 0.9936495 0.9978583 0.9979285 0.9952852 0.9989199 0.99845153 0.9987945 0.9988103 0.9959371 0.99621683 0.99492097 0.99752575 0.9967139 0.9950237 0.9941057 0.99250674 0.98902315 0.9920941 0.9897305 0.98949176 0.98933935 0.98965865 0.99584246 0.9944605 0.9945454 0.9951207 0.9956768 0.9966287 0.9964895 0.9963729 0.99624664 0.99605143 0.9976097 0.99739873 0.9956991 0.99705845 0.99561 0.9957796 0.9941826 0.9923607 0.99365664 0.9970949 0.99627286 0.9966713 0.99726135 0.99207217 0.9900243 0.98846966 0.99211955 0.98988295 0.9890981 0.9977399 0.99640846 0.996058 0.9962033 0.9954415 0.99655384 0.993211 0.99003434 0.9970966 0.9945981 0.9950879 0.9949155 0.99303705 0.9916754 0.99033874 0.9965339 0.99507755 0.99542075 0.9935762 0.9944362 0.9925312 0.9918101 0.9848081 0.9961878 0.99671125 0.9961428 0.9953351 0.9961013 0.9969279 0.9935357 0.99326813 0.994328 0.9958054 0.9954408 0.9965971 0.9957717 0.9924446 0.9964704 0.99668884 0.9962783 0.99355966 0.99492764 0.9879873 0.9963003 0.98794675 0.98921335 0.99464834 0.9904029 0.9855234 0.98700285 0.9886241 0.99679714 0.9886827 0.9955058 0.99189186 0.9965845 0.9959133 0.9898269 0.9908336 0.9899131 0.9896284 0.9926002 0.9934267 0.9952891 0.99574685 0.99608326 0.99688166 0.9960149 0.99674433 0.9970145 0.9967067 0.9965613 0.99536544 0.99145657 0.99020463 0.994641 0.99160004 0.9914568 0.9912281 0.9883425 0.9933234 0.99577075 0.99486595 0.9970561 0.99571395 0.99536103 0.9963476 0.99479437 0.99419916 0.99279106 0.99206793 0.9930693 0.99401116 0.9947755 0.9947752 0.99617547 0.9954292 0.9954716 0.9946674 0.9962853 0.9929451 0.9968722 0.9959879 0.99575645 0.99578387 0.9946698 0.9939672 0.9938147 0.9919471 0.9955366 0.9938447 0.99565476 0.9963388 0.9952229 0.99641675 0.9944211 0.9951883 0.99576056 0.9950701 0.9941244 0.99511504 0.9950164 0.99611765 0.99702823 0.99581695 0.99559236 0.997404 0.9970421 0.9964463 0.9977505 0.99508524 0.9971577 0.9973 0.9959456 0.99511826 0.9958442 0.9960409 0.9970619 0.99603415 0.9953672 0.99687403 0.9965716 0.9977157 0.99735904 0.99745804 0.9938669 0.9941782 0.9967735 0.9950237 0.9964846 0.99554074 0.9948031 0.9922423 0.99386764 0.99427354 0.99282306 0.9944879 0.9943453 0.9947301 0.9941542 0.9929062 0.98938274 0.9922147 0.99106383 0.9915421 0.99132156 0.98812175 0.99477136 0.9962592 0.9962729 0.9961679 0.99478227 0.9956491 0.9969308 0.9960536 0.99603796 0.9959817 0.9950917 0.99552345 0.9952879 0.9950817 0.99473983 0.99399 0.99179345 0.9862274 0.98446876 0.9797774 0.98836184 0.9894898 0.988501 0.9885597 0.9858731 0.99126744 0.98840255 0.98426706 0.98822504 0.9864433 0.9873752 0.9872167 0.98187023 0.98178613 0.9845434 0.9857393 0.9898513 0.9916207 0.9895653 0.99012655
NusxicxBranislav_SRP19201BranislavN1915-L2_11 0.9933254 0.99583066 0.99543273 0.9941762 0.9949847 0.99153745 0.98987174 0.98552006 0.99276793 0.992972 0.99319047 0.99397653 0.9920182 0.99190766 0.9926321 0.99224937 0.9910938 0.9920228 0.9927306 0.9936934 0.9906384 0.99212235 0.9949883 0.9950062 0.994897 0.9933742 0.9944315 0.9912701 0.99265665 0.9902526 0.990882 0.9923249 0.9904361 0.9865503 0.98377633 0.99162555 0.9918132 0.9894819 0.9952838 0.99529207 0.99482954 0.99456215 0.99502546 0.99356806 0.99388176 0.99427855 0.9950423 0.99559975 0.994583 0.9938895 0.9944511 0.99301887 0.99269634 0.9936327 0.9896657 0.99458045 0.99383855 0.98878706 0.9921568 0.9942939 0.9940692 0.993461 0.99472207 0.9939327 0.99047506 0.9914971 0.9941682 0.99273205 0.9921546 0.99504066 0.9941417 0.9926452 0.9913488 0.99282175 0.9932388 0.99310356 0.9916464 0.9907189 0.9940837 0.9944639 0.99085844 0.9931646 0.9940302 0.9942036 0.9953029 0.9934126 0.9928983 0.99414057 0.9943735 0.9946979 0.9949101 0.9903561 0.9908786 0.9898876 0.98937595 0.9919303 0.98931706 0.99169147 0.98969644 0.98984784 0.9880456 0.9898727 0.9899385 0.99056405 0.99083215 0.9949311 0.99280256 0.9932143 0.9942778 0.9932128 0.99313414 0.9941425 0.99400294 0.9942303 0.99384505 0.99344486 0.9921224 0.9921162 0.9907705 0.99152154 0.9918195 0.98910296 0.9926335 0.99266267 0.994045 0.9937979 0.99337274 0.993677 0.9914759 0.99276865 0.994002 0.99368227 0.9945619 0.99485517 0.9925609 0.98967206 0.99232286 0.9930588 0.99375105 0.9950079 0.99531025 0.99272466 0.9944203 0.994263 0.9921943 0.9926591 0.9924191 0.9922006 0.9936702 0.99306977 0.99121183 0.9890993 0.9874403 0.9858822 0.99455696 0.9936634 0.99371773 0.99248177 0.9917131 0.9894795 0.9917692 0.9881009 0.98928845 0.9886516 0.990467 0.9910593 0.99259657 0.9925809 0.9914224 0.99192995 0.9912882 0.9896091 0.9921902 0.9923339 0.9902243 0.9923288 0.990447 0.9892552 0.98908204 0.9945373 0.9932461 0.9921296 0.99285364 0.9947535 0.990135 0.98727804 0.9936779 0.9937057 0.99298537 0.99407405 0.9905079 0.9902635 0.9889019 0.9910466 0.9906706 0.992559 0.99238026 0.9947571 0.99394614 0.9954085 0.99340785 0.9932196 0.9946811 0.9934702 0.99577063 0.9926902 0.99303436 0.9933098 0.9905222 0.9874787 0.9896241 0.99267954 0.9936907 0.9921103 0.9938883 0.99383676 0.9935395 0.99426806 0.9930023 0.99248964 0.9930793 0.9897141 0.98878413 0.9915667 0.99213624 0.9914946 0.99332356 0.99275494 0.9926347 0.9912369 0.9929285 0.98845917 0.9927167 0.9944606 0.9943699 0.9924759 0.9944124 0.9924977 0.9886254 0.99257606 0.9943444 0.9885103 0.97935575 0.9873891 0.9892267 0.993321 0.9938928 0.9931753 0.99386424 0.98805636 0.9944448 0.9956719 0.99523205 0.9917859 0.9884669 0.9930951 0.99353606 0.99454665 0.9933649 0.9905616 0.9925971 0.99247533 0.9898616 0.98797625 0.9915825 0.9929979 0.9928195 0.9906837 0.9886279 0.99359846 0.99290884 0.9949809 0.9944778 0.9953856 0.9915855 0.99243426 0.9950534 0.99727154 1.0000002 0.99855596 0.998441 0.9939264 0.99298763 0.99698424 0.99764675 0.9935765 0.9893442 0.9933218 0.99363995 0.9908025 0.995285 0.9956157 0.99586606 0.99719715 0.99193734 0.9933814 0.99286944 0.9950084 0.993933 0.99183804 0.99058205 0.99021906 0.9872909 0.9889289 0.9880446 0.9877208 0.98773944 0.98683274 0.99260914 0.9930992 0.99249554 0.9927991 0.99373925 0.9949312 0.9938199 0.99467665 0.9935287 0.99448 0.9940572 0.9943782 0.99368215 0.9956936 0.9937039 0.99695325 0.99606043 0.9954723 0.99585134 0.99555737 0.995092 0.99495465 0.9951915 0.99411404 0.9927415 0.9911561 0.99361813 0.99122995 0.9918137 0.9944658 0.9946612 0.99451715 0.99493575 0.99439406 0.9955125 0.9934524 0.9904006 0.995414 0.99478906 0.9950857 0.9938257 0.99322563 0.9920013 0.99124026 0.99412143 0.99386877 0.9925463 0.9916029 0.9913208 0.9903764 0.9902752 0.9861833 0.9958238 0.99499035 0.99603784 0.99466604 0.9949386 0.9953865 0.991546 0.99220246 0.9932201 0.994076 0.99457955 0.99595946 0.9934639 0.9911449 0.9938171 0.9939854 0.9938874 0.99262977 0.99363446 0.98786795 0.9939025 0.9871206 0.98796415 0.9925633 0.9899319 0.98553216 0.9861329 0.9877303 0.99365497 0.9876866 0.99316055 0.99052393 0.9940219 0.99379057 0.9905172 0.99069947 0.98976827 0.9890203 0.99223673 0.9954823 0.9951868 0.9934425 0.993985 0.9943725 0.9947159 0.99440354 0.99463356 0.9945081 0.99523634 0.9936316 0.9899143 0.98901474 0.9930456 0.99141407 0.98923033 0.9884458 0.98650354 0.99226964 0.9944131 0.9937696 0.9948872 0.99442977 0.992991 0.99308014 0.99322975 0.99051887 0.9891192 0.98792577 0.9938568 0.9929854 0.9939496 0.9930677 0.99502087 0.99258006 0.99330425 0.993351 0.9953084 0.99321187 0.9929797 0.99316806 0.9947047 0.99399203 0.9924656 0.9926101 0.9937946 0.9933994 0.9941312 0.9940541 0.99431825 0.9955011 0.9949199 0.9938503 0.9920432 0.9930453 0.99228454 0.99263537 0.99125975 0.9915584 0.9916575 0.9924086 0.9933828 0.9939872 0.99324924 0.9951419 0.99486905 0.9949405 0.99490756 0.99153197 0.9948943 0.9940022 0.9951626 0.9942054 0.9920859 0.9937501 0.9955507 0.993973 0.99394566 0.99458385 0.9947238 0.9943975 0.99530965 0.9955008 0.99031955 0.9928121 0.99661446 0.9926538 0.991917 0.9953628 0.9947726 0.993777 0.99390656 0.9943845 0.9928281 0.9948991 0.9948949 0.9954052 0.9953178 0.993436 0.9890271 0.99253553 0.9915 0.9918868 0.9914324 0.9888334 0.99104017 0.9933257 0.9941507 0.9949454 0.9955274 0.9953465 0.9953045 0.99545634 0.995438 0.9919704 0.99215835 0.99229765 0.9931677 0.9939537 0.99308586 0.9933791 0.9917519 0.98596287 0.9853039 0.98054063 0.9875889 0.98836064 0.9884573 0.98776805 0.9864454 0.99115026 0.9880441 0.9848653 0.9880805 0.9869528 0.98741806 0.9876961 0.9834381 0.9826632 0.9854431 0.985799 0.98952377 0.98708445 0.9852274 0.985083
NusxicxBranislav_SRP19201BranislavN1915-L2_12 0.9936798 0.997061 0.9966886 0.99412906 0.99531865 0.99409527 0.99222714 0.987158 0.99631375 0.9963362 0.99657035 0.99717057 0.9955777 0.9955911 0.9959582 0.9950724 0.9940733 0.9946982 0.99561644 0.9964346 0.99431944 0.9951278 0.9960507 0.995959 0.9959328 0.99510103 0.9958611 0.99304956 0.99547637 0.9938257 0.9938417 0.9952445 0.9940066 0.98879445 0.9860453 0.99383533 0.99333 0.9916847 0.9967083 0.9963687 0.9964622 0.9959714 0.9960573 0.9946584 0.99460536 0.9955608 0.99636364 0.99681574 0.99670446 0.9963839 0.997093 0.9958119 0.9951348 0.9951093 0.9924045 0.99591136 0.9950689 0.99008137 0.9930549 0.9964913 0.9960616 0.9946754 0.9969946 0.99611354 0.99221486 0.9932421 0.99602807 0.99547774 0.995098 0.99648595 0.996092 0.99534684 0.9946643 0.99635154 0.99643725 0.9966755 0.99501365 0.99421185 0.99656594 0.9970453 0.9942746 0.9944769 0.9953501 0.9957728 0.9947891 0.995435 0.9949656 0.9958735 0.9964902 0.9949706 0.9958589 0.9935654 0.9940054 0.9929787 0.99298894 0.99466 0.9919386 0.9940687 0.9928061 0.99298 0.99134886 0.99312556 0.9930988 0.9937515 0.9933108 0.9957234 0.9938153 0.99465615 0.99578136 0.9946441 0.9949067 0.9950302 0.9952316 0.9954814 0.9954466 0.9940913 0.99505496 0.9946266 0.9934621 0.993849 0.9948053 0.9927889 0.99608564 0.9962554 0.99668586 0.9963821 0.99635714 0.99661285 0.99403566 0.9951347 0.9959558 0.9961404 0.9969455 0.9968591 0.9956129 0.99215525 0.9938133 0.9945294 0.9954291 0.9944469 0.99436367 0.9908928 0.9932672 0.996577 0.99518925 0.9956511 0.9946958 0.994413 0.99581677 0.9957696 0.9929213 0.9913687 0.9893393 0.9878321 0.9968961 0.99612224 0.99610597 0.9939209 0.99317294 0.9932743 0.99468344 0.9920778 0.9925835 0.99230707 0.9939791 0.9935508 0.9949683 0.99589574 0.9946153 0.9952857 0.9946918 0.99287015 0.9953975 0.994982 0.9929727 0.9942139 0.9941465 0.99271023 0.99216723 0.9967956 0.9958182 0.9948832 0.9949714 0.99558264 0.9923022 0.98965883 0.9966633 0.99626946 0.99580956 0.9962039 0.99426407 0.99443763 0.99281627 0.99497753 0.9940349 0.99576885 0.9957007 0.996979 0.99551916 0.9970917 0.9945989 0.9950515 0.9964065 0.99454814 0.99666715 0.9939902 0.99405646 0.99482375 0.9921708 0.9893283 0.990937 0.99453205 0.9960159 0.9944713 0.99629515 0.9957863 0.9958909 0.995898 0.9955597 0.9949525 0.9954052 0.99160135 0.9909467 0.9936751 0.9950213 0.9941469 0.99566984 0.9956796 0.99509376 0.99421227 0.9953129 0.98960996 0.99305254 0.99604136 0.99563086 0.99304116 0.9949454 0.9935644 0.9904584 0.9929087 0.99599576 0.9907578 0.9829688 0.98948133 0.991446 0.9940514 0.99467367 0.9951265 0.99627554 0.9901283 0.9963301 0.9970552 0.9964154 0.9942046 0.9915736 0.9954113 0.99650776 0.99623096 0.995467 0.993675 0.995302 0.9953 0.9925863 0.9909959 0.99397486 0.9953924 0.99526936 0.9936524 0.99124986 0.9957298 0.99567336 0.99637866 0.9966255 0.99697095 0.9943533 0.9953126 0.9969949 0.99851716 0.99855596 1.0 0.9989857 0.9960834 0.9953411 0.9983555 0.99841756 0.99541664 0.9919549 0.99573386 0.9961746 0.9938628 0.996872 0.9974935 0.99794304 0.99829626 0.99435365 0.99539745 0.9945392 0.997072 0.99629754 0.99426395 0.99295175 0.99447846 0.99196106 0.9936695 0.99258333 0.99233836 0.99236155 0.9920656 0.9941535 0.99369603 0.9937448 0.99589735 0.9968122 0.9973457 0.99619836 0.9972481 0.9958523 0.9966272 0.99683964 0.996841 0.99664795 0.9977824 0.9967635 0.9975876 0.9965631 0.995572 0.99617934 0.99755067 0.9970617 0.99733865 0.9976365 0.99358 0.99217165 0.99030995 0.99521494 0.99350387 0.99306345 0.99690634 0.99711007 0.99709165 0.9969395 0.9966392 0.99734855 0.9953023 0.9917895 0.9973918 0.9963012 0.9966689 0.99530387 0.994887 0.9931743 0.99238807 0.9961246 0.99555355 0.99506843 0.9941453 0.99349904 0.99251753 0.99273866 0.989223 0.99731326 0.9965323 0.9972795 0.99597377 0.9965761 0.9968047 0.9940903 0.9942464 0.9953244 0.9963896 0.99661934 0.99752873 0.9958464 0.99381304 0.99627036 0.99642813 0.99631107 0.99500763 0.9956921 0.9907493 0.996429 0.9902736 0.9913206 0.99544305 0.99240226 0.9887053 0.98919296 0.9909424 0.9958246 0.9900459 0.99544716 0.9933116 0.99600923 0.9956607 0.99344474 0.99397707 0.9931921 0.9928383 0.99529254 0.996253 0.9955536 0.99458265 0.9948299 0.9956936 0.9956531 0.9958275 0.9959061 0.99594647 0.99612 0.9959135 0.99240774 0.99157625 0.99526983 0.99405396 0.99248004 0.99205995 0.9900661 0.9950991 0.9970641 0.99663067 0.99757135 0.99712896 0.99516636 0.995955 0.9954042 0.9927753 0.9917315 0.9910161 0.9959329 0.99515 0.99584407 0.9959458 0.9969536 0.9959562 0.9966459 0.9961703 0.9974995 0.99581814 0.99575084 0.9956715 0.9966903 0.99643934 0.9950568 0.9955146 0.99567556 0.9942047 0.99612516 0.99585867 0.99667996 0.99687994 0.99662715 0.99604774 0.9945231 0.9954411 0.99428684 0.9963752 0.9950856 0.99516296 0.9951138 0.99569607 0.9960787 0.9964665 0.99619734 0.99699986 0.9969402 0.99667156 0.99715465 0.9933423 0.9971948 0.99663174 0.99718815 0.99630594 0.9949616 0.9963447 0.9975164 0.9971161 0.99627846 0.99716336 0.9973031 0.9970553 0.9971152 0.9970491 0.992962 0.9943513 0.99771374 0.99486977 0.9947394 0.9966593 0.99617785 0.99495023 0.99582505 0.9960128 0.99469596 0.99638206 0.9959115 0.9967152 0.9957714 0.99367523 0.9897229 0.9929041 0.9930541 0.99267936 0.9918629 0.98897445 0.99319744 0.9953378 0.99619293 0.99703336 0.9968167 0.99687994 0.9967508 0.9967393 0.99705684 0.9945408 0.99413073 0.9947577 0.995151 0.9962208 0.9961844 0.9956289 0.99449825 0.98963463 0.9888913 0.98468024 0.9913313 0.99232054 0.991908 0.99174887 0.9900036 0.99407613 0.99157727 0.9885747 0.9919027 0.9899743 0.9908995 0.99120957 0.9864201 0.98641354 0.9887464 0.9896364 0.992876 0.98964584 0.9873431 0.98839843
NusxicxBranislav_SRP19201BranislavN1915-L2_13 0.99492276 0.99740815 0.99755317 0.995834 0.9963597 0.9947781 0.9930513 0.98896354 0.9950496 0.995015 0.9954657 0.9959408 0.99427146 0.9941952 0.9950776 0.9943075 0.99329704 0.9942402 0.9949573 0.99540275 0.99270767 0.994013 0.99482125 0.99498886 0.9948131 0.99369943 0.99469376 0.9920383 0.99424547 0.99226505 0.99260217 0.9936015 0.9927523 0.9886395 0.98625535 0.99348235 0.993198 0.9914092 0.9963104 0.9964501 0.9962264 0.9956641 0.9964352 0.9949123 0.99474925 0.99528795 0.9960376 0.99678344 0.9960783 0.99628586 0.99649847 0.9953429 0.99513155 0.99569535 0.992782 0.9960329 0.99566424 0.99070907 0.9938946 0.99634004 0.9959652 0.99483466 0.99624205 0.99562544 0.9927067 0.99345005 0.9962862 0.99466336 0.9949924 0.9962626 0.9962137 0.9942789 0.9950137 0.9958398 0.9961973 0.99596375 0.99441266 0.99399465 0.99696726 0.99640065 0.99413544 0.9950198 0.9958745 0.99602824 0.99604106 0.99587387 0.99531865 0.99629575 0.9966488 0.9962767 0.9964948 0.99285424 0.9945376 0.99275917 0.99257755 0.9950119 0.9930557 0.9948221 0.99323606 0.9938443 0.99170077 0.99294084 0.99278146 0.99330527 0.9930642 0.9962892 0.99368256 0.99442893 0.99546933 0.9946988 0.9945503 0.9955338 0.995409 0.9956157 0.9956258 0.9945886 0.99470294 0.99402183 0.99241805 0.9931468 0.9940154 0.991909 0.9951227 0.99482834 0.9960245 0.99564886 0.9956603 0.9955161 0.9937356 0.994862 0.99576557 0.9956247 0.99669206 0.99683875 0.99540424 0.9920033 0.9942871 0.9948923 0.9957714 0.99567926 0.99557626 0.9929624 0.99504405 0.9965726 0.99425215 0.994755 0.9945225 0.9943013 0.9959009 0.9954056 0.99296993 0.9915568 0.989547 0.98810804 0.99628985 0.9956133 0.99512243 0.9951618 0.99457836 0.993334 0.9949626 0.99167514 0.9926622 0.9924157 0.99397963 0.9931923 0.99497354 0.99538225 0.9945441 0.9949439 0.9944961 0.992525 0.9947029 0.9945123 0.9925318 0.9942813 0.99363345 0.9919122 0.9915875 0.99635655 0.99480134 0.99395436 0.99415773 0.99551094 0.9915314 0.9888326 0.9961418 0.99626076 0.9954243 0.99645966 0.9933771 0.9929929 0.9915005 0.9936836 0.99327034 0.99470055 0.9945765 0.996848 0.9961185 0.9971181 0.99543697 0.99547476 0.9968773 0.9958937 0.99755746 0.99431944 0.99419594 0.994285 0.9923719 0.9898465 0.9917153 0.99444705 0.9959949 0.99451154 0.99614614 0.99548167 0.99570996 0.9961392 0.9954196 0.99510825 0.9956889 0.99247026 0.99173355 0.99415284 0.9946153 0.9944025 0.9956982 0.9955671 0.9952079 0.99367714 0.9950354 0.98881084 0.9928089 0.9956881 0.9959782 0.9936511 0.99518347 0.9942746 0.99015677 0.99378455 0.9956214 0.99011064 0.9814496 0.9887197 0.9906261 0.99422777 0.99485993 0.9956741 0.9955604 0.9896722 0.99660766 0.99720216 0.9974028 0.9943282 0.9907477 0.9954077 0.9956748 0.99646896 0.9953004 0.9921029 0.9946243 0.9946314 0.9934433 0.9912182 0.9946498 0.9954269 0.99542874 0.9934839 0.9916923 0.99544567 0.99490714 0.9966162 0.99612534 0.9972243 0.99452436 0.99495083 0.99632764 0.9979307 0.998441 0.9989857 1.0000004 0.9955371 0.99463147 0.99788094 0.99830383 0.99475455 0.9910648 0.99443793 0.99471354 0.99261045 0.9963301 0.99663347 0.9971879 0.9979682 0.99436796 0.99545926 0.99471 0.99663085 0.9960878 0.9943987 0.99340284 0.9933795 0.99038726 0.99172795 0.99137825 0.99101436 0.9907967 0.99013233 0.99454284 0.9948647 0.9950366 0.9950653 0.99573576 0.99704504 0.99643254 0.99692535 0.9957418 0.99656 0.9958315 0.9961795 0.9962887 0.9972815 0.9962181 0.9975865 0.9965148 0.9957196 0.99649084 0.9971201 0.9965723 0.99633443 0.9968869 0.99520135 0.99383825 0.99248606 0.99532133 0.9930473 0.99319744 0.9962312 0.9960102 0.9961434 0.9963262 0.99578667 0.99666864 0.9948887 0.99119735 0.9970188 0.9962059 0.9963003 0.99468654 0.9943352 0.9930771 0.9921554 0.9952133 0.99523175 0.9947513 0.9937719 0.9932274 0.99256927 0.9922693 0.9891504 0.99689865 0.9958781 0.9966753 0.9951935 0.9959041 0.9963429 0.9940408 0.99441683 0.9954174 0.9965947 0.9972872 0.9978626 0.99558204 0.9934093 0.9957708 0.99590176 0.99566996 0.9945879 0.99507767 0.99040467 0.99587953 0.9897594 0.9906211 0.9949105 0.9922873 0.98827726 0.98916274 0.9906058 0.9955189 0.9900758 0.9950434 0.9928064 0.99530596 0.99544764 0.99324423 0.99296016 0.99242514 0.99175125 0.9947351 0.9963302 0.99533474 0.9946187 0.9945929 0.99504614 0.9952916 0.9950427 0.9952353 0.9954007 0.995906 0.9954336 0.99253434 0.9916656 0.9956827 0.99368674 0.9925065 0.99207026 0.9901709 0.99479896 0.996837 0.99626285 0.997071 0.9965192 0.995266 0.99541926 0.9949249 0.99265563 0.99145734 0.9905004 0.99584746 0.9950096 0.9956265 0.9953705 0.99652493 0.99551153 0.99615836 0.9963837 0.9972654 0.9954836 0.9953327 0.99483323 0.9964461 0.9958598 0.9950995 0.99524105 0.9952851 0.9944834 0.99538606 0.99493796 0.99576384 0.9962971 0.9961704 0.9953468 0.99309605 0.9941577 0.9936585 0.99510425 0.9939661 0.99367476 0.99404573 0.9946189 0.9953304 0.9956987 0.99598664 0.9972325 0.99687946 0.9967338 0.99680233 0.99317485 0.9964793 0.9958283 0.99700004 0.9963516 0.99485666 0.9961086 0.99724823 0.9962773 0.9964309 0.99691844 0.9969755 0.9969499 0.99720156 0.99729663 0.99342215 0.99510854 0.99802554 0.99474466 0.994315 0.99694496 0.996124 0.9947717 0.9954564 0.9960351 0.99473894 0.9960595 0.9962726 0.99675655 0.9956429 0.9937965 0.98989403 0.99276376 0.9924645 0.9926453 0.9919082 0.98935646 0.99290955 0.9944793 0.9957707 0.996859 0.99704313 0.99708766 0.9968883 0.9973632 0.9970834 0.9937701 0.99403864 0.9941321 0.9950262 0.9958308 0.99526423 0.99519646 0.9939265 0.9891113 0.9879564 0.9836224 0.98998636 0.99131775 0.99115676 0.99086636 0.9892066 0.99342185 0.990435 0.9876123 0.9905861 0.98936325 0.9897162 0.9902036 0.9859753 0.9853053 0.9878909 0.9884261 0.9919489 0.99065447 0.9887141 0.9892541
NusxicxBranislav_SRP19201BranislavN1915-L2_14 0.99197906 0.99628663 0.99512184 0.9887014 0.99040663 0.9971158 0.99605477 0.9937347 0.99240464 0.9912618 0.9918469 0.99457115 0.99043524 0.99034876 0.99336356 0.9901806 0.9908288 0.9922837 0.99387103 0.99195236 0.98841125 0.9898257 0.9939058 0.9919523 0.99211544 0.9891092 0.99144775 0.98570776 0.99141544 0.9883075 0.9885024 0.9917031 0.98908484 0.9819224 0.9782534 0.992926 0.9921696 0.9887007 0.99451 0.9923518 0.99209917 0.99080825 0.99372685 0.98890334 0.99319327 0.99415284 0.99162674 0.9921104 0.99254954 0.99173695 0.99438524 0.9939847 0.9934899 0.99555403 0.9944014 0.99371034 0.99380857 0.9901601 0.991005 0.99457544 0.9951826 0.99189353 0.99598014 0.99592054 0.9947653 0.9950621 0.9950362 0.99669296 0.99452347 0.99416214 0.9952883 0.9972173 0.9960143 0.9944098 0.9962107 0.9941793 0.9967825 0.99731505 0.9962837 0.9949335 0.9960099 0.99086905 0.9925978 0.9901496 0.9872225 0.99026936 0.9884665 0.99084616 0.9911865 0.99156845 0.9918135 0.9885186 0.9950644 0.99407274 0.9942296 0.99397063 0.99302053 0.9924682 0.9939444 0.9929518 0.994046 0.9934151 0.99219567 0.9895605 0.98718685 0.99272156 0.9877217 0.9889686 0.99196756 0.9902046 0.99008083 0.9893739 0.99065226 0.9910545 0.9913319 0.98857903 0.99440056 0.9922424 0.9927156 0.9927025 0.99463046 0.99317765 0.99536884 0.99382216 0.99339604 0.9955046 0.9930901 0.9957059 0.9958537 0.9948302 0.9941776 0.995065 0.99364316 0.99384874 0.9951103 0.98781645 0.99140775 0.99279 0.99245924 0.9899671 0.9878917 0.9842248 0.9869004 0.99538374 0.99273515 0.992189 0.9959939 0.99620396 0.996539 0.99569654 0.9958295 0.9958682 0.9944155 0.9935515 0.9943469 0.99304014 0.9922317 0.9885539 0.98830396 0.9913211 0.9912734 0.98931515 0.98962545 0.990096 0.99083775 0.98887926 0.99127865 0.9923369 0.9939574 0.9921837 0.99172205 0.9872416 0.9902271 0.98883003 0.9859438 0.98729247 0.99282837 0.98907405 0.9876421 0.9942751 0.9916949 0.989389 0.989094 0.9887994 0.98486257 0.98188555 0.99385357 0.9927072 0.9920373 0.9938672 0.9909421 0.991525 0.9871501 0.99198425 0.98918617 0.99258405 0.99364245 0.99695957 0.99630684 0.99568456 0.994434 0.99255246 0.9940631 0.9926314 0.9965879 0.9924438 0.9918189 0.9910022 0.99209595 0.9909994 0.99091935 0.99032724 0.99319905 0.99426705 0.99469846 0.9905097 0.99449575 0.9922173 0.9912356 0.9950656 0.9946135 0.9901533 0.9899402 0.99134034 0.9934066 0.99431384 0.99146134 0.9947869 0.9949586 0.9962337 0.9936762 0.9922231 0.9933542 0.9934169 0.9953817 0.99457717 0.9941443 0.99352 0.99397016 0.99382365 0.9932623 0.98469234 0.97628754 0.98453593 0.98811024 0.9945526 0.994388 0.99793136 0.9978578 0.9952089 0.9957825 0.9950206 0.99544156 0.9976195 0.9970887 0.9977743 0.9982343 0.9977235 0.99819314 0.9958852 0.9971973 0.99786574 0.9947022 0.9954972 0.99564743 0.99486375 0.99533945 0.995709 0.9946035 0.9932857 0.9931962 0.9944702 0.9954866 0.99370116 0.99474585 0.9953889 0.99897516 0.99764645 0.9939264 0.9960834 0.9955371 1.0000004 0.9990705 0.99698716 0.9965576 0.9988667 0.9972821 0.99862397 0.998775 0.9961618 0.99864364 0.998554 0.9990307 0.997555 0.9977511 0.9969654 0.9957869 0.9964839 0.99749386 0.9968245 0.9960494 0.99216276 0.9866208 0.99139374 0.9871187 0.9870732 0.9866298 0.9885847 0.99253654 0.9911905 0.9929656 0.9936465 0.9928989 0.9943 0.9951566 0.99416155 0.99627113 0.9944658 0.9954715 0.9956868 0.99431646 0.9955016 0.99471617 0.99217415 0.99000406 0.9881296 0.99017984 0.9940616 0.9932315 0.99348575 0.99403816 0.98949623 0.9865578 0.98569745 0.9895093 0.9864047 0.9857017 0.9958052 0.9936048 0.9929815 0.99347395 0.9923072 0.9937589 0.9897081 0.98625815 0.9946373 0.991895 0.99243647 0.99172664 0.9898902 0.98878694 0.9867626 0.99359024 0.9929726 0.99422306 0.99198323 0.9936275 0.99139225 0.9910284 0.9816787 0.99360824 0.9947194 0.9928366 0.9926141 0.99383694 0.995087 0.99453086 0.9932974 0.9938327 0.9955106 0.99515057 0.9953021 0.9937504 0.9892099 0.9941422 0.9940561 0.9936241 0.9901004 0.9907907 0.9837936 0.9937711 0.98365706 0.98528177 0.9921241 0.98664266 0.9810394 0.98309207 0.98481655 0.9952027 0.98427856 0.99301827 0.98797786 0.9939999 0.99402755 0.98647094 0.9877171 0.9868697 0.98638225 0.98972094 0.98953384 0.9925922 0.99503726 0.993783 0.99456817 0.9930614 0.9944195 0.9944756 0.99383 0.9938569 0.99324256 0.99082327 0.98988616 0.993204 0.9895558 0.99228793 0.99211204 0.989356 0.99368036 0.9959147 0.99403226 0.99672025 0.9941893 0.9954744 0.99726164 0.9943369 0.99756694 0.9964366 0.9959956 0.9910761 0.9941499 0.9947305 0.9943864 0.99536777 0.9964591 0.99549514 0.994943 0.9957785 0.99069226 0.99743366 0.99451274 0.99483186 0.9952283 0.99458313 0.9932362 0.992802 0.9911534 0.9929872 0.9903325 0.99346584 0.9936187 0.992532 0.9948517 0.991705 0.9920862 0.99458474 0.9935384 0.9928193 0.9946273 0.99415094 0.99570864 0.9965968 0.99446094 0.99559397 0.9966786 0.9957398 0.9963728 0.99786043 0.99715555 0.9963687 0.9970626 0.9942052 0.9944921 0.99751437 0.99572104 0.9940146 0.99419963 0.99477714 0.9958958 0.9951944 0.99774176 0.99708235 0.99671435 0.9967347 0.9949047 0.9961072 0.99566036 0.9969643 0.99338526 0.99247766 0.98886865 0.9919662 0.9929508 0.9916087 0.9920297 0.993396 0.9922339 0.9903059 0.9894661 0.9866872 0.98929256 0.9872415 0.98806435 0.9876752 0.9849056 0.9955586 0.9961239 0.99643016 0.99571323 0.9931109 0.99511945 0.996754 0.9958452 0.99540234 0.9962693 0.9958073 0.9962074 0.99523985 0.99419284 0.9939424 0.993961 0.9885794 0.98272276 0.98015606 0.9757736 0.98355883 0.98577076 0.98405975 0.98419946 0.9815643 0.98839015 0.98489285 0.9803925 0.98547953 0.9822535 0.9832359 0.9834773 0.97742355 0.9771662 0.98009527 0.98182636 0.9867213 0.99332446 0.99102277 0.99173033
NusxicxBranislav_SRP19201BranislavN1915-L2_15 0.9905365 0.99603784 0.9937601 0.986496 0.988587 0.99677545 0.99484456 0.9919044 0.99257284 0.9908267 0.9913166 0.99454015 0.98981047 0.98957986 0.9929298 0.9894031 0.98991454 0.9916042 0.99359506 0.9915668 0.9875694 0.9887643 0.9945873 0.9923341 0.99203515 0.9883488 0.9908409 0.98468006 0.9911549 0.98750293 0.9873076 0.9914967 0.9882471 0.9803043 0.9762095 0.9922771 0.99171436 0.98706615 0.9941208 0.99170256 0.9909749 0.98935753 0.9927441 0.98698074 0.99242336 0.99408853 0.9904222 0.99066925 0.99180186 0.9899658 0.99342275 0.9925495 0.9912367 0.9936451 0.9920765 0.99288183 0.9934743 0.9891493 0.99003834 0.99316573 0.9935372 0.99105597 0.9956478 0.9953052 0.99493897 0.99521184 0.9935709 0.9956012 0.9931421 0.9941213 0.9950719 0.99797314 0.99573636 0.9937134 0.9956025 0.9932251 0.99744296 0.997269 0.99556804 0.99487495 0.99584514 0.98914415 0.9915785 0.988365 0.98536754 0.9888152 0.98680145 0.9895366 0.98995286 0.98960114 0.9901395 0.9864297 0.99367326 0.9924309 0.9925971 0.9923101 0.9909311 0.99064046 0.99211234 0.9906287 0.99206483 0.991617 0.9903512 0.98795986 0.98512197 0.9914738 0.985176 0.98691785 0.99052715 0.98841965 0.9885855 0.98756444 0.9886127 0.98913956 0.98972297 0.98615396 0.99388224 0.99183756 0.99252796 0.99245435 0.99406844 0.99250185 0.9950417 0.9941023 0.9934055 0.99598014 0.992202 0.99631417 0.99660665 0.9952912 0.9945204 0.9955741 0.9936516 0.9936546 0.9953652 0.9860072 0.9902551 0.99151146 0.9912337 0.98809856 0.9857926 0.98161083 0.9848635 0.99458057 0.9921461 0.9913763 0.99556786 0.99647254 0.9958588 0.9952115 0.9961419 0.99629396 0.99383163 0.99365914 0.99343306 0.9920447 0.9912289 0.98652565 0.9860396 0.98973835 0.98930067 0.9876603 0.98740757 0.9882931 0.9891785 0.98649853 0.9891995 0.99096084 0.9918608 0.99084103 0.9898801 0.98498905 0.9887712 0.9870622 0.983867 0.9850504 0.9914841 0.9870372 0.98586786 0.99362785 0.99063194 0.9879115 0.9877544 0.9869502 0.9828779 0.9797347 0.99311095 0.991495 0.9908313 0.99234694 0.9897441 0.9910243 0.9855742 0.9908735 0.9877099 0.99241567 0.99357826 0.99694103 0.99622405 0.99459785 0.99274856 0.9909413 0.9927789 0.99106526 0.99603885 0.99067914 0.98959374 0.98969305 0.9899749 0.9886986 0.9886858 0.98838365 0.9923364 0.99375045 0.99397016 0.9892334 0.9940378 0.99090177 0.990147 0.99441004 0.993626 0.98753774 0.9872801 0.9893182 0.9917004 0.9921721 0.9894396 0.9936957 0.9933669 0.9948347 0.9918786 0.994431 0.99505347 0.99237293 0.99371225 0.993923 0.9929578 0.9906834 0.9935564 0.9921851 0.99132967 0.982101 0.9738246 0.98222417 0.98611426 0.99319506 0.9926523 0.997558 0.9980301 0.9962828 0.9952488 0.99429023 0.99487793 0.9972361 0.99775887 0.997435 0.99814755 0.99646825 0.99806714 0.99549896 0.997162 0.99722457 0.9931173 0.99491465 0.9949429 0.994141 0.993953 0.993981 0.9925982 0.9919452 0.99220604 0.99319875 0.9953377 0.99258316 0.9943657 0.99444693 0.9990798 0.9977019 0.99298763 0.9953411 0.99463147 0.9990705 1.0000002 0.9955985 0.9959174 0.99771506 0.9959476 0.9986653 0.9986527 0.995352 0.9984991 0.9980681 0.99889284 0.99644154 0.9975205 0.9962498 0.9948633 0.99655616 0.9965919 0.9960775 0.9952859 0.9909092 0.9853466 0.99031436 0.98589903 0.98584014 0.98552096 0.9871292 0.99263763 0.99040765 0.9921966 0.9936311 0.9924494 0.99418926 0.99556524 0.99385524 0.996034 0.9939744 0.9958744 0.9953219 0.9931837 0.99471354 0.9934911 0.99107695 0.9885821 0.9864047 0.98873365 0.9936383 0.99258065 0.99320614 0.9938917 0.987851 0.98474056 0.9835837 0.9876542 0.9846775 0.9838166 0.9958933 0.9929759 0.9923226 0.9926381 0.99097705 0.99296886 0.98804873 0.98438674 0.99402833 0.9907231 0.9913777 0.9914401 0.98844385 0.98757386 0.98533016 0.9936942 0.9922804 0.9936052 0.9909667 0.99310553 0.99059016 0.98977154 0.9789829 0.9932341 0.99480724 0.99235517 0.99231637 0.9937024 0.9954319 0.99475485 0.9934657 0.9938776 0.99547553 0.9947383 0.99500436 0.99268836 0.987597 0.99382246 0.99351627 0.9930235 0.9887825 0.9899597 0.9816863 0.9931103 0.9815585 0.98328173 0.9908628 0.98445934 0.97874504 0.9806849 0.9827435 0.9947949 0.98251975 0.99230933 0.9866582 0.993322 0.99313927 0.9845468 0.98621434 0.9853192 0.9846166 0.98825955 0.9879343 0.9926838 0.99562895 0.9949052 0.9955286 0.99359536 0.99530405 0.9952092 0.9941972 0.99435306 0.9921378 0.9887188 0.98768234 0.992713 0.9880074 0.99057496 0.99085945 0.9870127 0.9915341 0.9944763 0.99282426 0.9957698 0.9932038 0.99528146 0.99665785 0.99359643 0.99640685 0.9949597 0.99468005 0.98923576 0.9924759 0.99319124 0.9927839 0.99390507 0.99496555 0.9945536 0.9938191 0.99490726 0.98951393 0.9974097 0.99506354 0.9942866 0.99479496 0.9940172 0.99224573 0.9920873 0.99005395 0.99311054 0.98998886 0.99304444 0.993781 0.9920002 0.99503154 0.99199075 0.9919264 0.9951004 0.9926317 0.99185276 0.9938468 0.9937887 0.99551076 0.9972304 0.99393797 0.9942506 0.99609137 0.9956074 0.9952238 0.9976113 0.99643356 0.99592066 0.9967745 0.99363047 0.99294215 0.9968045 0.99444616 0.9935459 0.9934437 0.9934538 0.99524146 0.9939692 0.9970602 0.9960025 0.9959339 0.9956053 0.99328065 0.99450576 0.9947547 0.9973533 0.99276304 0.99119717 0.98703563 0.9905979 0.99107057 0.98949385 0.99078995 0.9913032 0.9908772 0.9887284 0.9878741 0.98439986 0.9874986 0.98512733 0.9860425 0.98586917 0.98270726 0.9961445 0.99705845 0.9965685 0.99519145 0.9921151 0.99446625 0.9968156 0.9948868 0.9948129 0.996993 0.99618447 0.99653244 0.99537635 0.993883 0.99341774 0.9929796 0.98708385 0.980227 0.9778718 0.9730751 0.9819445 0.9841262 0.9822923 0.982606 0.979354 0.9863779 0.9826727 0.9778607 0.9829104 0.98001534 0.9811389 0.98121333 0.9744676 0.97455996 0.9776484 0.979417 0.9845765 0.9924407 0.9898381 0.9906622
NusxicxBranislav_SRP19201BranislavN1915-L2_16 0.9953767 0.9972381 0.99733275 0.9950055 0.9960454 0.9957648 0.99437934 0.9901303 0.9950338 0.99555147 0.99590206 0.99651974 0.99488103 0.99501073 0.9963787 0.9949236 0.99477154 0.9951649 0.99587905 0.9962459 0.994153 0.9952307 0.9949359 0.99475706 0.9953412 0.99412334 0.99558437 0.9919086 0.99507356 0.99354696 0.9936461 0.99486965 0.994024 0.98904425 0.9865646 0.9939077 0.99321663 0.99223447 0.99573404 0.99507636 0.9955156 0.99536675 0.9955791 0.9939548 0.9940589 0.9946257 0.995511 0.9964109 0.99587107 0.9964946 0.9973035 0.99679804 0.9966358 0.9961361 0.9939896 0.99573374 0.9948678 0.99033797 0.99322045 0.99755406 0.9977518 0.99429685 0.9966755 0.99613786 0.99291563 0.99342275 0.996971 0.99637717 0.9957314 0.99522966 0.9970313 0.9946856 0.9954619 0.99685186 0.99744564 0.99720156 0.9955853 0.99578744 0.997153 0.99671817 0.9955138 0.99420524 0.9946144 0.9939955 0.9930409 0.993886 0.99363065 0.99460477 0.99551 0.99418545 0.99505335 0.9946712 0.99596345 0.995715 0.99543494 0.9962425 0.99451166 0.9949746 0.9951782 0.9953279 0.994639 0.99584967 0.99576473 0.99386877 0.993482 0.996082 0.99432653 0.9949305 0.9962606 0.99504787 0.994745 0.9946633 0.9952476 0.9958325 0.99506354 0.9942915 0.9957735 0.99390495 0.9937102 0.99374187 0.99509466 0.99360704 0.996869 0.9960314 0.99583447 0.996216 0.99674386 0.9958217 0.9937013 0.9947869 0.99539155 0.9953892 0.99594116 0.99636763 0.9958235 0.9933087 0.9940622 0.99501413 0.99531394 0.9927808 0.9929821 0.9895233 0.9918689 0.9962914 0.9950719 0.995829 0.99514496 0.99447966 0.9962947 0.99599475 0.9929909 0.99166274 0.991183 0.9882091 0.99739563 0.9962551 0.9961883 0.9942925 0.99410534 0.99312145 0.9948728 0.99226755 0.9926336 0.9923499 0.99388504 0.994621 0.9956044 0.996299 0.99602234 0.9957157 0.99569833 0.9930781 0.9953088 0.99461526 0.99237055 0.994142 0.99571717 0.9941843 0.99374866 0.99729794 0.99659103 0.9953608 0.99496496 0.99482137 0.9920745 0.98979306 0.99639 0.9961462 0.9957111 0.9964446 0.9950408 0.9949498 0.99344647 0.99570644 0.9947211 0.9958253 0.9959247 0.99673754 0.9954793 0.997517 0.99518925 0.9952695 0.99602413 0.9949041 0.99655455 0.9939616 0.9939006 0.99466765 0.992256 0.9896732 0.991082 0.9939853 0.9962802 0.9954351 0.9969878 0.99580616 0.99627537 0.996285 0.99571437 0.9963316 0.9965469 0.9947424 0.9941926 0.9958322 0.9968535 0.9966325 0.99561816 0.99706244 0.99716675 0.9966243 0.9970937 0.98801655 0.99117726 0.99681234 0.9966817 0.9938306 0.9957693 0.99586886 0.9913036 0.99388945 0.9971012 0.99085385 0.98301333 0.989616 0.9918604 0.9949416 0.99622065 0.9953919 0.996168 0.990183 0.99562925 0.9962276 0.9956326 0.9947431 0.99275583 0.99607605 0.9972253 0.9976078 0.9965705 0.9948715 0.9951643 0.9959022 0.99474525 0.9933288 0.99498355 0.99616784 0.99665785 0.995845 0.9939539 0.9967739 0.9965736 0.99713695 0.996535 0.99695116 0.99464273 0.9960026 0.9967385 0.99801254 0.99698424 0.9983555 0.99788094 0.99698716 0.9955985 1.0000001 0.9976834 0.99672 0.9938532 0.9959981 0.9966716 0.9953265 0.99683815 0.99852455 0.9977999 0.9989571 0.9951577 0.9960941 0.99546593 0.99664617 0.9972823 0.99553293 0.99467075 0.9944593 0.99189955 0.9943479 0.9921305 0.9920561 0.99186265 0.9927577 0.9940759 0.9939788 0.99427634 0.9950552 0.99615294 0.9962007 0.99518204 0.9962265 0.99578196 0.99618876 0.9962533 0.9969982 0.9972302 0.99787045 0.9971457 0.9966343 0.9953904 0.9941983 0.99484885 0.99748516 0.99735224 0.99707836 0.9972904 0.9933216 0.9917724 0.99040115 0.99437916 0.99257004 0.9916321 0.9969125 0.9970847 0.9968775 0.9972404 0.9969712 0.99680996 0.9954488 0.9913565 0.99706316 0.99552107 0.9957963 0.9938325 0.99429065 0.99228865 0.99102455 0.99527496 0.9954096 0.9957808 0.9945157 0.993985 0.99306035 0.9925165 0.9893646 0.99572134 0.9952241 0.9962168 0.995026 0.9953988 0.99469966 0.9925749 0.99239033 0.9939547 0.9952595 0.99519503 0.9959239 0.99674636 0.9946762 0.99621564 0.9966842 0.99647444 0.9948492 0.9954527 0.991109 0.99635607 0.99124014 0.99238986 0.9962419 0.99347675 0.989644 0.9905329 0.99207366 0.99636924 0.9906697 0.99557996 0.9932707 0.99621 0.99596 0.9931999 0.99394 0.9931278 0.9931472 0.9953102 0.995034 0.9934889 0.99390054 0.992556 0.9939788 0.99360687 0.99432474 0.9941602 0.9945693 0.99430054 0.996678 0.99435353 0.9930517 0.9949932 0.9942853 0.9943904 0.99346024 0.99217147 0.99614316 0.9978984 0.99718386 0.9980697 0.9971285 0.99510515 0.9969107 0.99553335 0.99428743 0.9939106 0.9932734 0.9960127 0.9961169 0.99640185 0.99685687 0.9976405 0.99724656 0.9965313 0.9964254 0.9972176 0.9949961 0.99600965 0.9945191 0.9959804 0.99620205 0.99535656 0.99500865 0.9942198 0.9932153 0.99474543 0.99358886 0.99560195 0.9953094 0.9954232 0.99524206 0.9937216 0.99479336 0.99373597 0.99682564 0.9963157 0.9966379 0.9961294 0.99646676 0.99569726 0.9966852 0.9972924 0.9970815 0.99614954 0.99698985 0.99731493 0.99500936 0.9972593 0.99711764 0.9962401 0.99612504 0.99562573 0.99768955 0.9970948 0.9968845 0.9968666 0.9971884 0.9982672 0.9978091 0.9981413 0.99786264 0.99548733 0.9965638 0.99852586 0.99691683 0.9959147 0.9963051 0.996705 0.9953276 0.995985 0.9968785 0.9958061 0.9963058 0.99690974 0.99649 0.9958373 0.9944472 0.99151653 0.9940604 0.9936665 0.9937106 0.9931992 0.9900812 0.99273956 0.9941441 0.99538165 0.9962 0.9960407 0.9962068 0.99597013 0.9968307 0.99610174 0.9941118 0.9934359 0.9940891 0.99431413 0.99494934 0.99507785 0.99475247 0.99436945 0.9907138 0.9881231 0.98471427 0.99093133 0.992392 0.9915964 0.99143314 0.98978233 0.9943037 0.9921022 0.988518 0.9923092 0.9900239 0.9909341 0.9912524 0.987186 0.9864989 0.9889531 0.99008936 0.9934884 0.99208575 0.9899559 0.99105304
NusxicxBranislav_SRP19201BranislavN1915-L2_17 0.99543804 0.9975445 0.9975847 0.9945235 0.9950626 0.9947323 0.9935443 0.98961747 0.99413365 0.99441165 0.9944104 0.99527955 0.9933359 0.9932336 0.9944774 0.9936442 0.9929666 0.9942541 0.9944918 0.99379086 0.9915672 0.9928669 0.99458826 0.9940258 0.9946002 0.99370545 0.99424326 0.99096376 0.99362725 0.9912797 0.9915828 0.99268526 0.9913783 0.9876073 0.9850269 0.9931408 0.99322796 0.9911976 0.9956404 0.99455553 0.99458116 0.9943603 0.99525166 0.99351966 0.99450946 0.9950268 0.9944642 0.9950746 0.9945482 0.9952034 0.9949145 0.99401355 0.9939488 0.9956713 0.9920056 0.9961432 0.99605596 0.9918376 0.99442095 0.9960581 0.9961612 0.9948195 0.99676555 0.9966781 0.99385786 0.99449635 0.9952742 0.9942904 0.9935817 0.99461204 0.9945654 0.9945437 0.9936991 0.9942383 0.99499375 0.99495316 0.9941529 0.99405867 0.996215 0.9952512 0.9931245 0.9937349 0.99467576 0.99399996 0.9932617 0.99348766 0.9927912 0.99421346 0.9943939 0.99472624 0.9944813 0.99186647 0.99305767 0.99199605 0.9920399 0.9932734 0.99170554 0.99259555 0.9919405 0.99263525 0.9910858 0.99235773 0.9916109 0.9902694 0.9904587 0.9940392 0.992181 0.9927422 0.99332386 0.9924866 0.9920927 0.9931228 0.9935056 0.99379927 0.9932851 0.99260306 0.99264693 0.99131966 0.99034023 0.9912327 0.9925382 0.99019736 0.99415237 0.9936155 0.99427354 0.99485135 0.99451333 0.9950766 0.99329436 0.99360305 0.9945185 0.9945953 0.9949737 0.99510527 0.9941891 0.99150294 0.99337906 0.99435806 0.9951976 0.99456435 0.993926 0.9910888 0.99291146 0.99555045 0.99238735 0.99254936 0.9936376 0.9931725 0.99497926 0.9939717 0.9934686 0.9907828 0.9885313 0.987357 0.9945611 0.9937832 0.99397135 0.992977 0.9925397 0.9914392 0.993832 0.9894369 0.9911602 0.98986614 0.99195594 0.9922118 0.99446774 0.9938828 0.9938082 0.9929802 0.99305797 0.99095196 0.9929817 0.9931657 0.9911685 0.9927112 0.99257773 0.99089646 0.99060994 0.9952708 0.99342215 0.9928395 0.9928488 0.993492 0.98904175 0.9861651 0.9947213 0.9946313 0.9934976 0.99600387 0.9928448 0.9917207 0.9904709 0.9928174 0.99216425 0.99362767 0.9932045 0.99567354 0.99507296 0.99631965 0.99464786 0.9932073 0.9951256 0.994327 0.9966619 0.99296165 0.9936084 0.99252605 0.992135 0.99005735 0.9917301 0.9929337 0.99522555 0.9940014 0.99550056 0.9950876 0.9955298 0.9964722 0.9945122 0.99523485 0.99597764 0.9924289 0.9919955 0.9941687 0.9943841 0.9940679 0.99412656 0.99496686 0.9953394 0.99431145 0.995709 0.9902213 0.99361736 0.9943233 0.99518156 0.9925834 0.9941807 0.9933358 0.98949516 0.9939949 0.9947049 0.9888823 0.97972184 0.9875788 0.9897399 0.99362844 0.99390453 0.9966455 0.9955267 0.9901023 0.99675274 0.99702895 0.9967714 0.9948911 0.99111617 0.99473304 0.9957255 0.9969436 0.9950928 0.9918403 0.9939548 0.99423516 0.99126273 0.9896014 0.99274075 0.9933131 0.9934943 0.9922029 0.9903341 0.9942363 0.99367034 0.9954299 0.9948161 0.99537015 0.99226403 0.99330986 0.99745643 0.99806076 0.99764675 0.99841756 0.99830383 0.9965576 0.9959174 0.9976834 1.0000004 0.9954129 0.9913413 0.9949363 0.9954919 0.9921776 0.9973202 0.9967941 0.9982241 0.99820304 0.99409014 0.994842 0.9944426 0.99584556 0.99613774 0.9935819 0.99237984 0.9922532 0.9880024 0.9910314 0.98920935 0.989579 0.9887326 0.98871064 0.99438685 0.9942324 0.99399734 0.9929766 0.9938377 0.995061 0.99502224 0.9951463 0.9942825 0.9945307 0.9953439 0.9959022 0.99583346 0.9971567 0.9957008 0.9964903 0.9958533 0.9947494 0.99611557 0.996006 0.9949078 0.9953002 0.9957387 0.99557513 0.99420834 0.99314946 0.9937306 0.99113035 0.9909982 0.99541825 0.99541855 0.995067 0.9954776 0.9955389 0.9964756 0.99426836 0.99090874 0.99613523 0.9952403 0.99509025 0.9944483 0.9936119 0.99266815 0.9920586 0.9954631 0.99511606 0.9942958 0.9935022 0.9936764 0.9926316 0.99277383 0.9881763 0.99434507 0.9939514 0.99489486 0.99323744 0.99415255 0.99572253 0.9925883 0.99292564 0.9933428 0.99515975 0.99630684 0.99700296 0.9948867 0.9924987 0.9945857 0.9950354 0.9945706 0.99359405 0.99469954 0.98912287 0.99536645 0.9891305 0.98994285 0.9940649 0.9915395 0.9872393 0.98863596 0.98961014 0.9948608 0.9892018 0.99416304 0.9920323 0.99500215 0.9948613 0.9909166 0.99047285 0.9897264 0.98938096 0.9927911 0.9955144 0.99414164 0.99357665 0.99403226 0.99431294 0.99500924 0.9941427 0.99527603 0.9956553 0.9955685 0.99427104 0.9907713 0.9902448 0.9945478 0.9913553 0.9905686 0.9900935 0.98795396 0.9929681 0.99562037 0.9943912 0.99594855 0.9946206 0.99309397 0.9943985 0.9928759 0.99304426 0.9907947 0.98948294 0.99360955 0.99289805 0.99412596 0.9936359 0.9955045 0.99437046 0.9944547 0.9942257 0.99728733 0.99424094 0.99558127 0.9938003 0.99512047 0.9953333 0.99401224 0.9942593 0.99235964 0.99113977 0.9928142 0.9925257 0.9940443 0.99459124 0.9942691 0.9935583 0.99087524 0.99220234 0.9918728 0.9942533 0.99235874 0.9930314 0.9931582 0.9946743 0.99530697 0.994209 0.99488753 0.99651545 0.99550843 0.99545884 0.99681497 0.9927641 0.9957131 0.99478555 0.99512684 0.9954598 0.9946025 0.99492055 0.99577045 0.9946298 0.99508494 0.9957448 0.99615127 0.99683046 0.9969805 0.99718916 0.9929748 0.9938337 0.99776894 0.99355745 0.99392927 0.9947064 0.9948566 0.99253225 0.9933977 0.9944268 0.9935645 0.9943177 0.9950564 0.9949772 0.9949681 0.99282014 0.99014217 0.992735 0.9918849 0.9921383 0.99180186 0.9887153 0.9912828 0.9937566 0.9948518 0.99575156 0.9952889 0.9952929 0.99610204 0.99628484 0.9958802 0.99263847 0.992207 0.9928739 0.99293244 0.9936096 0.9929538 0.99327886 0.9912639 0.98704404 0.98565054 0.9810523 0.9881114 0.9891036 0.9887671 0.988151 0.98669297 0.9919979 0.989033 0.9863364 0.98928744 0.988047 0.9883449 0.9882841 0.9839085 0.9832655 0.98589855 0.9867836 0.9907979 0.9901183 0.98937297 0.9896349
NusxicxBranislav_SRP19201BranislavN1915-L2_18 0.99089056 0.9951947 0.9941135 0.98788315 0.98966545 0.996253 0.99548614 0.9935415 0.9912537 0.9901587 0.99101675 0.9936788 0.98977077 0.9897466 0.9920753 0.9891495 0.9897743 0.9909996 0.99278855 0.99129623 0.98765045 0.9893319 0.9930004 0.9913509 0.99159735 0.98875916 0.99115145 0.98541254 0.9905045 0.9876525 0.9882751 0.9910188 0.9886323 0.98009384 0.97672546 0.99058276 0.9897649 0.9866693 0.99277645 0.9912052 0.990831 0.9897195 0.99232453 0.9877912 0.9914666 0.99222064 0.99052566 0.9910871 0.991181 0.9908918 0.9938005 0.99368435 0.99359477 0.9954912 0.9951943 0.99283093 0.9925387 0.988592 0.9899047 0.9941583 0.9951742 0.9909346 0.994923 0.9948448 0.99335694 0.9935529 0.99485344 0.9963475 0.99441123 0.99350476 0.9949801 0.9964025 0.99516606 0.99366915 0.9954844 0.99323785 0.9952803 0.9955431 0.995284 0.9941434 0.994943 0.9911388 0.9925774 0.9896466 0.9868965 0.98972774 0.98811454 0.99054134 0.99049973 0.9914491 0.9914284 0.98798215 0.99423724 0.99323106 0.9926315 0.9936926 0.9926543 0.99190795 0.9928908 0.9918249 0.99268293 0.9924905 0.9915148 0.9890606 0.98710966 0.9920544 0.98766875 0.98875684 0.9914266 0.98982173 0.9895415 0.98904204 0.9905261 0.99066585 0.99105036 0.98857445 0.9932342 0.99112993 0.99239546 0.99214596 0.9939506 0.99293065 0.9943551 0.9927118 0.99232996 0.99447453 0.99250925 0.99447227 0.99442154 0.99359834 0.9932637 0.9939446 0.99276423 0.99302256 0.9941035 0.9866686 0.9904898 0.991926 0.99139786 0.9900403 0.9878438 0.9845236 0.9869279 0.9945394 0.9919546 0.9916785 0.99566096 0.9956943 0.9964214 0.9952152 0.9942676 0.9952238 0.9947666 0.9934529 0.9934557 0.9918188 0.99144936 0.98784655 0.9876447 0.9909733 0.99065167 0.98910993 0.9892946 0.990108 0.9903742 0.9886539 0.9904811 0.99147654 0.99340254 0.9913741 0.990899 0.98660517 0.98922503 0.98802537 0.9850584 0.98662704 0.99189186 0.988269 0.9868465 0.9933054 0.9912403 0.9887581 0.9886807 0.9886544 0.9840706 0.9813766 0.99220586 0.99164987 0.99110097 0.99283415 0.9895023 0.99030864 0.986145 0.9910172 0.98837566 0.9916968 0.9925435 0.99634427 0.9960218 0.99571866 0.9950287 0.992942 0.9943461 0.9929621 0.99610144 0.99318016 0.99268043 0.99181473 0.99294007 0.99167633 0.9915825 0.9908309 0.9913759 0.9921085 0.9934693 0.9893745 0.9929313 0.9907598 0.98983383 0.99334484 0.99301094 0.9892304 0.98911613 0.9903747 0.9924204 0.9932199 0.99116206 0.9938072 0.99406815 0.99516535 0.992561 0.9901013 0.9919075 0.9927149 0.99466616 0.99405587 0.9935824 0.9938486 0.99307764 0.9932645 0.99265003 0.98435295 0.97635967 0.98440045 0.9880519 0.99459314 0.99422944 0.99626756 0.997463 0.995123 0.9954437 0.9946789 0.994669 0.99713874 0.9959054 0.9972 0.99740374 0.9969464 0.9978205 0.996304 0.9967307 0.9976997 0.9937861 0.9944969 0.9948516 0.9943187 0.99486 0.9953653 0.9944191 0.99293214 0.99305487 0.9942019 0.99503297 0.9935824 0.9947379 0.99516255 0.99798214 0.99686307 0.9935765 0.99541664 0.99475455 0.9988667 0.99771506 0.99672 0.9954129 1.0 0.9981452 0.9983618 0.99847066 0.9975489 0.9975918 0.9980248 0.9981048 0.99748623 0.9970211 0.9968709 0.99588704 0.9959305 0.9967349 0.9966955 0.99634254 0.99096763 0.9859552 0.9905227 0.98631674 0.9857482 0.9858235 0.98791 0.99074453 0.9894999 0.9914535 0.99227697 0.99172795 0.9930481 0.99372196 0.99300516 0.9955077 0.99381304 0.9940855 0.99395025 0.99296886 0.99429506 0.9934958 0.9915768 0.98945946 0.98792905 0.9895208 0.99325085 0.9926698 0.9927041 0.99300563 0.9886256 0.98548824 0.98463655 0.98922557 0.98619896 0.9856718 0.9950775 0.9932487 0.992499 0.9932543 0.9919581 0.9930257 0.98924154 0.9857163 0.9939751 0.99156225 0.9920903 0.9906501 0.9895216 0.98828316 0.98583543 0.9923354 0.9922281 0.9933739 0.99151576 0.99259156 0.9905123 0.9898405 0.9808451 0.99296206 0.99406326 0.99207544 0.9920589 0.99307495 0.99393713 0.99322563 0.99238753 0.9926567 0.99416083 0.9935745 0.9937347 0.99252194 0.98858047 0.9931436 0.9929909 0.9926754 0.98924184 0.989641 0.9830824 0.992619 0.9828307 0.98435205 0.99095607 0.9859983 0.97998756 0.9819786 0.98370034 0.9940087 0.9831242 0.9920088 0.986834 0.9933185 0.99324083 0.98558104 0.9872663 0.9863149 0.98583233 0.9886408 0.9885678 0.9910042 0.99370915 0.99203885 0.9928818 0.9913976 0.9927998 0.99278754 0.9920671 0.99218166 0.9925996 0.99089766 0.98994094 0.99196994 0.9890291 0.99205744 0.9918512 0.98938745 0.9938657 0.99587095 0.99401915 0.9962328 0.9941342 0.99555165 0.9973154 0.9947733 0.99820983 0.99759835 0.99675894 0.9908568 0.99422044 0.99488896 0.99421394 0.9953317 0.996488 0.99529666 0.9947017 0.9947764 0.9901593 0.9966295 0.99397165 0.9946263 0.9948803 0.99441165 0.99291193 0.99248916 0.99134815 0.9921507 0.9892684 0.99223566 0.99256533 0.9917135 0.99388397 0.990853 0.9911948 0.99361384 0.99278796 0.9927313 0.994757 0.99397343 0.99544555 0.9956737 0.9944136 0.99519295 0.9962967 0.99501735 0.99661607 0.9971908 0.9972813 0.99581075 0.9969945 0.9935551 0.99464166 0.9969246 0.9952062 0.99295455 0.9937371 0.9947619 0.9951623 0.99445164 0.99654007 0.9965354 0.9961616 0.99632037 0.99519813 0.99560654 0.9956831 0.99614894 0.9924673 0.9917273 0.98845744 0.99134976 0.9923771 0.9908669 0.99139863 0.9931566 0.99152076 0.9901452 0.98920816 0.9864165 0.9891801 0.98715216 0.9881996 0.98757076 0.9848348 0.99510586 0.99518746 0.9954237 0.9947804 0.992603 0.9943531 0.99572396 0.99520445 0.9947295 0.99502975 0.99503386 0.995144 0.9945603 0.99359155 0.99295735 0.9935392 0.9881604 0.98259443 0.9797569 0.97574794 0.9823617 0.98485386 0.98340636 0.98317033 0.980949 0.98764545 0.9843362 0.9795754 0.9852582 0.98154444 0.98246497 0.9830162 0.97731644 0.97688204 0.97978586 0.9813388 0.98608524 0.9914577 0.9888221 0.98891723
NusxicxBranislav_SRP19201BranislavN1915-L2_2 0.9870497 0.9925026 0.98996013 0.9830513 0.9850287 0.9943045 0.99318284 0.9923866 0.9878211 0.9856956 0.987267 0.9903113 0.98606193 0.9862264 0.98839515 0.98451936 0.98576224 0.98671734 0.989263 0.98787147 0.98372656 0.98564655 0.9888342 0.9868225 0.98668015 0.98355013 0.986421 0.9798915 0.98599654 0.98309624 0.9835636 0.9866776 0.98429304 0.9749661 0.97139096 0.98676753 0.98555315 0.9819269 0.9899807 0.9880469 0.98753023 0.9862859 0.98974013 0.98379827 0.9879307 0.98881066 0.9870916 0.98772746 0.9879546 0.9873244 0.9913261 0.9919992 0.99187714 0.9937831 0.994597 0.98884386 0.9887165 0.98387206 0.98518467 0.99064964 0.9920732 0.9864941 0.99230725 0.99249893 0.9903469 0.9906422 0.99342525 0.99567956 0.9939247 0.9912871 0.99280155 0.9951135 0.994358 0.9916661 0.994098 0.99073476 0.9935785 0.9939401 0.99309963 0.9918902 0.9936433 0.9880543 0.9895482 0.9866512 0.9829295 0.98704517 0.98493123 0.9874781 0.9873245 0.98863256 0.9886793 0.9841792 0.99310815 0.9917031 0.99143946 0.99226767 0.9918093 0.9905584 0.9920602 0.9902932 0.99177164 0.9907203 0.9899348 0.98773295 0.9849567 0.9899028 0.98478276 0.98615605 0.9896246 0.98795915 0.9876463 0.9865711 0.9883147 0.9883233 0.98896307 0.986161 0.99224657 0.98986834 0.9916771 0.9912226 0.99313253 0.9929807 0.9920495 0.9902972 0.9895697 0.99238366 0.98952085 0.9918164 0.99298614 0.9921 0.99065083 0.9917743 0.99008185 0.9903335 0.992192 0.98224336 0.9869868 0.98872703 0.98748845 0.9868061 0.98409146 0.98068583 0.98318326 0.99172324 0.9896954 0.98938245 0.99479175 0.9951206 0.9953541 0.99424946 0.9919785 0.9943299 0.99457055 0.993105 0.99107414 0.98891604 0.988078 0.98433965 0.98414963 0.9893799 0.987856 0.98784155 0.9867345 0.9886037 0.9882763 0.98588073 0.98712075 0.9891305 0.9918202 0.98955923 0.98851687 0.98356825 0.98649603 0.9848944 0.9814087 0.9829271 0.98943913 0.9847913 0.9827269 0.9899448 0.98782176 0.98459053 0.9844255 0.98563856 0.98068184 0.97863436 0.98948306 0.9890447 0.98892266 0.99021953 0.9858144 0.98764616 0.9823708 0.9881853 0.98478925 0.98887116 0.99010086 0.9946379 0.9949465 0.9938084 0.9938109 0.9917201 0.99240005 0.9907733 0.99443257 0.9919697 0.9907682 0.99047905 0.99175423 0.9907212 0.99012697 0.9888564 0.98721063 0.9886024 0.99043864 0.98474073 0.9892333 0.9859969 0.9859924 0.98995936 0.98928565 0.9853371 0.9850564 0.98623013 0.98899835 0.99004245 0.98811394 0.9909528 0.9912249 0.9934319 0.98915887 0.98628277 0.9877729 0.98946464 0.99196 0.9918937 0.991063 0.99186134 0.9918793 0.9902525 0.9895545 0.980658 0.97318184 0.9811498 0.9852111 0.99230653 0.99176747 0.99409723 0.9953786 0.99511594 0.9929249 0.9917517 0.99161315 0.9963561 0.99603075 0.9970559 0.9958218 0.9944888 0.99641275 0.99505967 0.9957824 0.99689996 0.99348366 0.9943872 0.9941489 0.9932239 0.9937639 0.99471986 0.9946663 0.99060166 0.9909306 0.9918648 0.9932909 0.99129915 0.994352 0.9943126 0.99609196 0.9936495 0.9893442 0.9919549 0.9910648 0.9972821 0.9959476 0.9938532 0.9913413 0.9981452 0.99999994 0.9972564 0.99732584 0.99630964 0.99500394 0.9960323 0.99582225 0.99465305 0.9959477 0.9955175 0.9948204 0.9937569 0.9951774 0.9963283 0.9962542 0.988625 0.98370993 0.98794854 0.98341125 0.9824997 0.98310345 0.9858697 0.98712534 0.98548573 0.9887175 0.99032855 0.9892419 0.99064124 0.99184054 0.9906917 0.9940676 0.99213004 0.9914398 0.9909729 0.9903452 0.9915246 0.9912088 0.9879502 0.9847439 0.98336864 0.9851601 0.98973596 0.9899305 0.9896128 0.98989177 0.983573 0.97960335 0.97874725 0.9860029 0.98265564 0.9822839 0.9925281 0.99029285 0.98921597 0.99016356 0.9880572 0.9893752 0.9850016 0.98042536 0.9906435 0.9877567 0.9885024 0.986167 0.98520386 0.98358095 0.9804915 0.98822504 0.9882221 0.9902115 0.9877696 0.9886362 0.9863708 0.9857155 0.97653687 0.9907521 0.9924318 0.9889125 0.9899327 0.99090165 0.9910267 0.9917743 0.9907653 0.99091065 0.9922117 0.9909042 0.9904467 0.98977035 0.985179 0.99059963 0.99017286 0.9904375 0.9858767 0.9852194 0.97915345 0.98920697 0.9785424 0.9802655 0.98768747 0.9818993 0.9752297 0.977408 0.97967297 0.99129826 0.9785486 0.9888637 0.9825833 0.9901674 0.9905216 0.98205817 0.98444766 0.9835177 0.98286897 0.9850616 0.98299724 0.98718977 0.991384 0.98904496 0.9896606 0.9873672 0.98990005 0.9888266 0.98766977 0.9880133 0.98979914 0.9890796 0.9878932 0.98935276 0.9870704 0.9913 0.99094975 0.98876995 0.9930801 0.99397963 0.9924317 0.99459267 0.99245405 0.9944847 0.99659574 0.99388 0.99799156 0.9981378 0.9979817 0.98843384 0.9938592 0.9942944 0.99325186 0.99369067 0.99534607 0.99363214 0.9934299 0.9925506 0.9874052 0.99532765 0.9924825 0.9931069 0.9939946 0.9933999 0.9909984 0.9910444 0.99021345 0.9900785 0.9861327 0.989439 0.98994166 0.9891004 0.99199677 0.9887976 0.9887795 0.99238706 0.9906206 0.9909259 0.99312794 0.9927276 0.9939184 0.9940422 0.9927873 0.9936875 0.99393827 0.9929244 0.99542236 0.9954199 0.99702775 0.9934843 0.99566406 0.9910457 0.99272615 0.99603844 0.99338037 0.9897336 0.9914555 0.9928332 0.992934 0.991383 0.99443245 0.99406296 0.9933754 0.99650425 0.99403065 0.9926257 0.994722 0.9948671 0.99009305 0.9887788 0.9853993 0.9889623 0.9898555 0.98814076 0.9885594 0.9906012 0.98828495 0.9858132 0.984901 0.9818431 0.9849939 0.982994 0.9841115 0.9831862 0.98037386 0.9948807 0.9937862 0.9938314 0.99281514 0.9901586 0.99252194 0.99397296 0.99315035 0.99251705 0.9944416 0.99442184 0.9941946 0.9936394 0.9919311 0.9912859 0.99228084 0.9850826 0.9791892 0.97591025 0.9724323 0.97780436 0.9811686 0.9793469 0.97929865 0.9768966 0.98388195 0.9802354 0.97494274 0.9816786 0.9769587 0.9780625 0.9792247 0.9733193 0.9727305 0.97574955 0.977342 0.9820924 0.9896632 0.98584384 0.9861593
NusxicxBranislav_SRP19201BranislavN1915-L2_3 0.9900211 0.995383 0.99280787 0.98606455 0.98842615 0.9956758 0.993625 0.9906763 0.99225694 0.9909056 0.9917876 0.9949026 0.9903013 0.990259 0.99309593 0.9896792 0.9902528 0.9915366 0.9939811 0.9922089 0.9884043 0.9895939 0.99475986 0.99249876 0.9922026 0.98857725 0.9913625 0.9850427 0.9906987 0.987734 0.987595 0.9915651 0.9884707 0.9810683 0.9771545 0.9917897 0.99122036 0.98707056 0.9942249 0.992243 0.99146664 0.9899758 0.99309915 0.98763615 0.99215347 0.99404836 0.99128354 0.99151987 0.9925465 0.9905841 0.9944639 0.99386793 0.9924599 0.993711 0.99303365 0.99269253 0.9926593 0.9879503 0.98915166 0.9933945 0.9939317 0.99074614 0.9956926 0.9950081 0.9937063 0.9941721 0.9940083 0.99657685 0.9940945 0.99462885 0.9952929 0.9975129 0.9949436 0.993823 0.995557 0.9932448 0.9966511 0.99621624 0.99510866 0.9951295 0.9955666 0.9902743 0.992209 0.98897254 0.9854878 0.98950326 0.9878145 0.9901636 0.99047005 0.99021184 0.99123114 0.98769087 0.9933273 0.99277675 0.9926691 0.9927008 0.9907102 0.991064 0.9917789 0.9900726 0.99175644 0.9920368 0.99107707 0.9896663 0.9868527 0.9923854 0.9865912 0.98834217 0.9917884 0.9898363 0.990038 0.988606 0.9898 0.99041504 0.99055755 0.9875303 0.99445736 0.9930623 0.9943339 0.99360466 0.9950496 0.99365777 0.9954124 0.9944356 0.99370253 0.9959725 0.99271196 0.99601805 0.9966553 0.99575275 0.9949118 0.9958143 0.9941231 0.9941294 0.9955882 0.9864558 0.9906892 0.99180233 0.99132335 0.9881313 0.9863017 0.9818113 0.9851573 0.9950125 0.9932057 0.9926184 0.99591225 0.99714357 0.9961927 0.99566966 0.99532914 0.9960922 0.9947023 0.99403775 0.99388736 0.99228793 0.99170107 0.9871594 0.9866326 0.989768 0.98933864 0.98828423 0.98788726 0.98884684 0.9893382 0.9874156 0.9891733 0.9915644 0.9919145 0.9914487 0.990206 0.98561764 0.9891872 0.9874123 0.9841516 0.9853932 0.99205285 0.9880108 0.98677886 0.9942434 0.99193525 0.9887909 0.98878556 0.9878054 0.9842253 0.9812244 0.99354756 0.9918599 0.99158853 0.9926067 0.98992294 0.9915786 0.9864325 0.9915754 0.98859054 0.99290645 0.99404657 0.99718 0.9962346 0.9950432 0.9929887 0.99201757 0.9934426 0.99121225 0.99571764 0.99149275 0.99050385 0.9911759 0.99066985 0.9893371 0.9891745 0.98975515 0.9914933 0.9927452 0.99364907 0.9890642 0.9931729 0.98998725 0.98994803 0.99343246 0.99260134 0.987055 0.9866409 0.9886794 0.99178874 0.99185956 0.9903469 0.993442 0.99275416 0.9942679 0.99135244 0.99268013 0.9937043 0.993457 0.9945106 0.99493265 0.9940999 0.99204004 0.9945124 0.99260056 0.99259466 0.9837087 0.97607267 0.9840596 0.98746836 0.9943399 0.99423045 0.996168 0.9978535 0.9964162 0.99455047 0.99416894 0.9941306 0.99676466 0.9973617 0.99732053 0.9980914 0.9960715 0.9982407 0.996338 0.99740744 0.99760205 0.9929637 0.994915 0.99479437 0.9944968 0.99439895 0.9943165 0.9926821 0.9932077 0.99370337 0.99437344 0.99601686 0.99362195 0.995468 0.99594444 0.99863636 0.9978583 0.9933218 0.99573386 0.99443793 0.99862397 0.9986653 0.9959981 0.9949363 0.9983618 0.9972564 1.0000004 0.99937177 0.996685 0.998328 0.99860066 0.9982658 0.997101 0.9971873 0.99657935 0.99484456 0.9965749 0.99638224 0.9962978 0.99546343 0.9907127 0.9864558 0.99049604 0.98660064 0.9860517 0.98628163 0.98782444 0.9926361 0.9905231 0.9925779 0.99389786 0.99312556 0.994308 0.9951874 0.9943591 0.99651337 0.99474263 0.9961442 0.99534786 0.99318707 0.99473304 0.99358505 0.9916062 0.9889101 0.9868695 0.98862845 0.9937024 0.99318916 0.9933792 0.99401265 0.9868449 0.9836337 0.98239 0.9883785 0.9855717 0.98468155 0.9962596 0.9936953 0.9930752 0.99354595 0.99174523 0.9934326 0.98865527 0.9849952 0.99467266 0.9913154 0.9921158 0.99138373 0.98910177 0.9877971 0.9855019 0.9933756 0.9921052 0.9936559 0.9910073 0.992401 0.990036 0.9891946 0.979059 0.9943103 0.9960818 0.9932648 0.99375856 0.9948035 0.9954855 0.9936253 0.99272704 0.993224 0.99463814 0.99351346 0.9940122 0.9933056 0.9885579 0.9947498 0.9942731 0.9940815 0.9897334 0.99051625 0.9830528 0.99356973 0.98268694 0.9844531 0.99176604 0.9856655 0.97990817 0.98170054 0.983782 0.9951506 0.9836397 0.9929237 0.9874871 0.9944652 0.99406064 0.9852813 0.98723745 0.9861837 0.9858475 0.9887466 0.98777544 0.9929276 0.9956927 0.9948196 0.9955668 0.99326783 0.9955896 0.9950117 0.99388087 0.99375784 0.9928636 0.9898217 0.9887264 0.99215555 0.9889397 0.99121916 0.99120694 0.98790854 0.99268085 0.9945489 0.99333745 0.9961624 0.99413383 0.9956453 0.99698466 0.99464774 0.99649125 0.99568343 0.99569017 0.9900508 0.99363774 0.9943707 0.99402064 0.9948086 0.9954675 0.9947584 0.99386555 0.9946306 0.9898476 0.9975519 0.9951601 0.9944359 0.9951695 0.99438804 0.9926221 0.9930098 0.99134743 0.9936414 0.99051535 0.99322814 0.99421316 0.99250287 0.9953053 0.99270356 0.99277806 0.9956344 0.9932081 0.99283034 0.9948277 0.994652 0.9958998 0.9969235 0.994869 0.9946221 0.9963036 0.9958055 0.9961502 0.99721706 0.9972626 0.99595517 0.99741644 0.99377966 0.99358565 0.99672186 0.9949403 0.9939165 0.9942302 0.99374133 0.9950678 0.99387336 0.99676126 0.99589866 0.99564075 0.9954029 0.99360394 0.994341 0.9951238 0.99674994 0.9932127 0.9917091 0.9881378 0.9914206 0.99184775 0.98995817 0.9914205 0.9921638 0.9912917 0.98944694 0.98883516 0.985299 0.9882797 0.98651975 0.9872085 0.9867072 0.9837527 0.9965646 0.9967287 0.9961861 0.9949459 0.9923964 0.99439573 0.99637175 0.9946552 0.99463284 0.9970376 0.9963782 0.99648327 0.9955324 0.99421155 0.99382716 0.99340695 0.9884714 0.9819314 0.97938114 0.97499734 0.98315775 0.9853303 0.9836273 0.9837793 0.9807646 0.9869406 0.9836212 0.9786871 0.9841583 0.9806815 0.98206234 0.9823172 0.9760338 0.9761072 0.97893643 0.98061407 0.9852102 0.99109834 0.9880412 0.9885924
NusxicxBranislav_SRP19201BranislavN1915-L2_4 0.99010277 0.9954341 0.99317724 0.9866848 0.98887897 0.99563825 0.99366295 0.9902755 0.993291 0.9915435 0.9923948 0.99510837 0.99133897 0.9914125 0.99349064 0.9901631 0.9904221 0.9915229 0.99377406 0.99304116 0.98974633 0.99069107 0.9949668 0.992729 0.99281555 0.98970467 0.9920157 0.98615956 0.9916358 0.9889358 0.988502 0.9923361 0.98951554 0.98199576 0.97812504 0.9919381 0.99114114 0.9875056 0.9942012 0.9920955 0.9917493 0.99090904 0.9931296 0.9880818 0.9915011 0.99368876 0.9914907 0.9920206 0.9931915 0.99150485 0.995149 0.994695 0.9933989 0.9941879 0.9934346 0.9923008 0.9921456 0.9869596 0.9885511 0.9938401 0.994261 0.99028206 0.99571073 0.9949882 0.9929079 0.99330664 0.99459255 0.99692917 0.9946288 0.9947253 0.99522907 0.9976131 0.9954941 0.99477947 0.9964088 0.99451 0.9971152 0.9966669 0.99552226 0.99574924 0.99578583 0.9900185 0.9917048 0.9901363 0.98646235 0.99014693 0.98863107 0.9907274 0.9911748 0.9904374 0.9914812 0.98873466 0.99389166 0.9939267 0.9938348 0.99326086 0.99157614 0.9916891 0.9928404 0.99135303 0.992825 0.9930828 0.99250036 0.99072045 0.98821676 0.9928449 0.9881998 0.989865 0.99275506 0.99102974 0.9911843 0.98976266 0.9908995 0.99135065 0.99139714 0.9886001 0.9950689 0.99354875 0.9947728 0.9941804 0.9958362 0.9948614 0.9962402 0.9954067 0.9944209 0.9965226 0.99376166 0.99663126 0.99598676 0.99553406 0.994754 0.9957062 0.9944156 0.99432755 0.9958717 0.9867904 0.99007607 0.99130213 0.9911696 0.9887391 0.98730344 0.9829095 0.9858544 0.99548763 0.99413574 0.993558 0.995866 0.9966716 0.99643373 0.99610686 0.994262 0.99527174 0.9938627 0.9925934 0.99438107 0.99274033 0.9922697 0.9876418 0.9872034 0.990904 0.99041677 0.9896429 0.98888665 0.98955 0.9903697 0.9887663 0.99015456 0.99268126 0.9929916 0.9925465 0.99139273 0.98739904 0.9909972 0.9890809 0.9861556 0.9870288 0.9930944 0.9890745 0.98779035 0.99466103 0.99280554 0.98997957 0.9899491 0.9893537 0.9860972 0.98364526 0.99399954 0.99260205 0.99264085 0.9932068 0.99131554 0.9929061 0.9881529 0.99277997 0.9898126 0.99381125 0.9946661 0.9969741 0.9960764 0.99549603 0.9933547 0.99251026 0.99381536 0.99124265 0.99564785 0.99193853 0.99095446 0.9919306 0.99118614 0.9895346 0.98947424 0.99040216 0.99221545 0.99335396 0.99428415 0.990204 0.99394166 0.99080735 0.9910449 0.99375546 0.9929486 0.98788816 0.9875333 0.98963845 0.9925008 0.99240917 0.9913729 0.99410623 0.9935209 0.99500436 0.9922955 0.9919187 0.9930083 0.9936503 0.9942319 0.9941618 0.99373007 0.99235696 0.9939094 0.9923126 0.9932453 0.9852221 0.97839457 0.98552597 0.9888623 0.9942102 0.99398154 0.9960459 0.99796075 0.99587625 0.9950373 0.9946482 0.9941261 0.99680805 0.9970433 0.997357 0.99853164 0.99632835 0.99813575 0.9970706 0.9976071 0.9979566 0.9934214 0.99499786 0.9950914 0.99517554 0.99514455 0.9952654 0.9934562 0.9935568 0.9943121 0.9943368 0.9959241 0.9939192 0.9949971 0.99585915 0.99854535 0.9979285 0.99363995 0.9961746 0.99471354 0.998775 0.9986527 0.9966716 0.9954919 0.99847066 0.99732584 0.99937177 1.0000002 0.9973219 0.99812186 0.99882495 0.99860424 0.9974948 0.99723285 0.99655485 0.9951356 0.9967578 0.9970164 0.9966097 0.99564373 0.99276453 0.98867434 0.9927538 0.98872226 0.98834276 0.9884776 0.99026704 0.9924821 0.99011576 0.9923446 0.99443245 0.9938242 0.9945931 0.99501663 0.99448186 0.9965043 0.9947484 0.9963772 0.9955685 0.9942829 0.99559456 0.9949032 0.99238956 0.98969257 0.9879739 0.98969966 0.9941623 0.9938962 0.99415153 0.99464786 0.98671025 0.98369145 0.98221135 0.9896526 0.98738354 0.98629403 0.9962987 0.9944689 0.9936581 0.99392563 0.9924028 0.993652 0.9893506 0.98518044 0.9945553 0.99147767 0.9922378 0.99110126 0.9893295 0.9875176 0.98542094 0.99327797 0.99194956 0.993561 0.9910704 0.9918886 0.9894613 0.989003 0.98120356 0.9943539 0.9957054 0.99329025 0.9935235 0.9946035 0.995136 0.99406636 0.99329287 0.9937779 0.99517405 0.9941238 0.9944565 0.9936804 0.98939085 0.99473333 0.9945232 0.9944043 0.99027526 0.9909967 0.98407185 0.99368787 0.9839266 0.9857084 0.99259734 0.9868962 0.98157203 0.9829987 0.9852255 0.99520504 0.98395175 0.99285865 0.9880807 0.9944638 0.9938603 0.9868887 0.989147 0.988155 0.98766947 0.98988265 0.9887043 0.99234253 0.9951461 0.9941295 0.99505055 0.9930334 0.9952119 0.9945594 0.9936789 0.99348843 0.99360687 0.9905492 0.9895754 0.9927195 0.99012774 0.9921382 0.992201 0.9892047 0.9940491 0.9955626 0.99436206 0.99682367 0.99489146 0.99555624 0.9975106 0.9950121 0.9966358 0.99626607 0.9958067 0.99140614 0.9945521 0.9950891 0.9948343 0.99560356 0.99638623 0.9956304 0.9946039 0.9953189 0.99121475 0.9976529 0.99589896 0.9951826 0.9957663 0.99480546 0.99348027 0.99347466 0.99175584 0.994303 0.9915294 0.9942456 0.994642 0.99350226 0.9958423 0.9935743 0.9938086 0.99575835 0.9945371 0.9939141 0.99571204 0.99539554 0.9965002 0.9971502 0.99554694 0.9953652 0.99629974 0.99594086 0.9963952 0.99758273 0.9970553 0.9964095 0.9977715 0.99449307 0.9944667 0.9967835 0.9957111 0.9943908 0.9951314 0.99465346 0.9958455 0.9949413 0.99727374 0.99648565 0.9959966 0.99582434 0.99407524 0.9948098 0.99553704 0.9969902 0.99340606 0.99251926 0.9892525 0.99227256 0.9927225 0.99106395 0.99236333 0.9927288 0.9920433 0.9897687 0.98864615 0.9848341 0.98805654 0.98696816 0.9873965 0.986648 0.9831294 0.99625003 0.99662805 0.996361 0.9954228 0.9931728 0.99512166 0.9966535 0.9950205 0.9950704 0.99701875 0.9960172 0.9965584 0.99567825 0.99488705 0.9946357 0.9943349 0.9895819 0.98380077 0.9814994 0.9776281 0.9845388 0.98668057 0.9849532 0.98521346 0.9824654 0.9884138 0.9851749 0.9805038 0.9861146 0.98213947 0.98385537 0.9843354 0.9779806 0.97823834 0.9808765 0.98272413 0.9868568 0.9906518 0.98730534 0.9884597
NusxicxBranislav_SRP19201BranislavN1915-L2_5 0.98681647 0.99281836 0.99139977 0.9852172 0.98762697 0.99403083 0.99308145 0.9883207 0.9917256 0.9900831 0.9907783 0.9932409 0.9902241 0.99033946 0.9920548 0.98869497 0.9890885 0.9896702 0.9920973 0.99144375 0.9882633 0.98934406 0.9915345 0.99011236 0.9902957 0.9876296 0.98970443 0.9845279 0.9906065 0.98845285 0.98814523 0.991068 0.9892504 0.9790243 0.97568333 0.98867965 0.9872706 0.98480755 0.9905919 0.98973316 0.9892597 0.9882313 0.98944724 0.9855031 0.9879061 0.98952496 0.98889023 0.98921275 0.99040186 0.98961633 0.99317014 0.99275124 0.9918071 0.9921778 0.9925268 0.9901151 0.98939025 0.98469555 0.9866962 0.9932689 0.993713 0.9886128 0.99298865 0.9919827 0.9905271 0.9904185 0.9929403 0.99465 0.99323344 0.99205846 0.99397975 0.99537605 0.9941446 0.9939936 0.995407 0.99379796 0.9953457 0.99480164 0.99381274 0.9941461 0.9950887 0.9881071 0.9896991 0.98757106 0.9842665 0.9879102 0.98679876 0.9887409 0.9897114 0.98775697 0.9886918 0.98770845 0.9928583 0.9929988 0.99219894 0.9924546 0.99082375 0.99035114 0.99155414 0.99015963 0.99156415 0.9919008 0.99149287 0.98923916 0.98687655 0.989961 0.9861194 0.98768747 0.9909105 0.98893636 0.9890926 0.9879427 0.98874885 0.989053 0.9895464 0.9862563 0.9928969 0.9913348 0.99321514 0.9925366 0.9944526 0.99390966 0.99449044 0.9938698 0.9926557 0.9941902 0.9925696 0.9945083 0.99256575 0.9926384 0.9925593 0.9934187 0.9923644 0.992275 0.99368924 0.98558784 0.9880195 0.98923284 0.9890655 0.9856313 0.9842581 0.9802233 0.98329544 0.99244 0.99176157 0.9922242 0.99353933 0.99364275 0.99468637 0.9946739 0.9908488 0.9927212 0.99208254 0.9899168 0.9929932 0.99106705 0.9909211 0.98536426 0.98500144 0.9896171 0.988532 0.98837745 0.9874506 0.9887779 0.9892192 0.9870884 0.9883329 0.99094594 0.99163234 0.9907282 0.98991376 0.98600864 0.9895845 0.9871811 0.98426324 0.9854889 0.99179596 0.98798364 0.9865912 0.9923786 0.99100053 0.9885784 0.98842883 0.9874041 0.9836643 0.98151875 0.99146074 0.9905258 0.99098426 0.99040747 0.9894439 0.99167395 0.98708487 0.99145544 0.9885688 0.99241096 0.9933034 0.9947771 0.99320424 0.9933657 0.9913599 0.99095535 0.9922367 0.9903605 0.9929298 0.9898633 0.9888756 0.9900075 0.9889174 0.9872378 0.9869562 0.98837733 0.9907195 0.9912098 0.9928151 0.98893636 0.99218714 0.9892152 0.9897776 0.9921136 0.99151134 0.98774236 0.9878611 0.989322 0.9910698 0.99148977 0.98967797 0.9925333 0.9921612 0.9930406 0.99051005 0.987247 0.98891425 0.991421 0.9914135 0.9902517 0.9903481 0.99083364 0.9898414 0.9888558 0.99098784 0.98302156 0.9765616 0.98271394 0.98636997 0.9909887 0.99124867 0.99256265 0.9962844 0.9925866 0.9927988 0.9922799 0.99177176 0.99406934 0.9936625 0.9950795 0.996238 0.9938908 0.9959618 0.9967131 0.995343 0.99610585 0.99206215 0.9928596 0.9927081 0.99344337 0.99365103 0.99443483 0.9927024 0.9916101 0.99286246 0.992229 0.99437064 0.9925517 0.9936376 0.9939516 0.99528795 0.9952852 0.9908025 0.9938628 0.99261045 0.9961618 0.995352 0.9953265 0.9921776 0.9975489 0.99630964 0.996685 0.9973219 1.0000002 0.9947176 0.99659663 0.9956743 0.99549526 0.9946557 0.9942003 0.9930282 0.9946105 0.99437845 0.9944918 0.99432355 0.99192756 0.98801553 0.99262345 0.9879746 0.98752135 0.98777837 0.99025047 0.9885806 0.98645 0.9885305 0.99217737 0.9919842 0.9924292 0.9920908 0.99196017 0.9935402 0.9926169 0.993348 0.99279946 0.99167734 0.99244314 0.9924456 0.9895763 0.98704344 0.98565644 0.9867227 0.9929611 0.99238306 0.99275774 0.9930792 0.984125 0.98126906 0.9794576 0.9877142 0.9859487 0.984424 0.99466115 0.9933938 0.99261034 0.9926992 0.99113524 0.9913367 0.98791325 0.9839364 0.99265474 0.9898576 0.99062294 0.9891151 0.9881239 0.9856295 0.9832218 0.99101907 0.9899959 0.99176824 0.9895834 0.99005127 0.98791426 0.9869214 0.98029274 0.9927968 0.9933301 0.99159384 0.9921963 0.9927822 0.99256104 0.99147075 0.99050313 0.99139076 0.9923145 0.99114937 0.9913887 0.990919 0.9873553 0.99176455 0.99192965 0.9912695 0.9876265 0.98828214 0.98198986 0.99064827 0.98204917 0.98380053 0.99007976 0.9848513 0.9798218 0.98103875 0.9834632 0.9923823 0.98153746 0.9903414 0.9854348 0.991337 0.99064565 0.9849453 0.98800176 0.98715854 0.9866326 0.98800975 0.98614067 0.9881917 0.9907721 0.9894199 0.99125665 0.9894937 0.99124 0.9905809 0.9898103 0.98999524 0.99244356 0.98990965 0.98847055 0.9905458 0.98916787 0.9914302 0.9915495 0.9887774 0.99308395 0.9954366 0.99426246 0.9954065 0.99430907 0.9949298 0.99706596 0.99415654 0.9957623 0.9966554 0.9954961 0.99014246 0.9929397 0.9929269 0.99346125 0.9937246 0.9966301 0.9957838 0.994464 0.99271464 0.98934436 0.9948407 0.994568 0.9941281 0.9935511 0.99310786 0.9917175 0.9914006 0.9896909 0.99214107 0.98924273 0.99195355 0.9917615 0.99121815 0.9936965 0.99216133 0.9922352 0.9931339 0.9931426 0.994359 0.995869 0.9945234 0.9951111 0.99445766 0.99426335 0.99408036 0.9941168 0.9937663 0.99457586 0.9953293 0.9947839 0.9951305 0.99674904 0.99279773 0.99263465 0.9944968 0.99457896 0.9923004 0.9940639 0.9938555 0.99442536 0.99405026 0.99453783 0.9946617 0.99403393 0.99373 0.99292123 0.9928488 0.994734 0.9955753 0.99117434 0.99039865 0.98772436 0.99067456 0.99064255 0.98877966 0.9906187 0.9902851 0.990045 0.9878396 0.9868132 0.98283273 0.9860283 0.9852584 0.9857197 0.9849017 0.98134065 0.9934071 0.9936368 0.9937259 0.99311143 0.9910134 0.9927771 0.9934935 0.99269605 0.99292964 0.9935721 0.9929236 0.9932986 0.9930578 0.9925173 0.9925188 0.99196315 0.98812383 0.98309094 0.98012894 0.9769105 0.98306185 0.9852517 0.98351604 0.9840671 0.9812795 0.98718536 0.98452675 0.9795058 0.98539686 0.98124665 0.9827624 0.98350585 0.97721684 0.9776768 0.98030406 0.98202646 0.9860532 0.9890491 0.98512083 0.98663783
NusxicxBranislav_SRP19201BranislavN1915-L2_6 0.9936063 0.9970508 0.99537313 0.9893282 0.99141395 0.9961024 0.9944158 0.9915371 0.99266267 0.99239683 0.9927218 0.9952346 0.99079233 0.990749 0.99395627 0.99141306 0.9918528 0.9935537 0.99483705 0.9928571 0.98946804 0.99081904 0.99567366 0.9939365 0.9940459 0.9909655 0.9933347 0.9875123 0.99256194 0.98911655 0.9893461 0.9927851 0.98976403 0.98525727 0.9816672 0.9945048 0.9942513 0.990731 0.9959101 0.9931872 0.99300945 0.99203485 0.9949214 0.99041617 0.9952104 0.99592704 0.9930121 0.9930442 0.9932821 0.9923826 0.99424064 0.993454 0.9924769 0.9948133 0.9924151 0.9953828 0.99541557 0.99267554 0.9930923 0.9952299 0.99552214 0.99388707 0.9975498 0.9972025 0.99605215 0.99647707 0.9949967 0.99624646 0.9939618 0.9940866 0.99535346 0.9964174 0.99419624 0.9932029 0.994756 0.9932546 0.9963372 0.99587643 0.9953892 0.9945211 0.9944389 0.99220717 0.993989 0.9902011 0.9877729 0.98999447 0.9887058 0.99069065 0.9912222 0.9917552 0.9920229 0.9895372 0.9937623 0.9926693 0.992281 0.9924512 0.990564 0.99070096 0.99154884 0.990673 0.9918113 0.9922779 0.990987 0.9887568 0.98714834 0.99310416 0.98783815 0.98908335 0.9915986 0.9897175 0.989609 0.9890429 0.99045056 0.99125427 0.9907796 0.9886347 0.9935916 0.9915685 0.99200404 0.9919103 0.99338245 0.9914025 0.99511135 0.99367553 0.9931996 0.9951217 0.99267274 0.9955404 0.996543 0.9950404 0.9947201 0.9954006 0.99414897 0.9939718 0.9948802 0.98943335 0.9931401 0.99414486 0.9941167 0.9902085 0.9883505 0.98428 0.9871458 0.9955798 0.9927055 0.9921643 0.9950715 0.9956542 0.99529105 0.99420124 0.996395 0.9947919 0.99281085 0.99228364 0.99415183 0.99318194 0.99240434 0.9891032 0.9883622 0.9898234 0.9907239 0.9880279 0.9888329 0.98887855 0.9900241 0.98906034 0.99180436 0.99245 0.99328244 0.9916098 0.99108636 0.9868896 0.98996186 0.9887821 0.985817 0.9874459 0.9931665 0.98988473 0.9892243 0.9949382 0.99237186 0.9903584 0.9899606 0.9893258 0.9847128 0.9812073 0.9943169 0.99288565 0.9914917 0.9938213 0.9916094 0.9916849 0.9875673 0.9921229 0.98983526 0.99304724 0.9937042 0.9967161 0.9956098 0.99516094 0.993388 0.99171364 0.993616 0.99177676 0.99630725 0.99100584 0.9906105 0.99009556 0.99045277 0.98882055 0.98910266 0.9895982 0.9937847 0.9949418 0.99540937 0.99171615 0.99519664 0.9930388 0.9919035 0.99572426 0.9951498 0.9898495 0.98943996 0.9914651 0.9933475 0.99368846 0.99116796 0.99456614 0.99414486 0.9949524 0.9935312 0.9943222 0.9951493 0.99384576 0.9949665 0.9945778 0.99405724 0.99207 0.9934597 0.99339944 0.9932697 0.9844355 0.9757026 0.9843539 0.98736596 0.99415624 0.99417967 0.9977896 0.99714947 0.9937323 0.9949168 0.9945048 0.99531484 0.9961248 0.99612427 0.9965584 0.99755937 0.9971976 0.99755865 0.9943631 0.99622875 0.99609965 0.9918187 0.9930029 0.9936639 0.9932825 0.99335396 0.9926277 0.9907427 0.99355024 0.99336356 0.9949666 0.9958542 0.9940181 0.9939343 0.9949844 0.9991305 0.9989199 0.995285 0.996872 0.9963301 0.99864364 0.9984991 0.99683815 0.9973202 0.9975918 0.99500394 0.998328 0.99812186 0.9947176 1.0 0.9980307 0.99892235 0.998041 0.996677 0.9963637 0.9946379 0.9962671 0.9965682 0.9951195 0.99445254 0.9905184 0.9855409 0.9899142 0.9864157 0.9861985 0.9857674 0.987061 0.9946271 0.99312323 0.99356955 0.99335134 0.9933972 0.99478674 0.99555016 0.99478376 0.995649 0.9943472 0.99660057 0.9966801 0.994671 0.9960449 0.99440074 0.9934002 0.99154407 0.9890138 0.99112004 0.9946772 0.9936903 0.99418515 0.9948208 0.9911774 0.9884683 0.98762906 0.98917234 0.9860918 0.9852688 0.9963352 0.99389553 0.99333715 0.9937476 0.9930744 0.99476284 0.99068475 0.98805827 0.9957309 0.9926065 0.99300116 0.9932718 0.9907467 0.99014467 0.98832434 0.9951844 0.9940504 0.9946339 0.992501 0.9944507 0.9921257 0.99173117 0.98158634 0.99366456 0.99497586 0.9935768 0.99255663 0.9937106 0.99522376 0.9928105 0.9916857 0.9925149 0.99456304 0.9943623 0.99527335 0.9946058 0.9904672 0.99532855 0.9954754 0.9950229 0.99179107 0.9928333 0.9855583 0.99534965 0.98529065 0.98696697 0.9931414 0.9879625 0.98250026 0.98486173 0.98607653 0.9963083 0.98690057 0.99459404 0.98998094 0.99568176 0.99517196 0.9866063 0.98727816 0.98629653 0.9863923 0.99019504 0.99117523 0.99334836 0.99493474 0.99483275 0.9953649 0.99385417 0.99507695 0.9958481 0.9951206 0.99467164 0.99334496 0.9900635 0.98873883 0.99330074 0.98912156 0.9907186 0.99040914 0.98709357 0.99212795 0.99453443 0.9928293 0.99609643 0.99355924 0.99410516 0.99577004 0.9929728 0.99541444 0.9935739 0.9928942 0.9905193 0.992746 0.99380606 0.993474 0.99504435 0.9950057 0.99424124 0.9933327 0.99547356 0.9903564 0.9969268 0.9940414 0.99402463 0.9945032 0.9932798 0.9922557 0.9918722 0.98959136 0.9928691 0.9902431 0.99312997 0.99359065 0.99215156 0.99440914 0.99126333 0.99219346 0.99419224 0.9931767 0.99189585 0.99362326 0.99330336 0.9951105 0.99601805 0.99390393 0.9945956 0.99667275 0.99560356 0.99565494 0.9972373 0.9954851 0.9956531 0.9961318 0.99370205 0.99389476 0.99636114 0.9948408 0.9948611 0.9938374 0.9936868 0.995383 0.9948438 0.9974189 0.996385 0.9963433 0.99458003 0.9931019 0.9957238 0.9937886 0.99592304 0.99302614 0.9921162 0.9886932 0.9911515 0.9921948 0.990934 0.9914721 0.9926794 0.99192935 0.99226445 0.9914612 0.9888855 0.9912805 0.98899746 0.98991156 0.9900226 0.98740107 0.99476534 0.9955937 0.99569106 0.9951226 0.9926776 0.99433523 0.99642617 0.9952414 0.9947809 0.9959892 0.99523664 0.9956089 0.9944059 0.9934941 0.99332315 0.992734 0.9888352 0.9827772 0.98054683 0.97540766 0.9850391 0.9866037 0.9849963 0.9850135 0.9819919 0.9885902 0.9856352 0.9810902 0.98545355 0.9830559 0.9839966 0.9835081 0.9777122 0.97742367 0.9803563 0.98212314 0.98708093 0.9930276 0.9913675 0.99155474
NusxicxBranislav_SRP19201BranislavN1915-L2_7 0.9930444 0.99669814 0.9955 0.99090433 0.9923916 0.99673986 0.99497235 0.99108255 0.99420685 0.9935109 0.99410367 0.9961907 0.9927786 0.9928013 0.9952278 0.9924475 0.9926717 0.9936974 0.99536407 0.9944391 0.9912706 0.9924191 0.995473 0.99372363 0.9938324 0.9911202 0.9933421 0.98797935 0.9928853 0.9906144 0.9902852 0.9933297 0.9912454 0.9851461 0.98184687 0.99311197 0.99246275 0.9894551 0.99504316 0.99383 0.99344146 0.9926716 0.99458426 0.99050754 0.9928033 0.99452597 0.99333835 0.99410075 0.9946703 0.9937732 0.9966187 0.99615884 0.99522084 0.9950301 0.9936635 0.99436194 0.9942005 0.98895574 0.99100155 0.99580616 0.99613416 0.9924852 0.9962514 0.9955183 0.99344087 0.9939351 0.9954937 0.99662775 0.99503917 0.99581194 0.99684054 0.9966892 0.99632466 0.99634075 0.99761754 0.99599403 0.99722975 0.99731565 0.99711466 0.99683386 0.9968824 0.9921581 0.9935437 0.9917955 0.9895618 0.9921693 0.991029 0.9928226 0.9934183 0.9923928 0.99372244 0.99119765 0.99558467 0.99550116 0.99546146 0.9954995 0.993662 0.99417627 0.9947814 0.9938618 0.9945807 0.99506485 0.9944961 0.99248266 0.9905065 0.9948493 0.9908679 0.99224156 0.99487436 0.99327165 0.9932155 0.9923596 0.99302655 0.9937885 0.9935745 0.9912916 0.9961659 0.99465543 0.995084 0.99480325 0.9961138 0.9946961 0.9970166 0.99631065 0.9958271 0.99726635 0.9955381 0.996879 0.99595475 0.9961712 0.99585694 0.9963636 0.99570066 0.9960726 0.996632 0.98970735 0.9922249 0.9933411 0.99318683 0.9906671 0.9900106 0.9859524 0.98887736 0.9963601 0.9951215 0.9950736 0.99625134 0.9967533 0.9969388 0.996794 0.9945968 0.9945996 0.9936476 0.99203336 0.9963206 0.9946497 0.9941799 0.9909263 0.9908772 0.9915828 0.99210507 0.99041563 0.990015 0.990493 0.99163574 0.99094534 0.9922265 0.99431574 0.9942174 0.9942682 0.9935917 0.9895337 0.9928407 0.9913653 0.9886055 0.99008554 0.9941166 0.99098736 0.9902161 0.9964394 0.99480313 0.9921826 0.99198633 0.9913673 0.988981 0.9864798 0.9957605 0.9946432 0.9945452 0.99507827 0.992973 0.99402404 0.9902855 0.99413913 0.9920049 0.9949728 0.99592894 0.99752843 0.9965222 0.9966153 0.9942192 0.9938556 0.99493647 0.99314547 0.99668527 0.9928769 0.9921454 0.99317086 0.9915423 0.9895202 0.99021673 0.99195474 0.994612 0.9946529 0.9957048 0.99270886 0.9950419 0.99343055 0.9931811 0.9953618 0.994976 0.9914133 0.9909862 0.99269193 0.9949029 0.9946944 0.99322313 0.99566025 0.9957394 0.9962324 0.99464715 0.9909177 0.992906 0.9960672 0.9965826 0.9955717 0.9961052 0.9945366 0.99426705 0.9940721 0.99555355 0.98772514 0.97966886 0.98713636 0.9900784 0.9953863 0.9961409 0.99638903 0.9976915 0.9943636 0.9955394 0.9956515 0.9952382 0.9964717 0.9961073 0.9973868 0.9985908 0.99767494 0.998256 0.99648374 0.9968838 0.9976266 0.9949689 0.9955732 0.99612737 0.99652934 0.99672276 0.99644667 0.9947394 0.9957117 0.99562615 0.99616325 0.9966226 0.9955456 0.99566644 0.99648654 0.9982976 0.99845153 0.9956157 0.9974935 0.99663347 0.998554 0.9980681 0.99852455 0.9967941 0.9980248 0.9960323 0.99860066 0.99882495 0.99659663 0.9980307 1.0000001 0.9987259 0.99849415 0.9972847 0.99709034 0.99589676 0.99758583 0.99786615 0.9969902 0.99579525 0.99349713 0.9899996 0.99332124 0.9899499 0.9898489 0.98974323 0.99123144 0.99448055 0.99326694 0.9948581 0.9957075 0.99554926 0.9961839 0.9963218 0.99606097 0.997347 0.99634624 0.99683267 0.9969174 0.9957221 0.9968768 0.9960297 0.99442554 0.99217117 0.9906576 0.9919244 0.99624705 0.9960341 0.9958328 0.9962636 0.99006146 0.98750764 0.9860791 0.9918197 0.98951733 0.98860896 0.9970842 0.9955748 0.99530727 0.995854 0.994282 0.9951742 0.99188733 0.9874342 0.9960461 0.99346805 0.994114 0.9925448 0.99152315 0.9897096 0.9878597 0.9943905 0.9937009 0.9950646 0.99272245 0.99323016 0.99150455 0.9905276 0.9840739 0.9956091 0.99631715 0.99517393 0.9950583 0.9957988 0.99587023 0.9942848 0.9936239 0.99462134 0.9959615 0.995111 0.9955684 0.99570876 0.9916323 0.9959966 0.9960099 0.99578017 0.99233353 0.99321616 0.98689216 0.9952814 0.9868533 0.98831177 0.99448365 0.9897426 0.98494625 0.98600537 0.98812485 0.99612683 0.9867737 0.9942763 0.9902357 0.9954512 0.9953011 0.9897639 0.9913352 0.99041724 0.98992753 0.9924536 0.99141073 0.99398345 0.9959546 0.9946262 0.99576354 0.99411666 0.9960543 0.9952602 0.9947832 0.9947886 0.9952836 0.992682 0.9915509 0.99434865 0.9923456 0.9936524 0.9933984 0.9907845 0.9948712 0.99688923 0.9959425 0.99781924 0.99614537 0.99623746 0.9977767 0.9957591 0.99591035 0.99548215 0.9954165 0.99351335 0.99546397 0.99599636 0.99602324 0.99669623 0.9970385 0.9963242 0.9959844 0.9961939 0.99263835 0.99736995 0.9954666 0.9955702 0.9960497 0.995358 0.9940375 0.9942053 0.9930713 0.9947681 0.99266547 0.9950255 0.9955151 0.9945952 0.99595374 0.9939928 0.99435955 0.99543864 0.9956824 0.9952171 0.9965148 0.9963483 0.99698037 0.9973448 0.9966676 0.9962632 0.9969771 0.9965705 0.9969566 0.99788964 0.9971407 0.99713665 0.9981279 0.99551415 0.9952197 0.9966533 0.99699515 0.99601066 0.996097 0.99566424 0.9965501 0.9966633 0.9982133 0.99784124 0.9975789 0.99657774 0.9961642 0.9970825 0.9971844 0.9975656 0.9958869 0.995148 0.9924861 0.99464834 0.9953359 0.99373287 0.99475247 0.9953185 0.99468505 0.9923549 0.991259 0.98772514 0.9905966 0.98953503 0.9898221 0.9893453 0.9859547 0.995437 0.9963441 0.9964941 0.996142 0.9948059 0.9960946 0.99693257 0.9962383 0.99583745 0.9964857 0.9955692 0.9960204 0.9955288 0.9951577 0.99505913 0.9945593 0.99170476 0.9862835 0.9837042 0.9798868 0.9870471 0.98901457 0.9877539 0.98790336 0.98538387 0.9907466 0.9877083 0.9833755 0.988304 0.985138 0.9864187 0.98697305 0.98150045 0.981239 0.98385537 0.9854308 0.98941064 0.99248827 0.98975396 0.9906561
NusxicxBranislav_SRP19201BranislavN1915-L2_8 0.9933729 0.99757147 0.9963067 0.9907662 0.9923484 0.99693054 0.99528277 0.99194837 0.9946948 0.99383247 0.9942978 0.996273 0.9931266 0.99301535 0.9948352 0.9925084 0.9924533 0.9937746 0.9950871 0.9941836 0.991136 0.99228996 0.99556416 0.9942075 0.99436814 0.99219894 0.9937064 0.9890312 0.9936144 0.9908526 0.99086666 0.99354184 0.99140054 0.98464304 0.9813061 0.9935088 0.9929574 0.9898936 0.9957002 0.99397814 0.99374723 0.9928529 0.994773 0.99099016 0.9939965 0.99513495 0.9933726 0.99383426 0.99426854 0.99372613 0.9957468 0.9949367 0.9943292 0.9959933 0.9940362 0.9954085 0.9953979 0.99101305 0.9926328 0.99585825 0.9961495 0.99367833 0.9973738 0.99698114 0.99507475 0.9955645 0.99586135 0.9967465 0.99525285 0.9956291 0.9963186 0.9976344 0.99636054 0.9956495 0.99687123 0.99564296 0.99712545 0.99680907 0.9970402 0.99644583 0.9959989 0.99280894 0.994405 0.9923719 0.9900592 0.99245805 0.99121803 0.9931325 0.99337876 0.9929822 0.99339145 0.990537 0.99519217 0.99380875 0.993955 0.99455035 0.9928303 0.9931869 0.99369925 0.99315786 0.99321955 0.99354726 0.9926593 0.99107015 0.98954237 0.9939564 0.9899516 0.9911741 0.99330807 0.9918712 0.99184984 0.99151015 0.9924762 0.992756 0.9930395 0.9906379 0.9949385 0.99318784 0.99329543 0.99353904 0.9949907 0.9934342 0.9961794 0.9954657 0.9951896 0.99675727 0.9948274 0.99698997 0.9963076 0.9957698 0.99569285 0.99639267 0.9956489 0.99560237 0.99613315 0.98959535 0.99264485 0.99390304 0.9940099 0.99210346 0.990495 0.98676133 0.9894193 0.99627596 0.99388003 0.9936857 0.99621975 0.9963201 0.9968913 0.99614906 0.99562466 0.99480456 0.99283415 0.99196506 0.99542737 0.99421424 0.9939064 0.9905602 0.99013054 0.99240804 0.9928509 0.99057907 0.9908715 0.99109066 0.99224055 0.99086356 0.99300957 0.99398476 0.99462336 0.99364865 0.9930539 0.9894937 0.9923853 0.9914552 0.9887814 0.9899401 0.99371827 0.9906202 0.98963034 0.9956129 0.99356437 0.9917461 0.99157614 0.99145794 0.9874617 0.98466444 0.9951975 0.9944216 0.9937278 0.99530256 0.9926342 0.9930515 0.9895188 0.9934105 0.9913231 0.9944264 0.99488163 0.99761367 0.99687654 0.99675214 0.9951083 0.99370205 0.9954243 0.99369687 0.9973477 0.9934635 0.99304616 0.9928797 0.9927306 0.99093676 0.99149567 0.9922728 0.9944694 0.9945209 0.9958524 0.9929141 0.99561584 0.9940828 0.99319553 0.99570715 0.9955258 0.9907959 0.99046373 0.99260336 0.9943192 0.9942083 0.9931853 0.99548966 0.99533397 0.9958301 0.9946145 0.9928762 0.99480087 0.994617 0.9955851 0.99427456 0.99454075 0.99348336 0.99285495 0.9937556 0.99425983 0.98691154 0.97897005 0.9864743 0.9895694 0.99465257 0.99448806 0.99784005 0.99805206 0.9946349 0.99702615 0.9965559 0.9965173 0.9974033 0.9960527 0.99758756 0.998293 0.99778336 0.9978997 0.995518 0.9970388 0.9973933 0.99372345 0.9937975 0.9953478 0.9953139 0.99529463 0.9948568 0.9931905 0.9946002 0.99467933 0.9954557 0.99652874 0.9952532 0.9951953 0.9957444 0.99936634 0.9987945 0.99586606 0.99794304 0.9971879 0.9990307 0.99889284 0.9977999 0.9982241 0.9981048 0.99582225 0.9982658 0.99860424 0.9956743 0.99892235 0.9987259 1.0000002 0.99841493 0.99739397 0.99728763 0.9962599 0.9976362 0.99774337 0.99666405 0.99570674 0.9933584 0.9889347 0.9926147 0.98954535 0.9894498 0.9891532 0.99029523 0.9941172 0.9927269 0.99380696 0.99500877 0.9948335 0.9960541 0.9966451 0.99593365 0.99678755 0.9958089 0.99693805 0.9967025 0.9957645 0.99702215 0.9960247 0.9946357 0.9928082 0.9911868 0.9929013 0.99599576 0.9951827 0.9957131 0.9961378 0.9917041 0.9892086 0.9880016 0.99203765 0.98950386 0.9887535 0.99692136 0.99551135 0.9949988 0.9952221 0.9943172 0.9956542 0.9921062 0.98838925 0.9961884 0.9939889 0.9943381 0.9936742 0.9919746 0.99080557 0.9890767 0.99537337 0.99456114 0.99501574 0.99327487 0.99419487 0.99227595 0.9921611 0.9848349 0.99514675 0.99573934 0.99463487 0.9939766 0.9951587 0.9963813 0.994922 0.9944038 0.99483234 0.9964905 0.9963337 0.9967222 0.9949661 0.99138886 0.99549747 0.9955748 0.9952563 0.9925089 0.99331 0.98671263 0.99545527 0.98655576 0.9879314 0.99369466 0.98909223 0.98409736 0.98563933 0.9873864 0.99596834 0.9866815 0.99447984 0.9905049 0.9954488 0.99522525 0.9891511 0.99021745 0.9893858 0.9889643 0.99190676 0.992277 0.99395037 0.9954248 0.9950182 0.9955933 0.99474496 0.995605 0.9958468 0.9954317 0.9953886 0.9945308 0.9914637 0.9906273 0.994727 0.9912894 0.99252814 0.99245447 0.9896244 0.99437505 0.99667567 0.9953436 0.99751353 0.9957147 0.9958746 0.99737823 0.995157 0.99649704 0.9949588 0.9944108 0.9930632 0.994725 0.99559313 0.99526703 0.9964336 0.99652267 0.99626946 0.99564624 0.9971311 0.9931682 0.99767196 0.99574417 0.99601126 0.9964973 0.99547106 0.99464774 0.9939463 0.99223495 0.99444675 0.99258274 0.9949098 0.9953594 0.9944612 0.99574065 0.99307954 0.9936312 0.9949313 0.9951785 0.99400306 0.9952651 0.99534184 0.99665457 0.9975469 0.9957728 0.99634457 0.9975361 0.9969376 0.9969276 0.9986349 0.996353 0.9972063 0.9974919 0.9957367 0.9956274 0.9973707 0.9963275 0.9957825 0.9957852 0.9957941 0.99696356 0.99636626 0.998213 0.9976697 0.9975481 0.9960165 0.9950761 0.9971615 0.99589753 0.9971355 0.99476856 0.9940201 0.990965 0.9933692 0.99400437 0.9926895 0.9937518 0.9942914 0.99397993 0.9926018 0.9909437 0.98783755 0.9907927 0.98955756 0.98998344 0.989455 0.98632747 0.9954396 0.9967684 0.9970171 0.99668306 0.9947583 0.99606854 0.99753994 0.99658954 0.99648196 0.9964617 0.99581176 0.996246 0.99575454 0.9953235 0.9950269 0.9949256 0.9908798 0.9854839 0.98362374 0.97924125 0.9865705 0.9883915 0.9872158 0.98712695 0.9847046 0.9906473 0.9874592 0.983481 0.98799956 0.98531955 0.9862836 0.98650557 0.98078054 0.9806791 0.9834227 0.98488724 0.9891987 0.99244523 0.9902313 0.99103314
NusxicxBranislav_SRP19201BranislavN1915-L2_9 0.9956056 0.99768305 0.9971561 0.99408966 0.9951608 0.99564624 0.99426514 0.99126285 0.99456143 0.9948101 0.99536914 0.99660146 0.994202 0.9943197 0.996037 0.9943657 0.9945209 0.9953656 0.99624026 0.9958129 0.9931785 0.99471927 0.9958516 0.99511915 0.9957062 0.99398714 0.9954593 0.9912496 0.99462116 0.9926144 0.9929489 0.99448234 0.99307024 0.98850167 0.9859385 0.99412775 0.9938399 0.9919786 0.9961616 0.99534273 0.99520653 0.99508375 0.996108 0.9938215 0.99473834 0.99552155 0.9954 0.99611247 0.99573654 0.99621844 0.9972047 0.99687636 0.9965075 0.99708354 0.99491096 0.9967572 0.9961564 0.9916349 0.9942061 0.99746436 0.99777424 0.99503124 0.9977983 0.9973327 0.9943812 0.99502254 0.9973308 0.99700713 0.9960972 0.995938 0.996922 0.9955516 0.9949028 0.9958594 0.99663854 0.9961058 0.9957358 0.99551487 0.9970912 0.9965394 0.9950438 0.99525744 0.99601686 0.9941022 0.99247 0.99385405 0.99331486 0.99465877 0.9948872 0.9953009 0.99570537 0.99403083 0.9951421 0.99492234 0.9944194 0.9957137 0.99380153 0.99438995 0.99394214 0.9939885 0.9935889 0.99517596 0.99473876 0.99310553 0.992643 0.99617577 0.99384904 0.9946047 0.9958392 0.9947712 0.99442476 0.9944718 0.9952525 0.9957026 0.99499035 0.99420273 0.99543715 0.9938777 0.9941493 0.9943354 0.9952627 0.9935172 0.996545 0.99544317 0.995554 0.99639827 0.99619013 0.9960468 0.9953061 0.9957195 0.9961216 0.99606824 0.9963293 0.9964813 0.9962183 0.9925983 0.994779 0.9956729 0.99582773 0.99377227 0.9932917 0.9900662 0.9922587 0.9969501 0.99504524 0.9952776 0.99608845 0.9956503 0.99692667 0.996148 0.9944033 0.9932693 0.9926808 0.990442 0.99641633 0.99533665 0.9954367 0.9936593 0.9932733 0.99263084 0.9943122 0.9914702 0.99226373 0.99190944 0.9932069 0.99396485 0.9951312 0.9957415 0.9958345 0.99510205 0.99482 0.9919454 0.99405026 0.99347335 0.99106634 0.9928668 0.99533993 0.99340796 0.9928315 0.99730444 0.9958996 0.99447984 0.9945359 0.9943391 0.99033093 0.98785037 0.9963023 0.99596417 0.9954227 0.9969139 0.9943919 0.9942827 0.99216545 0.99514145 0.99401444 0.99572456 0.99566674 0.99732643 0.99659985 0.99788934 0.9961721 0.99530286 0.99655217 0.99525535 0.99749744 0.9946727 0.9947515 0.9947111 0.9937397 0.9915683 0.9926758 0.99427724 0.9955888 0.9950146 0.99672925 0.99508435 0.9961181 0.9957834 0.9947888 0.9961518 0.9963131 0.9934006 0.9929147 0.99485654 0.99602604 0.9956496 0.9954171 0.99651283 0.9965576 0.9961187 0.9963099 0.99013627 0.9931649 0.9965653 0.9966908 0.9950722 0.996227 0.9958848 0.99242795 0.99516535 0.9967348 0.98989373 0.9816655 0.9893316 0.9915956 0.9960611 0.99676687 0.99634373 0.99677575 0.9921083 0.99642754 0.9969287 0.9965418 0.9958551 0.9933041 0.99651945 0.99741614 0.9981444 0.9972924 0.99463236 0.9959861 0.99624395 0.99352527 0.9927499 0.99473417 0.99582344 0.99598163 0.99468744 0.99281025 0.9969885 0.99679893 0.99778694 0.99700075 0.9973205 0.99535966 0.9966831 0.99770576 0.9988103 0.99719715 0.99829626 0.9979682 0.997555 0.99644154 0.9989571 0.99820304 0.99748623 0.99465305 0.997101 0.9974948 0.99549526 0.998041 0.99849415 0.99841493 0.99999994 0.9958738 0.99699366 0.9964125 0.997301 0.99769896 0.99607915 0.9952903 0.99323493 0.9902617 0.99274135 0.99070877 0.99031466 0.9903734 0.99087405 0.99548066 0.99488884 0.99553883 0.9946094 0.995552 0.99615306 0.995716 0.9962346 0.99631935 0.99644995 0.99700266 0.997365 0.9970386 0.9979448 0.99692583 0.9969639 0.99564373 0.9943899 0.99538326 0.99703956 0.9968448 0.996676 0.9969784 0.99383074 0.9917256 0.99080026 0.9940418 0.99150574 0.9909286 0.9974539 0.99720603 0.99669194 0.9973389 0.99686044 0.9972065 0.9950904 0.9914224 0.99760383 0.99596715 0.99621844 0.9946252 0.9943859 0.99286574 0.9914881 0.9959507 0.9957877 0.996234 0.99487585 0.9947589 0.99348474 0.99292207 0.9872736 0.99586344 0.99592614 0.99607295 0.9952149 0.99561274 0.9958519 0.99264586 0.99287224 0.9936782 0.9952739 0.99533474 0.9961053 0.9969052 0.99425566 0.9965297 0.99709594 0.9966309 0.99471885 0.9953486 0.9902402 0.99664986 0.99044526 0.99142516 0.9959277 0.9929543 0.9880431 0.9896046 0.9908776 0.9969101 0.99040055 0.9958911 0.99297 0.99697596 0.99670297 0.99171555 0.99235606 0.99137276 0.99131 0.9938092 0.99446994 0.9942052 0.99478555 0.99410343 0.99504787 0.99465847 0.99503314 0.99531543 0.9953517 0.99518853 0.99650943 0.994208 0.9930887 0.9951621 0.9934703 0.9937434 0.99312013 0.99139416 0.995331 0.9970724 0.9961736 0.997858 0.9966569 0.9953445 0.99677145 0.99581635 0.9952259 0.9939086 0.99299437 0.9946293 0.99558085 0.99638194 0.9962355 0.99751854 0.99646336 0.9959023 0.9957301 0.9972912 0.99432445 0.99677396 0.995195 0.9962023 0.9965368 0.99562854 0.9949806 0.9941391 0.9931635 0.9944755 0.99292874 0.9950383 0.9953556 0.9951298 0.9954016 0.99324566 0.9944522 0.9944407 0.9959591 0.9950985 0.9958544 0.99577206 0.9965373 0.99609977 0.99627984 0.9967264 0.99784577 0.99667156 0.9977235 0.99777967 0.9959909 0.99720234 0.9974675 0.99600875 0.99680305 0.99633443 0.9970354 0.99701756 0.9964314 0.9967595 0.9971015 0.9974615 0.99804056 0.99834317 0.9982574 0.99507624 0.99623287 0.9982569 0.99620175 0.9958463 0.99605155 0.99633956 0.9941071 0.9952183 0.9963189 0.99514425 0.9957102 0.9967793 0.99586767 0.9959617 0.9946812 0.992003 0.9943507 0.99342304 0.9939075 0.99349415 0.99055797 0.9936071 0.99447453 0.9954051 0.99619323 0.9956362 0.99603504 0.9964087 0.9968495 0.9960578 0.9946858 0.99408007 0.9944495 0.9945803 0.9948298 0.9943639 0.9945315 0.9933292 0.9890526 0.98652256 0.98252714 0.9892242 0.9907796 0.99002475 0.9896412 0.98775256 0.9930505 0.99033093 0.98655427 0.99063617 0.9885324 0.9891741 0.98936313 0.98515743 0.98432755 0.987015 0.9880947 0.99182 0.9920788 0.9902991 0.9905884
PetrovicxBosxkoSt_SRP19080ModernoRoblje-L2_1 0.9903408 0.9954634 0.99419403 0.98765826 0.9891576 0.99768543 0.99590695 0.9942087 0.99282676 0.9905048 0.99165857 0.9945266 0.99029404 0.98995334 0.9929347 0.989384 0.9899531 0.99168724 0.99353087 0.99172074 0.98717755 0.98892766 0.9933405 0.99113536 0.99100477 0.987332 0.98990285 0.98418474 0.9903714 0.9873525 0.98752177 0.9910228 0.9884293 0.9803287 0.976854 0.99178356 0.9905679 0.9869051 0.9935901 0.99217385 0.9911395 0.9895237 0.9932904 0.9875535 0.9916138 0.9931569 0.99066484 0.9913151 0.99204934 0.9909068 0.994608 0.9940463 0.993467 0.99473435 0.9942967 0.99271 0.9932623 0.98835856 0.98944956 0.99335974 0.9938416 0.9902789 0.994385 0.9937955 0.9929898 0.9933301 0.9944099 0.9957505 0.99442333 0.99512243 0.9960144 0.99703413 0.99733406 0.9949156 0.99652386 0.9939749 0.99686384 0.9970327 0.99680746 0.9951305 0.9966161 0.9909043 0.99309385 0.9905278 0.9874936 0.9913436 0.9890932 0.99198544 0.99159795 0.9921377 0.9927638 0.98711413 0.9957637 0.9943378 0.99434435 0.994755 0.9941898 0.993639 0.9950322 0.99348676 0.9940865 0.99317634 0.99223536 0.9909437 0.987746 0.9933808 0.9874298 0.98891026 0.99228305 0.99073327 0.99075466 0.9898453 0.9913321 0.9915814 0.99291533 0.9885152 0.99546826 0.99376917 0.99373615 0.99366623 0.9951103 0.99384266 0.99585456 0.9943251 0.9941449 0.9961258 0.9933477 0.9958704 0.996508 0.99549264 0.99442714 0.9955034 0.9942185 0.99428797 0.9957783 0.9862684 0.9905254 0.9922516 0.99139774 0.9903032 0.9876691 0.98433304 0.9873734 0.9955238 0.9930321 0.9926512 0.99771184 0.9976552 0.99761134 0.9967496 0.9953029 0.9961437 0.9946395 0.9938901 0.99448943 0.9927667 0.9913365 0.9885123 0.9884037 0.99177843 0.9906832 0.98954964 0.98897386 0.990253 0.9906716 0.9878444 0.9897348 0.9919379 0.9935694 0.9927236 0.9917767 0.9864601 0.9896777 0.98817706 0.98506516 0.9864004 0.99251705 0.98782974 0.9862118 0.99408436 0.9913627 0.9882873 0.9881832 0.98804677 0.9850191 0.9822036 0.9939325 0.9933632 0.9930678 0.994046 0.9903572 0.9916932 0.98630255 0.99137294 0.98856544 0.99272114 0.99446106 0.99731666 0.9972843 0.99544585 0.99485385 0.992909 0.994475 0.9926384 0.9969609 0.99319017 0.9918319 0.99161357 0.99258846 0.9913814 0.99125826 0.99079794 0.9921148 0.9930696 0.993911 0.98910224 0.99304706 0.99028337 0.990129 0.99359745 0.9931164 0.98869264 0.98794204 0.98967123 0.99283046 0.9933636 0.99134374 0.9948049 0.99476016 0.9956196 0.99234295 0.99146664 0.9930696 0.99381167 0.99530685 0.9952243 0.9943242 0.99379265 0.9948982 0.99376625 0.9924778 0.9835707 0.9752448 0.983223 0.9869011 0.99470955 0.994047 0.9968618 0.9970026 0.9951067 0.99561995 0.9945481 0.9954642 0.9976331 0.99702656 0.99800414 0.9976135 0.9970771 0.9981321 0.99544525 0.99684846 0.9975874 0.99545777 0.99642086 0.99715984 0.9958943 0.9960021 0.9958895 0.9951326 0.9935491 0.99304104 0.9942243 0.9953494 0.99377143 0.99626905 0.9954945 0.9972809 0.9959371 0.99193734 0.99435365 0.99436796 0.9977511 0.9975205 0.9951577 0.99409014 0.9970211 0.9959477 0.9971873 0.99723285 0.9946557 0.996677 0.9972847 0.99739397 0.9958738 0.99999994 0.9987705 0.99766433 0.99782234 0.9984567 0.9988143 0.9982846 0.9919834 0.98700774 0.9908173 0.98735464 0.9867651 0.9867344 0.9886443 0.99222034 0.99066347 0.9938838 0.99481237 0.99321526 0.9949404 0.99621785 0.99443823 0.99744 0.99545777 0.9954452 0.99536836 0.9938983 0.99498886 0.99449116 0.9914734 0.9886609 0.9869198 0.9890617 0.9936156 0.99302155 0.9930739 0.9933972 0.98822606 0.98460937 0.98355466 0.98986727 0.98641455 0.986228 0.9960433 0.99297327 0.9927053 0.99346477 0.9909046 0.99281657 0.9884373 0.98368406 0.994306 0.9919771 0.99261487 0.99092424 0.98887855 0.98802483 0.98524266 0.99247825 0.9923917 0.99395764 0.9913997 0.9927329 0.9906759 0.98980427 0.98027575 0.9937986 0.9949913 0.99241054 0.9923681 0.99381775 0.9947253 0.9957549 0.99466115 0.99474585 0.99619555 0.9954796 0.9950265 0.9933762 0.9880872 0.99387836 0.99368036 0.9931341 0.9890669 0.9895263 0.9823773 0.9931212 0.98208773 0.9838444 0.99148774 0.98530114 0.9795929 0.9812477 0.98360664 0.9950028 0.9827193 0.99250746 0.98657614 0.993172 0.993549 0.98648226 0.9877242 0.9871432 0.98601484 0.98929787 0.9879774 0.9924248 0.9957067 0.99374443 0.9943291 0.9926354 0.9945112 0.99405843 0.9930325 0.9933461 0.9925917 0.9908648 0.9898746 0.9936521 0.98990023 0.9930566 0.9930029 0.9899463 0.9942384 0.99584544 0.9945009 0.99704087 0.9943898 0.99704564 0.99760675 0.9956106 0.9973941 0.99643713 0.9965114 0.99124724 0.9950739 0.9954604 0.9949179 0.9952359 0.99629325 0.9959361 0.9958932 0.9948942 0.99011517 0.996617 0.99429387 0.99453884 0.9945099 0.9945242 0.992723 0.99414784 0.9927169 0.99314946 0.98980796 0.99292964 0.9936002 0.9924147 0.9952247 0.99198955 0.9918531 0.9948706 0.9934667 0.99317133 0.99446845 0.9949369 0.99578863 0.9967989 0.9947636 0.9951475 0.9967132 0.99604946 0.99660796 0.99759144 0.9978443 0.9958398 0.99724936 0.9944638 0.99414676 0.99774027 0.99557227 0.99365836 0.99424624 0.99487174 0.9957373 0.99465925 0.99772036 0.99688035 0.9965134 0.9975288 0.99569464 0.9953035 0.9963055 0.99722517 0.9940597 0.99240696 0.98857886 0.9924487 0.9931407 0.991214 0.992258 0.9931286 0.99214554 0.98819005 0.9870712 0.98352915 0.9863825 0.9845331 0.98558205 0.9849056 0.982305 0.9968272 0.9965019 0.9966954 0.99569875 0.9931905 0.9955672 0.99696887 0.99578536 0.9954891 0.9968803 0.9969401 0.99683225 0.996374 0.9950103 0.99429107 0.99425536 0.98870265 0.9818216 0.9792244 0.9749286 0.98219925 0.9849494 0.9833991 0.9836307 0.9806972 0.9876874 0.9833092 0.9785037 0.9839826 0.9807959 0.98191273 0.9826984 0.97644657 0.9758895 0.97900677 0.98062146 0.9853743 0.9935279 0.9903088 0.99084336
PetrovicxBosxkoSt_SRP19080ModernoRoblje-L2_2 0.99235934 0.9965048 0.9954128 0.99044645 0.9915529 0.99690574 0.99508226 0.9942146 0.9939791 0.99251914 0.9937629 0.99588805 0.9926997 0.9923879 0.99411726 0.9916157 0.9919834 0.9933125 0.99460965 0.99360687 0.98971605 0.9916487 0.9938295 0.99242485 0.9923959 0.9898204 0.9918301 0.9871099 0.9917055 0.9895351 0.989927 0.9923115 0.9904754 0.98330504 0.98044765 0.9919436 0.9909998 0.9881773 0.9945677 0.9938434 0.99290097 0.9918456 0.994684 0.9903937 0.992744 0.9938868 0.9927475 0.99346834 0.9935301 0.99337316 0.9962329 0.99577826 0.9956753 0.99642634 0.99615884 0.99439967 0.9946751 0.9891486 0.99123406 0.99470544 0.99527556 0.9919926 0.9954623 0.9950263 0.9929761 0.9935744 0.9958841 0.9964245 0.99606776 0.9965245 0.9968524 0.9962687 0.99712414 0.9959009 0.9968391 0.99518365 0.995853 0.9959484 0.99744993 0.99588287 0.99609023 0.9940925 0.9955786 0.99311256 0.9904331 0.99382865 0.99227804 0.9946104 0.993924 0.994732 0.9953284 0.9902147 0.99650115 0.9943138 0.9943819 0.99639446 0.9949044 0.99526876 0.99524045 0.994578 0.99400294 0.99404436 0.9933584 0.993158 0.99098945 0.9951196 0.9908923 0.99188274 0.99432224 0.99330086 0.9933087 0.99275166 0.9941285 0.9943945 0.995117 0.9919704 0.9957806 0.9945575 0.9944423 0.99462444 0.99538684 0.9941321 0.9958699 0.9945531 0.9949728 0.9962229 0.9946552 0.9954885 0.9962205 0.9958548 0.99520427 0.9957331 0.995559 0.99559695 0.9961417 0.98880386 0.9926284 0.9942695 0.9934256 0.9929733 0.9909519 0.98785526 0.99062455 0.996588 0.9940617 0.9941287 0.99841934 0.99780816 0.9983735 0.99729115 0.9948293 0.9951913 0.99437386 0.9929326 0.99527025 0.9939419 0.99298 0.9913547 0.9914894 0.99341726 0.9931087 0.99153364 0.9915018 0.9924283 0.9927811 0.9910632 0.9922218 0.99388534 0.9953735 0.99465156 0.99381495 0.9894032 0.99155116 0.9909354 0.98801094 0.98942935 0.99400437 0.9905732 0.989177 0.995402 0.99358284 0.9909755 0.9910495 0.99108106 0.9880118 0.9855526 0.99521947 0.9954049 0.9951434 0.99612427 0.99191856 0.992719 0.9887455 0.99292505 0.9909931 0.99407244 0.9952266 0.9979785 0.9979137 0.9972205 0.99679196 0.99546015 0.99656016 0.9949711 0.99786156 0.9956133 0.99488825 0.9945617 0.9951186 0.993586 0.9939055 0.9941523 0.99269 0.9925621 0.9946683 0.9909916 0.9936015 0.99181616 0.9916479 0.9938351 0.993961 0.99048775 0.9895895 0.99139816 0.9944168 0.9942583 0.99389076 0.9955934 0.9957426 0.9956259 0.9937175 0.9898862 0.99291617 0.9955456 0.9965754 0.9958487 0.9956205 0.99601686 0.9943069 0.9952737 0.9944901 0.9867697 0.978843 0.9864256 0.9896689 0.99624294 0.9956747 0.9962834 0.9963746 0.9940699 0.9967003 0.9959899 0.9965354 0.9974458 0.9951712 0.9978314 0.9971114 0.9976087 0.99763024 0.9944373 0.99647415 0.99699754 0.995262 0.9952479 0.997053 0.99660563 0.9965098 0.9956291 0.9946112 0.9956908 0.9952836 0.9962937 0.99661434 0.99599767 0.9974653 0.9969835 0.99691075 0.99621683 0.9933814 0.99539745 0.99545926 0.9969654 0.9962498 0.9960941 0.994842 0.9968709 0.9955175 0.99657935 0.99655485 0.9942003 0.9963637 0.99709034 0.99728763 0.99699366 0.9987705 1.0000004 0.9989781 0.99848986 0.99890316 0.9991117 0.99868596 0.9925124 0.98893213 0.99118865 0.98925686 0.98844147 0.9887282 0.9898444 0.99327207 0.9924552 0.9951962 0.99539113 0.9947596 0.99609697 0.99693334 0.9959659 0.9979074 0.9969461 0.99607414 0.9961115 0.99537045 0.9962588 0.99582446 0.9938423 0.99162143 0.99013436 0.9917505 0.9949728 0.9947693 0.99465024 0.99459946 0.99046683 0.9873618 0.98644173 0.99290305 0.9895937 0.9895619 0.9968294 0.99478084 0.9947275 0.99552464 0.99339867 0.99480826 0.9914847 0.98675966 0.9961658 0.99476254 0.99517715 0.9926003 0.99170023 0.9907387 0.98821336 0.99365115 0.9942518 0.99537075 0.9934685 0.993819 0.99228096 0.9915428 0.9838461 0.9950826 0.9956831 0.993994 0.9937297 0.99493855 0.9951077 0.99539036 0.9951558 0.9952405 0.99656695 0.99599284 0.995827 0.9952519 0.9911885 0.99544466 0.99542725 0.9951392 0.99207914 0.9918903 0.98619926 0.9949481 0.9858781 0.98730624 0.9936712 0.9888682 0.98325735 0.9849901 0.9868465 0.9958415 0.9860985 0.9943548 0.98954016 0.9950531 0.9954268 0.9895203 0.99041873 0.9897575 0.9890609 0.9917177 0.9904561 0.99350035 0.9955684 0.9940433 0.9943215 0.99336827 0.99472445 0.99453574 0.99385566 0.9938828 0.99427223 0.99324995 0.9923617 0.9949336 0.9924165 0.99455327 0.9940389 0.9918158 0.99592775 0.99649835 0.99572396 0.9978828 0.99603057 0.99717283 0.9975469 0.99698895 0.9970807 0.9956382 0.9958443 0.993584 0.99652874 0.9970566 0.9965656 0.99676293 0.99648654 0.99622995 0.996523 0.99624836 0.99260515 0.996603 0.9943982 0.9954351 0.9957724 0.99574536 0.9942469 0.9954127 0.99443233 0.9938501 0.9912404 0.9938773 0.99449587 0.99387306 0.99543387 0.9924984 0.99291563 0.9947461 0.9945605 0.9941486 0.99476814 0.9957589 0.996031 0.9965426 0.9958237 0.9964628 0.9979253 0.99712247 0.9979674 0.99800354 0.99805564 0.9966048 0.99752206 0.9958801 0.9960945 0.99810344 0.99692786 0.9953338 0.9957422 0.9963433 0.99670833 0.9956542 0.99784803 0.99777097 0.99729556 0.9972385 0.9968629 0.9967809 0.99712527 0.99665874 0.9954171 0.994259 0.9912871 0.9944354 0.9951987 0.9935899 0.994353 0.9954598 0.99433124 0.99109167 0.9897808 0.98697054 0.98926336 0.98809385 0.9888305 0.98785067 0.9855105 0.9961425 0.99590594 0.9965951 0.99637246 0.99474025 0.99611264 0.9968443 0.9966387 0.99627215 0.99613035 0.9963945 0.99607944 0.9965324 0.9957105 0.9950216 0.9952895 0.99140114 0.98566425 0.98319197 0.97915757 0.98549664 0.98809457 0.9871216 0.9868318 0.9844744 0.9903587 0.9863832 0.9819799 0.9871007 0.984251 0.98522776 0.9860344 0.9808735 0.97992843 0.98292047 0.98415565 0.988059 0.9932633 0.99064815 0.990828
PetrovicxBosxkoSt_SRP19080ModernoRoblje-L2_3 0.99244666 0.9961956 0.99551547 0.9913487 0.99193335 0.9962958 0.9946215 0.9943209 0.9930415 0.991762 0.9929898 0.99482036 0.99239427 0.992098 0.9936697 0.99138063 0.99188167 0.993175 0.9940535 0.9931519 0.98914856 0.99146724 0.9925966 0.99164814 0.99178684 0.98946667 0.9912407 0.98699486 0.9914315 0.98937184 0.9902535 0.99159425 0.9903303 0.98244727 0.9801028 0.9912225 0.9903164 0.98785263 0.9940427 0.9939932 0.99284863 0.99180216 0.99439406 0.9907559 0.99223703 0.9931355 0.9924816 0.9933763 0.99327546 0.9931564 0.9954398 0.995203 0.9953542 0.99654645 0.9959498 0.9945193 0.9948488 0.98883724 0.9918295 0.99470675 0.99533856 0.9920211 0.99488294 0.99469346 0.9922329 0.9931366 0.99586266 0.9955337 0.99571645 0.99640876 0.9963741 0.99556804 0.9965933 0.99531484 0.996253 0.9946825 0.9947824 0.9947981 0.9972415 0.99555445 0.9955011 0.9938922 0.9956022 0.9931754 0.9910454 0.99401337 0.99241436 0.9950467 0.9939607 0.9952036 0.9951956 0.9901311 0.9960909 0.9942225 0.9940266 0.9965184 0.99543124 0.9956797 0.99531287 0.994704 0.99364775 0.99398744 0.99361885 0.9928344 0.9913047 0.9945703 0.9916039 0.99205506 0.99423575 0.9934015 0.99334025 0.9933721 0.9945798 0.99463177 0.99552876 0.99272954 0.995204 0.99398476 0.9939144 0.9946978 0.9949847 0.9937983 0.99521244 0.9938963 0.9947258 0.9959359 0.9949306 0.99484307 0.99533415 0.99559265 0.99533737 0.99557924 0.99547046 0.99569345 0.9958028 0.98885715 0.9924959 0.9942897 0.9932851 0.99383414 0.99187183 0.9892527 0.991508 0.99530613 0.9927572 0.9931346 0.9982085 0.9968761 0.99818975 0.9970063 0.9940129 0.9941676 0.99388343 0.99221605 0.99498403 0.99359953 0.9930832 0.9914913 0.99175805 0.99318045 0.9931341 0.99128443 0.99145883 0.99224067 0.9926774 0.9912275 0.99218076 0.99357843 0.9953925 0.9945211 0.99368095 0.9894084 0.99118215 0.99104166 0.98823667 0.98993087 0.9930201 0.98996586 0.9883142 0.9947578 0.9929626 0.9908371 0.99118125 0.9913113 0.98781013 0.985731 0.99439746 0.9953007 0.9951829 0.99630046 0.9914767 0.99198776 0.98868597 0.9926226 0.99111307 0.99394214 0.9946115 0.9972077 0.9977077 0.99735004 0.99741304 0.9957389 0.99688804 0.99589974 0.9978838 0.9960852 0.9957973 0.99518245 0.9957521 0.99391806 0.9948009 0.99473155 0.9923952 0.9919497 0.99450076 0.99115217 0.9932652 0.99208164 0.99156094 0.99344987 0.99384034 0.9910128 0.99015325 0.9919593 0.99434054 0.9940754 0.99408305 0.9955704 0.9959215 0.99552137 0.9939981 0.988285 0.99235094 0.99493384 0.99554986 0.99456793 0.9947859 0.99632263 0.99218297 0.9950491 0.9939506 0.9868198 0.9783746 0.9862071 0.98935425 0.9956153 0.9946548 0.99570096 0.99578065 0.9929607 0.9971936 0.9965313 0.9968519 0.9972493 0.99375296 0.99729645 0.99607986 0.99741435 0.9969169 0.9932358 0.9956171 0.99611384 0.9948242 0.99379826 0.9964602 0.99645895 0.9963932 0.9953115 0.9945679 0.9958078 0.99498755 0.9962274 0.99606925 0.996075 0.9968164 0.9959494 0.9957087 0.99492097 0.99286944 0.9945392 0.99471 0.9957869 0.9948633 0.99546593 0.9944426 0.99588704 0.9948204 0.99484456 0.9951356 0.9930282 0.9946379 0.99589676 0.9962599 0.9964125 0.99766433 0.9989781 1.0 0.99822336 0.99832684 0.99870354 0.99854356 0.9916876 0.98824054 0.99009323 0.98855984 0.9876694 0.9882354 0.98889536 0.9925536 0.9921214 0.9946516 0.99406934 0.9937556 0.9953471 0.99601763 0.9949935 0.9965199 0.99658734 0.99491036 0.9951347 0.99493206 0.9958863 0.9955542 0.9936523 0.99188024 0.9909947 0.9923899 0.99473596 0.9945129 0.9944453 0.99420345 0.9910172 0.9878571 0.9871386 0.99338895 0.9898443 0.99026906 0.996292 0.9949618 0.9946301 0.9957588 0.99366105 0.994911 0.9919119 0.98712695 0.9954413 0.99507725 0.99537736 0.9925928 0.9921609 0.99107516 0.98882324 0.9934974 0.99447095 0.9952659 0.9939698 0.99378407 0.9925722 0.9917293 0.9841264 0.9943576 0.9946759 0.99346477 0.99334437 0.99429274 0.99464285 0.99464387 0.99500304 0.9946289 0.9959565 0.995656 0.99536127 0.99497825 0.9911519 0.994583 0.9948337 0.99436563 0.99188006 0.9916605 0.9861442 0.9942977 0.98622763 0.9869946 0.9929045 0.9890581 0.98313034 0.9848476 0.98671323 0.9952658 0.98591906 0.99385875 0.9892572 0.99444544 0.9952202 0.98926526 0.98999727 0.9894902 0.9884224 0.9908866 0.9900177 0.99279094 0.9945028 0.9928731 0.9932941 0.99323785 0.99359035 0.9933525 0.9931323 0.99354416 0.99412596 0.9937443 0.9928927 0.9947363 0.9924175 0.9944669 0.99370074 0.99215263 0.9956889 0.99642074 0.9957407 0.99720305 0.9957923 0.99697775 0.9968467 0.99709374 0.996491 0.99475855 0.9948973 0.9935812 0.9964831 0.99711525 0.9962693 0.99670506 0.9955546 0.99557734 0.99628633 0.99589515 0.99262834 0.99545705 0.9939768 0.99532706 0.99582547 0.99576855 0.99420404 0.99472636 0.9942613 0.9931453 0.9907306 0.9931632 0.9940305 0.99372184 0.99482924 0.99189484 0.99226296 0.9938384 0.99399865 0.99403787 0.99407005 0.9953995 0.9957663 0.9958615 0.9949673 0.9961122 0.9976293 0.9966485 0.9978429 0.9976659 0.997393 0.99649227 0.9969859 0.9955862 0.99628747 0.9974978 0.99636716 0.99491674 0.99528825 0.99642766 0.99653554 0.99558985 0.9972834 0.9978652 0.9977411 0.9968357 0.99776894 0.9969763 0.99741286 0.9962037 0.9954566 0.99498373 0.9918005 0.9946774 0.9953033 0.9939792 0.99488634 0.99574083 0.9946838 0.99116325 0.98953694 0.9866659 0.98912394 0.98811394 0.9890254 0.9878504 0.98544633 0.9948799 0.994743 0.99550724 0.9958293 0.9945594 0.9955267 0.99600095 0.99643916 0.99595153 0.9944873 0.9948452 0.9945009 0.9954183 0.9947506 0.9934573 0.99433357 0.9909735 0.98561007 0.9829397 0.97902936 0.98457724 0.9870564 0.9866515 0.9859347 0.984288 0.9905336 0.98619056 0.9819449 0.98691225 0.9849335 0.98517436 0.98622465 0.98189074 0.98043025 0.98365605 0.98421174 0.9880917 0.9926651 0.9901846 0.99013615
PetrovicxBosxkoSt_SRP19080ModernoRoblje-L2_4 0.9924771 0.99734974 0.9960657 0.99153066 0.99290234 0.9964732 0.99415565 0.99113524 0.9963604 0.9951283 0.9957866 0.9976253 0.9950829 0.99480104 0.9965004 0.9941684 0.9938241 0.99510026 0.9965407 0.995983 0.99225044 0.9937209 0.9961068 0.9949335 0.99458915 0.99188906 0.9936933 0.9896223 0.9942827 0.9921905 0.9920952 0.9946255 0.99283737 0.9852025 0.9823202 0.993607 0.99291223 0.98969245 0.995935 0.9959723 0.9948255 0.9934494 0.99535185 0.99174523 0.9933903 0.99536365 0.9944365 0.9948819 0.9958708 0.99440986 0.9972415 0.99615765 0.99490666 0.9951019 0.9939319 0.99548525 0.995697 0.989472 0.99227667 0.99587625 0.9956297 0.99351776 0.99645364 0.99533904 0.9932274 0.99410003 0.9955522 0.9958859 0.9955961 0.9983187 0.9977003 0.9973937 0.9971535 0.9972624 0.9976495 0.9966804 0.99740875 0.99638 0.9979595 0.9979761 0.9970404 0.9938175 0.99591076 0.9939951 0.9918978 0.99510324 0.9937025 0.99580616 0.99560887 0.9943817 0.99557567 0.99147075 0.9962427 0.9949766 0.994883 0.9965665 0.99422157 0.99574846 0.99482834 0.9938971 0.9934316 0.99464494 0.9944879 0.99440306 0.9923265 0.9957175 0.9918483 0.9930355 0.9957318 0.99445313 0.994878 0.9943322 0.9947775 0.99516207 0.9961249 0.99264365 0.9969034 0.99671113 0.9963025 0.9966174 0.9968563 0.995107 0.99764186 0.9975221 0.9979284 0.9985869 0.9969984 0.9981805 0.99724257 0.9979363 0.9978538 0.99815196 0.99800354 0.99796146 0.99804854 0.9901008 0.9931762 0.99445254 0.9944076 0.992779 0.9916595 0.9879632 0.99103206 0.99687296 0.9956576 0.9958396 0.99810946 0.997795 0.99826056 0.99818486 0.9949317 0.99509555 0.9934963 0.9923658 0.99704796 0.99592793 0.99517405 0.9919735 0.9917324 0.99322057 0.993089 0.99148506 0.99129325 0.99211526 0.99308336 0.99124765 0.99245495 0.99510837 0.9947405 0.9957519 0.9942181 0.99029243 0.9934794 0.9924472 0.9896735 0.9908619 0.9942735 0.9912178 0.9900962 0.9968644 0.99511933 0.9929636 0.9932673 0.99248296 0.9902213 0.9878198 0.99663407 0.9963754 0.9965373 0.9962256 0.99367666 0.9951807 0.9910667 0.99481463 0.993049 0.9967025 0.99756545 0.9986664 0.99771464 0.9973177 0.9953331 0.9954647 0.996745 0.9949038 0.99761575 0.99467754 0.9939155 0.99490863 0.9933118 0.9910469 0.9919021 0.9941726 0.9949089 0.9946482 0.9962466 0.99318653 0.99552494 0.99358296 0.9936574 0.99503064 0.9949201 0.9903434 0.9895234 0.9922298 0.99481267 0.9939219 0.9945368 0.9964247 0.9956627 0.9952552 0.99415183 0.9917414 0.99500513 0.99664277 0.9959398 0.9951762 0.99551797 0.99441844 0.9933074 0.9940599 0.99502164 0.98772556 0.97998536 0.98703617 0.9901456 0.99553937 0.99504685 0.99605715 0.9976738 0.99398154 0.99718773 0.9971179 0.99724907 0.9966007 0.99494207 0.9974725 0.99788034 0.9972904 0.9978343 0.9952107 0.99720705 0.9969954 0.99434835 0.994316 0.9965556 0.99740195 0.9968461 0.9951755 0.9933205 0.9966546 0.99642736 0.99681365 0.9976819 0.9969463 0.99719304 0.9968533 0.9971801 0.99752575 0.9950084 0.997072 0.99663085 0.9964839 0.99655616 0.99664617 0.99584556 0.9959305 0.9937569 0.9965749 0.9967578 0.9946105 0.9962671 0.99758583 0.9976362 0.997301 0.99782234 0.99848986 0.99822336 1.0 0.9984134 0.997988 0.99710447 0.9939883 0.9911222 0.9929423 0.9914371 0.99075747 0.99124247 0.99137306 0.9954287 0.9941052 0.99579227 0.99722975 0.99694324 0.99810874 0.9982209 0.9975779 0.9978976 0.99818766 0.9976405 0.9973047 0.9959606 0.9970574 0.9965098 0.99524754 0.99333483 0.99204415 0.99320084 0.9971021 0.99673903 0.9971582 0.9972092 0.990533 0.9878614 0.9862107 0.9938477 0.99138016 0.9911118 0.9984986 0.9970006 0.99697864 0.997197 0.9950673 0.9963293 0.9929997 0.9882883 0.9971695 0.9957153 0.9963948 0.99456716 0.9931154 0.9914337 0.98967844 0.99583495 0.99519885 0.99610645 0.9942874 0.99422514 0.9927534 0.99163485 0.98466355 0.9972216 0.99737906 0.9962652 0.9961766 0.99702054 0.997428 0.9962058 0.99630356 0.99668884 0.9976152 0.99675465 0.9971513 0.9961656 0.9922717 0.9968128 0.9967368 0.996244 0.9933721 0.99416757 0.98748183 0.9961875 0.98752064 0.98850995 0.99451816 0.98994035 0.9848048 0.98587155 0.98823684 0.9969112 0.98732644 0.9952995 0.99114746 0.9959967 0.9961131 0.9911954 0.99259895 0.9919276 0.99084365 0.99314123 0.9919271 0.99559367 0.99654585 0.9960892 0.9969628 0.9962406 0.9971074 0.9965418 0.99600005 0.9964817 0.9959206 0.99345434 0.9924597 0.99609166 0.993799 0.9942384 0.9940467 0.9914356 0.9954185 0.9969106 0.99679315 0.99821615 0.9973932 0.99803406 0.9977795 0.99773675 0.9952295 0.99398106 0.99413085 0.99460113 0.99631584 0.9967372 0.9966601 0.9970967 0.99630064 0.99707985 0.997028 0.9966231 0.99396324 0.9966794 0.9967492 0.9966492 0.99644274 0.99610746 0.99499 0.9962658 0.9950292 0.99658054 0.99471503 0.9963804 0.9972254 0.99635506 0.99757653 0.9957618 0.99587953 0.99675226 0.9957816 0.9956602 0.9956324 0.9967238 0.9969027 0.9978878 0.99692494 0.9964072 0.99808794 0.9983369 0.9977756 0.9985427 0.9969442 0.9980262 0.99853885 0.9975106 0.9960958 0.9971895 0.997218 0.9975119 0.9974214 0.99676317 0.9978578 0.9969634 0.99828434 0.99816316 0.99820006 0.99558157 0.9967683 0.9969587 0.99745184 0.9978828 0.99744594 0.99617195 0.993432 0.99613994 0.99591446 0.9940463 0.99642706 0.99551255 0.9962194 0.99229574 0.99062634 0.9864769 0.98943835 0.9889859 0.98927736 0.9883828 0.9853423 0.9961422 0.9970713 0.99717784 0.9970528 0.99567705 0.9967814 0.99740064 0.99672353 0.997076 0.99664277 0.9962783 0.99641097 0.99695766 0.9966825 0.9961508 0.9955218 0.9929659 0.9868063 0.9850547 0.9807254 0.9880362 0.9898792 0.9892843 0.9892278 0.98663694 0.9917838 0.98788404 0.9835445 0.98828626 0.9862214 0.9872061 0.98796207 0.9824246 0.98212814 0.9850655 0.986023 0.98952216 0.9926796 0.9894955 0.9904487
PetrovicxBosxkoSt_SRP19080ModernoRoblje-L2_5 0.9931959 0.99663025 0.99629146 0.99187547 0.9927258 0.99726254 0.99586475 0.9937792 0.995201 0.99386257 0.9948016 0.99642104 0.9938067 0.9935766 0.9954205 0.99262285 0.99286044 0.99406564 0.9951416 0.9943981 0.9913128 0.99282134 0.9942246 0.9924642 0.99295855 0.99093896 0.9925524 0.9879749 0.99282265 0.990894 0.9908217 0.99326575 0.9915987 0.98498213 0.98226523 0.9927385 0.99165905 0.98933405 0.9948075 0.9937819 0.99352264 0.99291605 0.99502766 0.9910467 0.99247485 0.9938881 0.9932315 0.9942969 0.9945876 0.9947305 0.9970665 0.99693 0.99667704 0.99661976 0.99582726 0.99450034 0.9945977 0.98918664 0.99128556 0.99568284 0.9960081 0.99206746 0.99589634 0.99550664 0.9926803 0.9932584 0.9963264 0.99686384 0.99625635 0.9962584 0.99671227 0.99615914 0.99731994 0.99701166 0.9978815 0.9965461 0.99658245 0.9972468 0.99819314 0.9967227 0.996696 0.9934875 0.99468046 0.9939737 0.99115264 0.9943147 0.9928877 0.9948381 0.99471825 0.9947779 0.99555296 0.9916723 0.9969816 0.9963574 0.99654377 0.997195 0.9963182 0.99625504 0.99699086 0.9964499 0.9959537 0.99593455 0.9954305 0.9941205 0.9920629 0.99569935 0.992463 0.9935519 0.9955051 0.9946655 0.99445766 0.9938186 0.99491316 0.995202 0.99563 0.9929121 0.9965428 0.9951966 0.99481785 0.99497586 0.996316 0.9950977 0.99704576 0.99583167 0.99577373 0.99688596 0.99598825 0.9963454 0.9954468 0.9956137 0.99511224 0.9955979 0.9956862 0.9958664 0.9965158 0.98975533 0.9922447 0.993794 0.9936188 0.99294394 0.9916221 0.9885757 0.991059 0.9973176 0.99551076 0.9954547 0.99770766 0.99692535 0.99812585 0.99740756 0.99373704 0.9939711 0.99298745 0.9910612 0.9960752 0.9946625 0.9938207 0.9921846 0.9923762 0.99402106 0.99416804 0.99226403 0.99212086 0.9924837 0.9935522 0.9925249 0.9935201 0.995165 0.99625725 0.99563533 0.99508226 0.99127394 0.99367577 0.9926648 0.990122 0.9913553 0.9946623 0.9915725 0.99027365 0.9961475 0.9945963 0.99236155 0.9921984 0.9924302 0.9901704 0.98797345 0.9959788 0.99586797 0.99600875 0.9967577 0.99376523 0.99439216 0.99099135 0.9946088 0.99265814 0.9950789 0.9962009 0.99772096 0.99737126 0.9975203 0.9963865 0.995288 0.9962219 0.9946782 0.9975051 0.99520814 0.9945899 0.99447 0.99465567 0.99305403 0.99357384 0.9941119 0.99443704 0.99428064 0.99566793 0.99275076 0.99467313 0.99353874 0.99327385 0.9948239 0.995099 0.99213123 0.9913131 0.9931205 0.9955664 0.9954107 0.99492425 0.99663156 0.99702287 0.9969882 0.99564797 0.9894107 0.99204123 0.9957997 0.996677 0.9951195 0.9957626 0.9961215 0.9940238 0.9949986 0.99554324 0.9885674 0.980641 0.98781854 0.9907272 0.9958794 0.99583596 0.9966144 0.996702 0.9931823 0.99673903 0.996407 0.99641687 0.9975202 0.99521446 0.9978329 0.99802786 0.9983976 0.9976206 0.995537 0.9966769 0.9976109 0.9962046 0.9956528 0.99728376 0.9972692 0.997587 0.99691975 0.9957756 0.99598473 0.99562293 0.9962452 0.99599457 0.9959173 0.9962028 0.99651456 0.99711907 0.9967139 0.993933 0.99629754 0.9960878 0.99749386 0.9965919 0.9972823 0.99613774 0.9967349 0.9951774 0.99638224 0.9970164 0.99437845 0.9965682 0.99786615 0.99774337 0.99769896 0.9984567 0.99890316 0.99832684 0.9984134 0.9999999 0.9988619 0.99788225 0.9948753 0.9910003 0.99363136 0.9913597 0.9910359 0.9908267 0.99220484 0.9942267 0.9930844 0.9957992 0.99611825 0.99570566 0.9964423 0.99661875 0.99613017 0.9978327 0.9968751 0.99633896 0.9968655 0.9967963 0.997327 0.99716896 0.9947651 0.99274856 0.99142224 0.992964 0.995755 0.9956772 0.9955455 0.9955748 0.9908741 0.98806715 0.9870121 0.9937763 0.9910009 0.9906272 0.99686843 0.99554116 0.99545115 0.9961318 0.9943986 0.9951425 0.99237573 0.9870458 0.9961387 0.99464625 0.99501157 0.99223304 0.99182767 0.9902142 0.9882832 0.9938181 0.99398696 0.99539423 0.9934774 0.99350655 0.99197674 0.9914473 0.9858751 0.9951252 0.99528134 0.9944602 0.9938575 0.994943 0.99509424 0.9952618 0.99509704 0.99549675 0.9968863 0.99655026 0.99611354 0.9959408 0.9920861 0.9954778 0.9957609 0.99544364 0.99252963 0.9927289 0.98740274 0.99524736 0.9875044 0.9889667 0.9948601 0.99052453 0.9856278 0.9868737 0.9887578 0.99589485 0.9867783 0.993998 0.990222 0.99481404 0.9951696 0.991272 0.9922961 0.99167186 0.99078333 0.9930968 0.991866 0.99313104 0.995222 0.9934122 0.99427503 0.9933179 0.99458694 0.9943195 0.9940847 0.9938941 0.9955199 0.9940742 0.99345857 0.99565285 0.99369824 0.9953131 0.99499136 0.9931651 0.99630713 0.9974641 0.9965394 0.99827534 0.9963728 0.9963634 0.9976125 0.9964087 0.99640846 0.9954585 0.99527735 0.99443394 0.9965141 0.9968535 0.99678797 0.99697924 0.9971961 0.99679935 0.9970301 0.99710464 0.99381614 0.9972153 0.9949895 0.9959937 0.9961218 0.99614614 0.9950497 0.9951907 0.9940765 0.99425983 0.9922933 0.9950249 0.9949677 0.9948165 0.9958205 0.99334353 0.9939413 0.9947606 0.99600667 0.99512625 0.99593866 0.9962276 0.9967953 0.9969331 0.9965668 0.99689704 0.9975685 0.9968264 0.9977664 0.99817413 0.9974605 0.99705166 0.99777436 0.9962361 0.9965663 0.9977864 0.99748856 0.9958459 0.996392 0.9970111 0.99718094 0.99704325 0.9987547 0.9985656 0.99787164 0.997673 0.9972481 0.9976132 0.99731934 0.9967946 0.9959812 0.9955504 0.99281156 0.9954376 0.99640054 0.99511456 0.99536276 0.99642557 0.9953086 0.9918579 0.9901633 0.9872824 0.98958844 0.9889997 0.9892598 0.98844194 0.9852541 0.99504405 0.99540144 0.9964623 0.9967622 0.99541354 0.99664795 0.99702287 0.9969246 0.9964371 0.995868 0.99547124 0.995975 0.9960027 0.9958734 0.9955076 0.99574 0.992404 0.98740107 0.9850265 0.98126894 0.9872392 0.9895168 0.9884771 0.9884556 0.98619586 0.99177444 0.98798156 0.98408115 0.98905706 0.9858035 0.9870594 0.9879737 0.9827389 0.98191226 0.98469466 0.9862575 0.98995495 0.9931742 0.9905525 0.9914438
PetrovicxBosxkoSt_SRP19080ModernoRoblje-L2_6 0.9906155 0.995301 0.9941143 0.9891131 0.9900027 0.9969489 0.99506533 0.994408 0.9933877 0.99100035 0.9925606 0.9948136 0.9917363 0.99149823 0.9931233 0.9897366 0.9902566 0.99146736 0.99323803 0.99264514 0.9885558 0.9904469 0.9923941 0.99066466 0.99060476 0.98788404 0.99010897 0.98509437 0.99038404 0.98821723 0.9883461 0.99108386 0.98933107 0.98053247 0.9776899 0.9902146 0.9888824 0.9858982 0.9930515 0.9924161 0.9916027 0.9904333 0.99334985 0.98827994 0.99030656 0.99198854 0.99106693 0.9922522 0.99266297 0.99221796 0.99596775 0.9959556 0.9957968 0.996135 0.9963809 0.9922233 0.9927136 0.9862468 0.98870045 0.99357426 0.99423903 0.989521 0.99402297 0.9935264 0.9913158 0.99189484 0.9956412 0.9964469 0.99622726 0.99594885 0.99639493 0.9963525 0.99782115 0.99614424 0.9973931 0.9950977 0.99605256 0.996551 0.9975192 0.9958915 0.99677837 0.9922191 0.993639 0.9923208 0.9893092 0.9930994 0.99125177 0.9937472 0.99320465 0.9936698 0.9942911 0.98887485 0.996503 0.9953233 0.9954534 0.9967548 0.99592435 0.9957377 0.99636436 0.9954037 0.9950311 0.9945588 0.99421203 0.99335027 0.9905792 0.9946325 0.9902519 0.99157184 0.9943285 0.99353397 0.99329144 0.99266136 0.9936692 0.9937572 0.9947636 0.9913994 0.99624395 0.9949462 0.9951226 0.9951476 0.9961595 0.9954724 0.99592453 0.9945396 0.99475366 0.9963429 0.99453515 0.9954543 0.9954418 0.9956269 0.9945746 0.99529094 0.9949217 0.9951696 0.9963905 0.98644733 0.9902332 0.9920491 0.99114555 0.9918398 0.9899806 0.98703605 0.989621 0.9961212 0.99424356 0.99416924 0.99813956 0.9976676 0.9983961 0.9975697 0.9931869 0.99497366 0.9946267 0.99273086 0.9947769 0.993092 0.9920425 0.99008405 0.9904424 0.993684 0.99256724 0.9919269 0.9909457 0.99236757 0.9926841 0.9902786 0.9910697 0.99343175 0.9949368 0.9946392 0.9935717 0.9890568 0.99149835 0.9903021 0.9873891 0.9887036 0.9932612 0.9891254 0.98734903 0.99446183 0.99263185 0.98965466 0.9898192 0.99044955 0.987718 0.98592013 0.99423826 0.99449986 0.9948835 0.9952649 0.99082875 0.992368 0.98783726 0.9923467 0.9899842 0.99336797 0.9947805 0.9975906 0.9979762 0.99697715 0.9965263 0.99526364 0.99597234 0.99450374 0.9973596 0.9955327 0.9941994 0.99446493 0.99480194 0.9933965 0.9935918 0.9934778 0.99173665 0.9920716 0.99383426 0.9895092 0.9925353 0.9902794 0.99057055 0.9928012 0.99276036 0.9894945 0.9886391 0.9904015 0.9933426 0.9934145 0.9933642 0.99495363 0.9951293 0.99546415 0.99268204 0.9880992 0.9910851 0.99448377 0.9956155 0.9951103 0.994887 0.9957312 0.99406135 0.9942161 0.9935185 0.9859835 0.9784036 0.9856925 0.9891207 0.9954904 0.99489486 0.9956656 0.99647164 0.99488676 0.99628884 0.9955376 0.99575806 0.99776644 0.9957471 0.9981427 0.99734765 0.9971196 0.9978128 0.99520034 0.9969024 0.99786425 0.9967913 0.9966309 0.99791545 0.9974046 0.99756277 0.9971136 0.996626 0.99489146 0.99476826 0.99533594 0.99581456 0.9951925 0.99733603 0.99662113 0.99619067 0.9950237 0.99183804 0.99426395 0.9943987 0.9968245 0.9960775 0.99553293 0.9935819 0.9966955 0.9963283 0.9962978 0.9966097 0.9944918 0.9951195 0.9969902 0.99666405 0.99607915 0.9988143 0.9991117 0.99870354 0.997988 0.9988619 0.9999998 0.9992981 0.9932143 0.98947805 0.9917582 0.98948854 0.98866725 0.98904747 0.99045336 0.99184364 0.9906605 0.99450564 0.9952359 0.994078 0.9954475 0.99630845 0.9951682 0.9979879 0.9966848 0.9949981 0.99491006 0.99471223 0.9954691 0.99547035 0.99248135 0.9897307 0.98877084 0.9903417 0.994014 0.99426985 0.9938172 0.993859 0.98803407 0.9844767 0.98348397 0.9921953 0.9891397 0.9890966 0.99600255 0.99396586 0.9937331 0.994604 0.9918874 0.99313223 0.9896413 0.98383445 0.9946314 0.9930409 0.99357986 0.9902116 0.9896707 0.9880443 0.985331 0.99167794 0.99225616 0.9941414 0.9918999 0.9919151 0.9902935 0.98933184 0.982566 0.99448013 0.99496317 0.99270976 0.9930716 0.99425566 0.99419314 0.99584275 0.99567777 0.99566406 0.99675506 0.99579823 0.9948743 0.994138 0.98973924 0.9942502 0.9940723 0.99395525 0.9902412 0.9898803 0.98424935 0.99314034 0.9840873 0.98555285 0.99252313 0.98736113 0.9816575 0.98316854 0.98541045 0.99462163 0.98342836 0.99229217 0.9873684 0.99325514 0.9939094 0.9888367 0.9905181 0.98999965 0.9886917 0.9907046 0.98836887 0.99180084 0.99506634 0.9926838 0.99317974 0.99185264 0.9937831 0.992741 0.99199545 0.9923478 0.99389833 0.99336284 0.99263716 0.9944626 0.9924313 0.99529815 0.99514425 0.99309134 0.9961164 0.99663264 0.9959675 0.9976644 0.995808 0.9973422 0.99792016 0.9972071 0.9972762 0.9967237 0.997 0.9932865 0.9968276 0.996901 0.9964022 0.99624115 0.99666524 0.9963336 0.99701524 0.99580604 0.9922785 0.9968333 0.9948627 0.99574405 0.9959574 0.9963478 0.99434096 0.99534553 0.9949006 0.9937913 0.9908704 0.99376494 0.9942135 0.99385715 0.99561125 0.9928255 0.9928996 0.99503005 0.994374 0.99426425 0.99496 0.99584424 0.99616015 0.99667364 0.9960642 0.99648184 0.9972408 0.99656856 0.99786013 0.99779433 0.9984919 0.99642223 0.9976868 0.9956167 0.99591464 0.9980308 0.9969322 0.9942457 0.9955735 0.9966599 0.9964866 0.99528635 0.9976336 0.9976035 0.9968288 0.9981351 0.9975214 0.9960826 0.99771446 0.99696004 0.9951599 0.9940722 0.99091303 0.9942847 0.994991 0.99335927 0.994069 0.9951664 0.9938406 0.98908806 0.9875754 0.9840473 0.98680997 0.98597026 0.986663 0.9853481 0.98248124 0.9964786 0.99580455 0.9965142 0.9961435 0.99457103 0.9962506 0.9968754 0.99647117 0.99603456 0.99621713 0.9964182 0.9963139 0.9967094 0.995867 0.99496 0.9956225 0.9908472 0.98510027 0.9823128 0.978923 0.9837517 0.9868769 0.9858089 0.98566216 0.983415 0.989202 0.9848584 0.98042446 0.986233 0.9825551 0.9837732 0.985163 0.9797123 0.9787854 0.9818256 0.983135 0.986953 0.9922969 0.9889189 0.9896756
PetrovicxBosxkoSt_SRP19080ModernoRoblje-L2_7 0.99014366 0.99478453 0.9934973 0.98840314 0.9895386 0.9966034 0.9945966 0.9946121 0.9918872 0.989739 0.9913934 0.993756 0.9906603 0.9904833 0.992183 0.9889633 0.98968476 0.99084604 0.9926572 0.99186456 0.9874989 0.9897045 0.9910308 0.9899337 0.98970497 0.98674285 0.98927927 0.9843176 0.98984706 0.9874923 0.987933 0.9902578 0.9887552 0.9794644 0.97676086 0.9896322 0.98807406 0.9853674 0.9926189 0.9919523 0.9911126 0.9898296 0.9930641 0.98788905 0.99042195 0.99148345 0.9905946 0.9913533 0.9915448 0.9913243 0.99459136 0.9946135 0.9947638 0.99608177 0.9964253 0.99191624 0.992327 0.9864681 0.9889642 0.9932523 0.9940346 0.98935986 0.9937197 0.9935396 0.992005 0.99233866 0.9958298 0.99625593 0.9964187 0.9948192 0.99570405 0.9954767 0.99748933 0.9951615 0.9965771 0.9941413 0.9955928 0.99593633 0.99687076 0.9949149 0.99644417 0.9920565 0.99359316 0.9910161 0.9880418 0.9920295 0.9902433 0.9927717 0.99236786 0.9931876 0.99319994 0.98811287 0.9960088 0.99444044 0.99427396 0.99587464 0.9951957 0.99470335 0.99524105 0.99440706 0.99428576 0.99380624 0.9932039 0.9921528 0.989818 0.9931954 0.9888513 0.9899751 0.99295425 0.9919366 0.99173284 0.9914433 0.9926154 0.9928221 0.99357766 0.9904472 0.995069 0.99326205 0.99383026 0.9939087 0.9949801 0.99420184 0.9950073 0.9931704 0.9934254 0.9951249 0.99349016 0.9942841 0.9950407 0.994805 0.9938736 0.99456376 0.9939932 0.9941547 0.9955465 0.98614556 0.9903995 0.99207544 0.9909685 0.99106467 0.9887279 0.98595583 0.98860294 0.9947057 0.9923475 0.99271965 0.9975384 0.99706143 0.9977702 0.99657357 0.9931437 0.99472827 0.9946603 0.99271214 0.9938223 0.992206 0.99112236 0.9895964 0.9898537 0.9930725 0.99182045 0.9912543 0.99042827 0.9921532 0.9920614 0.98948526 0.99052227 0.9924698 0.99452406 0.9934158 0.99246097 0.9878442 0.99009025 0.98882484 0.985727 0.9874895 0.9929017 0.9887167 0.98696613 0.9934517 0.99142355 0.9885925 0.9887015 0.98953503 0.98509306 0.9833032 0.9930697 0.99370354 0.99351835 0.9942625 0.9896528 0.9911003 0.9864199 0.99129045 0.98895735 0.9923773 0.9936315 0.99707973 0.99752384 0.99639183 0.99661213 0.99527353 0.9958567 0.9950018 0.9971027 0.9947243 0.9934494 0.9935842 0.99416 0.9927158 0.9929293 0.9927197 0.99089944 0.9916021 0.9936683 0.98881334 0.9922639 0.9897717 0.9901744 0.99280703 0.99270314 0.9895701 0.9887652 0.9902462 0.992587 0.9931509 0.9922526 0.99456334 0.9946307 0.99499655 0.9921051 0.9872586 0.99036336 0.99298507 0.9942212 0.99358404 0.9931318 0.9950117 0.9923894 0.9928298 0.99205846 0.98404455 0.976164 0.983629 0.98715276 0.9939616 0.99346566 0.99552727 0.9958139 0.9939469 0.9955241 0.99450433 0.9954444 0.99733835 0.9952956 0.99785584 0.996437 0.99622816 0.9973712 0.99419755 0.9962858 0.9970027 0.9963673 0.9959083 0.9969899 0.9962686 0.9964427 0.99602515 0.9956988 0.9940754 0.99417424 0.99511564 0.9958972 0.9948937 0.99730176 0.99628866 0.9953574 0.9941057 0.99058205 0.99295175 0.99340284 0.9960494 0.9952859 0.99467075 0.99237984 0.99634254 0.9962542 0.99546343 0.99564373 0.99432355 0.99445254 0.99579525 0.99570674 0.9952903 0.9982846 0.99868596 0.99854356 0.99710447 0.99788225 0.9992981 1.0 0.9913843 0.9877455 0.99017584 0.98780733 0.9868089 0.9873633 0.9887316 0.9903693 0.98941416 0.99297947 0.99347603 0.9927013 0.99425644 0.99537647 0.9943249 0.9965492 0.99590474 0.99402493 0.99389595 0.99382544 0.99442506 0.994359 0.99139607 0.9887775 0.98759764 0.9891972 0.99306715 0.9931734 0.9927972 0.99289095 0.9877977 0.9842088 0.98332363 0.9908469 0.98751307 0.9875389 0.9954236 0.99320483 0.9929107 0.9939008 0.9912925 0.99244153 0.98900425 0.9834844 0.9940708 0.9923893 0.9927952 0.9897466 0.9891053 0.9875992 0.98462796 0.99109626 0.9919042 0.9936693 0.99155176 0.9918686 0.9902752 0.9889776 0.98177683 0.9935667 0.99423456 0.9921215 0.99241114 0.9934911 0.9931671 0.9946079 0.99411887 0.9942693 0.99549216 0.9946748 0.993774 0.99327374 0.98926854 0.9936337 0.99340534 0.9932494 0.9897831 0.9889662 0.98388016 0.9924293 0.98337436 0.9848382 0.99137616 0.9863955 0.9804887 0.98253536 0.9845127 0.9941123 0.98317295 0.99197173 0.9867085 0.9926991 0.9934535 0.9872242 0.98867124 0.98829305 0.98722476 0.9893381 0.9870589 0.9901783 0.993629 0.99143493 0.9919272 0.99072284 0.9923508 0.9914963 0.9908553 0.991152 0.9930706 0.99305224 0.9917866 0.9936953 0.99159807 0.9947551 0.9943958 0.9923848 0.9954604 0.99600357 0.99535364 0.99684584 0.99513066 0.99704397 0.997569 0.99669814 0.9974358 0.99680465 0.9969907 0.99232024 0.9963227 0.9963341 0.9956722 0.9955584 0.9962279 0.99574155 0.99647605 0.99501395 0.99121714 0.99600524 0.99386454 0.9951446 0.99542546 0.99582785 0.9937401 0.9942494 0.9935858 0.9925355 0.9890143 0.9920691 0.99267703 0.99234617 0.9944528 0.9914751 0.9916091 0.9939788 0.99330825 0.9938694 0.9943578 0.9951033 0.99561423 0.9957258 0.99502254 0.9960146 0.9970293 0.99612355 0.99751174 0.99715745 0.9978478 0.9957696 0.9968338 0.994642 0.9952495 0.9976269 0.9961293 0.99340266 0.99469584 0.9962263 0.99587935 0.99449015 0.996746 0.99680865 0.99599665 0.99768776 0.9969625 0.9951788 0.9971522 0.99641854 0.9936125 0.9925114 0.9894497 0.9928978 0.9935949 0.9920292 0.9925883 0.9937047 0.99234277 0.988542 0.9873724 0.98424906 0.98671585 0.9856735 0.9866723 0.98530585 0.98279256 0.9958916 0.99475235 0.9955288 0.9951929 0.9933489 0.9951032 0.99582744 0.9957293 0.9951314 0.99525756 0.99584615 0.99532396 0.99594796 0.994784 0.9936492 0.9943681 0.98940015 0.9839911 0.9807511 0.97735655 0.9824201 0.98560447 0.9844876 0.9842273 0.9820497 0.98794633 0.9839117 0.9792566 0.98482317 0.9815498 0.982455 0.98382735 0.9786745 0.9776033 0.9806993 0.98179805 0.98582625 0.9927245 0.98941356 0.98998153
PetrovicxKosta_SRP18965KostaPNeimarisaKrajem-L2_1 0.98676074 0.99201185 0.99261653 0.98994666 0.9909083 0.99135035 0.989577 0.9838563 0.99699455 0.99462795 0.99550354 0.99520004 0.9957613 0.995908 0.99423194 0.99209195 0.9907908 0.9906887 0.9917921 0.9948224 0.9943659 0.99415076 0.9910621 0.99049205 0.9911716 0.991837 0.9915365 0.9902123 0.9933915 0.9935835 0.9920559 0.9937601 0.9935667 0.98513114 0.98258716 0.98941624 0.98731625 0.98750055 0.99204123 0.9917832 0.9929691 0.9935549 0.9915738 0.9902698 0.9872652 0.9897724 0.99222314 0.9937365 0.99512976 0.9949521 0.9968621 0.9959654 0.99530566 0.992003 0.99197507 0.9891948 0.98804444 0.98104185 0.9846429 0.99273896 0.99188906 0.98696667 0.9916567 0.9901437 0.98497945 0.9855927 0.9934212 0.9937305 0.99430203 0.99357957 0.9930423 0.9919982 0.9945589 0.99747455 0.996666 0.9979126 0.99359435 0.99401295 0.99522966 0.9961903 0.99412495 0.98859584 0.9889338 0.9947819 0.99111944 0.99429023 0.9939715 0.994274 0.9956008 0.9909895 0.99293816 0.99237835 0.99314535 0.9939007 0.9949781 0.99404573 0.9928058 0.99421054 0.9945957 0.99502194 0.9926259 0.9933254 0.99413395 0.99552405 0.99372125 0.99241513 0.9926519 0.9941801 0.99474794 0.99472445 0.9953335 0.9938814 0.9937874 0.9934116 0.9940379 0.99192655 0.99516374 0.99460644 0.9933558 0.9933722 0.995496 0.99513143 0.9956938 0.99606186 0.99541074 0.9946255 0.9956917 0.9947281 0.9891679 0.99148667 0.9916415 0.9922922 0.99414957 0.9939762 0.994311 0.98760486 0.9869415 0.9877898 0.9894228 0.99000233 0.9904504 0.9869704 0.98923755 0.99575776 0.99640214 0.9968835 0.99226433 0.990995 0.99403334 0.9950524 0.9854492 0.98656875 0.984562 0.9811728 0.9948213 0.9942144 0.9939247 0.99067104 0.99092275 0.99564636 0.99472696 0.9945557 0.9934432 0.9933382 0.9949921 0.99305254 0.99296004 0.9956346 0.9941746 0.99584514 0.9952538 0.9946685 0.99677986 0.9954506 0.9943164 0.9935341 0.99398947 0.9921131 0.9906247 0.9946313 0.9952054 0.99424803 0.993935 0.9940372 0.9942261 0.993124 0.99464834 0.9945503 0.996189 0.9938674 0.9949148 0.9963133 0.99463904 0.9957961 0.99418485 0.9951614 0.99551237 0.9939616 0.9920909 0.9946225 0.99177086 0.9933272 0.9938301 0.9912171 0.99205863 0.9922728 0.99141085 0.9934183 0.99071246 0.9884725 0.9893785 0.9931183 0.9940502 0.9924296 0.99393123 0.9935136 0.99341136 0.9923889 0.99461895 0.99158716 0.99218935 0.98958313 0.9889281 0.9917127 0.9940908 0.99302995 0.9957733 0.99423856 0.9934341 0.99274164 0.99308807 0.98177594 0.98526555 0.9934986 0.99173355 0.98799807 0.99055654 0.9916386 0.98716897 0.98875386 0.99427724 0.9925073 0.9883595 0.9912961 0.99304545 0.9905325 0.9910797 0.9904293 0.9928418 0.9862338 0.9933194 0.99386936 0.99217606 0.99171156 0.98838 0.9928915 0.9945455 0.9927495 0.9919696 0.99302167 0.9934263 0.9940814 0.9941183 0.9914824 0.99396557 0.9956878 0.9959 0.9955244 0.99274755 0.99248713 0.9938195 0.9918026 0.99286795 0.9936412 0.9921377 0.99317163 0.9915383 0.99250674 0.99021906 0.99447846 0.9933795 0.99216276 0.9909092 0.9944593 0.9922532 0.99096763 0.988625 0.9907127 0.99276453 0.99192756 0.9905184 0.99349713 0.9933584 0.99323493 0.9919834 0.9925124 0.9916876 0.9939883 0.9948753 0.9932143 0.9913843 0.99999994 0.99773204 0.9990087 0.9981788 0.99828064 0.9977687 0.9985474 0.9880595 0.98623216 0.9891315 0.9953409 0.9954988 0.99440354 0.99217135 0.99397194 0.99357134 0.9935821 0.99398476 0.9935725 0.99605405 0.99534523 0.9968025 0.9933919 0.99180454 0.99134034 0.9920669 0.99457693 0.99474865 0.9949346 0.99490726 0.9850528 0.98414373 0.98164177 0.99495125 0.99524355 0.99352175 0.9939006 0.99504644 0.9953027 0.9945184 0.9936471 0.99301225 0.9919958 0.985984 0.99335706 0.99269533 0.9931031 0.9892371 0.99059874 0.9871385 0.98624563 0.990598 0.9901891 0.99163234 0.99056506 0.9883829 0.9872647 0.9880882 0.99111134 0.9939654 0.99213314 0.99284875 0.9918406 0.99301016 0.9916771 0.9935603 0.99379724 0.99493194 0.9953096 0.99513817 0.9943977 0.992759 0.9912331 0.99245065 0.9925178 0.99283373 0.99115753 0.9907191 0.98821974 0.9917737 0.9880486 0.98995405 0.9942237 0.9907796 0.9888654 0.98790765 0.99082875 0.9919046 0.9858023 0.9907969 0.9901153 0.9912024 0.99050075 0.99464494 0.99654603 0.9963529 0.9951884 0.99520564 0.9925258 0.9887851 0.98964816 0.9884241 0.9899011 0.9895957 0.9908059 0.9901244 0.99018264 0.98971474 0.9948627 0.99268293 0.9929154 0.9942467 0.99541444 0.99431825 0.9947397 0.99424374 0.995983 0.99644357 0.9963525 0.9963153 0.99606264 0.9925201 0.9945564 0.99413615 0.989862 0.99058336 0.9901497 0.99591064 0.99469537 0.99386156 0.99572134 0.9946445 0.99565357 0.99643654 0.99618834 0.99565125 0.99614745 0.9937741 0.9948108 0.99538827 0.9947158 0.9948014 0.995951 0.99498475 0.9930017 0.9945709 0.9948823 0.99638486 0.99424887 0.9960375 0.9949377 0.99477947 0.9955927 0.99217 0.99710494 0.99597377 0.9950095 0.9947186 0.9942003 0.9936257 0.9957773 0.9957149 0.99372107 0.9944407 0.99424005 0.99461496 0.9907378 0.9952073 0.9946879 0.9963053 0.99507225 0.99325985 0.9957883 0.99473596 0.99727917 0.99644566 0.9960397 0.99612164 0.99477476 0.99491405 0.9931966 0.9919969 0.99237055 0.99384165 0.99366623 0.99220747 0.9938828 0.9944124 0.9937226 0.9956932 0.99540216 0.99476355 0.9954086 0.99398035 0.99497455 0.9888408 0.9857793 0.98208976 0.9845237 0.9877855 0.98572594 0.9834298 0.9794439 0.990619 0.99218357 0.9942795 0.99575 0.9952533 0.9955035 0.9939517 0.99418736 0.9949848 0.9921758 0.9913 0.99296945 0.9936941 0.9959105 0.9967481 0.99618626 0.9952735 0.9921345 0.99207556 0.9901267 0.9926043 0.99416274 0.9929391 0.9939323 0.9922209 0.99444145 0.9919203 0.98980325 0.9940354 0.9894885 0.992197 0.99350595 0.9875881 0.98868316 0.9902581 0.9921413 0.993424 0.98544276 0.9818977 0.98584276
PetrovicxKosta_SRP18965KostaPNeimarisaKrajem-L2_2 0.98427784 0.9884048 0.9890146 0.9886857 0.9896311 0.9856962 0.9825204 0.9767225 0.99564457 0.9942782 0.9955609 0.9938907 0.99636054 0.9969528 0.9933332 0.9923849 0.9905551 0.9892646 0.99034053 0.9954468 0.9963777 0.99570686 0.9883869 0.9892968 0.9898961 0.99186015 0.9911643 0.99162716 0.99266356 0.9945273 0.99253815 0.99292123 0.99442893 0.98674315 0.98503715 0.9863715 0.9841932 0.9860257 0.98964095 0.99027693 0.9920242 0.9933007 0.98941505 0.99024546 0.9837591 0.9869327 0.99159145 0.99326104 0.99458814 0.9949013 0.9960355 0.9952903 0.9945671 0.9889826 0.9891339 0.9865211 0.9845095 0.97570336 0.98133546 0.9903869 0.9892355 0.9842491 0.9888927 0.9870298 0.9795844 0.98073316 0.9917545 0.9912856 0.99305815 0.99143535 0.9906805 0.9872284 0.9911184 0.99632585 0.99427456 0.99678713 0.9899421 0.989572 0.99218583 0.9946494 0.99066925 0.98796105 0.9871752 0.9939673 0.99029195 0.99370545 0.9946984 0.9936302 0.9951786 0.98874724 0.99160224 0.99387336 0.9899414 0.9909352 0.9919861 0.99210596 0.9893867 0.99246716 0.9909316 0.99219567 0.98875517 0.991614 0.99335295 0.9967334 0.996027 0.9910368 0.99366236 0.99506235 0.9945285 0.994878 0.9957543 0.99430496 0.9938083 0.99348694 0.9933452 0.99268645 0.9934334 0.9932205 0.9919575 0.991844 0.9930526 0.9931393 0.9940915 0.99518585 0.99446356 0.99239445 0.9953689 0.99192923 0.9856943 0.989503 0.99021256 0.9902538 0.99348575 0.993115 0.99278694 0.9877511 0.9852545 0.9856047 0.9875375 0.98746043 0.98957217 0.985372 0.987809 0.9928772 0.99515355 0.9966127 0.98904485 0.9876673 0.9906884 0.99253106 0.98030865 0.98163265 0.9804955 0.9756853 0.9934856 0.9931024 0.9933664 0.9913875 0.9914176 0.9942572 0.99377656 0.9947682 0.9929132 0.99272317 0.9942823 0.9940521 0.9920165 0.9957466 0.9923639 0.99594045 0.99514824 0.99589694 0.9974756 0.99623287 0.9955355 0.994396 0.9938888 0.9934804 0.99239695 0.9940411 0.99613273 0.9956962 0.9954957 0.99474216 0.9956573 0.9956834 0.99370015 0.994151 0.996121 0.9924844 0.99464726 0.9964008 0.9960969 0.9957355 0.99520236 0.994991 0.99439746 0.9910725 0.9888713 0.99277675 0.989019 0.9930568 0.99276596 0.9893527 0.98848534 0.9904798 0.9897355 0.99384433 0.98796886 0.9846982 0.9863639 0.9933569 0.9916984 0.98902357 0.9918495 0.9926897 0.9909036 0.9901337 0.99380016 0.98834944 0.9886923 0.9869535 0.98597956 0.98946255 0.99251854 0.9900727 0.9955194 0.9921924 0.99054134 0.98909366 0.99066895 0.9750004 0.979969 0.99218225 0.98838156 0.983964 0.9875636 0.9893841 0.9822618 0.98428506 0.9932736 0.9935853 0.9914833 0.99227065 0.9930219 0.98711807 0.9887668 0.98455435 0.98821735 0.98056173 0.9891241 0.9908929 0.9881353 0.9860383 0.9826472 0.9884239 0.99061656 0.98791736 0.9875814 0.9883541 0.98955554 0.9894199 0.9906589 0.987231 0.99043334 0.9939822 0.9936413 0.99180996 0.9880608 0.9925157 0.99445975 0.9908683 0.99133 0.99319905 0.9904597 0.9920819 0.9863127 0.98902315 0.9872909 0.99196106 0.99038726 0.9866208 0.9853466 0.99189955 0.9880024 0.9859552 0.98370993 0.9864558 0.98867434 0.98801553 0.9855409 0.9899996 0.9889347 0.9902617 0.98700774 0.98893213 0.98824054 0.9911222 0.9910003 0.98947805 0.9877455 0.99773204 0.99999964 0.9979018 0.99945104 0.9989955 0.9996118 0.998865 0.98562545 0.98432076 0.98655945 0.9932988 0.9951574 0.9927099 0.98943496 0.9929844 0.99040747 0.9924104 0.99203455 0.99091756 0.9948163 0.9935192 0.99538434 0.9927926 0.99158216 0.9914769 0.9912149 0.993187 0.9944724 0.9942933 0.99412215 0.98167795 0.981507 0.97858983 0.99511915 0.9967143 0.9945017 0.99186146 0.99476004 0.9952466 0.99410224 0.9937113 0.9921045 0.9926814 0.98577625 0.9919272 0.9916784 0.9920463 0.9871175 0.9902047 0.98563415 0.9852243 0.9883926 0.9882904 0.9897192 0.9892768 0.984904 0.9847246 0.9852538 0.9928366 0.9923475 0.9899845 0.9917692 0.99072146 0.991314 0.98791176 0.9890598 0.9900886 0.99181485 0.9919511 0.9913115 0.99089384 0.9918375 0.99254334 0.9915461 0.99182373 0.99254197 0.9919868 0.9908398 0.9908841 0.9907775 0.99067533 0.9921168 0.9941918 0.99238527 0.99188507 0.99007154 0.9929795 0.98976177 0.98743355 0.9899497 0.9914608 0.99029243 0.98938453 0.99660736 0.9985036 0.9984333 0.9979704 0.996068 0.9914655 0.98601264 0.98579377 0.98485696 0.986764 0.9867368 0.9880722 0.98636603 0.9871534 0.98637813 0.9940171 0.9923506 0.99231684 0.99199384 0.9959128 0.992769 0.99310535 0.9937301 0.9950711 0.9938587 0.99532753 0.9939579 0.9955624 0.9894281 0.9911866 0.99291253 0.9840952 0.9853224 0.9855064 0.9962146 0.99350166 0.9925776 0.99500704 0.99323356 0.9925196 0.99362487 0.99377084 0.99296314 0.99619806 0.9896475 0.9919059 0.99268126 0.99303913 0.9927926 0.99462503 0.9933996 0.9919763 0.99337745 0.9943419 0.9949391 0.9925386 0.99519384 0.9925053 0.9938701 0.9949443 0.9892776 0.9963995 0.995564 0.992994 0.9934692 0.99148774 0.989931 0.99460995 0.99392134 0.9908688 0.99206275 0.99191916 0.9910238 0.98658514 0.99255425 0.99193305 0.99448085 0.9929486 0.9889247 0.9937844 0.9939383 0.9966578 0.9944622 0.9937516 0.9942591 0.9911935 0.99144715 0.9898926 0.98732346 0.9897168 0.99061716 0.9913094 0.9883154 0.9922322 0.9934465 0.9943806 0.99514455 0.994204 0.9938263 0.9947281 0.9920933 0.99399096 0.9887687 0.9854985 0.9815822 0.98396885 0.98927855 0.9865007 0.9833925 0.9792165 0.9867504 0.988013 0.9903038 0.99268013 0.9937384 0.99282694 0.99001503 0.99104065 0.99183005 0.9885901 0.98736346 0.98893034 0.99066323 0.9939885 0.99515843 0.9940665 0.996922 0.99573505 0.99575 0.9951357 0.99534893 0.99662364 0.99609905 0.99683595 0.99569994 0.99522597 0.9938867 0.99231213 0.99578965 0.9918413 0.9947369 0.9964356 0.9919063 0.99341357 0.994239 0.9954778 0.9946918 0.9803936 0.9764188 0.98098665
PetrovicxKosta_SRP18965KostaPNeimarisaKrajem-L2_3 0.9856182 0.99068546 0.9912211 0.98835874 0.98994416 0.9899336 0.9880472 0.98140466 0.99656457 0.99481726 0.995371 0.99514383 0.9958129 0.9961035 0.9945288 0.9924114 0.99130064 0.9908582 0.9920111 0.9948818 0.99503547 0.9944853 0.9906416 0.9902842 0.99128294 0.992017 0.9918058 0.99022925 0.99397016 0.9944416 0.99259925 0.99437964 0.99435747 0.9858211 0.983282 0.9892627 0.9869362 0.9878032 0.99099743 0.9903634 0.99199057 0.99283856 0.9901967 0.9892024 0.9862342 0.98888326 0.99158007 0.9926832 0.9943827 0.9941994 0.9961871 0.99522686 0.9944705 0.9904777 0.99051815 0.98853344 0.98692214 0.98035944 0.9839803 0.9927718 0.99186784 0.9865843 0.99127185 0.98966247 0.9843764 0.9849585 0.99259263 0.9931598 0.9933735 0.9917356 0.99227583 0.99101686 0.99327874 0.9971095 0.99602276 0.9976892 0.99362904 0.99375516 0.9940844 0.99558127 0.99375236 0.98735094 0.98752 0.99237883 0.98838335 0.9918594 0.9920261 0.99206215 0.99399143 0.988305 0.9907045 0.99279946 0.9919969 0.9936798 0.99442095 0.99274415 0.9907816 0.9920703 0.99298984 0.99328667 0.9918432 0.9933252 0.99419194 0.99449706 0.9929513 0.9906829 0.991591 0.9931725 0.9938468 0.9931544 0.9939051 0.9920916 0.99223197 0.9922752 0.9922557 0.990226 0.99403846 0.9930365 0.99250036 0.9921992 0.99449265 0.99404883 0.99615437 0.9964465 0.9947917 0.9941577 0.99565905 0.9945033 0.9883807 0.9906884 0.99103993 0.99172276 0.9933426 0.99299246 0.99371505 0.9882224 0.9864136 0.9871095 0.9886633 0.98667467 0.9875214 0.9832333 0.9859322 0.9938987 0.9953071 0.9963679 0.99086607 0.9895683 0.99244505 0.99397117 0.984511 0.98546624 0.98393625 0.9798211 0.99467987 0.99388456 0.9940294 0.98915356 0.989394 0.9938067 0.99306965 0.9933871 0.9919104 0.99177736 0.99348104 0.9925665 0.9922617 0.9952844 0.99331087 0.9949934 0.99464077 0.99392396 0.9964561 0.9945334 0.9933958 0.9926364 0.9944105 0.9928896 0.99166787 0.99438107 0.9954835 0.9946152 0.9939 0.9928292 0.99297184 0.9919831 0.9940837 0.9937109 0.9952359 0.9924114 0.9952532 0.99705696 0.99538153 0.9963585 0.9945676 0.99555933 0.99575734 0.99262434 0.99000084 0.99323374 0.989621 0.9917684 0.99217826 0.98922503 0.9900775 0.9897775 0.98904717 0.99185115 0.9881024 0.9855063 0.98635435 0.99112004 0.99390423 0.9924351 0.9938931 0.99359524 0.99340487 0.9920675 0.9945668 0.9916978 0.9918948 0.989561 0.9891533 0.9918184 0.9942613 0.99293685 0.9943806 0.99409837 0.9931389 0.99281 0.9931093 0.9808609 0.9837953 0.9928942 0.99030405 0.9859984 0.9889288 0.9900882 0.98551935 0.9863275 0.9937083 0.99143183 0.98779696 0.9899603 0.99180853 0.9886682 0.99002314 0.988635 0.9920138 0.98454314 0.9910744 0.9918519 0.98974186 0.98972505 0.9876524 0.99132395 0.9940789 0.99134004 0.99116206 0.99306935 0.9923567 0.99289036 0.99236625 0.99029434 0.99187094 0.9942877 0.9944909 0.99439514 0.9909141 0.9922047 0.9940893 0.9910926 0.992538 0.9927716 0.99090207 0.9927222 0.99057007 0.9920941 0.9889289 0.9936695 0.99172795 0.99139374 0.99031436 0.9943479 0.9910314 0.9905227 0.98794854 0.99049604 0.9927538 0.99262345 0.9899142 0.99332124 0.9926147 0.99274135 0.9908173 0.99118865 0.99009323 0.9929423 0.99363136 0.9917582 0.99017584 0.9990087 0.9979018 1.0 0.9979328 0.99824476 0.9978609 0.99914783 0.9870578 0.9849588 0.98724484 0.99422526 0.9952332 0.9933269 0.9906296 0.9930017 0.9919061 0.9923355 0.9937859 0.9933554 0.99551815 0.9946748 0.9960899 0.9924298 0.9908925 0.99008757 0.99058586 0.9943274 0.99457407 0.99502516 0.99496365 0.9834396 0.98269945 0.9797906 0.99309736 0.9939772 0.99131393 0.99365944 0.9951423 0.99534565 0.9943194 0.9938697 0.99253917 0.9918922 0.98605037 0.99301463 0.9916985 0.9921747 0.9888349 0.9903001 0.9864147 0.9854158 0.9904596 0.989741 0.99143773 0.9902468 0.98805743 0.98685616 0.9874016 0.9905851 0.9927864 0.9910734 0.992409 0.99130815 0.99211377 0.99018484 0.99106175 0.9907949 0.99250317 0.9930281 0.99248797 0.99220896 0.9922736 0.99129474 0.9919513 0.9922489 0.9924259 0.99078244 0.9907913 0.98831093 0.99140024 0.9884597 0.9904929 0.9941532 0.99072826 0.9894273 0.988277 0.99122244 0.9913876 0.98621094 0.9906035 0.99021405 0.9910237 0.98992026 0.99371225 0.9962274 0.9958806 0.99531907 0.99489284 0.9914094 0.98674333 0.98756176 0.98645514 0.9887724 0.98813057 0.98966146 0.98890275 0.9891695 0.9881829 0.99451435 0.99202174 0.99160373 0.9925485 0.9945035 0.9932864 0.99364895 0.99296844 0.9949622 0.99568313 0.99580693 0.9956036 0.99564224 0.99133027 0.9940866 0.99325806 0.9888631 0.9898854 0.9895126 0.99479616 0.99343014 0.9926525 0.99502033 0.99394435 0.99529576 0.99569 0.99491984 0.9942946 0.99493986 0.9926653 0.99375385 0.99390227 0.99367934 0.99327314 0.99454665 0.9930204 0.99056226 0.99332243 0.9933721 0.9951821 0.9926683 0.9944586 0.9936928 0.9943504 0.99528146 0.9909108 0.99719584 0.9966767 0.9957917 0.99492294 0.9941408 0.9925891 0.9953722 0.9947656 0.99233335 0.99314094 0.99280643 0.99353325 0.9896364 0.9945934 0.9943368 0.9946609 0.99321663 0.9916075 0.9951195 0.99419147 0.99675906 0.99514824 0.9950305 0.9959138 0.9938623 0.99381626 0.9920923 0.99044335 0.9909172 0.9924497 0.9930296 0.9919735 0.9921247 0.99316245 0.9927187 0.9945136 0.99402934 0.99338233 0.9942538 0.9921866 0.9935133 0.9887761 0.9860304 0.9823965 0.9849479 0.9882519 0.9861077 0.98402363 0.9796995 0.98907906 0.9909046 0.99270934 0.99412584 0.9934916 0.9936947 0.9920962 0.9923029 0.993142 0.9910251 0.9894388 0.9913962 0.9917565 0.99414307 0.9955745 0.9941466 0.99452156 0.99214524 0.99153334 0.9900245 0.99306446 0.9942464 0.9926599 0.9938555 0.9919328 0.9940845 0.9926235 0.99011016 0.99425155 0.9896661 0.99259925 0.99362653 0.98763704 0.9892307 0.99050003 0.9927192 0.99379826 0.9847365 0.9810577 0.9854943
PetrovicxKosta_SRP18965KostaPNeimarisaKrajem-L2_4 0.9851829 0.989313 0.9903314 0.9897536 0.9907203 0.98660064 0.9837299 0.9779909 0.9965033 0.9952397 0.99634206 0.9945581 0.996975 0.9973693 0.9939122 0.9932027 0.9911978 0.9902784 0.9910244 0.9957317 0.9966658 0.99598354 0.9894023 0.9903741 0.99102855 0.9930833 0.9921585 0.9928863 0.99369216 0.99536103 0.99358654 0.9938936 0.9951039 0.98756593 0.9857872 0.9874403 0.98547405 0.9872198 0.9905286 0.9911985 0.99280274 0.99402624 0.9902907 0.9912867 0.9851706 0.9880771 0.9924295 0.99388355 0.99523884 0.9953999 0.99614084 0.99517155 0.9945053 0.98982555 0.98975235 0.9877525 0.9858362 0.97771055 0.9830138 0.99113977 0.98985976 0.98572844 0.9896761 0.9878152 0.98085004 0.98190176 0.99201816 0.9913406 0.9930828 0.991846 0.9908791 0.98783904 0.9911999 0.9962405 0.99419576 0.996921 0.99030143 0.9898814 0.9927067 0.99482644 0.9907014 0.9885581 0.9881368 0.9948792 0.9912405 0.99436253 0.9953381 0.9944316 0.9960395 0.9898855 0.9922312 0.99424225 0.98999137 0.9907222 0.99159986 0.99198174 0.9894408 0.99242955 0.9908314 0.9922886 0.9885024 0.99117196 0.9927295 0.9960785 0.9955601 0.9909292 0.99347734 0.9947711 0.99403745 0.9945001 0.995369 0.99427354 0.99375576 0.9933002 0.9933435 0.99261004 0.9930294 0.9929809 0.99145246 0.99149144 0.9928816 0.9926032 0.99423295 0.9951358 0.994695 0.99254936 0.9955195 0.9924731 0.98618656 0.9896003 0.99059224 0.9905968 0.99384725 0.993408 0.99290335 0.98859996 0.986395 0.98654324 0.9887098 0.9885797 0.99033266 0.986447 0.98873097 0.9936892 0.99524415 0.99656856 0.9892179 0.9878083 0.9910703 0.9925592 0.98118466 0.9821106 0.980464 0.97613436 0.99356693 0.9936622 0.9939332 0.9917826 0.9917107 0.99502254 0.9946951 0.9948586 0.9940307 0.9933037 0.99495816 0.99438465 0.9930398 0.9959226 0.9928207 0.9957993 0.99525696 0.9964217 0.99748856 0.9965917 0.9961102 0.9949041 0.9940057 0.99366844 0.9926661 0.994262 0.99611694 0.99607223 0.99593717 0.9950985 0.99565226 0.9951495 0.9938589 0.9943932 0.99603665 0.99300873 0.9952111 0.99641967 0.9964821 0.9959999 0.995585 0.9952348 0.99442255 0.9915299 0.98935103 0.99316084 0.98962206 0.99307853 0.9931985 0.99016315 0.9891774 0.9908336 0.99038374 0.9935762 0.9887043 0.9858697 0.9874487 0.9936859 0.9926449 0.99009156 0.9926434 0.99378276 0.9919346 0.99133134 0.9946737 0.98926747 0.9898593 0.98779225 0.98683923 0.99046636 0.99300236 0.9907599 0.9960785 0.9926662 0.9908732 0.9891673 0.9913015 0.97666556 0.981539 0.992304 0.98873293 0.98427284 0.98766017 0.98971987 0.98241985 0.98517865 0.993377 0.9941375 0.99163944 0.992574 0.993286 0.9875979 0.98878825 0.98590493 0.9889791 0.98091704 0.9903801 0.9919974 0.9896151 0.98699385 0.9829769 0.9887433 0.9910015 0.98879635 0.9880536 0.9886117 0.99008495 0.9898858 0.9906211 0.9869893 0.99042755 0.99363744 0.9934849 0.9915148 0.98776424 0.9923887 0.99426985 0.9909332 0.9914285 0.9933954 0.99017566 0.991889 0.9870967 0.9897305 0.9880446 0.99258333 0.99137825 0.9871187 0.98589903 0.9921305 0.98920935 0.98631674 0.98341125 0.98660064 0.98872226 0.9879746 0.9864157 0.9899499 0.98954535 0.99070877 0.98735464 0.98925686 0.98855984 0.9914371 0.9913597 0.98948854 0.98780733 0.9981788 0.99945104 0.9979328 1.0 0.9994419 0.9996015 0.9986564 0.9861959 0.9847486 0.98675007 0.9932026 0.9950357 0.9928816 0.98958695 0.99295795 0.9903715 0.9922113 0.99242336 0.99142396 0.9951772 0.9938296 0.9957051 0.9933089 0.99260014 0.99233943 0.9922255 0.9937965 0.99450386 0.9945942 0.994501 0.9832589 0.98336804 0.98058224 0.99564356 0.99717337 0.99501926 0.99239814 0.99507606 0.9955991 0.99439335 0.9943217 0.99288076 0.9933586 0.9872494 0.99277616 0.9927916 0.99299127 0.9886236 0.99137 0.98725295 0.9869803 0.9895787 0.98933625 0.9904537 0.9903076 0.98631275 0.98603934 0.98680794 0.99368393 0.99266577 0.99016917 0.9921951 0.99065787 0.991449 0.9888174 0.9897285 0.9907974 0.9922988 0.9925296 0.9923678 0.9920787 0.99201417 0.99277806 0.991763 0.9921012 0.99260885 0.99241084 0.9915022 0.9911886 0.9914105 0.99092203 0.9924182 0.99442595 0.99281025 0.9921789 0.99059254 0.99328387 0.9903715 0.98831826 0.9906629 0.9922447 0.9908739 0.9898595 0.99673796 0.9981014 0.9980749 0.9975409 0.9963406 0.9929286 0.9868737 0.9863107 0.98572564 0.98745406 0.9877904 0.98854506 0.9876049 0.9884702 0.98749053 0.99429435 0.99244946 0.99269325 0.99283844 0.9958572 0.9927235 0.9930634 0.9936235 0.99481094 0.994129 0.99520373 0.9941716 0.99546427 0.9896134 0.99113244 0.9926967 0.98460436 0.98532355 0.98525083 0.99626833 0.99317354 0.99228036 0.9946942 0.9932981 0.992622 0.99402404 0.9939683 0.99368167 0.9967774 0.99033946 0.99247545 0.9932246 0.99324197 0.9932315 0.99543697 0.99348366 0.9917091 0.9936402 0.99486285 0.99535465 0.9929753 0.99555856 0.9929201 0.9939352 0.9951777 0.9896041 0.996483 0.99533725 0.9927571 0.99317956 0.99165326 0.9903033 0.99437034 0.9943311 0.99181503 0.992787 0.9922317 0.9916575 0.98662686 0.99322075 0.992037 0.995156 0.9936969 0.9897297 0.9941088 0.9944934 0.99693125 0.9950485 0.9944363 0.9947906 0.99178386 0.9921883 0.9905827 0.98743373 0.98968846 0.99127245 0.99088037 0.98835254 0.99239624 0.9936111 0.99430835 0.99509907 0.99428654 0.9940699 0.9948852 0.9924301 0.99445206 0.98941636 0.98612016 0.9825995 0.98461074 0.9898784 0.98712057 0.9840805 0.98011506 0.9870663 0.98850244 0.99096656 0.99340034 0.9942137 0.99314743 0.9906741 0.9917478 0.99269384 0.98867387 0.98767275 0.989384 0.99111825 0.9943811 0.9954223 0.9943792 0.99707204 0.99580115 0.99614716 0.9950391 0.99594194 0.99687713 0.99631506 0.99706936 0.99602854 0.9959858 0.9945427 0.993263 0.9962511 0.99274826 0.9954195 0.9967618 0.99225134 0.9936722 0.99453396 0.9957636 0.9953901 0.9808756 0.9774474 0.98193336
PetrovicxKosta_SRP18965KostaPNeimarisaKrajem-L2_5 0.9850244 0.9891693 0.9904969 0.98995364 0.99077207 0.98637867 0.98392516 0.9773298 0.99608135 0.9949522 0.99570996 0.9940499 0.99667615 0.9970291 0.993742 0.9930351 0.99092615 0.9902126 0.99058235 0.9948657 0.99612284 0.99529815 0.98858696 0.9892668 0.99020463 0.9924164 0.9912388 0.99192655 0.99331 0.99492913 0.9928415 0.993144 0.99453646 0.9875736 0.9857321 0.98716164 0.9852481 0.98714685 0.99008226 0.99044394 0.9923504 0.9937918 0.98978925 0.9908841 0.98475367 0.98772234 0.9919551 0.9934006 0.99483955 0.9951858 0.9955957 0.99444073 0.9939938 0.9891931 0.98877656 0.9872257 0.9854016 0.977504 0.9827131 0.9908614 0.98960865 0.98528266 0.9891062 0.98735845 0.98075366 0.98164284 0.99125445 0.99047416 0.9922125 0.99090105 0.99001783 0.98715323 0.9908247 0.9960968 0.9939798 0.9970339 0.9901006 0.99017996 0.99254 0.99454516 0.9907841 0.98726285 0.9868176 0.9940768 0.9905412 0.99352765 0.9945917 0.9936409 0.99546003 0.9889244 0.99130946 0.9937393 0.9893274 0.99055415 0.9918306 0.99119693 0.98877543 0.99168545 0.99050504 0.9922052 0.98866326 0.99106425 0.9923255 0.995136 0.9947424 0.9898021 0.9928142 0.99414384 0.99337405 0.99377066 0.99463207 0.99358773 0.9928148 0.99267 0.9923111 0.9917006 0.9922699 0.99208623 0.9903999 0.99062586 0.9923087 0.99184036 0.99376446 0.9947223 0.9941537 0.99201953 0.9950682 0.99209833 0.98527205 0.9887113 0.9898078 0.9898757 0.9930737 0.99269104 0.99225754 0.9884275 0.9856551 0.98590624 0.98826706 0.98785204 0.98981905 0.9859136 0.98814386 0.9930105 0.99441224 0.9957903 0.9881886 0.9867244 0.9902518 0.9919014 0.9804912 0.980927 0.9789848 0.9747148 0.9930188 0.99301165 0.99341416 0.99108756 0.9914836 0.9940323 0.9940649 0.9936904 0.9931121 0.9919008 0.99393785 0.9936486 0.9925227 0.99526685 0.9921202 0.9949989 0.9947095 0.99594176 0.9971626 0.99630433 0.9959591 0.9947357 0.99344814 0.9932847 0.9924717 0.9938169 0.9956421 0.99571365 0.99532735 0.9945173 0.9952095 0.9946235 0.9935157 0.9940202 0.9956373 0.9926541 0.995247 0.99618113 0.9965064 0.99577487 0.9954574 0.99486023 0.9940365 0.99054444 0.9881006 0.9922925 0.98841786 0.99181527 0.9920245 0.9892936 0.98831093 0.98933095 0.9891135 0.99215573 0.9873894 0.984594 0.9862448 0.9923842 0.99311656 0.990197 0.9924219 0.99414337 0.9920228 0.9919541 0.995064 0.9894693 0.99027216 0.98845917 0.9876821 0.99100035 0.9933163 0.9910071 0.99551916 0.9923717 0.99112785 0.9891842 0.9916226 0.97607267 0.980911 0.99199355 0.9885479 0.9833678 0.9871392 0.9890489 0.9813474 0.9847544 0.9931796 0.9938296 0.9909193 0.9918866 0.99257463 0.9866582 0.9882185 0.9857752 0.9882863 0.9798495 0.989873 0.99144137 0.98901415 0.98639476 0.98230594 0.98794967 0.9905174 0.9885418 0.9872084 0.9879244 0.9890789 0.9891556 0.9901526 0.9862648 0.9895893 0.99278885 0.9927772 0.9912091 0.9873572 0.991632 0.9934728 0.99024487 0.9908778 0.9927412 0.98905146 0.9910012 0.9870095 0.98949176 0.9877208 0.99233836 0.99101436 0.9870732 0.98584014 0.9920561 0.989579 0.9857482 0.9824997 0.9860517 0.98834276 0.98752135 0.9861985 0.9898489 0.9894498 0.99031466 0.9867651 0.98844147 0.9876694 0.99075747 0.9910359 0.98866725 0.9868089 0.99828064 0.9989955 0.99824476 0.9994419 0.99999994 0.99933374 0.99871963 0.9859623 0.9846403 0.98641 0.99265707 0.99461055 0.9923014 0.98908067 0.99241817 0.98955935 0.9913906 0.99200076 0.99134433 0.99507785 0.99368966 0.99547625 0.9928448 0.99214256 0.9919051 0.9919549 0.9935311 0.99385834 0.9941446 0.9941324 0.98346525 0.9839785 0.9810382 0.99522126 0.99680465 0.99446785 0.9916269 0.99445575 0.9950413 0.993913 0.9938571 0.99227136 0.99284196 0.98674303 0.9920743 0.99216187 0.9921911 0.9882226 0.9908258 0.98667395 0.9866335 0.98909014 0.988788 0.9898484 0.98964655 0.9859474 0.98566294 0.9863028 0.99437755 0.99185044 0.9891525 0.99175483 0.990118 0.9910017 0.9884409 0.9891884 0.99008787 0.9917843 0.99213624 0.99225074 0.99190515 0.99161094 0.9921949 0.99111974 0.9914714 0.99202275 0.9918859 0.9912228 0.9907656 0.9908206 0.99053603 0.992225 0.994339 0.9926656 0.99251735 0.99068993 0.9934566 0.9895059 0.9879072 0.9898129 0.99168575 0.9900671 0.98900294 0.9963314 0.9975743 0.99762404 0.99713016 0.9960533 0.9927763 0.98606944 0.9851625 0.98496294 0.9868419 0.9873725 0.9879467 0.9871927 0.9882461 0.9869765 0.9937819 0.9915064 0.9916048 0.9922654 0.9951202 0.9917884 0.9921482 0.99261016 0.99420345 0.99377614 0.9946845 0.99373025 0.9948003 0.9886067 0.99062407 0.9915953 0.9840034 0.98457706 0.9845451 0.9958467 0.99221504 0.991367 0.99409366 0.99264956 0.99236405 0.9935659 0.99346745 0.9935011 0.9964719 0.9898448 0.99167156 0.9925185 0.9926496 0.99239165 0.99480987 0.99231786 0.99039865 0.99249667 0.99416465 0.99475014 0.9922205 0.9949112 0.9920532 0.9930918 0.9945702 0.98840636 0.9960039 0.99485195 0.9923809 0.9925363 0.99110436 0.9897974 0.993778 0.99367356 0.9910211 0.9921477 0.99109375 0.9911065 0.9856007 0.9926355 0.9912009 0.99439484 0.9928059 0.98887956 0.99362636 0.99400973 0.99630123 0.99445134 0.9937627 0.9945797 0.9914492 0.9918318 0.9900999 0.986947 0.9889677 0.99115914 0.9903658 0.9880171 0.99174213 0.9932647 0.9938768 0.99462026 0.9939459 0.9939941 0.9945482 0.9920006 0.9941052 0.9886579 0.98527825 0.9819978 0.98384386 0.98911405 0.98612 0.98328125 0.9791534 0.98576844 0.9878694 0.990445 0.99305683 0.99379015 0.99259067 0.990186 0.99133515 0.9923165 0.98754126 0.98636043 0.9882866 0.98985225 0.99337184 0.99463105 0.9933596 0.99611706 0.99516815 0.9955938 0.9946104 0.9957727 0.99648017 0.9957488 0.9966637 0.99554443 0.99550855 0.99426323 0.9933309 0.9959269 0.99243814 0.9952385 0.9964782 0.99169475 0.9933108 0.9940869 0.9955735 0.99524415 0.98066634 0.97785366 0.9825666
PetrovicxKosta_SRP18965KostaPNeimarisaKrajem-L2_6 0.98469526 0.98894227 0.9898571 0.98943377 0.99039704 0.98581076 0.98291606 0.97683364 0.9961036 0.9949476 0.99604577 0.99430424 0.9969747 0.9974344 0.9938089 0.9933258 0.99135214 0.9901575 0.99095166 0.99568707 0.9967776 0.9961118 0.9888137 0.99007446 0.99064213 0.9928683 0.9918656 0.992869 0.9935571 0.9954015 0.9935369 0.99352074 0.99518365 0.98768485 0.98592407 0.9872092 0.98523164 0.98709756 0.9903421 0.99120975 0.9928839 0.99397945 0.9899755 0.9912945 0.9848198 0.9879115 0.99249196 0.9938077 0.99518335 0.99521387 0.99587095 0.99474853 0.9941902 0.989236 0.98908985 0.9874584 0.9854946 0.9770351 0.9826894 0.99098086 0.9897244 0.98557365 0.98941827 0.98752975 0.9805168 0.9816118 0.9917668 0.99091065 0.9928488 0.99165404 0.9904507 0.9873234 0.9909247 0.996228 0.9940219 0.9970221 0.99013746 0.98953027 0.99243516 0.9948765 0.990695 0.98842925 0.98786885 0.994323 0.9908396 0.99405324 0.9951525 0.99415 0.995719 0.9892139 0.9917537 0.9943105 0.9895575 0.99048847 0.9915375 0.9916705 0.9888646 0.9921865 0.9902602 0.99175626 0.98821336 0.9911987 0.9927695 0.99614245 0.9957306 0.99052453 0.9935 0.9947434 0.99413806 0.9944871 0.99545133 0.9943418 0.9936906 0.9933297 0.9932062 0.99266195 0.99285436 0.99281543 0.991354 0.9914388 0.9927529 0.99248165 0.99398124 0.99510133 0.9946794 0.99238455 0.9955387 0.99219215 0.9858878 0.98958105 0.99060017 0.9906086 0.9938519 0.99334425 0.9928251 0.9886341 0.98621273 0.9863941 0.9884353 0.9879478 0.9899858 0.9858579 0.98824376 0.99282724 0.994714 0.9962461 0.9888045 0.98739195 0.9906422 0.99242765 0.98081815 0.9817129 0.98020804 0.9756778 0.9936611 0.9936648 0.9941857 0.9917364 0.9917271 0.9945889 0.9942956 0.9947996 0.99364597 0.99305516 0.99463046 0.99436647 0.9927554 0.99596375 0.9925042 0.99593455 0.9951894 0.99639904 0.99761903 0.99669117 0.99626577 0.99500686 0.9939495 0.99380356 0.992836 0.994173 0.99604017 0.9961087 0.9959655 0.99510247 0.9954745 0.9951937 0.9939393 0.9945715 0.99623275 0.9928991 0.9950918 0.9964011 0.99657106 0.99596655 0.9956682 0.99533755 0.99439996 0.9911459 0.9888551 0.992823 0.9890655 0.9930861 0.99297774 0.98988307 0.9887241 0.9904375 0.99004316 0.99368495 0.9880199 0.98491347 0.98666763 0.99356735 0.99246913 0.9897034 0.99238795 0.9937043 0.991749 0.99117434 0.9946513 0.9889154 0.9895028 0.98748976 0.9866338 0.9902054 0.9929358 0.99044526 0.9957849 0.9925004 0.99077386 0.9890303 0.9911425 0.9756087 0.9808429 0.99217796 0.9883665 0.98358285 0.9873074 0.989163 0.98142666 0.9843938 0.9931815 0.99395007 0.9916827 0.99231774 0.9930212 0.98685247 0.9883408 0.9851531 0.9883661 0.9802536 0.9897922 0.9915244 0.98896885 0.9861652 0.9822318 0.9882114 0.99039346 0.98804945 0.9874673 0.98788637 0.98941356 0.989116 0.98999727 0.9861832 0.98970896 0.99331415 0.9929503 0.99112284 0.98721635 0.9924766 0.99446046 0.9910071 0.99156606 0.9934684 0.9901185 0.99184704 0.9866169 0.98933935 0.98773944 0.99236155 0.9907967 0.9866298 0.98552096 0.99186265 0.9887326 0.9858235 0.98310345 0.98628163 0.9884776 0.98777837 0.9857674 0.98974323 0.9891532 0.9903734 0.9867344 0.9887282 0.9882354 0.99124247 0.9908267 0.98904747 0.9873633 0.9977687 0.9996118 0.9978609 0.9996015 0.99933374 0.9999998 0.99870443 0.9858144 0.9845555 0.9863644 0.99295056 0.9949977 0.9927112 0.9894456 0.9930682 0.9898749 0.9921888 0.99220926 0.9911595 0.99497867 0.9937074 0.9955345 0.9933149 0.99258083 0.99245274 0.9922735 0.993672 0.99446523 0.9946327 0.99452215 0.9829365 0.98316556 0.98020214 0.99547845 0.9971439 0.9948933 0.99210835 0.99521416 0.9957034 0.9944569 0.9942996 0.9928607 0.9934436 0.9872531 0.9924999 0.9926198 0.9928654 0.98860115 0.99139524 0.9871717 0.98694754 0.9894245 0.98924506 0.9902869 0.99019235 0.98591685 0.98591644 0.98651737 0.99391866 0.99252945 0.98996824 0.992269 0.9909873 0.9915777 0.98861915 0.98907757 0.9901764 0.99184644 0.9920217 0.9917688 0.99162686 0.99198383 0.99302804 0.99182224 0.9920759 0.9926347 0.9926084 0.9916894 0.9915634 0.9913198 0.99129903 0.99263513 0.99439406 0.99282205 0.99242073 0.99070567 0.9934937 0.9900052 0.98849845 0.9905968 0.9923449 0.9907291 0.98981285 0.99683464 0.9983005 0.99828637 0.99790186 0.9964548 0.99247986 0.9867469 0.98574257 0.98555094 0.9873365 0.9878217 0.9884462 0.98721176 0.9882144 0.9873505 0.9940924 0.9920975 0.9921931 0.99229205 0.995784 0.9922219 0.9925695 0.9932223 0.9946906 0.99395573 0.99539757 0.99398744 0.99566734 0.9894938 0.991116 0.9928779 0.9840846 0.98481995 0.98490703 0.9962698 0.99298626 0.99221396 0.9946659 0.9931265 0.9925028 0.9938405 0.99379355 0.9933006 0.99683106 0.98949754 0.99213934 0.9929191 0.99328643 0.9928083 0.995151 0.9931521 0.9916012 0.9932364 0.99454707 0.99493074 0.99257576 0.9952213 0.9923564 0.9936358 0.99489665 0.98888826 0.996511 0.9956326 0.99284077 0.99341065 0.99163294 0.9899537 0.9941695 0.9939359 0.9912692 0.992486 0.99172574 0.99115086 0.9859153 0.9927967 0.99166775 0.99474436 0.9929932 0.9888344 0.9935732 0.9944224 0.9967643 0.99458104 0.9939994 0.9944188 0.99124885 0.99154776 0.99013054 0.9867835 0.9893941 0.99093884 0.9908365 0.9882344 0.99222 0.99346566 0.9943546 0.9950147 0.99397254 0.9937608 0.99488306 0.9919148 0.99429417 0.98942494 0.9862373 0.9824682 0.9846668 0.9901304 0.98729527 0.9841875 0.9802953 0.9862941 0.987985 0.9902804 0.99286383 0.9939165 0.992711 0.989992 0.99112934 0.9920935 0.98803335 0.9868965 0.9884494 0.99039245 0.9938616 0.9949124 0.99369305 0.99704444 0.99602765 0.99636537 0.9954951 0.9961788 0.99707437 0.9965987 0.99728584 0.9963552 0.99582803 0.99478036 0.9935208 0.9963367 0.9929425 0.9955957 0.99699193 0.9926134 0.99423623 0.9950159 0.99612147 0.99544346 0.98053813 0.9770498 0.98163515
PetrovicxKosta_SRP18965KostaPNeimarisaKrajem-L2_7 0.98429894 0.9887816 0.9896778 0.9878535 0.9891081 0.98776406 0.98576534 0.9791651 0.9955526 0.994027 0.9950035 0.9939283 0.99561536 0.9960066 0.99339885 0.99186116 0.9905194 0.989573 0.99055445 0.99435914 0.99516237 0.9945622 0.9882396 0.98843074 0.9894042 0.9910656 0.9904658 0.98992926 0.9925701 0.9939875 0.9919771 0.9929258 0.9939981 0.98584074 0.98375857 0.98698455 0.9845492 0.98619425 0.98913616 0.98905504 0.9909837 0.9921846 0.98886454 0.988871 0.9838662 0.98669976 0.9905868 0.9919733 0.99352145 0.9941672 0.9957513 0.99497175 0.994434 0.98914444 0.98961025 0.98687416 0.9849899 0.9776112 0.9818767 0.9914267 0.9905045 0.98476285 0.9893013 0.9875611 0.9811852 0.9819937 0.99149126 0.9915968 0.99282455 0.9905851 0.9908468 0.98813915 0.99216145 0.996608 0.9950297 0.9972396 0.9913211 0.9913362 0.9928429 0.99445224 0.99216247 0.987334 0.98687714 0.99259824 0.98847866 0.9921843 0.992851 0.99225247 0.9939811 0.9876952 0.99043095 0.9931254 0.9913404 0.99263835 0.99366105 0.9925498 0.9905496 0.9923282 0.99241155 0.9932037 0.99107605 0.99282527 0.9938993 0.9953998 0.994116 0.98989964 0.99213177 0.99356353 0.9935306 0.99340075 0.9941471 0.99238837 0.99254453 0.9924166 0.9924869 0.9908158 0.9931431 0.99244225 0.9914498 0.99123937 0.99343544 0.9933956 0.994692 0.9952868 0.99390805 0.9924703 0.9950631 0.9923016 0.9861497 0.9890765 0.98949665 0.99000746 0.9925298 0.99209446 0.9924199 0.9875332 0.9849727 0.9856367 0.9873096 0.9861593 0.9874669 0.9832483 0.9857948 0.9928749 0.9947391 0.9961828 0.98946154 0.9879048 0.99111336 0.9927926 0.98160124 0.982637 0.9814978 0.9769539 0.993612 0.9928586 0.993011 0.9897304 0.99016404 0.9937561 0.992938 0.9937465 0.992055 0.991948 0.99351096 0.993 0.99178237 0.99519825 0.99293953 0.99521244 0.99473345 0.99465376 0.99650216 0.9949483 0.99414074 0.9930749 0.9940434 0.9930525 0.99193716 0.9935005 0.9952378 0.99462765 0.9939108 0.99287224 0.9938332 0.9934702 0.9934696 0.9937246 0.9953626 0.99214816 0.99475485 0.9963286 0.99554086 0.9957218 0.9945826 0.9946069 0.99450916 0.99095416 0.98851126 0.9922052 0.98876095 0.9917754 0.99173856 0.98846966 0.988409 0.98956305 0.9888663 0.99214363 0.98773646 0.9848597 0.98599315 0.991725 0.9921021 0.9897904 0.99226546 0.99262816 0.99131197 0.9904335 0.9936232 0.989421 0.9898671 0.9884546 0.9878266 0.9905325 0.99339473 0.9915547 0.99442565 0.9927475 0.9917435 0.9909229 0.99175966 0.9764513 0.9802379 0.99193746 0.98887366 0.9841202 0.9874495 0.9894598 0.983276 0.9845058 0.9928514 0.99195373 0.98916656 0.9903237 0.9916984 0.98717797 0.98868024 0.98599076 0.98919284 0.9815263 0.98948985 0.9904202 0.9880916 0.98762554 0.9845592 0.9893727 0.991795 0.98941344 0.98875684 0.99052745 0.99001604 0.9907392 0.99128747 0.98830587 0.990771 0.9935388 0.9936828 0.9933576 0.98978066 0.9918886 0.9937547 0.9902304 0.9909569 0.9921033 0.99000025 0.99180543 0.987912 0.98965865 0.98683274 0.9920656 0.99013233 0.9885847 0.9871292 0.9927577 0.98871064 0.98791 0.9858697 0.98782444 0.99026704 0.99025047 0.987061 0.99123144 0.99029523 0.99087405 0.9886443 0.9898444 0.98889536 0.99137306 0.99220484 0.99045336 0.9887316 0.9985474 0.998865 0.99914783 0.9986564 0.99871963 0.99870443 0.9999993 0.98548377 0.9837476 0.9862542 0.9934231 0.9948412 0.992499 0.9895157 0.99238265 0.99073833 0.99180424 0.9919365 0.99144506 0.99486697 0.99354744 0.9956104 0.99152416 0.99019617 0.98965 0.9898256 0.9931707 0.9938533 0.9940189 0.9938033 0.981763 0.9813782 0.97835886 0.9935767 0.99489963 0.99224114 0.9918654 0.99415994 0.9946569 0.99358016 0.9931289 0.9915409 0.9917535 0.9851398 0.991596 0.9909598 0.9913831 0.9870339 0.98956764 0.98539287 0.9845454 0.9883993 0.98811126 0.9898741 0.98907346 0.98577785 0.9850883 0.985808 0.9919045 0.9914166 0.9893702 0.9910586 0.9898607 0.9906654 0.9878885 0.98912746 0.989394 0.99110526 0.99163646 0.9910937 0.9906949 0.9915589 0.99152416 0.99103236 0.99134505 0.9918766 0.99091274 0.99010533 0.9892959 0.99059737 0.98930484 0.9911413 0.9937424 0.99114996 0.99050725 0.98888636 0.991922 0.9896615 0.9862105 0.9896903 0.9903187 0.9898867 0.98890275 0.9949661 0.9970989 0.99693596 0.9966163 0.9952682 0.9905403 0.9848162 0.9852874 0.9840182 0.9862807 0.985849 0.9874647 0.9862461 0.9869187 0.9857999 0.99346554 0.99179095 0.99141324 0.9915756 0.9947596 0.99284184 0.9931738 0.9932821 0.9952121 0.9948534 0.9955856 0.99465257 0.99520653 0.9899349 0.9925685 0.9925308 0.98651665 0.98782945 0.98796207 0.99529386 0.9933077 0.992467 0.99500227 0.9933933 0.994339 0.99474794 0.9942378 0.9929495 0.9949468 0.9904565 0.9916493 0.9923538 0.99259645 0.99233556 0.9939661 0.9924107 0.990395 0.99196476 0.9924767 0.9938578 0.99108887 0.99364096 0.9918416 0.99276954 0.99390465 0.9885858 0.9968325 0.9961573 0.99454427 0.99421287 0.99267673 0.9905577 0.9945159 0.9940488 0.9908715 0.9917909 0.991675 0.9916085 0.98752046 0.992636 0.99260396 0.99361956 0.9925447 0.9898863 0.99401516 0.99318963 0.9961264 0.99433076 0.99381554 0.99476814 0.9922484 0.9922121 0.990463 0.9892338 0.9901861 0.9912569 0.9919963 0.9897581 0.99128556 0.99261403 0.9929506 0.9942877 0.99370414 0.9932709 0.99379474 0.99164295 0.9930856 0.9877226 0.9845698 0.98131216 0.98353004 0.9880912 0.9854595 0.9829029 0.9786253 0.9869797 0.9885038 0.9906532 0.99268866 0.99277383 0.9923965 0.99011666 0.99090147 0.99163157 0.9888587 0.98727304 0.98921186 0.99017996 0.99319667 0.9947605 0.9933945 0.9951312 0.9938153 0.9933825 0.9925587 0.99401474 0.9954915 0.9941554 0.99527043 0.9936556 0.99452305 0.9933927 0.9914203 0.99540186 0.99054563 0.9936405 0.9950599 0.9897879 0.99136394 0.99223405 0.9943067 0.99440736 0.982669 0.9788129 0.98354596
PopovicxPanta_SRP18691PantaPKakavJeKo-L2_1 0.9948904 0.99589133 0.9948783 0.9914976 0.9925102 0.9932518 0.99086434 0.9874297 0.9918132 0.9933471 0.993326 0.9946951 0.9913367 0.9913751 0.99544966 0.99355733 0.99382585 0.995468 0.99592936 0.9935441 0.990409 0.9918426 0.9939896 0.9927922 0.9930577 0.9899391 0.99222845 0.9874312 0.9916195 0.9892951 0.9890204 0.9913116 0.98990905 0.98977757 0.9875478 0.994408 0.99511045 0.9917988 0.9939147 0.99327344 0.9925621 0.9914558 0.9937067 0.9910701 0.9928927 0.99468064 0.9925581 0.9931681 0.99361676 0.99313354 0.99405855 0.9931841 0.99107444 0.9909134 0.9876944 0.99577177 0.99638873 0.9920839 0.99397963 0.9951247 0.9947146 0.9945366 0.9959112 0.9948375 0.99372476 0.99448717 0.99195623 0.9915496 0.99070996 0.9941365 0.99480265 0.99170667 0.9912922 0.99232936 0.99289525 0.9924729 0.99423677 0.99287355 0.994294 0.993965 0.9926554 0.9926604 0.99446326 0.98974055 0.9883111 0.9907399 0.99015796 0.9914977 0.9915972 0.9908502 0.99243504 0.99172235 0.9934055 0.9931249 0.9926054 0.9934894 0.99064606 0.9921218 0.9908522 0.9905963 0.9915066 0.9939954 0.99330825 0.99038553 0.9891795 0.99438775 0.9901774 0.9911483 0.9931672 0.99186015 0.9916062 0.99152005 0.9917822 0.9933927 0.99231434 0.990712 0.9936214 0.9927983 0.992407 0.9928252 0.9925826 0.9900425 0.9943093 0.993755 0.99410707 0.99470776 0.99384725 0.9940753 0.99516773 0.995879 0.99588484 0.9955117 0.99531674 0.9953908 0.9952475 0.9914146 0.9933354 0.9940722 0.99454814 0.98806936 0.98821723 0.9838818 0.9870961 0.9942681 0.99273324 0.9925422 0.9927311 0.9931268 0.99268025 0.9925316 0.993091 0.99061036 0.9887931 0.9878409 0.9935026 0.9930465 0.9922182 0.9911164 0.9906315 0.98707783 0.9895244 0.9858529 0.98710227 0.9866692 0.9885835 0.98943657 0.9910277 0.9931191 0.9919238 0.99285424 0.99160993 0.9873348 0.99026 0.98941743 0.9866772 0.9885074 0.992694 0.9906824 0.9909285 0.9954661 0.99308413 0.99176913 0.9915433 0.98888725 0.987507 0.98448235 0.9954597 0.9940917 0.9929873 0.99440384 0.99322647 0.9927457 0.9896789 0.99276865 0.9924289 0.99454373 0.99452657 0.99419194 0.992615 0.99304384 0.9894846 0.98977053 0.9916357 0.98978937 0.9933557 0.9878918 0.98779696 0.98849744 0.9865451 0.9841787 0.9856223 0.9887672 0.9940932 0.99417424 0.9945523 0.9923475 0.99394655 0.99323773 0.9917873 0.9947026 0.9942772 0.989887 0.98936427 0.9917374 0.9930426 0.99175376 0.99104786 0.9940182 0.99290526 0.9918749 0.9924921 0.99007106 0.9924281 0.99452007 0.99315506 0.99282575 0.9930938 0.99041545 0.9896675 0.99156696 0.9928738 0.9844956 0.9757085 0.9839794 0.98632556 0.99232507 0.9927588 0.99356663 0.99297595 0.9879049 0.9922504 0.9930287 0.99383575 0.991177 0.99001014 0.9920008 0.9941621 0.99527556 0.99399203 0.98911476 0.9915457 0.9910245 0.98799837 0.98858726 0.9908198 0.9923086 0.9918936 0.98905146 0.9866266 0.9953366 0.9939898 0.99521965 0.9937647 0.99381864 0.991934 0.9932084 0.99420995 0.99584246 0.99260914 0.9941535 0.99454284 0.99253654 0.99263763 0.9940759 0.99438685 0.99074453 0.98712534 0.9926361 0.9924821 0.9885806 0.9946271 0.99448055 0.9941172 0.99548066 0.99222034 0.99327207 0.9925536 0.9954287 0.9942267 0.99184364 0.9903693 0.9880595 0.98562545 0.9870578 0.9861959 0.9859623 0.9858144 0.98548377 1.0 0.998744 0.9980196 0.9936948 0.9946597 0.9957319 0.99592084 0.9955328 0.9942631 0.99505347 0.9955338 0.9964122 0.9940828 0.99503475 0.9936316 0.9933327 0.9921189 0.98988366 0.99126124 0.9951458 0.9946663 0.9947733 0.99558455 0.99083745 0.98844045 0.98791355 0.98950243 0.98669386 0.98581034 0.9954735 0.99397624 0.99385005 0.99423563 0.9933261 0.99444497 0.99187183 0.9881131 0.9947042 0.99226844 0.9927691 0.9924215 0.99058324 0.989371 0.9887891 0.9945209 0.99303335 0.99409914 0.99216837 0.99234396 0.9911905 0.9893806 0.98126525 0.9922273 0.9927405 0.992758 0.99185306 0.992252 0.99341536 0.9884002 0.9888164 0.98991257 0.99207115 0.99178004 0.99316293 0.9962806 0.9926202 0.996032 0.99674374 0.9957364 0.9935503 0.99553335 0.9886471 0.99646986 0.9897395 0.9900073 0.99431974 0.9912347 0.986151 0.988357 0.98925555 0.99598086 0.98996645 0.9947022 0.9921646 0.9956505 0.99568766 0.9890968 0.98904467 0.9881021 0.98801327 0.99122155 0.990416 0.9933913 0.9932395 0.9936093 0.9945152 0.99400526 0.9942788 0.994262 0.9947225 0.99447113 0.99410474 0.99084187 0.98928773 0.99342245 0.989915 0.98950386 0.9889538 0.9861092 0.98936176 0.9914971 0.991146 0.9935771 0.9926125 0.99145055 0.9919104 0.99104345 0.9881052 0.9858599 0.98589456 0.98969644 0.99027497 0.9911206 0.99168426 0.9930166 0.9909027 0.9907898 0.9907193 0.99270886 0.9895191 0.99281394 0.99105716 0.9905952 0.991305 0.99076545 0.9895088 0.9888634 0.9875162 0.9912551 0.9896115 0.991663 0.99262065 0.9914831 0.99231863 0.99002063 0.99135876 0.99187267 0.99189067 0.99088854 0.9906498 0.99194896 0.9926171 0.9934249 0.99207956 0.99212146 0.9943113 0.99396306 0.9928681 0.99402714 0.99142116 0.99312603 0.99373496 0.9924504 0.9913736 0.99183583 0.993198 0.9957939 0.9928782 0.9915168 0.99367017 0.99408394 0.99591917 0.9948077 0.9958967 0.9902294 0.9926353 0.9942007 0.99229115 0.99378455 0.9943673 0.9942905 0.99081945 0.99201244 0.992914 0.9915753 0.9928032 0.9928676 0.9932883 0.9926989 0.9920816 0.98906946 0.9908689 0.98963034 0.9902529 0.99070954 0.9875026 0.98906255 0.9903948 0.9905357 0.9913072 0.9904798 0.99095273 0.99202466 0.99193436 0.99102587 0.9912429 0.9896285 0.9901016 0.9898906 0.9898039 0.9897342 0.98827994 0.98974544 0.9847487 0.9819407 0.97663105 0.987058 0.98833996 0.9879956 0.9876995 0.9844241 0.98925054 0.9860419 0.98176163 0.98523307 0.9850084 0.98528516 0.98484504 0.9805107 0.9795743 0.982704 0.98378813 0.98746294 0.99233043 0.9910049 0.99095595
PopovicxPanta_SRP18691PantaPKakavJeKo-L2_2 0.99620885 0.9954965 0.995541 0.99394804 0.9942253 0.99228555 0.9903461 0.9876356 0.98984754 0.9925295 0.9925574 0.9932726 0.9905878 0.9904927 0.9945612 0.9938443 0.99421537 0.9955587 0.9953195 0.99261785 0.9897777 0.9917218 0.99183476 0.9917721 0.991986 0.98959106 0.9917931 0.9878946 0.99074453 0.98883957 0.98910296 0.98978686 0.9895554 0.99103034 0.98950934 0.9939177 0.994854 0.99259377 0.9935839 0.99364746 0.99307036 0.99191535 0.9940966 0.99285316 0.9935259 0.99425906 0.9932298 0.99377596 0.9930459 0.99349463 0.9930051 0.99207485 0.99110854 0.9912145 0.9874959 0.99618566 0.9966433 0.99273884 0.9952097 0.9951319 0.99495894 0.9952906 0.99461454 0.9940994 0.9929794 0.9937962 0.9916612 0.98991966 0.9899828 0.99297315 0.99384177 0.9888958 0.990344 0.9914608 0.99189264 0.99182796 0.9917089 0.9910448 0.9938691 0.99238825 0.9913153 0.99421275 0.99521554 0.98990995 0.99008733 0.9912011 0.9910296 0.99208707 0.99186647 0.9920346 0.993117 0.9923214 0.9931601 0.99212134 0.9915879 0.99348265 0.99049383 0.99236256 0.9903173 0.9909045 0.99099725 0.9936519 0.99283695 0.98981756 0.98963577 0.9942217 0.9910091 0.9912987 0.9928409 0.99170125 0.9911919 0.9921186 0.9922254 0.9939824 0.9924782 0.9919998 0.99216247 0.99090916 0.9899828 0.99083036 0.9904188 0.98766357 0.9925799 0.99159825 0.99285716 0.99272335 0.99327075 0.99167264 0.9934534 0.9943912 0.9948412 0.9940444 0.9944509 0.99490595 0.99370396 0.9930293 0.99459845 0.9953696 0.99549806 0.9892578 0.989814 0.98593557 0.98873454 0.9926978 0.99018776 0.9907538 0.991598 0.991436 0.99163115 0.9912424 0.99263203 0.9891262 0.9880663 0.98675746 0.9932396 0.9929042 0.9920749 0.9931626 0.99293625 0.9866291 0.9900284 0.98557794 0.9875139 0.98675454 0.9884868 0.99006593 0.99177736 0.99281067 0.9919536 0.992597 0.9920382 0.9878099 0.98988956 0.9898412 0.98735094 0.9898685 0.9924108 0.99151164 0.9918834 0.9948342 0.9924521 0.9918057 0.9916206 0.98946404 0.98733366 0.9843377 0.9950845 0.9946228 0.9929166 0.9949979 0.9924825 0.990939 0.98935103 0.9917561 0.9923986 0.9932006 0.9929593 0.99299604 0.9916388 0.99275655 0.98987716 0.9904881 0.9920277 0.9910802 0.9933549 0.9880893 0.9886645 0.9886035 0.98653036 0.9839152 0.9859444 0.98948264 0.99387175 0.9928756 0.9937238 0.99248064 0.99297214 0.9938321 0.9917663 0.9942483 0.99421644 0.99155587 0.99103737 0.99262005 0.9935226 0.99263406 0.9913834 0.9938113 0.9936229 0.9917094 0.99321234 0.98683625 0.99037546 0.99446064 0.9938054 0.9921069 0.9930843 0.9915809 0.9875548 0.99187726 0.99302053 0.9849582 0.9751329 0.9838257 0.9857782 0.9916188 0.9928341 0.9926718 0.9906445 0.98460054 0.9914297 0.9923308 0.99358 0.9894103 0.9872195 0.99058694 0.9919274 0.99460405 0.9921714 0.9860198 0.98893327 0.98867923 0.98770505 0.98677313 0.9898366 0.99130076 0.9910564 0.98814327 0.9861152 0.995626 0.9936359 0.9957377 0.9929776 0.9941388 0.9912323 0.99257505 0.99266165 0.9944605 0.9930992 0.99369603 0.9948647 0.9911905 0.99040765 0.9939788 0.9942324 0.9894999 0.98548573 0.9905231 0.99011576 0.98645 0.99312323 0.99326694 0.9927269 0.99488884 0.99066347 0.9924552 0.9921214 0.9941052 0.9930844 0.9906605 0.98941416 0.98623216 0.98432076 0.9849588 0.9847486 0.9846403 0.9845555 0.9837476 0.998744 1.0 0.99825865 0.9916725 0.9932766 0.9947323 0.9948438 0.9949593 0.99271 0.9945233 0.9939009 0.9955313 0.99379975 0.99480116 0.99318165 0.99381036 0.9931277 0.9912045 0.99231243 0.99463725 0.9940773 0.9938134 0.9945267 0.99331224 0.99143 0.9912965 0.9900645 0.98676944 0.98631173 0.9939883 0.99319595 0.99339765 0.9941236 0.99363726 0.99456084 0.9930017 0.98972905 0.9944748 0.9929784 0.9932358 0.9926165 0.9916823 0.9908033 0.9904146 0.9937754 0.99372 0.9941252 0.9927704 0.992496 0.9923164 0.9902596 0.98316246 0.9916499 0.9914988 0.9928443 0.99148667 0.99164945 0.9922527 0.98675096 0.9871975 0.98861235 0.9909346 0.9912201 0.9928537 0.99633116 0.99340045 0.99543405 0.996086 0.995209 0.99435925 0.99580526 0.9904425 0.9963425 0.99105936 0.9909557 0.99419916 0.9923802 0.9875738 0.99007446 0.99030316 0.9949405 0.9917323 0.9947261 0.99299 0.9952848 0.995947 0.98986584 0.98849356 0.9876807 0.98805916 0.99157226 0.99154717 0.9933891 0.9918611 0.99217796 0.99292374 0.9933369 0.9927238 0.99286324 0.9939407 0.9938763 0.9935623 0.991348 0.98956835 0.9930229 0.9899784 0.9891455 0.9880563 0.98598695 0.98939687 0.99118483 0.99104166 0.99281025 0.9922173 0.99056965 0.99064225 0.9902254 0.9869915 0.9844066 0.98452646 0.9903938 0.9899625 0.9911025 0.9914683 0.9928495 0.99032676 0.9899032 0.99032897 0.9922221 0.9894895 0.99057233 0.9881498 0.9891302 0.9903897 0.9894741 0.98857874 0.9879126 0.9873664 0.9893024 0.988192 0.9898783 0.99109983 0.99021363 0.9899383 0.9873016 0.98904717 0.9890143 0.99066013 0.9898996 0.98902893 0.990455 0.99078417 0.9910236 0.9904594 0.99164623 0.9936488 0.9927712 0.9920495 0.9925622 0.9897725 0.9916853 0.9917428 0.9913912 0.9906404 0.99026775 0.9924204 0.9951966 0.99164766 0.99073035 0.9925063 0.993411 0.9946941 0.99402225 0.9953143 0.9893374 0.9927757 0.9946958 0.99174136 0.99184465 0.9942665 0.9944401 0.9915935 0.9920064 0.9932061 0.9923055 0.9928289 0.9934369 0.9936458 0.993999 0.99354017 0.9913751 0.99260825 0.99117947 0.9920449 0.9925789 0.99015296 0.9865579 0.9879273 0.98862654 0.9900721 0.9901817 0.99003845 0.99044734 0.99149543 0.99007714 0.98850775 0.98759544 0.98750246 0.987943 0.9881805 0.988105 0.98687774 0.9897449 0.9856197 0.98239315 0.977142 0.9872233 0.98850244 0.98867345 0.9879049 0.9854097 0.9896493 0.9868034 0.9830522 0.98549914 0.9863985 0.9858994 0.9854184 0.9824476 0.9809329 0.98397195 0.98446107 0.98802114 0.9925125 0.99229306 0.9914902
PopovicxPanta_SRP18691PantaPKakavJeKo-L2_3 0.9942932 0.99537146 0.9951257 0.99254453 0.99243325 0.9942353 0.99245375 0.9907613 0.9909665 0.99148023 0.9923058 0.9936152 0.9905938 0.99044514 0.9941123 0.99195516 0.99238896 0.99390787 0.99458385 0.9922513 0.9886846 0.9906767 0.9917648 0.9903475 0.99052364 0.98778534 0.9901165 0.98556125 0.9892992 0.98758304 0.9875542 0.98917985 0.98835456 0.9876585 0.98583794 0.9923508 0.99264944 0.9897633 0.99317724 0.99322295 0.9923486 0.99123925 0.9941145 0.99107754 0.9917434 0.99326664 0.992136 0.99342376 0.9931561 0.99349713 0.9949158 0.99459547 0.9937501 0.992918 0.9908676 0.99468166 0.9955161 0.9899627 0.99237543 0.9943814 0.9944198 0.9926024 0.9941064 0.9935061 0.99200904 0.992636 0.99298537 0.99217814 0.9922051 0.99510247 0.99504733 0.9913402 0.99352485 0.99364114 0.9943904 0.993219 0.9934856 0.9936744 0.9960848 0.99411774 0.9938017 0.9940222 0.9950499 0.9917936 0.9904592 0.9932114 0.9920768 0.99373204 0.9929858 0.9940304 0.99539024 0.9911742 0.99503994 0.9942314 0.99426 0.9958137 0.9939328 0.9951573 0.9937901 0.9938712 0.99373317 0.9949343 0.9942577 0.9923866 0.99079657 0.99594593 0.99186194 0.99271953 0.99471974 0.9942137 0.9934991 0.99372745 0.99398506 0.99523956 0.9945913 0.99297434 0.99472713 0.9940005 0.99310476 0.9936204 0.99358284 0.9915324 0.9939711 0.99282736 0.9940316 0.99449486 0.99411976 0.99308276 0.99450547 0.9954059 0.99495053 0.99453443 0.9950186 0.9955083 0.99513286 0.9901924 0.99284136 0.9940461 0.9938953 0.99100965 0.9909308 0.9877593 0.99035734 0.9951173 0.9929439 0.9928912 0.99462855 0.99455655 0.9947008 0.9942154 0.99271315 0.9914342 0.9906683 0.9892203 0.9938132 0.9928493 0.9916272 0.9930926 0.99342996 0.9893994 0.9912106 0.98802924 0.9887396 0.9887929 0.9900295 0.9904712 0.9914616 0.99355084 0.9931437 0.994158 0.99335617 0.98881656 0.9910067 0.9904942 0.98798656 0.98996514 0.9926504 0.99026346 0.9897319 0.99524915 0.99280864 0.99077004 0.99089277 0.9901337 0.9887744 0.98618424 0.99588597 0.9955214 0.994926 0.99620205 0.99222517 0.9918117 0.9890285 0.9922228 0.99191844 0.99342036 0.9940896 0.9950307 0.9945369 0.99452585 0.99251676 0.99254704 0.99366534 0.9924132 0.9951457 0.9911961 0.99094343 0.99103475 0.99010575 0.98804045 0.98953485 0.99156207 0.9931648 0.9925359 0.9934927 0.9911948 0.9924046 0.99243695 0.99125314 0.99347526 0.99361515 0.99089926 0.9901053 0.9916947 0.99358696 0.99291307 0.9928195 0.9941811 0.99441606 0.9930898 0.9930073 0.98640233 0.9899874 0.9953926 0.9957372 0.9950035 0.99546653 0.994115 0.99169445 0.9942818 0.9941677 0.98632234 0.9770489 0.985597 0.9878793 0.9944005 0.99502105 0.99369144 0.99244404 0.988738 0.9934827 0.99387634 0.9946443 0.99274266 0.99004203 0.9934364 0.9940115 0.996094 0.9943737 0.98923373 0.991827 0.99227387 0.9918448 0.9913837 0.9940463 0.9945713 0.99436796 0.99212784 0.99076456 0.9960926 0.99438345 0.9962182 0.99371254 0.9948 0.9940265 0.99443585 0.9937237 0.9945454 0.99249554 0.9937448 0.9950366 0.9929656 0.9921966 0.99427634 0.99399734 0.9914535 0.9887175 0.9925779 0.9923446 0.9885305 0.99356955 0.9948581 0.99380696 0.99553883 0.9938838 0.9951962 0.9946516 0.99579227 0.9957992 0.99450564 0.99297947 0.9891315 0.98655945 0.98724484 0.98675007 0.98641 0.9863644 0.9862542 0.9980196 0.99825865 0.9999996 0.9943083 0.99432 0.99563056 0.9963077 0.99570066 0.9958671 0.9962821 0.9946169 0.9959511 0.9947371 0.99546087 0.9945807 0.9940163 0.99223834 0.9908288 0.99223053 0.99413425 0.994203 0.9934279 0.9940258 0.9916203 0.9888598 0.988634 0.9915768 0.9880471 0.98808086 0.9946778 0.99311227 0.9934188 0.9944924 0.9927126 0.9937428 0.9914518 0.9863801 0.9946853 0.99321866 0.9935538 0.9910043 0.9904778 0.989316 0.98809767 0.9923682 0.9926303 0.99405503 0.9919983 0.991583 0.9910709 0.98909533 0.9826444 0.993029 0.9930956 0.9929055 0.9924954 0.99297655 0.9934667 0.9905695 0.9911137 0.9918269 0.9936757 0.9935511 0.9938738 0.99635816 0.99204403 0.9955586 0.9958166 0.99516827 0.99287826 0.9936565 0.98833966 0.9954015 0.98879194 0.9891661 0.9943414 0.9911579 0.9859357 0.9879848 0.9890754 0.99493873 0.98864174 0.9936686 0.99071234 0.9944731 0.9954045 0.99046797 0.9898733 0.9892328 0.9885926 0.99171257 0.990255 0.9936485 0.9942616 0.99328953 0.99368006 0.993202 0.99381506 0.9932798 0.9935609 0.99369574 0.99400824 0.9926366 0.99165046 0.99410194 0.9915566 0.9920505 0.99139625 0.9893702 0.99193877 0.99313617 0.99291277 0.99477154 0.993567 0.9932983 0.9932817 0.9929695 0.9903613 0.98847234 0.98869985 0.99151087 0.9925863 0.99338937 0.99344516 0.9939337 0.9924611 0.99227834 0.99318236 0.9937711 0.99074215 0.9932446 0.9905588 0.9915639 0.99229074 0.9924671 0.9909624 0.9912524 0.9911909 0.99091333 0.9893121 0.9914128 0.992536 0.9918981 0.99202675 0.989156 0.9903774 0.9914694 0.9922773 0.9913164 0.99115413 0.99289423 0.99290156 0.9933815 0.9927321 0.9930532 0.99503124 0.9943648 0.9945736 0.9942849 0.99359584 0.9930185 0.9940587 0.99315834 0.99307877 0.99316806 0.9941954 0.99510896 0.9931731 0.9929005 0.99358773 0.9940934 0.99634004 0.99573153 0.99624705 0.9930548 0.9951217 0.99533993 0.99413687 0.99354875 0.99566704 0.99521893 0.99200404 0.99356645 0.9950227 0.9936065 0.99398726 0.9951947 0.9944054 0.99177974 0.9909338 0.9879315 0.98968977 0.9885871 0.9893327 0.98915225 0.98648137 0.99013036 0.9905388 0.9914115 0.992477 0.99231076 0.9928538 0.99300975 0.9935439 0.99222505 0.9914302 0.99085516 0.9907352 0.9911876 0.9911574 0.9905538 0.9901967 0.99056685 0.98569214 0.9825112 0.97796 0.98575747 0.98805785 0.98787427 0.9873667 0.9848629 0.9894111 0.9854069 0.981624 0.98549986 0.9844374 0.98466694 0.9852833 0.9815052 0.9797882 0.982862 0.9837359 0.98719376 0.9926379 0.99105585 0.9906914
PopovicxStevanV_SRP18882StevanVPSumarevaCerka-L2_1 0.9888967 0.99466926 0.9932713 0.989362 0.9907501 0.99352556 0.9908278 0.9858231 0.9962451 0.99413794 0.99492 0.9961801 0.9939562 0.99402976 0.99497426 0.992086 0.99098825 0.9919013 0.9938645 0.9951032 0.9918257 0.99226767 0.993471 0.9918255 0.9915044 0.98928934 0.99081516 0.987224 0.99192965 0.9906074 0.9897148 0.99293333 0.99110687 0.9847411 0.9816862 0.99168795 0.9901845 0.98740345 0.99417335 0.99389327 0.9935736 0.9925015 0.9934157 0.98980105 0.9901404 0.9925196 0.99272 0.99396986 0.9952067 0.99406826 0.99738663 0.9964405 0.99442816 0.9913588 0.99099576 0.9920449 0.9918736 0.98483026 0.98735845 0.9934845 0.99246866 0.98950404 0.99440247 0.9926658 0.98901117 0.9897452 0.9939452 0.9946662 0.99434286 0.9974594 0.9964952 0.99505544 0.9960275 0.997299 0.99693483 0.9964712 0.9960702 0.9951922 0.9964617 0.9974349 0.995698 0.99121577 0.9926756 0.9941155 0.9911822 0.99491227 0.9933583 0.99464506 0.9952889 0.9921916 0.9949084 0.99076676 0.9954068 0.9938858 0.99466115 0.9956316 0.99350274 0.9954067 0.99491364 0.99385315 0.99270946 0.9933689 0.99395525 0.99622196 0.9931628 0.9959853 0.9919254 0.99370205 0.99637616 0.9953679 0.9960333 0.9940387 0.99449706 0.9946787 0.9960103 0.9920298 0.9977297 0.9982192 0.9967471 0.99662167 0.99716336 0.99589694 0.9966019 0.99731547 0.9971241 0.9970293 0.9956744 0.9966009 0.9941461 0.9957454 0.9950041 0.99572986 0.99646926 0.9962964 0.9962186 0.98760456 0.98936427 0.9906862 0.99140364 0.9905827 0.99005467 0.9862524 0.98973376 0.9968704 0.9975575 0.9975318 0.9959946 0.9956277 0.9961837 0.9971787 0.9908735 0.99136895 0.98909867 0.9873928 0.9966986 0.99557245 0.9941692 0.9912084 0.9908843 0.99326575 0.992486 0.9919892 0.99036205 0.9917966 0.9930662 0.99101657 0.9912401 0.99535817 0.9935669 0.99627906 0.99431664 0.9909047 0.9947939 0.9931089 0.9905546 0.9909034 0.99327797 0.9899828 0.9887884 0.9961716 0.99508727 0.9924468 0.99232507 0.99220747 0.99317014 0.9910254 0.9969621 0.9958191 0.9967593 0.9944354 0.9934979 0.9957521 0.9915685 0.9945546 0.99262595 0.9957806 0.9971681 0.99668705 0.9947792 0.9951203 0.99193215 0.993607 0.99426866 0.9909047 0.99435127 0.99276567 0.9909586 0.99362004 0.99062717 0.9877682 0.98845816 0.99261975 0.99426687 0.9934788 0.99480444 0.992344 0.9939282 0.9918871 0.9930819 0.99279547 0.9925589 0.98796487 0.9868655 0.9900646 0.9935015 0.99203396 0.9941537 0.9945921 0.993088 0.9929511 0.991772 0.98695546 0.98991966 0.9962002 0.9948174 0.9936702 0.99479276 0.99213886 0.993199 0.99157333 0.994902 0.98886317 0.9826843 0.9883398 0.9910449 0.9940844 0.9939806 0.9925095 0.99518406 0.990825 0.99432796 0.9946252 0.9938615 0.9933159 0.992243 0.9953592 0.996462 0.9947547 0.9951025 0.99423814 0.99571913 0.99554133 0.99415565 0.9940237 0.9962215 0.99733794 0.9965816 0.99495244 0.9927187 0.9951516 0.9948202 0.99451405 0.99547786 0.99498415 0.9956327 0.99553156 0.9942155 0.9951207 0.9927991 0.99589735 0.9950653 0.9936465 0.9936311 0.9950552 0.9929766 0.99227697 0.99032855 0.99389786 0.99443245 0.99217737 0.99335134 0.9957075 0.99500877 0.9946094 0.99481237 0.99539113 0.99406934 0.99722975 0.99611825 0.9952359 0.99347603 0.9953409 0.9932988 0.99422526 0.9932026 0.99265707 0.99295056 0.9934231 0.9936948 0.9916725 0.9943083 0.9999999 0.9987417 0.9986168 0.9977719 0.9978229 0.9978583 0.9978637 0.9963426 0.99615383 0.9952989 0.9957012 0.99563116 0.9941479 0.99152696 0.9902123 0.9910294 0.9956997 0.9961772 0.9961234 0.9962586 0.98663497 0.9842609 0.9818498 0.9934466 0.9918531 0.9913048 0.9964185 0.99509495 0.99551576 0.9950944 0.9928932 0.99373084 0.9910416 0.9849398 0.99512434 0.99332243 0.9941853 0.9909103 0.990244 0.98780495 0.9863255 0.9928647 0.9918285 0.99306166 0.99068666 0.9898495 0.98840916 0.9880179 0.9847027 0.9963831 0.99594766 0.99485344 0.99476045 0.995548 0.99502134 0.9955937 0.9953423 0.9966123 0.99680465 0.99551886 0.9953653 0.99512815 0.9910142 0.9957423 0.99552745 0.99558294 0.9921354 0.99259704 0.9865836 0.9946016 0.98673683 0.9881808 0.9944141 0.9890322 0.9853383 0.98498785 0.98821795 0.99506843 0.9854914 0.9932874 0.989577 0.99336696 0.99309826 0.99300826 0.99468964 0.99412954 0.9926771 0.9944243 0.99071157 0.9937373 0.99494207 0.9937152 0.99482733 0.99306476 0.9955943 0.99412084 0.9931031 0.9934507 0.99445003 0.99115384 0.9904419 0.99402034 0.9939786 0.99346626 0.993199 0.99101573 0.99487835 0.9961139 0.9962701 0.99726224 0.99660766 0.9958699 0.9962148 0.9961294 0.99115133 0.9914285 0.9918365 0.9943391 0.99541485 0.9950943 0.99611145 0.99535006 0.99540424 0.9966426 0.9966051 0.9951474 0.99347657 0.9949939 0.99588776 0.99579024 0.99455917 0.99473405 0.9939996 0.99699 0.995035 0.9966476 0.9954442 0.99673855 0.9962128 0.9960801 0.99669766 0.99589336 0.99595064 0.9954612 0.99628687 0.9954022 0.9953158 0.9962764 0.9956725 0.99678516 0.9970172 0.994982 0.99513066 0.9965153 0.9957868 0.99611896 0.9943208 0.9961759 0.99711317 0.99711084 0.99482834 0.9950255 0.99617964 0.99655545 0.9970522 0.9952336 0.9963 0.99598503 0.99651456 0.99569535 0.9953334 0.9936721 0.99428713 0.99472076 0.9956912 0.995546 0.9971068 0.9954371 0.99380016 0.9963089 0.99583364 0.9937081 0.99613386 0.9945663 0.99584985 0.9895676 0.98752105 0.9823356 0.98587495 0.98647094 0.9855851 0.9843433 0.9811655 0.99442077 0.99564934 0.9963382 0.9965869 0.9954869 0.9967435 0.9960279 0.9952421 0.9958824 0.99588937 0.9949577 0.9958315 0.99598193 0.99666095 0.99713904 0.9958006 0.9940868 0.9875666 0.98678726 0.98296213 0.9895226 0.9914477 0.9905231 0.99125713 0.98816943 0.991971 0.98804706 0.9840473 0.9890739 0.985626 0.9877358 0.9890271 0.9827118 0.98277855 0.9854612 0.98694634 0.98959124 0.9897056 0.9848454 0.9872885
PopovicxStevanV_SRP18882StevanVPSumarevaCerka-L2_2 0.9909408 0.99505055 0.9943354 0.992073 0.99339986 0.99246174 0.98970413 0.9843111 0.9969861 0.99654573 0.99711496 0.99732065 0.996472 0.99681467 0.99684983 0.9951913 0.9938774 0.99436915 0.99560386 0.9972565 0.9953861 0.99567705 0.9941045 0.99365306 0.9936105 0.99260265 0.9935154 0.9910511 0.9946582 0.9940844 0.99319345 0.99504083 0.9943639 0.9896576 0.98732066 0.9929055 0.99161434 0.99032867 0.9951643 0.9950234 0.99531406 0.9951687 0.9946595 0.9928303 0.99150693 0.9935473 0.9949734 0.99584824 0.99685496 0.9965269 0.99811137 0.9971427 0.9955813 0.992202 0.99114865 0.99385345 0.993091 0.98663616 0.98997766 0.99566007 0.9944386 0.9920056 0.9957794 0.99411476 0.98970175 0.9905378 0.9952276 0.99516016 0.9954888 0.99709415 0.9963571 0.99360126 0.9950368 0.9978705 0.99686503 0.9976421 0.99559236 0.9945007 0.9964754 0.99790907 0.9952393 0.99334884 0.9941836 0.9952466 0.9926511 0.9958228 0.99546933 0.99571806 0.9968721 0.9929544 0.99548966 0.99456716 0.99515903 0.99430096 0.9946747 0.9960223 0.99298155 0.99562645 0.9940994 0.99402285 0.99250925 0.9946606 0.9953698 0.9972781 0.9959155 0.99592686 0.99432683 0.99565595 0.9971843 0.99629986 0.99679434 0.99553347 0.9958554 0.99630505 0.9965267 0.99422634 0.99692506 0.9973432 0.9960219 0.99605364 0.9964986 0.994897 0.9973865 0.99802166 0.9979134 0.9970162 0.99748623 0.99668264 0.9938557 0.9959294 0.99615616 0.9963975 0.9977932 0.99742234 0.996648 0.9914395 0.9918925 0.99277997 0.99402153 0.9909853 0.9915761 0.9873885 0.99065745 0.99637824 0.9972247 0.9981279 0.99485934 0.9943963 0.9953581 0.9964584 0.98999643 0.98937994 0.9876368 0.98518574 0.9972962 0.9966057 0.9959352 0.99361455 0.99330175 0.99352247 0.9939263 0.9928564 0.9919422 0.99249667 0.99403685 0.99381757 0.9936526 0.9971338 0.99485755 0.9972475 0.9957616 0.99352086 0.9967295 0.99527544 0.99311626 0.99378973 0.99528134 0.9935013 0.99294007 0.9973717 0.99723226 0.9957303 0.99530387 0.9946386 0.9946146 0.9927913 0.99793583 0.9973058 0.9977155 0.99568313 0.9959512 0.99747014 0.9950532 0.996855 0.9959259 0.99758595 0.99794316 0.99618655 0.9939326 0.99576 0.9920955 0.9947188 0.99532205 0.9922718 0.9940987 0.9923784 0.9914899 0.9942966 0.9901398 0.98688984 0.9882524 0.99402046 0.9959394 0.9945141 0.996589 0.99546623 0.9956915 0.9945107 0.9958654 0.99440885 0.9943855 0.99069804 0.9897229 0.99292076 0.99532366 0.99346465 0.99582386 0.9957771 0.99410546 0.9932157 0.9938481 0.9856592 0.98924315 0.99654216 0.9943084 0.9917581 0.99379474 0.9924017 0.99015814 0.9902739 0.9959675 0.99094015 0.98508996 0.98974377 0.9918309 0.99288994 0.99377483 0.99203956 0.9943063 0.9880333 0.993977 0.99487305 0.9939986 0.9919799 0.99036425 0.99414295 0.99590987 0.9945514 0.99417615 0.99304676 0.99461097 0.9942165 0.992924 0.9918184 0.99438083 0.9966268 0.99605095 0.99383664 0.99089265 0.99685365 0.996881 0.9959473 0.99632967 0.9965048 0.995148 0.9961424 0.993609 0.9956768 0.99373925 0.9968122 0.99573576 0.9928989 0.9924494 0.99615294 0.9938377 0.99172795 0.9892419 0.99312556 0.9938242 0.9919842 0.9933972 0.99554926 0.9948335 0.995552 0.99321526 0.9947596 0.9937556 0.99694324 0.99570566 0.994078 0.9927013 0.9954988 0.9951574 0.9952332 0.9950357 0.99461055 0.9949977 0.9948412 0.9946597 0.9932766 0.99432 0.9987417 0.99999976 0.99891484 0.99712896 0.9986348 0.9964744 0.9981723 0.9969045 0.99691665 0.99690366 0.9969532 0.9969303 0.99583757 0.9942846 0.99294126 0.9932559 0.99708843 0.9976009 0.9977343 0.9978718 0.98884207 0.98745257 0.98502034 0.99520224 0.99434316 0.9932118 0.99696285 0.99701214 0.9974202 0.9969475 0.99570537 0.99575967 0.9943215 0.9886441 0.9964725 0.9949419 0.9954974 0.99268776 0.99284506 0.9899448 0.9890941 0.9943371 0.9934042 0.9942315 0.99265647 0.99107146 0.9900056 0.9896559 0.9888835 0.99666905 0.9957981 0.99649245 0.99556893 0.9960481 0.9947531 0.9934828 0.9934645 0.99525976 0.9958836 0.99493974 0.99541724 0.9967376 0.99464047 0.9970833 0.9973646 0.99739 0.99543357 0.99572825 0.99145854 0.9964639 0.9915988 0.9927536 0.99681455 0.99319386 0.9905619 0.9901248 0.9927439 0.9959561 0.9902668 0.99531436 0.99358654 0.99540794 0.99494255 0.99541605 0.9966305 0.99614674 0.99555874 0.9964891 0.99338233 0.9932453 0.9931909 0.9929721 0.9945558 0.9935888 0.99516416 0.99414593 0.99396306 0.99365693 0.9961011 0.99314797 0.99180406 0.9946769 0.9956699 0.9937412 0.9931825 0.99192667 0.9954735 0.9965505 0.99717176 0.9974087 0.99768245 0.994859 0.9954844 0.99599284 0.9897522 0.989715 0.9902136 0.9960073 0.99555945 0.9954802 0.99684584 0.9961985 0.99560404 0.99667865 0.99647224 0.99573886 0.9953759 0.9943049 0.9952906 0.99561375 0.9950812 0.9946768 0.99484503 0.9960799 0.99412644 0.9964742 0.996016 0.9968674 0.99608666 0.9965693 0.9961051 0.9959107 0.9967057 0.99434495 0.9973802 0.9967557 0.99575186 0.9965736 0.99576944 0.9956427 0.9973421 0.99570364 0.9957023 0.9968842 0.9959363 0.9958273 0.99275476 0.99653447 0.9966582 0.9972179 0.99518555 0.9940325 0.99672 0.9981781 0.9981645 0.99586475 0.99694014 0.9974468 0.99664456 0.9960969 0.9958031 0.99245274 0.9943465 0.995621 0.9955243 0.99477446 0.9969355 0.99636555 0.99566245 0.9969502 0.9964627 0.9949844 0.99696785 0.99512255 0.99672353 0.9928156 0.9907115 0.9864132 0.9892698 0.99097157 0.9896069 0.98834246 0.9850118 0.992335 0.994003 0.9949618 0.9961514 0.9958811 0.99600184 0.99496865 0.9950081 0.995512 0.994119 0.9928681 0.9938698 0.9945441 0.9959594 0.99680895 0.9950759 0.99571717 0.9914808 0.9905514 0.98719233 0.9935178 0.9946453 0.9940625 0.9944616 0.992035 0.9945377 0.9920132 0.98858064 0.99250656 0.98991156 0.99164003 0.9927728 0.9875996 0.98791754 0.9900038 0.9912 0.9930346 0.9895095 0.98557425 0.9882313
PopovicxStevanV_SRP18882StevanVPSumarevaCerka-L2_3 0.9921513 0.9965184 0.99539316 0.99253494 0.9937324 0.99438775 0.9917079 0.98711663 0.9966861 0.995873 0.9965071 0.99741673 0.9955257 0.9954735 0.9964899 0.9947162 0.9939232 0.99482214 0.9960223 0.9964609 0.9935143 0.99451053 0.99455875 0.99415594 0.99365985 0.991789 0.99320686 0.9901438 0.9940862 0.9926979 0.9923201 0.9943431 0.9932048 0.98791355 0.98541135 0.9938167 0.9928624 0.9904547 0.995939 0.996142 0.9956576 0.99450636 0.9955807 0.9928943 0.99318993 0.9948736 0.9951573 0.995829 0.9965683 0.9955732 0.99748075 0.99619156 0.9946904 0.9933351 0.99178314 0.99504095 0.9951039 0.9889763 0.9919664 0.9959171 0.99498075 0.9935547 0.99631923 0.99500567 0.991897 0.9928845 0.99539334 0.9950386 0.9955348 0.99785984 0.997263 0.995177 0.99621105 0.9974358 0.9970733 0.9970372 0.9962788 0.99512696 0.99732023 0.99784887 0.9959615 0.9941411 0.9956848 0.9949808 0.99314046 0.99577105 0.99487203 0.99592996 0.9965454 0.9940021 0.99582696 0.9930751 0.99603647 0.9942839 0.9945029 0.9964083 0.9935883 0.9958358 0.9944724 0.9940877 0.9926899 0.99438655 0.99468243 0.9959832 0.99421155 0.99634135 0.99299455 0.9942426 0.99650747 0.9953621 0.9959514 0.995165 0.99538887 0.99583465 0.996563 0.9936134 0.9970994 0.9972988 0.9959617 0.9963348 0.9964915 0.99467486 0.9969746 0.9973523 0.99782 0.9974147 0.99680084 0.99701035 0.99543995 0.9970603 0.9969684 0.99737114 0.9980879 0.997846 0.9972475 0.99104303 0.9929742 0.99393934 0.9944922 0.9923613 0.9920537 0.9882301 0.99160254 0.9966521 0.99628484 0.9970105 0.9960997 0.9957566 0.99637175 0.9970109 0.99276096 0.9921567 0.98999643 0.9885212 0.9972243 0.9964831 0.9955312 0.9934266 0.9929327 0.9934532 0.99380237 0.9922023 0.9916893 0.99267864 0.9940768 0.99241114 0.9932836 0.99619055 0.9947394 0.9967447 0.99510425 0.99186885 0.99510115 0.9939985 0.9914434 0.99259394 0.9947013 0.99231285 0.9916844 0.99695766 0.9957676 0.9941402 0.9940933 0.99359155 0.9925679 0.9903656 0.9977024 0.99716496 0.9971663 0.996079 0.9943513 0.9957096 0.99253684 0.9952496 0.994136 0.99673027 0.9973482 0.9973456 0.9957422 0.99635637 0.9934632 0.9949363 0.9960049 0.9936163 0.9960922 0.9933824 0.9923464 0.9942809 0.99113667 0.98805577 0.989382 0.9938836 0.99556583 0.99449027 0.9963364 0.9942832 0.9953601 0.994112 0.99480003 0.9947145 0.99478656 0.99048674 0.98957837 0.9925343 0.99482036 0.9935111 0.99512625 0.9958664 0.9944695 0.99354964 0.9935463 0.9888028 0.9922623 0.9965337 0.9950428 0.9933163 0.9945576 0.9928473 0.9912069 0.9919397 0.9950316 0.9887372 0.981439 0.9876646 0.9901023 0.9937287 0.9939134 0.9942454 0.9956763 0.9902425 0.99555486 0.995994 0.9960867 0.993911 0.9920001 0.995608 0.99647796 0.99573463 0.995589 0.99313486 0.99553823 0.995038 0.9935123 0.9925528 0.99537224 0.99687344 0.9961755 0.99403775 0.9918079 0.9966822 0.9962406 0.99645555 0.99695337 0.9968663 0.99623156 0.99634355 0.99533534 0.9966287 0.9949312 0.9973457 0.99704504 0.9943 0.99418926 0.9962007 0.995061 0.9930481 0.99064124 0.994308 0.9945931 0.9924292 0.99478674 0.9961839 0.9960541 0.99615306 0.9949404 0.99609697 0.9953471 0.99810874 0.9964423 0.9954475 0.99425644 0.99440354 0.9927099 0.9933269 0.9928816 0.9923014 0.9927112 0.992499 0.9957319 0.9947323 0.99563056 0.9986168 0.99891484 0.9999993 0.9989371 0.9992399 0.99768794 0.9990991 0.99726415 0.99726 0.99644226 0.99697447 0.9966524 0.9956792 0.99399585 0.99265033 0.99335146 0.99741083 0.99738026 0.9974775 0.99779475 0.9905393 0.98857296 0.98659486 0.9945567 0.9926722 0.9922197 0.9974955 0.9967207 0.9970268 0.99675983 0.9951263 0.99616957 0.99384654 0.9888625 0.99682546 0.9955059 0.99612063 0.99394536 0.9931996 0.9911762 0.99006754 0.9952179 0.99453986 0.9951017 0.9934285 0.9926623 0.9915579 0.9909979 0.98671615 0.9973393 0.9966329 0.996514 0.99592316 0.99653184 0.9962496 0.9950454 0.99507535 0.99622643 0.9971141 0.9964996 0.9968682 0.99667346 0.99368966 0.99714935 0.99728096 0.9970636 0.9949086 0.99527156 0.9898829 0.99668497 0.98990214 0.9907761 0.99563295 0.9915671 0.98761714 0.9881448 0.9904465 0.9964141 0.9892075 0.99555194 0.9926871 0.9955919 0.995641 0.9937666 0.99467754 0.99414676 0.9933233 0.9952536 0.9929266 0.99494714 0.99486583 0.9946969 0.9957462 0.9950683 0.9961515 0.9952179 0.99490625 0.9952842 0.99562776 0.99284446 0.9914243 0.9955717 0.9946796 0.9936482 0.993078 0.9910212 0.99514914 0.9965813 0.99688125 0.99768007 0.9974875 0.99641234 0.99626565 0.996409 0.9915098 0.9909149 0.9912117 0.9953629 0.99567604 0.99586296 0.9964765 0.9963167 0.99566215 0.99682295 0.9968047 0.99634594 0.9947449 0.9952704 0.99588865 0.9961618 0.9956582 0.9951613 0.99464977 0.9962886 0.99463487 0.99659497 0.99550146 0.9966265 0.9966686 0.99640584 0.996712 0.995416 0.9959209 0.9952924 0.9963288 0.99583197 0.9950759 0.99610716 0.9959233 0.9967707 0.99710405 0.99594176 0.99678934 0.9976858 0.99651134 0.99686044 0.99406207 0.9970484 0.99712586 0.9975368 0.9955904 0.9953816 0.99669874 0.9980869 0.99765456 0.99611974 0.9975809 0.99701595 0.9973912 0.99677277 0.9968497 0.9934736 0.9952222 0.9963893 0.99603534 0.99592537 0.9977154 0.99652845 0.99477524 0.9966569 0.9962865 0.99446535 0.99684227 0.9954146 0.9969171 0.9929005 0.99108964 0.9868552 0.9898036 0.99018747 0.98966205 0.9887365 0.9858762 0.9939507 0.9953061 0.9959685 0.9965592 0.9958942 0.9965381 0.9962675 0.9959392 0.99631494 0.99527854 0.994659 0.9951196 0.9957437 0.9964204 0.9965747 0.9952559 0.99462634 0.98898846 0.9877637 0.9835455 0.99091107 0.99244535 0.9921279 0.9922938 0.9895933 0.9932677 0.98996586 0.9861854 0.99019337 0.9883668 0.9894003 0.99015796 0.98496014 0.98479855 0.9874919 0.9883903 0.99126214 0.9915439 0.98817676 0.98977655
PopovicxStevanV_SRP18882StevanVPSumarevaCerka-L2_4 0.99246156 0.9969575 0.995316 0.99087995 0.9919583 0.9956601 0.9929415 0.989565 0.9946172 0.99350864 0.9943394 0.9960873 0.99301684 0.9928737 0.99488294 0.99254155 0.9922398 0.9936239 0.9951534 0.9941929 0.9903304 0.9917558 0.99345475 0.9924667 0.99175614 0.9890375 0.9910526 0.9870331 0.9915903 0.9893807 0.9891639 0.9916525 0.99029845 0.98511446 0.9823623 0.99292064 0.99220514 0.98872536 0.99523556 0.9950018 0.9940376 0.9922197 0.9948627 0.99085635 0.99290544 0.99456424 0.993316 0.9939147 0.99459136 0.9936844 0.99608725 0.995022 0.99366295 0.9934722 0.99199134 0.9948156 0.9956052 0.9895401 0.99184924 0.9948403 0.9944236 0.99300194 0.99618196 0.9953123 0.99350154 0.9943234 0.99480957 0.99473894 0.99511 0.9973955 0.9970131 0.9958277 0.99689174 0.99631506 0.99667895 0.9955697 0.9967147 0.99569637 0.99747574 0.99700564 0.9964184 0.99384826 0.99579334 0.99313426 0.99120575 0.99445415 0.99290234 0.99471325 0.99465525 0.9934421 0.9948646 0.99038595 0.99610144 0.9934728 0.99391097 0.9957711 0.9935399 0.99517643 0.99403125 0.9934021 0.99264705 0.9935937 0.9932072 0.99397665 0.99164927 0.99552745 0.9904438 0.9918582 0.99476624 0.9935468 0.9938883 0.9933618 0.9938758 0.9943898 0.9953071 0.99182224 0.99650323 0.9961157 0.995023 0.99553746 0.9957023 0.99398565 0.99578714 0.99576956 0.996437 0.996956 0.9950643 0.9963161 0.9966419 0.9972372 0.9966076 0.9971805 0.9970573 0.9969058 0.9970894 0.9890776 0.9923679 0.993597 0.9936054 0.99190044 0.9905714 0.9868735 0.99039257 0.9963039 0.99481696 0.99503446 0.9967086 0.9968736 0.9966712 0.99674916 0.9946756 0.99405885 0.99178165 0.9911786 0.9958763 0.994915 0.9936374 0.992153 0.99183893 0.9924863 0.99246794 0.9908653 0.99021095 0.991673 0.9927903 0.99020743 0.9917335 0.9945818 0.99393815 0.995434 0.99363697 0.98928416 0.99260664 0.9915617 0.98863137 0.98994285 0.99341893 0.9899984 0.9892705 0.99585235 0.993486 0.99126947 0.991161 0.9909601 0.98896825 0.9865502 0.99660885 0.9960901 0.99554443 0.99552417 0.9922134 0.99340266 0.98911136 0.99297017 0.9915295 0.9948829 0.9958751 0.9975362 0.996614 0.99577004 0.99375176 0.99423784 0.9954549 0.9933999 0.99679124 0.9931013 0.9917859 0.993046 0.9913534 0.98886937 0.98986137 0.9927153 0.9940381 0.99360037 0.99522525 0.9919768 0.99430865 0.9926736 0.9927718 0.99432427 0.9942126 0.9892152 0.98837906 0.99099916 0.9934865 0.99257225 0.9932016 0.99498975 0.99399483 0.99354583 0.99236876 0.9899014 0.99313784 0.995574 0.9954306 0.9946557 0.9948508 0.9925978 0.99277765 0.9929843 0.9936047 0.9859476 0.9778332 0.98528445 0.9881763 0.9940902 0.9939279 0.9957999 0.99603605 0.9926677 0.9959975 0.99568856 0.9963711 0.99528265 0.99373126 0.9965296 0.996547 0.9960758 0.9964304 0.9926676 0.99571544 0.9952966 0.9934392 0.9932717 0.99587554 0.99624133 0.99539036 0.9935536 0.991933 0.9957085 0.9950062 0.99609137 0.9967592 0.99597275 0.9968294 0.99616486 0.9963785 0.9964895 0.9938199 0.99619836 0.99643254 0.9951566 0.99556524 0.99518204 0.99502224 0.99372196 0.99184054 0.9951874 0.99501663 0.9920908 0.99555016 0.9963218 0.9966451 0.995716 0.99621785 0.99693334 0.99601763 0.9982209 0.99661875 0.99630845 0.99537647 0.99217135 0.98943496 0.9906296 0.98958695 0.98908067 0.9894456 0.9895157 0.99592084 0.9948438 0.9963077 0.9977719 0.99712896 0.9989371 1.0000001 0.99867487 0.998267 0.9987287 0.99661285 0.9965586 0.9952123 0.99608153 0.9952397 0.9942231 0.9919377 0.9903232 0.99175185 0.9960323 0.9957863 0.9958839 0.9963377 0.99048513 0.9878519 0.98625743 0.99255955 0.9897072 0.9896451 0.99687475 0.99484766 0.995132 0.9952645 0.99307615 0.9948528 0.9915592 0.98645186 0.99589837 0.99412143 0.99462533 0.9928864 0.9911376 0.98994315 0.988259 0.9943006 0.9937659 0.9945494 0.9923755 0.9924425 0.9912785 0.99021137 0.98361427 0.9961144 0.9962683 0.9948976 0.9948011 0.99577755 0.9962588 0.995325 0.9952016 0.9958476 0.9970747 0.9964396 0.9965357 0.99589896 0.9918935 0.99677056 0.9964986 0.99629116 0.9934442 0.993767 0.98749006 0.9960636 0.987272 0.9881946 0.993889 0.98908806 0.9840882 0.9854716 0.9876622 0.9960559 0.98709446 0.99477077 0.9906243 0.9949535 0.9953649 0.9909334 0.9915997 0.9910907 0.9901824 0.99292064 0.9904503 0.9945805 0.99560934 0.9954241 0.9957135 0.9946576 0.99606884 0.9951509 0.99452436 0.9951027 0.99406385 0.99142593 0.9901389 0.99522644 0.99261713 0.9928777 0.9925835 0.989587 0.9938873 0.9955852 0.9956473 0.9970865 0.9962297 0.9967606 0.9965469 0.9959335 0.9930774 0.9919293 0.9922231 0.99336636 0.99494696 0.99546707 0.9954373 0.9955961 0.99512804 0.9959279 0.99615264 0.9957584 0.99287194 0.9957768 0.9951942 0.9954178 0.9954593 0.99506855 0.9937545 0.9950789 0.9937457 0.9949224 0.99306226 0.9946492 0.99546653 0.9946071 0.9956578 0.99323845 0.99357504 0.9948735 0.9947686 0.9941854 0.9940239 0.99563307 0.99593115 0.99738383 0.99604565 0.9951423 0.9967611 0.997417 0.99637 0.99710906 0.99504256 0.9960927 0.9968065 0.99625844 0.99487126 0.9960405 0.99576765 0.996711 0.99600565 0.9951105 0.9964986 0.995385 0.99740964 0.99637127 0.9967016 0.99455833 0.9951876 0.99577945 0.99584925 0.9966255 0.99682283 0.99492174 0.992146 0.99483573 0.9947232 0.9927517 0.99491334 0.99418324 0.99517536 0.99109906 0.98952425 0.9855023 0.98840004 0.987713 0.98793936 0.9871861 0.9846349 0.994869 0.99575394 0.9960371 0.9960482 0.9946261 0.9959268 0.9965106 0.9957135 0.99573785 0.99584675 0.99541306 0.9953464 0.9956846 0.995481 0.99505806 0.9940775 0.99197954 0.9857014 0.98391765 0.97928625 0.98724025 0.98949826 0.9889584 0.98902696 0.9859495 0.9903915 0.9865442 0.9823345 0.9866822 0.9849195 0.98569477 0.9864239 0.9809729 0.9804532 0.9835175 0.98449886 0.9880579 0.99301106 0.9897964 0.99066466
PopovicxStevanV_SRP18882StevanVPSumarevaCerka-L2_5 0.99292886 0.9965826 0.9955009 0.99283546 0.9940193 0.9939286 0.9910411 0.9871187 0.9960257 0.9957258 0.99654555 0.99714875 0.99569553 0.9959363 0.9963801 0.9951007 0.99420327 0.9948297 0.9961277 0.9965357 0.9940933 0.9950193 0.9937289 0.9937997 0.9932148 0.9917927 0.9932062 0.99070746 0.99375325 0.9927289 0.99219394 0.99364597 0.993225 0.989095 0.9867919 0.993745 0.9928018 0.99103105 0.99651325 0.99632657 0.9963896 0.9955196 0.99627864 0.9939846 0.9937551 0.9952347 0.99591774 0.99638355 0.99685985 0.99656236 0.9975541 0.99651563 0.99541235 0.99411535 0.992662 0.9950888 0.9949323 0.98875296 0.99203783 0.9960314 0.99527293 0.99351937 0.99669516 0.9957423 0.99231577 0.99303585 0.9962072 0.9957296 0.99657357 0.99760216 0.9964741 0.99424845 0.9960748 0.9973636 0.99696124 0.99718964 0.99596584 0.9949492 0.99737763 0.99767005 0.9957698 0.9954864 0.99628186 0.99555856 0.9933922 0.9965242 0.99590445 0.9964713 0.9970172 0.99474275 0.99632436 0.99408686 0.9957489 0.99384934 0.9944517 0.99617755 0.9933403 0.9959316 0.99383557 0.9940828 0.9925413 0.99457276 0.99471116 0.9964463 0.9952864 0.9961679 0.99362355 0.99468344 0.9964348 0.99565756 0.9960524 0.9956167 0.9958814 0.9964627 0.9964945 0.9945331 0.9966989 0.9965955 0.9953643 0.99557227 0.99603516 0.9940618 0.99657446 0.99670744 0.9973733 0.9966576 0.9967901 0.99629164 0.9954252 0.9968928 0.9968 0.99704623 0.9981178 0.9978066 0.9972986 0.9918276 0.99361944 0.9944648 0.99534345 0.9927949 0.9925351 0.9886067 0.9918164 0.996792 0.9960155 0.9967798 0.99557227 0.99562156 0.9961318 0.9964927 0.9926971 0.9916749 0.98970664 0.98811054 0.9970266 0.9965003 0.99564505 0.99484634 0.9943371 0.9940064 0.9946412 0.9929396 0.992612 0.99330145 0.9944603 0.99336857 0.9940102 0.99672884 0.9950814 0.9969675 0.9954072 0.9927612 0.9955567 0.99463344 0.99220216 0.99329185 0.9954114 0.9934287 0.99294716 0.9972866 0.99611455 0.9947152 0.9945525 0.99433565 0.99252117 0.9905197 0.99806786 0.9977036 0.99732697 0.99667704 0.99473023 0.99568176 0.9929726 0.99548113 0.9947582 0.9965333 0.99685854 0.9974018 0.9956627 0.99659836 0.993991 0.9961558 0.99671924 0.99445444 0.9961417 0.9936838 0.99281526 0.9947487 0.9917149 0.98885 0.99016416 0.9949492 0.9955808 0.994496 0.9966358 0.9948459 0.99573654 0.9947466 0.9956093 0.9950484 0.9950993 0.9911147 0.99013805 0.99298584 0.9950723 0.99373853 0.99580777 0.99607885 0.99463266 0.99374264 0.99402964 0.98702955 0.9909858 0.99632525 0.99543273 0.9932745 0.9946067 0.9934106 0.991041 0.99219775 0.9956645 0.9898963 0.9828057 0.9886772 0.9907876 0.9936887 0.9943312 0.9945191 0.994978 0.9897441 0.9952979 0.99586403 0.99597025 0.9936683 0.9915937 0.99552435 0.9961414 0.9953637 0.99524564 0.9920926 0.9951359 0.9945656 0.9936407 0.9922341 0.9951047 0.99648964 0.99579614 0.9937194 0.99129325 0.9971619 0.99706286 0.99735004 0.99746335 0.99747634 0.99670416 0.99722475 0.99521923 0.9963729 0.99467665 0.9972481 0.99692535 0.99416155 0.99385524 0.9962265 0.9951463 0.99300516 0.9906917 0.9943591 0.99448186 0.99196017 0.99478376 0.99606097 0.99593365 0.9962346 0.99443823 0.9959659 0.9949935 0.9975779 0.99613017 0.9951682 0.9943249 0.99397194 0.9929844 0.9930017 0.99295795 0.99241817 0.9930682 0.99238265 0.9955328 0.9949593 0.99570066 0.9978229 0.9986348 0.9992399 0.99867487 1.0000002 0.99730635 0.99907804 0.9971834 0.99703693 0.9970572 0.9973692 0.996891 0.99623233 0.9946262 0.9932341 0.99399513 0.9967819 0.9971949 0.9970969 0.9975495 0.9910751 0.9894135 0.9875378 0.9952126 0.9932549 0.9927194 0.9971604 0.99671406 0.99703324 0.99680054 0.9955659 0.99636644 0.99438065 0.98925906 0.9971361 0.9956314 0.99605405 0.99366814 0.9932509 0.9911178 0.99023855 0.994884 0.994486 0.9949184 0.9934624 0.9922323 0.99151355 0.99091035 0.9883615 0.9972235 0.99654806 0.9967782 0.9959893 0.9966379 0.9958672 0.9943292 0.99428797 0.9956309 0.99663526 0.9962616 0.9966487 0.997267 0.99509513 0.9980358 0.9978544 0.99804795 0.99648523 0.99618006 0.9921748 0.9973626 0.99162537 0.9924485 0.9963759 0.9929752 0.98936814 0.9901913 0.99207574 0.99663913 0.99104583 0.996114 0.9940112 0.9963403 0.99642944 0.9945035 0.99481666 0.9943634 0.99407625 0.9957276 0.9933965 0.9946545 0.9944208 0.9947629 0.99545574 0.9949002 0.99584526 0.9949512 0.9948783 0.9949233 0.99580294 0.9932649 0.9918196 0.9956302 0.99534273 0.9938121 0.99311656 0.9914898 0.9955441 0.99643326 0.9969589 0.99756604 0.99775594 0.99570286 0.9960764 0.99622047 0.9913737 0.9907322 0.9910019 0.9959515 0.9959002 0.99626213 0.99680096 0.9965745 0.9958348 0.9965702 0.99662894 0.99678934 0.9955673 0.9952733 0.9952441 0.99604905 0.9961797 0.99550474 0.99533737 0.99609333 0.99455327 0.99585265 0.99503 0.9960093 0.9960414 0.9960419 0.9956858 0.9943029 0.9952709 0.99433905 0.99638534 0.9957825 0.9947585 0.995958 0.9958377 0.9962925 0.9968942 0.9962288 0.9970719 0.9978995 0.99676174 0.9966475 0.99360573 0.9965322 0.99640524 0.9973902 0.9959048 0.9952671 0.9966438 0.9983586 0.9977548 0.9961981 0.9971377 0.9967022 0.99716085 0.99633497 0.9962861 0.9932848 0.99491537 0.9962793 0.9955718 0.99515563 0.9972066 0.99618405 0.994954 0.99651486 0.9962728 0.9948155 0.9965277 0.99542415 0.9966678 0.9935612 0.99179465 0.9880596 0.9904997 0.99157435 0.9906932 0.98942995 0.9868437 0.9932605 0.99444056 0.9954001 0.9963939 0.9959199 0.9961863 0.9958122 0.9958081 0.9960114 0.9946883 0.9942876 0.9944348 0.9953001 0.9961397 0.9963921 0.9951677 0.9950196 0.99060863 0.9891891 0.9853047 0.9920384 0.9936348 0.99330103 0.99318546 0.9909212 0.99339396 0.990697 0.987337 0.9908991 0.98893595 0.99004537 0.9910336 0.9862435 0.986154 0.9884293 0.9893046 0.9916355 0.9914705 0.98840606 0.9900416
PopovicxStevanV_SRP18882StevanVPSumarevaCerka-L2_6 0.99109 0.9957456 0.9942792 0.9895807 0.9906251 0.9961149 0.99363923 0.9912725 0.9944181 0.992375 0.99373674 0.9957077 0.99221295 0.99214834 0.993828 0.99051076 0.9904723 0.99177027 0.9937459 0.9938497 0.9898685 0.99106973 0.99399513 0.99209225 0.9917391 0.98882407 0.99101216 0.9861765 0.9906759 0.9885905 0.9883807 0.99171335 0.9895428 0.98253477 0.97946423 0.991084 0.99011177 0.9866166 0.9940233 0.9933853 0.9925632 0.99118656 0.9937129 0.9889738 0.9909152 0.99293005 0.9918777 0.99328977 0.9939288 0.9932555 0.99705255 0.99673694 0.99549776 0.9943572 0.99407387 0.99278015 0.9932091 0.98651075 0.9886405 0.9936441 0.9936927 0.9901727 0.9951123 0.99404794 0.9914358 0.9922229 0.99503714 0.9962575 0.99559945 0.99721867 0.9972103 0.9964765 0.9969622 0.9963381 0.99715954 0.9952644 0.99618745 0.9961091 0.9970602 0.9966437 0.996149 0.9927614 0.9940834 0.9933595 0.9905519 0.9939661 0.99218315 0.99424183 0.9940762 0.9934965 0.9951572 0.9898108 0.9959226 0.99438256 0.99479645 0.996324 0.9947082 0.9955382 0.9955654 0.9945073 0.9937612 0.9938556 0.9938021 0.9945305 0.99145746 0.996362 0.9910352 0.99270844 0.9954613 0.9945678 0.9945642 0.99332553 0.99421144 0.9942782 0.99542236 0.99196994 0.9973977 0.9967802 0.9963719 0.9962289 0.9967205 0.9958635 0.9960134 0.99554044 0.99591345 0.996872 0.99478906 0.9962205 0.995834 0.9964318 0.9953183 0.9961026 0.99595594 0.9961175 0.99680036 0.9867552 0.99029946 0.9918505 0.9916529 0.9918342 0.99051845 0.9871223 0.99017566 0.9977122 0.99659437 0.9960949 0.99760425 0.9976513 0.997681 0.99742645 0.993388 0.9945067 0.99319726 0.9918202 0.99553376 0.9942017 0.9930292 0.9909739 0.9908855 0.99367386 0.9929093 0.9921938 0.99093693 0.9925197 0.9933466 0.9907598 0.9913986 0.99435055 0.9944455 0.99562395 0.99406385 0.9896956 0.99256724 0.9913802 0.9884131 0.989383 0.99329907 0.98942107 0.98809934 0.99587923 0.99398583 0.9908568 0.9910383 0.9910433 0.99027675 0.9881868 0.99589294 0.9950541 0.9954996 0.9953984 0.99174166 0.9933447 0.98883307 0.99292696 0.9907777 0.99410236 0.99559766 0.99767655 0.997295 0.9964949 0.99467844 0.9943385 0.99525386 0.9926716 0.9966532 0.99493194 0.993195 0.9944083 0.99358124 0.9917863 0.99200886 0.99338543 0.9927942 0.9925823 0.99405843 0.9904836 0.99317425 0.99098104 0.9913112 0.99289984 0.9926994 0.9883738 0.987415 0.9898721 0.99310696 0.99243104 0.9937412 0.9944262 0.993837 0.99399203 0.9917398 0.98912144 0.99191403 0.995999 0.9965353 0.996593 0.9964163 0.994694 0.99578786 0.99481046 0.99470073 0.9875092 0.98039496 0.9876303 0.99068046 0.9964568 0.99600625 0.99513924 0.99667495 0.9948021 0.99603134 0.9959069 0.995616 0.99647385 0.9951184 0.997374 0.9975613 0.99677306 0.9974065 0.99507964 0.9969414 0.9974721 0.99540615 0.99604 0.9976399 0.99760467 0.9973353 0.99611294 0.99505687 0.99539727 0.9949633 0.9955659 0.9960183 0.9953528 0.99728066 0.99675846 0.99638134 0.99624664 0.9935287 0.9958523 0.9957418 0.99627113 0.996034 0.99578196 0.9942825 0.9955077 0.9940676 0.99651337 0.9965043 0.9935402 0.995649 0.997347 0.99678755 0.99631935 0.99744 0.9979074 0.9965199 0.9978976 0.9978327 0.9979879 0.9965492 0.99357134 0.99040747 0.9919061 0.9903715 0.98955935 0.9898749 0.99073833 0.9942631 0.99271 0.9958671 0.9978583 0.9964744 0.99768794 0.998267 0.99730635 1.0000002 0.99816966 0.9962672 0.9959426 0.9950023 0.9959548 0.99541247 0.99353737 0.9906624 0.9894096 0.990788 0.99514323 0.995592 0.99500144 0.99529135 0.9879327 0.9847883 0.9834717 0.9928835 0.9901317 0.99003655 0.99646664 0.99432516 0.99433357 0.9947285 0.99233174 0.9937927 0.9902576 0.98454946 0.9951978 0.99315876 0.99384516 0.9907742 0.9898114 0.9881909 0.9860872 0.9924789 0.99243593 0.99403346 0.9914965 0.9913026 0.9896482 0.98902375 0.9825717 0.99582535 0.99626267 0.9937445 0.9940876 0.99524295 0.99533397 0.99632686 0.99624956 0.9966257 0.9973969 0.99630123 0.99579716 0.9952269 0.9907625 0.99583054 0.99552166 0.99553704 0.99161005 0.9917212 0.98559856 0.9946374 0.98549795 0.98694295 0.9936879 0.9883274 0.98286366 0.98397857 0.986359 0.9954511 0.98460436 0.99329895 0.9887525 0.9942701 0.9944076 0.99057156 0.99219006 0.99138767 0.99012876 0.9924151 0.9897554 0.9941251 0.9966993 0.9946977 0.9951304 0.9932585 0.99579173 0.99450874 0.99347013 0.9939797 0.99443316 0.9924616 0.99197394 0.994786 0.9928799 0.99453145 0.99443436 0.9920455 0.9951014 0.9961735 0.9955643 0.99761516 0.99593693 0.9967538 0.9970513 0.9965697 0.9946263 0.99437416 0.9944764 0.9933222 0.9961142 0.9960742 0.99616784 0.99590576 0.995757 0.9960646 0.9964139 0.9957077 0.99261713 0.9968886 0.9956505 0.9958808 0.9956534 0.99600154 0.9941611 0.99630415 0.9954445 0.9955488 0.9933405 0.99554205 0.99580324 0.9951775 0.9965436 0.99417216 0.9941 0.9960426 0.99502784 0.9941131 0.99484193 0.9958177 0.9960301 0.9975629 0.99682677 0.9960828 0.9968705 0.9969526 0.9974318 0.997443 0.9973595 0.9964816 0.99780935 0.99667937 0.9958308 0.99727005 0.99687195 0.9956563 0.9961299 0.9959559 0.99653256 0.9953536 0.9975748 0.9970744 0.99669 0.9964325 0.9961172 0.99585956 0.9967033 0.9963716 0.99675417 0.9952212 0.99238086 0.9953149 0.995822 0.9937985 0.99505174 0.99563867 0.99515927 0.9899503 0.98852664 0.98447627 0.98748726 0.9867085 0.98688006 0.98582554 0.9829693 0.9963474 0.9964045 0.9968951 0.9964319 0.99515086 0.99670756 0.9971594 0.99628365 0.9961624 0.99702764 0.9967906 0.9969984 0.9970783 0.99662286 0.9960694 0.9961254 0.99264574 0.9861262 0.9840714 0.98005474 0.98616946 0.9889647 0.9880369 0.988175 0.9854058 0.9901858 0.9857446 0.98135 0.9869496 0.9833835 0.98495805 0.98611766 0.9802661 0.9796376 0.9826726 0.9840849 0.98760504 0.99165136 0.9878664 0.9887206
PopovicxStevanV_SRP18882StevanVPSumarevaCerka-L2_7 0.9923489 0.9963249 0.9953024 0.99267125 0.99354494 0.99462795 0.9920443 0.9890362 0.995205 0.9943856 0.99562025 0.9966501 0.9948604 0.99495196 0.99579334 0.9938682 0.99337274 0.99413115 0.99557346 0.99597085 0.9927351 0.9941932 0.9934722 0.9931425 0.99257356 0.9905977 0.9924173 0.9892241 0.9927432 0.9915992 0.9914815 0.9930101 0.9922917 0.9862902 0.9840501 0.9923971 0.9914314 0.98920786 0.99553263 0.99605846 0.995503 0.99422455 0.9957263 0.9927479 0.99262935 0.9942947 0.994891 0.99575794 0.996168 0.9956812 0.99769586 0.99707186 0.9961539 0.9947424 0.99383885 0.9948002 0.9947513 0.9879742 0.99144447 0.99570227 0.9952435 0.9928509 0.995924 0.9949098 0.9918133 0.9927555 0.9964301 0.99609286 0.9968747 0.9982759 0.9973618 0.9949953 0.996812 0.9976469 0.9974538 0.9968375 0.99577224 0.99502945 0.997755 0.99794936 0.99639803 0.9951582 0.9963004 0.99517065 0.9932369 0.9963799 0.99539745 0.9966377 0.9966895 0.99532974 0.9967697 0.99295366 0.9961603 0.99465656 0.99483037 0.9972146 0.99493146 0.9970486 0.99508226 0.9947744 0.99331933 0.99501747 0.99521154 0.9967039 0.9951428 0.9967378 0.99372464 0.99485797 0.9970718 0.9963887 0.9966357 0.996186 0.99630165 0.99661565 0.9972738 0.99488837 0.99731076 0.9974811 0.9966499 0.9970355 0.9970231 0.99534756 0.99676603 0.99665815 0.99756837 0.9973662 0.9969858 0.9964057 0.99568665 0.99741185 0.9971765 0.9973123 0.99806696 0.9981059 0.99760896 0.99039996 0.99290454 0.9940451 0.9942335 0.99336827 0.9929035 0.98948324 0.9925415 0.99679315 0.9961023 0.99699324 0.99707556 0.99677014 0.99735564 0.9976585 0.99288094 0.9929082 0.9919976 0.9900905 0.99699116 0.99596107 0.99521655 0.9943672 0.99421567 0.9939685 0.9941943 0.9929303 0.99224 0.9934418 0.9943011 0.99301404 0.99325836 0.9962127 0.9951632 0.99711406 0.9954036 0.992047 0.99473697 0.9937954 0.99116707 0.9926001 0.9945816 0.9922024 0.99117 0.9969242 0.99568355 0.9936293 0.99390715 0.9938983 0.9920073 0.9902639 0.99736303 0.99738777 0.9974312 0.99670696 0.99342597 0.9949321 0.99177086 0.99483037 0.99383545 0.99623 0.9967792 0.9977049 0.99690217 0.9973365 0.99525857 0.99658847 0.997216 0.99535584 0.9969437 0.99522114 0.9942587 0.9960273 0.99331033 0.99049044 0.9918431 0.9956114 0.9943798 0.9934136 0.99571174 0.99334896 0.99449104 0.9934024 0.9941897 0.9940145 0.99420685 0.990559 0.98947966 0.9921882 0.99470025 0.9936124 0.9956491 0.9958132 0.99465424 0.993921 0.99343216 0.9868417 0.9911574 0.99652195 0.9958163 0.9943997 0.995531 0.9949078 0.9919858 0.99321914 0.9954316 0.9890977 0.9816241 0.98827165 0.9906503 0.9948372 0.99520195 0.9943096 0.99565494 0.9914585 0.99595463 0.99645185 0.9964012 0.99480647 0.9922487 0.99637866 0.9963263 0.9959993 0.9962064 0.9930918 0.9959203 0.99564993 0.99482936 0.9934983 0.9963853 0.9977383 0.99706215 0.99498874 0.9932594 0.997414 0.99708635 0.9975559 0.9974602 0.99764955 0.9976233 0.9974409 0.9951661 0.99605143 0.99448 0.9966272 0.99656 0.9944658 0.9939744 0.99618876 0.9945307 0.99381304 0.99213004 0.99474263 0.9947484 0.9926169 0.9943472 0.99634624 0.9958089 0.99644995 0.99545777 0.9969461 0.99658734 0.99818766 0.9968751 0.9966848 0.99590474 0.9935821 0.9924104 0.9923355 0.9922113 0.9913906 0.9921888 0.99180424 0.99505347 0.9945233 0.9962821 0.9978637 0.9981723 0.9990991 0.9987287 0.99907804 0.99816966 1.0 0.9966356 0.9965514 0.9963441 0.9968634 0.9964765 0.99574196 0.99383634 0.992823 0.9934448 0.99660796 0.99707884 0.9966778 0.9969823 0.9904577 0.9882186 0.9865706 0.99509096 0.9927423 0.99275804 0.99736917 0.99666244 0.9969684 0.9973113 0.99520755 0.9960862 0.9938261 0.98817104 0.9968288 0.9956929 0.99618804 0.99312115 0.9930164 0.9908661 0.989397 0.99425054 0.9942645 0.99507344 0.9933777 0.9922504 0.99144757 0.99039346 0.9865564 0.99757075 0.99721247 0.9966739 0.996789 0.9972878 0.9964417 0.99489963 0.99529696 0.9962387 0.9970229 0.9963319 0.99633473 0.9967404 0.9938241 0.99721944 0.9970188 0.99710584 0.9948988 0.9945669 0.98996234 0.99627763 0.9897136 0.99038726 0.9952979 0.99156076 0.9871067 0.9878862 0.99013865 0.99618167 0.9888145 0.9952598 0.99219525 0.99564266 0.9961052 0.9935813 0.99444735 0.9940766 0.9931639 0.994707 0.9918277 0.99452424 0.9950853 0.9945381 0.99530697 0.99457455 0.9958146 0.99447626 0.99420345 0.99463964 0.9956709 0.99395746 0.9925826 0.99536526 0.9950614 0.9944092 0.99384284 0.99237233 0.99605083 0.99694043 0.99747765 0.99789983 0.9979344 0.99720657 0.99690604 0.99766606 0.99297816 0.9924016 0.9928786 0.9956842 0.9968159 0.9970341 0.99723834 0.99691 0.99592584 0.9968378 0.9973729 0.99643993 0.9948801 0.9956739 0.99565226 0.99653876 0.9966009 0.9965481 0.99551374 0.9968115 0.99607766 0.9960555 0.9947529 0.99584633 0.99638665 0.99637693 0.99645036 0.9948499 0.9953122 0.99532145 0.9960987 0.996056 0.9954219 0.99667877 0.9964603 0.9968688 0.9974495 0.9963451 0.9973987 0.99795544 0.9977026 0.9969941 0.99561214 0.9969817 0.9974338 0.99740654 0.99638945 0.9959029 0.99681354 0.9977162 0.99752456 0.99682367 0.99725014 0.99665177 0.9973588 0.9971306 0.99715835 0.99472183 0.99670565 0.9966408 0.9971292 0.9958896 0.99791455 0.99683595 0.9951659 0.9970783 0.99688566 0.9950325 0.9970218 0.9962975 0.996991 0.9926727 0.9910125 0.987204 0.98987204 0.9903027 0.99009 0.9887543 0.98608077 0.9945288 0.99509835 0.99591106 0.9965985 0.9961951 0.9967151 0.99627244 0.9964502 0.9964068 0.9951701 0.99506545 0.9950362 0.99606615 0.99657434 0.99600786 0.9955862 0.99449295 0.9893766 0.9874306 0.9837718 0.98975956 0.9918112 0.9915968 0.99143225 0.9892695 0.99265444 0.98916453 0.98539245 0.98975366 0.9876871 0.98855406 0.98987967 0.9852424 0.9846754 0.98739696 0.9879682 0.9906006 0.9914421 0.9880062 0.98913217
PopovicxSxapcyaninMilorad_SRP18880SapcaninSanjalo-L2_1 0.9925403 0.99677837 0.99489725 0.99090993 0.99278456 0.99434555 0.9910543 0.987447 0.9967467 0.9960467 0.99650747 0.99792045 0.9956123 0.9955675 0.99742705 0.9951474 0.99505013 0.9960201 0.99716014 0.9970407 0.9945074 0.99516433 0.9967614 0.9958667 0.99579144 0.99358046 0.99521154 0.99124575 0.9959613 0.9940158 0.9933794 0.99606943 0.9941376 0.98931766 0.986235 0.9956254 0.9948952 0.99242693 0.9972093 0.9958897 0.9955217 0.99496275 0.99593794 0.99309045 0.99467856 0.9966493 0.9955706 0.9958149 0.9969462 0.9951963 0.9971965 0.99585235 0.9940505 0.99432147 0.9925239 0.9954417 0.99512297 0.989671 0.9922877 0.9956516 0.99507356 0.99357295 0.99739635 0.99609774 0.99342686 0.99424773 0.9955262 0.9960713 0.9951374 0.996668 0.9969473 0.9963383 0.9949895 0.99634343 0.9963566 0.99647194 0.996913 0.9958188 0.9963517 0.9969299 0.9952311 0.9930433 0.9947108 0.99309945 0.99036455 0.9934846 0.99290144 0.99421304 0.9949509 0.99264574 0.9943925 0.9936258 0.9941699 0.99343634 0.9936607 0.9941048 0.9905473 0.9925853 0.99218994 0.9916974 0.991425 0.9934685 0.9934299 0.9936114 0.991951 0.9954835 0.99162364 0.9929753 0.99521506 0.993602 0.99434394 0.9929425 0.99356884 0.9943237 0.99405175 0.991691 0.9967823 0.99547976 0.9955853 0.9954403 0.99570394 0.9940673 0.9977724 0.9974546 0.99687076 0.9974656 0.99628294 0.9975469 0.9970816 0.99736047 0.99721193 0.9976062 0.9975276 0.9971943 0.9975724 0.99250364 0.99454826 0.9952064 0.9955058 0.9904456 0.9898361 0.9849559 0.9884114 0.99647254 0.995854 0.9957584 0.9963671 0.99626243 0.9961486 0.9964776 0.99461985 0.993604 0.99148256 0.9896922 0.99663675 0.9959944 0.9956525 0.9916198 0.9908311 0.99262434 0.9932171 0.9916735 0.9914529 0.99158674 0.9928703 0.99204344 0.9933306 0.995927 0.9945811 0.9955916 0.99464333 0.9912549 0.99431694 0.9930731 0.9904959 0.9913754 0.99616915 0.993772 0.9928763 0.99773526 0.9964685 0.9948162 0.9946588 0.99276924 0.9906771 0.98798144 0.99759626 0.9964283 0.9963896 0.9959714 0.9956133 0.99680346 0.99330723 0.9964327 0.99464667 0.99749655 0.99780935 0.9976818 0.99578774 0.9964577 0.9930739 0.9938163 0.9952118 0.9924903 0.995955 0.99216473 0.9914014 0.9933117 0.9905554 0.98783076 0.9885936 0.9923707 0.99615955 0.996052 0.9970674 0.9944804 0.9966913 0.99432844 0.99513817 0.9962903 0.9957707 0.99057394 0.98982984 0.9929109 0.99559015 0.9942599 0.99461335 0.9963313 0.99509096 0.99475765 0.9943603 0.9923189 0.9943365 0.9970788 0.9953299 0.99430263 0.9948306 0.99274474 0.9925261 0.9930305 0.9959453 0.9890859 0.9825157 0.9888483 0.99100715 0.99439895 0.99485314 0.9949876 0.9962211 0.9912831 0.99476635 0.9951039 0.9951505 0.993976 0.99411297 0.9956216 0.9972211 0.99578434 0.9963479 0.99327296 0.99584264 0.99482304 0.9922561 0.99272186 0.9942544 0.9959351 0.99489945 0.9927672 0.98987037 0.9964019 0.9967903 0.99648064 0.9979391 0.99681693 0.9959887 0.9968319 0.99661714 0.9976097 0.9940572 0.99683964 0.9958315 0.9954715 0.9958744 0.9962533 0.9953439 0.9940855 0.9914398 0.9961442 0.9963772 0.993348 0.99660057 0.99683267 0.99693805 0.99700266 0.9954452 0.99607414 0.99491036 0.9976405 0.99633896 0.9949981 0.99402493 0.99398476 0.99203455 0.9937859 0.99242336 0.99200076 0.99220926 0.9919365 0.9955338 0.9939009 0.9946169 0.9963426 0.9969045 0.99726415 0.99661285 0.9971834 0.9962672 0.9966356 1.0000004 0.9990595 0.9975914 0.9982199 0.9974924 0.9959417 0.9939713 0.99194664 0.99333733 0.99700457 0.99685925 0.99737024 0.9976719 0.9900138 0.9878962 0.9862644 0.9929209 0.99116296 0.98968077 0.99859047 0.99732125 0.9971536 0.9968829 0.9958605 0.9968579 0.99376273 0.9901744 0.99812067 0.9957361 0.99629587 0.9953645 0.9937593 0.99202824 0.99063045 0.9971351 0.99619794 0.9970051 0.99527115 0.99519444 0.9937803 0.99305224 0.9858527 0.9965109 0.99668276 0.9961946 0.99531317 0.99613583 0.9959606 0.99418914 0.9937227 0.9949251 0.9961693 0.995368 0.99624044 0.99717385 0.99386525 0.99754435 0.9978798 0.9975508 0.99472594 0.99565303 0.98980284 0.99719423 0.9898626 0.99123645 0.9965895 0.9919101 0.98776835 0.98887897 0.99088293 0.9978251 0.99053967 0.9967344 0.99351686 0.9975075 0.9967151 0.99164826 0.9927689 0.9919225 0.9919068 0.9942182 0.9932675 0.9949527 0.9955138 0.99557805 0.99680877 0.9958781 0.9969064 0.9968933 0.99649334 0.9959303 0.9964589 0.99338186 0.99208933 0.9957365 0.99380714 0.99379456 0.99340653 0.99092954 0.99420375 0.9952195 0.9952537 0.9975158 0.9963274 0.9950868 0.99587786 0.9955162 0.99222267 0.9907789 0.9908633 0.99390644 0.9947392 0.9951579 0.99601114 0.9963106 0.99502814 0.9955648 0.99479824 0.9964364 0.99397844 0.99629116 0.996044 0.99525476 0.9958396 0.99468595 0.9942183 0.9947064 0.9922691 0.99618584 0.99427086 0.9964846 0.99656165 0.9956315 0.99701416 0.995632 0.99644744 0.9961872 0.99631554 0.9954584 0.9951119 0.9960476 0.99597526 0.99636304 0.9955437 0.9961375 0.9972119 0.9972333 0.9961982 0.9974287 0.9945253 0.9974149 0.99714535 0.99637103 0.9949663 0.9960422 0.99678314 0.99774724 0.99743253 0.9954469 0.99746996 0.9966967 0.99733543 0.9966218 0.99652994 0.99279743 0.993361 0.9952526 0.99488866 0.9960678 0.9961249 0.9956854 0.99306744 0.9953631 0.9952222 0.99406123 0.99566364 0.9944708 0.9952903 0.9935362 0.9923889 0.9886022 0.99118584 0.9911497 0.9909535 0.99023294 0.9874513 0.9948264 0.9957166 0.99602574 0.9961012 0.9946008 0.99567425 0.99629074 0.99541813 0.99561536 0.9964247 0.9953413 0.9957636 0.99547255 0.99560636 0.9960189 0.994253 0.9942664 0.9887187 0.98702437 0.98274773 0.9908629 0.99194 0.99075544 0.9911555 0.98826635 0.9928338 0.99014235 0.98609513 0.9897044 0.9882344 0.9894951 0.9892707 0.9839865 0.98423004 0.98682046 0.9879874 0.99111915 0.99152756 0.9891639 0.99088645
PopovicxSxapcyaninMilorad_SRP18880SapcaninSanjalo-L2_2 0.9942449 0.99723244 0.9963588 0.9927583 0.9942106 0.9951056 0.9929014 0.98930925 0.9959149 0.9961467 0.99621767 0.9975099 0.9949898 0.99485254 0.99789286 0.9956251 0.99599886 0.9971221 0.99764067 0.9964545 0.9938711 0.9949178 0.9959728 0.9950693 0.9953962 0.9933112 0.9949781 0.9908377 0.9958371 0.9938772 0.9936168 0.99577314 0.9940649 0.9907838 0.9880682 0.99677444 0.99610335 0.9942489 0.9972239 0.99591506 0.9958199 0.995069 0.9962914 0.9938275 0.9956898 0.9967507 0.99590826 0.9960626 0.9966081 0.99557364 0.99695164 0.99570477 0.9944317 0.9946064 0.9924028 0.9965985 0.99631464 0.9922848 0.9941894 0.99693775 0.99646676 0.9949454 0.9975995 0.99658734 0.99451345 0.9951857 0.9956136 0.99554515 0.9947266 0.9960419 0.9969434 0.9953106 0.99496484 0.9962958 0.9964062 0.9965953 0.9967718 0.99634236 0.997102 0.99641824 0.9956288 0.9937709 0.99533415 0.99280226 0.9907363 0.9932522 0.99259317 0.99402595 0.9948967 0.99323285 0.9948101 0.9944348 0.9956385 0.9950558 0.9951222 0.99528474 0.9921391 0.99353004 0.9937068 0.99345326 0.99348754 0.995095 0.9947289 0.9932936 0.99172956 0.9959852 0.99239755 0.99330443 0.9957472 0.99391186 0.9942483 0.9932015 0.99405 0.9952055 0.9945197 0.9922407 0.9965737 0.99507517 0.9946733 0.99472827 0.995294 0.9932566 0.99779326 0.99682957 0.9963621 0.9968923 0.9964572 0.9968401 0.9965566 0.99673814 0.9966503 0.9969858 0.9968561 0.99673134 0.9967979 0.9943113 0.9957354 0.99662435 0.9965996 0.99046814 0.99007 0.98550266 0.9888441 0.9961576 0.99515617 0.9953506 0.99617493 0.9955362 0.9958959 0.9961286 0.99528164 0.99316394 0.9915192 0.9893845 0.99719614 0.996565 0.996011 0.9925324 0.99211407 0.9920986 0.99349254 0.9911245 0.9913807 0.99127454 0.99276066 0.9927474 0.99450463 0.99632406 0.99565744 0.995829 0.9954822 0.99161816 0.9943915 0.99325633 0.9908263 0.99225086 0.9966048 0.994624 0.9936949 0.9977964 0.99630183 0.99496233 0.9943852 0.9925113 0.9907197 0.987672 0.99814904 0.9970801 0.99657965 0.99668354 0.99623 0.996571 0.9936768 0.9967135 0.99517107 0.99720937 0.9977966 0.99717593 0.99499303 0.9962675 0.9930567 0.9933911 0.9947624 0.9927781 0.9960076 0.9915509 0.99126303 0.99224865 0.9900806 0.98740655 0.9883928 0.991833 0.99724215 0.99707675 0.99757665 0.9952828 0.99707854 0.995669 0.9956696 0.99743843 0.99722475 0.9934236 0.992748 0.9949542 0.9969972 0.996339 0.99466133 0.99716395 0.9966873 0.99614954 0.9962335 0.99143225 0.99335396 0.9975439 0.9964295 0.99439037 0.995434 0.99393606 0.9923862 0.99385583 0.99648935 0.9890438 0.98113286 0.9880365 0.9902401 0.9943643 0.99540246 0.99544126 0.9955475 0.9894167 0.99457616 0.99471927 0.99528253 0.99369955 0.9935088 0.99533933 0.99694794 0.99692273 0.9961072 0.99284333 0.99471194 0.994325 0.99270695 0.99272984 0.99410343 0.9954634 0.9950592 0.99322844 0.9905986 0.9968598 0.9965746 0.9969344 0.99739754 0.99655455 0.99508595 0.99632156 0.99635464 0.99739873 0.9943782 0.996841 0.9961795 0.9956868 0.9953219 0.9969982 0.9959022 0.99395025 0.9909729 0.99534786 0.9955685 0.99279946 0.9966801 0.9969174 0.9967025 0.997365 0.99536836 0.9961115 0.9951347 0.9973047 0.9968655 0.99491006 0.99389595 0.9935725 0.99091756 0.9933554 0.99142396 0.99134433 0.9911595 0.99144506 0.9964122 0.9955313 0.9959511 0.99615383 0.99691665 0.99726 0.9965586 0.99703693 0.9959426 0.9965514 0.9990595 0.9999997 0.99803275 0.99846184 0.9977475 0.9961747 0.99457157 0.99242926 0.99382836 0.9973579 0.99689573 0.99737686 0.9976042 0.9920985 0.9900105 0.9886835 0.9926415 0.99037075 0.9888762 0.99836576 0.9969971 0.99701583 0.99705327 0.9962915 0.99695456 0.9944813 0.9911996 0.9981871 0.99605554 0.9964832 0.9956468 0.99441266 0.9928776 0.9915581 0.99730814 0.9968168 0.9976572 0.9957477 0.9961635 0.99502236 0.9942446 0.9863643 0.99583006 0.99579436 0.99633133 0.995087 0.99559253 0.99558103 0.99307555 0.9922744 0.9938923 0.9954892 0.9950579 0.9961057 0.997941 0.9943613 0.9975298 0.99810874 0.9974064 0.99494076 0.9962522 0.9904647 0.9976769 0.9908246 0.99211395 0.99707437 0.99276036 0.9886299 0.9901998 0.99178153 0.9980305 0.99151987 0.9970392 0.9938322 0.9974111 0.99701846 0.9919167 0.9924663 0.9916377 0.9918117 0.9948159 0.99395025 0.994816 0.99497014 0.9945137 0.9960899 0.9954861 0.99614173 0.99652636 0.996486 0.995881 0.9967551 0.9940739 0.9925602 0.9957013 0.99378735 0.9941755 0.9932513 0.9910108 0.99401987 0.99562466 0.9954565 0.99761593 0.9960063 0.994761 0.99573934 0.9948909 0.9924172 0.99065 0.99064094 0.9937625 0.9943809 0.9948215 0.9958267 0.9962704 0.99539334 0.99555296 0.99494326 0.9964135 0.9933719 0.9956584 0.99452096 0.9945278 0.9949147 0.99383116 0.9933888 0.9935406 0.9911873 0.9946337 0.9928434 0.9955453 0.99523574 0.99443054 0.99571925 0.9940934 0.99527764 0.99467915 0.9963489 0.99561423 0.995355 0.9959812 0.9959807 0.9955846 0.994904 0.9959942 0.99695456 0.9965216 0.9958223 0.99707425 0.9943326 0.9970793 0.99670166 0.99563634 0.99448884 0.9957065 0.99697435 0.99766105 0.9967805 0.9952798 0.9970956 0.9974333 0.99785703 0.9972737 0.99724734 0.99338907 0.9942843 0.9963781 0.99534196 0.9961395 0.996244 0.99617124 0.9935348 0.9954561 0.99598193 0.99481606 0.9958088 0.99532944 0.9957173 0.99458104 0.9936941 0.99055594 0.9926929 0.9919813 0.9919879 0.99192995 0.9893784 0.9930354 0.99426466 0.99503404 0.99554026 0.9941234 0.9950869 0.99540365 0.9952925 0.99497926 0.99496347 0.99377644 0.99434257 0.99394804 0.99413496 0.9947191 0.99284905 0.993633 0.98856413 0.9862025 0.9816686 0.9908325 0.9918383 0.99055827 0.99100864 0.9881831 0.9933135 0.990752 0.986628 0.98997545 0.9889191 0.9897055 0.9892251 0.9845092 0.98411614 0.9869079 0.9881828 0.9917829 0.99408907 0.99215525 0.99367267
PopovicxSxapcyaninMilorad_SRP18880SapcaninSanjalo-L2_3 0.9945147 0.99622357 0.9965769 0.9947937 0.9954916 0.993781 0.9914453 0.98839396 0.99643654 0.9964721 0.99722195 0.9969069 0.9966235 0.99688756 0.99739724 0.9962051 0.99591184 0.99616486 0.9964131 0.996997 0.9961362 0.9968638 0.993513 0.99359095 0.9944002 0.9944798 0.99509 0.99291366 0.99585485 0.99529827 0.99481285 0.9952596 0.99534357 0.99297374 0.991066 0.9949901 0.99384356 0.99410486 0.9966099 0.99544847 0.9965482 0.9972811 0.9967474 0.99588406 0.9941282 0.995154 0.9965747 0.99738264 0.9974334 0.99822336 0.9978715 0.9973412 0.9972001 0.99633884 0.99447757 0.99533117 0.9944798 0.9892603 0.99268824 0.99676836 0.99644613 0.9933222 0.9966872 0.9961535 0.9914322 0.9920676 0.99725837 0.99614066 0.9967192 0.9951757 0.99564415 0.99308294 0.9952166 0.99731404 0.9969166 0.99801385 0.99495953 0.99516994 0.99730295 0.99648404 0.9945302 0.99490666 0.9950006 0.99610436 0.99366397 0.99587196 0.9959626 0.99621457 0.9970769 0.9953077 0.99643975 0.99701977 0.9954008 0.99498266 0.9954913 0.9958407 0.9936534 0.9951454 0.9945642 0.9957129 0.99382454 0.99573326 0.9958321 0.99600947 0.9957786 0.9961897 0.99591565 0.9964876 0.99672335 0.9962716 0.99631345 0.9958527 0.9967057 0.9971738 0.9961718 0.99575424 0.9963531 0.99442005 0.9935895 0.99394536 0.9950228 0.99380857 0.9971645 0.99620134 0.995962 0.9955164 0.99732983 0.9951908 0.993826 0.9949412 0.99521625 0.9952463 0.9967145 0.99659944 0.99631053 0.99520844 0.9951341 0.99571353 0.9965632 0.9930332 0.99328077 0.98945785 0.99175555 0.9967011 0.9958529 0.9963476 0.9950484 0.99389285 0.9957748 0.9957522 0.9918403 0.99017423 0.9889995 0.9856645 0.99710596 0.9965917 0.9964838 0.99592173 0.9956287 0.99560535 0.99709874 0.9950511 0.995117 0.99441814 0.99597234 0.99650747 0.9970384 0.9983743 0.99760324 0.9976973 0.9977691 0.9962345 0.9976196 0.997059 0.995547 0.9964059 0.99799955 0.99684006 0.9960616 0.9979846 0.9976381 0.997248 0.99647254 0.9960999 0.9940712 0.99226695 0.9982677 0.99841917 0.9980218 0.99832094 0.9978898 0.9973925 0.9966404 0.99806744 0.99754226 0.997332 0.9970164 0.99628174 0.99484897 0.9974398 0.9950907 0.9959539 0.9966604 0.9947394 0.9959631 0.9939263 0.993744 0.9949076 0.9925656 0.9897228 0.9912961 0.9952561 0.99717754 0.9960059 0.9977238 0.99703413 0.9968304 0.9968021 0.99766016 0.9965849 0.99698913 0.99491155 0.99411577 0.9963392 0.997918 0.9970037 0.99776953 0.9978641 0.9975027 0.9963774 0.99769235 0.9857357 0.98904246 0.9967699 0.99580246 0.99227434 0.99437755 0.99523777 0.98970944 0.99318856 0.997568 0.9933615 0.9868564 0.9919251 0.9931832 0.993622 0.99510163 0.9944364 0.99370265 0.9869175 0.99495125 0.99549305 0.99507535 0.9932455 0.99064374 0.9946058 0.9958661 0.996083 0.9943908 0.99132633 0.99369997 0.99369675 0.9940815 0.99183387 0.9945152 0.9961372 0.995976 0.9942367 0.9914139 0.99713993 0.9973679 0.9971248 0.9965012 0.99746317 0.99477565 0.9964685 0.99461764 0.9956991 0.99368215 0.99664795 0.9962887 0.99431646 0.9931837 0.9972302 0.99583346 0.99296886 0.9903452 0.99318707 0.9942829 0.99167734 0.994671 0.9957221 0.9957645 0.9970386 0.9938983 0.99537045 0.99493206 0.9959606 0.9967963 0.99471223 0.99382544 0.99605405 0.9948163 0.99551815 0.9951772 0.99507785 0.99497867 0.99486697 0.9940828 0.99379975 0.9947371 0.9952989 0.99690366 0.99644226 0.9952123 0.9970572 0.9950023 0.9963441 0.9975914 0.99803275 1.0000001 0.9993602 0.9994747 0.9974614 0.9964052 0.99503386 0.99614686 0.9968266 0.9971477 0.9970509 0.9971764 0.99276674 0.9916515 0.99040806 0.99625254 0.9948296 0.9933535 0.99672925 0.9973886 0.99734217 0.9973596 0.99743277 0.9972098 0.99640363 0.9917722 0.99767315 0.99668485 0.9966314 0.9939534 0.99496776 0.9927339 0.9919777 0.995412 0.99591017 0.99645483 0.9957235 0.9940747 0.9937675 0.9937657 0.9926996 0.9952677 0.99422747 0.9959355 0.9940153 0.9947473 0.99351716 0.99246943 0.9924671 0.99388814 0.9955163 0.99596536 0.9961971 0.9981149 0.9968581 0.9972026 0.99780786 0.9977687 0.9969297 0.99664116 0.99461794 0.9974458 0.9944385 0.99557155 0.99859124 0.99636984 0.9936773 0.99441737 0.99581265 0.99690115 0.9939806 0.9967185 0.99598414 0.9970841 0.9968535 0.99613035 0.9958349 0.99544847 0.99584955 0.99732965 0.9960741 0.99242914 0.9925514 0.99178874 0.99311066 0.9933055 0.99350107 0.9935888 0.9944464 0.99339914 0.9973109 0.9958541 0.9948237 0.99647367 0.99656785 0.9958505 0.994983 0.9944805 0.9969223 0.99712914 0.9972221 0.9980395 0.9972096 0.99350554 0.9953363 0.9950953 0.9916511 0.99057007 0.99013424 0.9971585 0.9963055 0.9966147 0.9974596 0.99750435 0.996417 0.9963385 0.996383 0.9978583 0.99697876 0.9953201 0.9938762 0.9953462 0.99649024 0.99537295 0.99617726 0.9944064 0.9926783 0.99411625 0.9934711 0.99563813 0.99450743 0.99543697 0.99458134 0.9930687 0.9948527 0.9925215 0.9978728 0.99652964 0.9953301 0.99599403 0.99574995 0.9942515 0.9956096 0.9973421 0.99693644 0.99628335 0.99654114 0.9965623 0.9928404 0.9964391 0.9956139 0.99624205 0.99658895 0.995328 0.9974546 0.99771696 0.9978293 0.9968902 0.99738157 0.99813014 0.9974358 0.9971374 0.9965009 0.99364585 0.99474555 0.9969209 0.9950571 0.9938392 0.9958485 0.99687326 0.9957979 0.9966779 0.99735653 0.99712783 0.99672455 0.9966604 0.9966528 0.9953961 0.9935351 0.99114895 0.99277127 0.9943618 0.99345386 0.9922775 0.9894746 0.9915243 0.9923564 0.9943582 0.9962491 0.9961553 0.9960705 0.9951604 0.9962148 0.9955605 0.9932197 0.9923676 0.99315524 0.99352163 0.9950947 0.99564016 0.9947063 0.996387 0.99412364 0.992123 0.98922956 0.99419945 0.99541473 0.9945102 0.9946106 0.9931337 0.9962614 0.9944365 0.99191076 0.99464035 0.9927693 0.99386764 0.9943274 0.9906886 0.9903077 0.9921271 0.9932784 0.99539274 0.99144405 0.98971474 0.9918977
PopovicxSxapcyaninMilorad_SRP18880SapcaninSanjalo-L2_4 0.9951067 0.99727273 0.9969461 0.9948947 0.9956673 0.9946734 0.9922312 0.98904544 0.99658024 0.9964356 0.9971086 0.99733657 0.9963373 0.9964838 0.9973688 0.99608874 0.99576694 0.9962667 0.99676013 0.9971664 0.9955292 0.9964676 0.99533266 0.9951027 0.9956144 0.9950371 0.9958793 0.99298507 0.99599046 0.99473304 0.99448514 0.995504 0.99484605 0.9920084 0.9897884 0.9953717 0.9945899 0.9938428 0.99741393 0.9962995 0.99683255 0.9972207 0.997318 0.995772 0.99512595 0.9961927 0.9968804 0.9976031 0.99755496 0.99763316 0.99790317 0.99706554 0.99665666 0.99648905 0.9941209 0.99599165 0.9954418 0.9901419 0.9934703 0.9970051 0.9967726 0.9941292 0.9974046 0.99677724 0.99273 0.99340653 0.9972833 0.9964162 0.99642324 0.9963702 0.99637437 0.9946483 0.99568033 0.9971503 0.9972221 0.9977158 0.9955152 0.9953418 0.9975199 0.99704266 0.9949089 0.9952424 0.99567205 0.99602884 0.9943464 0.9958552 0.99560326 0.9963513 0.99690163 0.99573076 0.99674475 0.99587184 0.9954864 0.99500686 0.9951876 0.99584943 0.99353504 0.9951292 0.99449235 0.9950674 0.99365175 0.99552417 0.9955365 0.9954721 0.9950835 0.99691176 0.9957186 0.9963395 0.99707407 0.99626946 0.99631417 0.995973 0.99671507 0.9972162 0.9963582 0.9957494 0.99666035 0.9950734 0.994414 0.99474096 0.9955863 0.9941249 0.99734974 0.99658245 0.99657995 0.99655366 0.997315 0.99622226 0.9951296 0.9961457 0.9963948 0.99649596 0.997325 0.9973886 0.9968153 0.9945719 0.99548155 0.9962312 0.99685603 0.99395597 0.9941029 0.9902478 0.992568 0.99697965 0.99581033 0.99609697 0.9958946 0.99510586 0.996488 0.9963656 0.9933687 0.9916116 0.9902856 0.98747724 0.9973394 0.99656284 0.996462 0.9954111 0.99501604 0.9947373 0.9962418 0.994033 0.99404037 0.9935273 0.99508804 0.99546593 0.9962734 0.997684 0.9968954 0.99709123 0.996849 0.9947854 0.9967351 0.9962479 0.99439335 0.99556667 0.9971118 0.9955405 0.9948628 0.9980644 0.99733114 0.99655545 0.9960869 0.9960211 0.9934475 0.9913858 0.9981431 0.99809825 0.99762666 0.99818367 0.9970777 0.9967428 0.9954062 0.9973332 0.99666446 0.9973928 0.9972256 0.9972157 0.9960656 0.9979729 0.99556524 0.99605817 0.9970055 0.9950788 0.99715054 0.99442494 0.9942153 0.9953687 0.9928334 0.9898937 0.99160254 0.9951963 0.99706686 0.996067 0.9976865 0.9966806 0.99690586 0.99679047 0.9970991 0.9966429 0.9969382 0.99411994 0.99333024 0.99570596 0.99738073 0.9964378 0.9972944 0.9978138 0.99743253 0.99654526 0.997474 0.98861957 0.9917887 0.9971409 0.99637496 0.99369234 0.995433 0.9952691 0.9909794 0.9940891 0.9974722 0.99236447 0.98530364 0.99125504 0.99287325 0.99466896 0.9956442 0.99547035 0.9951004 0.9891354 0.99597603 0.9964586 0.99616885 0.99434316 0.99211377 0.9956527 0.9967343 0.9968983 0.9957059 0.9925002 0.99469304 0.994618 0.9939213 0.9923212 0.99506336 0.99651 0.9961888 0.9945177 0.99191076 0.99717784 0.99714506 0.99745476 0.9971348 0.9976938 0.9952983 0.9966182 0.9961247 0.99705845 0.9956936 0.9977824 0.9972815 0.9955016 0.99471354 0.99787045 0.9971567 0.99429506 0.9915246 0.99473304 0.99559456 0.99244314 0.9960449 0.9968768 0.99702215 0.9979448 0.99498886 0.9962588 0.9958863 0.9970574 0.997327 0.9954691 0.99442506 0.99534523 0.9935192 0.9946748 0.9938296 0.99368966 0.9937074 0.99354744 0.99503475 0.99480116 0.99546087 0.9957012 0.9969532 0.99697447 0.99608153 0.9973692 0.9959548 0.9968634 0.9982199 0.99846184 0.9993602 0.9999998 0.9992516 0.99799955 0.9967729 0.9954753 0.9966125 0.9973892 0.9974945 0.997501 0.9976413 0.9936898 0.99223137 0.9909749 0.9960635 0.9942901 0.99324334 0.99742454 0.9976552 0.9975064 0.99770665 0.9972947 0.99771625 0.99616426 0.9917341 0.9979663 0.99684143 0.9969624 0.99481165 0.99499345 0.99313325 0.9922282 0.99617404 0.99639773 0.9966853 0.99569196 0.99458253 0.9939931 0.9938808 0.9910136 0.99626136 0.9956555 0.99679756 0.9951512 0.9959016 0.99519265 0.99347895 0.9935828 0.9947964 0.9963265 0.99656457 0.99716246 0.998083 0.9962167 0.9976421 0.997986 0.9979953 0.9966563 0.9968231 0.99344003 0.99770087 0.99321985 0.9942795 0.9981336 0.9954115 0.99211186 0.99295837 0.99441135 0.9975215 0.9931289 0.99699134 0.99544615 0.9976866 0.99748933 0.9950146 0.9949923 0.9943783 0.99451625 0.99646825 0.99634695 0.9943075 0.99449426 0.99387217 0.99491715 0.9950294 0.9953032 0.9953175 0.995817 0.9951971 0.99735427 0.995252 0.99429005 0.99678934 0.99597263 0.995293 0.99452424 0.993373 0.9965427 0.99717444 0.9971421 0.99820423 0.9972949 0.99453634 0.9959645 0.9956684 0.9926657 0.99136615 0.9909307 0.996794 0.9964685 0.99697715 0.997319 0.9977972 0.9964186 0.9964418 0.99635863 0.9982086 0.9966698 0.99615455 0.99480164 0.99597245 0.9969857 0.99569994 0.99603176 0.9951175 0.9936768 0.9950653 0.99418783 0.99618095 0.9958444 0.99612504 0.9956231 0.9938547 0.9953053 0.9938974 0.9974675 0.99616635 0.9954767 0.99613196 0.99622333 0.9954571 0.99610245 0.9972195 0.9976411 0.99702156 0.99713534 0.997411 0.99398273 0.99702185 0.9964134 0.9968157 0.9965506 0.9957626 0.9974332 0.9980178 0.9976572 0.9967773 0.9976372 0.9980781 0.9979161 0.99773693 0.9974571 0.9942512 0.9953757 0.99765813 0.99569297 0.99492353 0.9967067 0.99727994 0.99576557 0.99676436 0.9973008 0.9967352 0.9970292 0.9969619 0.99698585 0.995942 0.99412847 0.9911447 0.9933465 0.99404424 0.99355555 0.9926928 0.98983556 0.9930052 0.99413407 0.9955112 0.9967728 0.99666476 0.9967772 0.9964228 0.9969495 0.99642015 0.99456704 0.9938127 0.99436164 0.99467903 0.9957167 0.99587226 0.99521834 0.9956546 0.9922385 0.99043226 0.98689455 0.992736 0.9939214 0.99321985 0.9930066 0.9915044 0.9952989 0.9929638 0.9900099 0.9930905 0.9913533 0.9923304 0.9927511 0.9886741 0.98827106 0.9904295 0.9914444 0.99409527 0.99188334 0.99008816 0.99161404
PopovicxSxapcyaninMilorad_SRP18880SapcaninSanjalo-L2_5 0.9934504 0.996 0.99619573 0.9942325 0.99489474 0.9941092 0.99199384 0.9887523 0.99691576 0.996403 0.9972923 0.99712586 0.99692386 0.9970641 0.99735117 0.9960691 0.99571943 0.9958706 0.9962505 0.99709886 0.9960776 0.99679965 0.9939266 0.99392474 0.9945681 0.99464154 0.9950425 0.99292004 0.9960265 0.9955532 0.9950392 0.9955541 0.9955735 0.9915902 0.98954713 0.9945843 0.9934497 0.9933043 0.99616814 0.99555 0.99627537 0.99677956 0.9962877 0.9953907 0.9933875 0.99487513 0.9962195 0.997101 0.99744934 0.99762 0.9979748 0.99724793 0.9970254 0.99622405 0.99472183 0.9947474 0.9940262 0.9882852 0.99191326 0.9964858 0.99622726 0.9929259 0.99611765 0.9953164 0.99081707 0.9915947 0.9967172 0.995935 0.9964693 0.9957984 0.9956255 0.99387383 0.99589854 0.99773633 0.9975112 0.99840856 0.995258 0.99525493 0.9974348 0.9969475 0.99504894 0.9943512 0.99470675 0.99629754 0.9937765 0.99615914 0.9960783 0.99656665 0.9972253 0.9951492 0.99635506 0.9964457 0.99579513 0.99553347 0.9959993 0.996335 0.99420905 0.9957626 0.99519587 0.9961296 0.99443406 0.99600387 0.99614406 0.9963331 0.99561673 0.9959426 0.99586576 0.9964527 0.9969564 0.99646497 0.9966582 0.99613905 0.99682236 0.99712425 0.99658525 0.995711 0.99666023 0.99521327 0.9943835 0.99470377 0.9958684 0.994868 0.9974162 0.99676913 0.9966721 0.9961945 0.99766743 0.9958535 0.99393433 0.9953145 0.9955673 0.9957025 0.9970202 0.9969167 0.99656105 0.9943484 0.9945005 0.9951618 0.9958767 0.9931202 0.9933959 0.98961246 0.9918266 0.99665385 0.9959322 0.99642825 0.99552315 0.9943746 0.9963593 0.996491 0.99164397 0.9907559 0.9894897 0.98634255 0.9970589 0.9963846 0.99635243 0.9951627 0.9950126 0.9959773 0.9968896 0.9952927 0.9952821 0.99465966 0.9959954 0.9959819 0.99637926 0.99810916 0.99751854 0.99777156 0.9976704 0.9961157 0.9975829 0.9969562 0.99550855 0.9961015 0.99769616 0.9962219 0.99515134 0.9975477 0.99729264 0.9968267 0.99635166 0.9959346 0.9943423 0.9927305 0.99815804 0.998404 0.998353 0.99839103 0.9975694 0.99729216 0.99637985 0.99791026 0.9971878 0.9974224 0.997149 0.99665624 0.9953975 0.997651 0.9952847 0.9961373 0.9969428 0.99494576 0.9962254 0.99442697 0.99426055 0.9954284 0.9929789 0.9903002 0.9918284 0.9955788 0.9966469 0.9953441 0.9973031 0.9963851 0.99638975 0.99602306 0.9971132 0.99591863 0.9963316 0.9941858 0.9934742 0.99566483 0.9974104 0.9964682 0.9976876 0.99754286 0.99718946 0.99612975 0.9971216 0.9862739 0.9896025 0.9965552 0.9954276 0.9920832 0.994048 0.99530715 0.98957664 0.9929054 0.9970621 0.9930954 0.9868717 0.9916187 0.99325126 0.993654 0.99458593 0.99428385 0.99427503 0.98791397 0.995684 0.9960304 0.9955406 0.9939711 0.9909833 0.9949769 0.9961854 0.99623364 0.9947589 0.99232054 0.994177 0.9944371 0.9944142 0.99222004 0.9950213 0.9966374 0.996503 0.9951718 0.9925365 0.99700886 0.99730396 0.9967667 0.9963368 0.9972602 0.9949919 0.9963684 0.9948105 0.99561 0.9937039 0.9967635 0.9962181 0.99471617 0.9934911 0.9971457 0.9957008 0.9934958 0.9912088 0.99358505 0.9949032 0.9924456 0.99440074 0.9960297 0.9960247 0.99692583 0.99449116 0.99582446 0.9955542 0.9965098 0.99716896 0.99547035 0.994359 0.9968025 0.99538434 0.9960899 0.9957051 0.99547625 0.9955345 0.9956104 0.9936316 0.99318165 0.9945807 0.99563116 0.9969303 0.9966524 0.9952397 0.996891 0.99541247 0.9964765 0.9974924 0.9977475 0.9994747 0.9992516 0.9999998 0.9970539 0.99600035 0.9949385 0.996027 0.99703515 0.9972155 0.99719745 0.9972331 0.99167633 0.9904112 0.9890985 0.9965263 0.99527353 0.99386084 0.99680525 0.99761593 0.99747664 0.9974623 0.9971559 0.9971949 0.9960866 0.9914021 0.99731755 0.9966674 0.996814 0.99406826 0.9950651 0.9927392 0.9918986 0.9953106 0.99560237 0.9963692 0.99566406 0.99392164 0.9934598 0.9937206 0.9923575 0.9956392 0.99457365 0.9958879 0.99434924 0.99517137 0.99412215 0.99335927 0.9936012 0.99464035 0.99618906 0.99649316 0.9967507 0.9976322 0.99612623 0.9968765 0.9973703 0.9972501 0.9962295 0.9960418 0.9935862 0.99697256 0.9934929 0.9945304 0.99810916 0.99559236 0.9926889 0.99325824 0.99492013 0.9965408 0.99260485 0.9962576 0.9953146 0.9967422 0.9966264 0.9959514 0.9960747 0.9956489 0.9957208 0.99696195 0.995575 0.993026 0.9931189 0.9922394 0.9935208 0.9939125 0.9940047 0.99380904 0.9947134 0.99392897 0.9972832 0.9959201 0.9951288 0.99669856 0.99668586 0.99607074 0.99539125 0.9948665 0.9975628 0.99746054 0.9976338 0.99826205 0.9975672 0.99439025 0.99595076 0.99579895 0.99243516 0.99145544 0.99115753 0.9974371 0.9969017 0.9969787 0.99772686 0.9976933 0.9968069 0.99696565 0.99687546 0.99793434 0.99725276 0.99552035 0.9944823 0.995772 0.99678856 0.9957664 0.9965596 0.9951042 0.9936437 0.99476886 0.99419385 0.99621934 0.995206 0.9961342 0.9953619 0.9938487 0.9953314 0.9931846 0.9981038 0.9968426 0.99565655 0.9964086 0.99606186 0.99477786 0.9959241 0.9977355 0.9972253 0.99671185 0.9968277 0.9970319 0.9935309 0.9968771 0.9962607 0.9968242 0.99675596 0.9956906 0.9977516 0.99761593 0.9981885 0.9972729 0.99795836 0.99824643 0.99761117 0.99747145 0.9968585 0.9942172 0.99535346 0.9970498 0.995751 0.9944738 0.99619806 0.9971432 0.9958865 0.9969834 0.99753696 0.9970718 0.99716485 0.99676156 0.99699265 0.9945798 0.9926216 0.9898758 0.99178684 0.9935591 0.9926309 0.9912643 0.9882189 0.99229604 0.9932283 0.9949325 0.99657416 0.99655 0.99645525 0.99557716 0.9964997 0.99609107 0.99370426 0.99284244 0.9936733 0.9943078 0.9957497 0.9961545 0.9954658 0.9963221 0.99379146 0.9920431 0.98922604 0.99362403 0.9949359 0.9941801 0.9942063 0.9928886 0.9963056 0.99408275 0.99157155 0.9946732 0.9925558 0.99368834 0.9942989 0.9904092 0.99022204 0.99207485 0.9931554 0.9952262 0.99124104 0.98920643 0.99145424
PopovicxTodorLx_SRP19010TodorPGila-L2_1 0.9942132 0.99595034 0.99609333 0.99602294 0.99623877 0.9908608 0.98846346 0.98519355 0.9953465 0.9955155 0.9961908 0.995706 0.99564004 0.9958173 0.9952967 0.9952733 0.99404377 0.9942618 0.99458 0.9964023 0.9948215 0.9959299 0.9938994 0.99454427 0.99496853 0.99531436 0.99529904 0.99398494 0.99466664 0.9937842 0.99389815 0.9938848 0.9937136 0.99181676 0.9899404 0.99276924 0.992397 0.99200493 0.99628025 0.9964448 0.99670076 0.99736005 0.9964395 0.99644595 0.9938671 0.9946593 0.99703604 0.9977498 0.9968488 0.9974158 0.99685687 0.99590045 0.9958958 0.9954582 0.99241126 0.9955807 0.9944922 0.98810136 0.9927475 0.99562794 0.9953007 0.99369127 0.9957757 0.99503535 0.9897605 0.9907879 0.99650705 0.9941101 0.9949394 0.9960043 0.9947731 0.9917031 0.9927348 0.99560803 0.9948844 0.9961287 0.99240875 0.99163365 0.9959389 0.99608326 0.99181944 0.9956318 0.9956169 0.99708784 0.9967246 0.99656343 0.99670875 0.9970041 0.9972441 0.99674284 0.9974161 0.99522114 0.9925172 0.99142593 0.99151856 0.9939684 0.99126375 0.99410677 0.991324 0.9925771 0.98955595 0.99229366 0.9928338 0.9948043 0.99562645 0.9967548 0.99683744 0.9972435 0.9971152 0.99688864 0.9967851 0.99750257 0.99736613 0.997493 0.9963834 0.9972081 0.99429584 0.99385977 0.9923603 0.9931208 0.99335545 0.9912769 0.9946884 0.9945991 0.99552625 0.99461603 0.9961234 0.99409366 0.9918461 0.9937762 0.9947809 0.9943007 0.9964517 0.9964199 0.99440247 0.9935903 0.9944403 0.9949282 0.99580836 0.99588144 0.9967931 0.99391043 0.9957199 0.99569446 0.9946107 0.9953656 0.99375874 0.9927906 0.99485564 0.9947561 0.99030787 0.9882731 0.9871188 0.98388076 0.99609536 0.995673 0.9959785 0.9964231 0.9957344 0.9936153 0.99572825 0.99302447 0.99350363 0.9926441 0.99428093 0.99594057 0.9961808 0.9969006 0.9949784 0.9961895 0.9957759 0.9953 0.9968334 0.9970953 0.9957255 0.99694234 0.9945974 0.9941142 0.99382925 0.99690455 0.99652857 0.99624455 0.9963622 0.9981967 0.99443936 0.9924069 0.9967094 0.99740905 0.9970489 0.9971892 0.99500805 0.99455285 0.9943689 0.99534076 0.9955809 0.9959303 0.9950552 0.99562 0.99463093 0.99728304 0.99515283 0.9961499 0.9969575 0.99535966 0.99613345 0.9948437 0.9951252 0.99613965 0.99274844 0.9893505 0.99169564 0.99613154 0.9957208 0.99352974 0.9959418 0.9965621 0.9952331 0.9962292 0.9962975 0.9939578 0.9947067 0.99221754 0.991216 0.9942935 0.9952832 0.99376696 0.99718726 0.9953964 0.9949725 0.9930446 0.9956489 0.98467505 0.9898098 0.9963331 0.9951789 0.9920739 0.9949292 0.9943619 0.98796785 0.99293786 0.9970373 0.99349946 0.9864809 0.9922369 0.99316645 0.99371266 0.9949259 0.992351 0.992446 0.9859567 0.994694 0.9961559 0.995144 0.99114805 0.98702717 0.99305093 0.9934975 0.9943417 0.9926747 0.989237 0.99234694 0.9917811 0.99127465 0.9882082 0.99239975 0.99480647 0.99415004 0.99132794 0.9886796 0.9962856 0.99624944 0.9969957 0.9959363 0.997834 0.9935815 0.9948035 0.9932748 0.9957796 0.99695325 0.9975876 0.9975865 0.99217415 0.99107695 0.9966343 0.9964903 0.9915768 0.9879502 0.9916062 0.99238956 0.9895763 0.9934002 0.99442554 0.9946357 0.9969639 0.9914734 0.9938423 0.9936523 0.99524754 0.9947651 0.99248135 0.99139607 0.9933919 0.9927926 0.9924298 0.9933089 0.9928448 0.9933149 0.99152416 0.9933327 0.99381036 0.9940163 0.9941479 0.99583757 0.9956792 0.9942231 0.99623233 0.99353737 0.99574196 0.9959417 0.9961747 0.9974614 0.99799955 0.9970539 0.99999976 0.9991314 0.998698 0.99899024 0.99656475 0.9969357 0.9966953 0.9967737 0.9950766 0.99420476 0.992555 0.99707055 0.99555767 0.9953813 0.9958553 0.99718714 0.9973527 0.9974196 0.9972674 0.9973259 0.9967588 0.9923572 0.99755186 0.9974924 0.99738115 0.994587 0.99562895 0.99367505 0.99306065 0.995137 0.99555373 0.9947274 0.9943197 0.9922319 0.9923891 0.9921761 0.9919877 0.9962529 0.9948037 0.99703777 0.9952566 0.9953464 0.99439996 0.9913349 0.99247706 0.99378586 0.9946028 0.9952558 0.996083 0.99646086 0.9955931 0.99593437 0.99637777 0.9965648 0.99625087 0.99633336 0.9935547 0.99614036 0.9930296 0.9936503 0.9965311 0.99515235 0.99202293 0.9923521 0.993922 0.99511206 0.9928316 0.9955653 0.9947536 0.9960058 0.9957476 0.995871 0.99533767 0.9947391 0.9945071 0.9965496 0.997664 0.99432576 0.99257493 0.9931092 0.99365014 0.9945606 0.9939486 0.99419385 0.9947137 0.9944744 0.9961925 0.9935936 0.99315995 0.99522305 0.9955774 0.9927696 0.99198705 0.99147004 0.99496555 0.99559003 0.99616015 0.99643576 0.99676853 0.99300694 0.9936894 0.9950602 0.9897901 0.9882767 0.9875127 0.99676156 0.9949095 0.9957497 0.99561495 0.99648696 0.9937906 0.9945862 0.9950516 0.99717176 0.9971157 0.993499 0.99386024 0.9958053 0.9959989 0.9946339 0.9956752 0.9948971 0.99437904 0.9945945 0.9948153 0.99545366 0.995479 0.996245 0.99389464 0.9929005 0.99459827 0.99186134 0.99616146 0.99454856 0.9934058 0.99459326 0.9940538 0.99321187 0.99498963 0.99527085 0.99606293 0.9958284 0.9961595 0.9953147 0.9911973 0.9954692 0.9943076 0.9964086 0.9961422 0.9927313 0.99542046 0.99743265 0.99658453 0.9958942 0.9958993 0.9965127 0.99521023 0.9958864 0.9957796 0.9906364 0.9937869 0.9967977 0.99351954 0.99184895 0.99644345 0.9966484 0.99635434 0.99628353 0.996655 0.99575764 0.99700004 0.99645007 0.99715805 0.99719024 0.9949033 0.9911021 0.99377173 0.9949151 0.99446654 0.99319905 0.9906392 0.990171 0.99184775 0.99362695 0.99575096 0.9970728 0.99627763 0.9949353 0.995982 0.99561626 0.99151546 0.9912602 0.9915476 0.9929141 0.9948816 0.9944287 0.99425125 0.996043 0.9926824 0.99200743 0.98849064 0.99301374 0.9938035 0.99392223 0.99338216 0.99252135 0.99525887 0.9930755 0.9907568 0.99319726 0.9921617 0.99285847 0.9934696 0.99025804 0.98956966 0.9917869 0.9920672 0.9940281 0.98742974 0.9856093 0.98668736
PopovicxTodorLx_SRP19010TodorPGila-L2_2 0.994025 0.99454665 0.995926 0.9967751 0.9967274 0.9888163 0.9869518 0.98344713 0.99445623 0.9959556 0.99628294 0.9950454 0.99568117 0.9957843 0.99494183 0.99623126 0.9947927 0.994772 0.9943289 0.9959672 0.9953024 0.99641573 0.992877 0.9945599 0.99513984 0.9964203 0.99584585 0.9957355 0.99510103 0.9948651 0.9953056 0.9940691 0.9945481 0.99323606 0.9918011 0.99247015 0.9924531 0.9929485 0.9953786 0.99610364 0.99657714 0.9973943 0.9957304 0.9974075 0.9937546 0.9941611 0.9970924 0.99747175 0.99633837 0.997372 0.9953265 0.99413747 0.99448097 0.9942602 0.99069995 0.99583966 0.99442136 0.9889844 0.99385744 0.9955536 0.9950305 0.9946465 0.9948674 0.9941945 0.9887145 0.9899613 0.9949682 0.9917743 0.99298286 0.9941431 0.9926552 0.98904073 0.99023795 0.99387175 0.9927236 0.99496037 0.990029 0.98913807 0.9943545 0.99450743 0.9895678 0.99545485 0.995293 0.9965351 0.9964835 0.9958694 0.99656326 0.9964882 0.9968338 0.99615973 0.99642277 0.99591273 0.9905876 0.9897024 0.9894981 0.992449 0.98952335 0.9927947 0.98919797 0.9911526 0.98753333 0.9910272 0.99145454 0.9931765 0.99505585 0.9944574 0.9963199 0.9961972 0.99517715 0.99517435 0.9950764 0.99649656 0.99628854 0.9963902 0.99502015 0.9967288 0.9914084 0.9911866 0.9892956 0.9903836 0.9907592 0.9881919 0.9929251 0.9927746 0.9941817 0.99253726 0.99537635 0.992205 0.98956424 0.9917388 0.9936101 0.99268 0.9954025 0.99535114 0.9925006 0.9946871 0.9947834 0.9948332 0.99604595 0.99523866 0.9965328 0.9938343 0.99534345 0.9939292 0.9923528 0.99350405 0.9911072 0.989773 0.9925842 0.9922527 0.98861766 0.9855187 0.9842016 0.98096186 0.9947046 0.9950393 0.9958059 0.99670315 0.99591756 0.99258405 0.99554193 0.99184334 0.99374294 0.99197495 0.9936658 0.99610364 0.9965478 0.9961058 0.9942 0.9948712 0.99501806 0.9955617 0.9959594 0.99690914 0.9961379 0.99737585 0.99372786 0.9944696 0.9945552 0.99584377 0.99578524 0.99670655 0.9968243 0.99779195 0.9936526 0.99136424 0.9955664 0.9966283 0.9956838 0.9965998 0.99491644 0.99331015 0.99471056 0.99474895 0.9958942 0.9950977 0.9933717 0.9935934 0.99248046 0.9959679 0.9937837 0.9948378 0.99598527 0.99497247 0.99436295 0.9933774 0.9946081 0.99482936 0.9914193 0.9881026 0.9909731 0.9957552 0.99520785 0.9925189 0.9952099 0.99707454 0.9946024 0.9966436 0.99622333 0.9932236 0.99443424 0.9924448 0.9916464 0.99455804 0.9949903 0.9934285 0.99672115 0.9946962 0.9941413 0.9915021 0.99555975 0.98285806 0.9886067 0.9947114 0.9932317 0.989228 0.992546 0.99298805 0.9841554 0.991098 0.9956948 0.993379 0.98615646 0.9914848 0.99207914 0.99148387 0.9927566 0.99095094 0.9903634 0.9821723 0.9936082 0.99542385 0.9945861 0.98904055 0.98348117 0.9902165 0.99118954 0.9930352 0.99028206 0.9866115 0.98980093 0.9891768 0.9887186 0.98472834 0.98958266 0.99225664 0.9919633 0.98900366 0.98597705 0.99524605 0.9950483 0.9957475 0.9939419 0.99656254 0.9907561 0.992568 0.99118024 0.9941826 0.99606043 0.9965631 0.9965148 0.99000406 0.9885821 0.9953904 0.9958533 0.98945946 0.9847439 0.9889101 0.98969257 0.98704344 0.99154407 0.99217117 0.9928082 0.99564373 0.9886609 0.99162143 0.99188024 0.99333483 0.99274856 0.9897307 0.9887775 0.99180454 0.99158216 0.9908925 0.99260014 0.99214256 0.99258083 0.99019617 0.9921189 0.9931277 0.99223834 0.99152696 0.9942846 0.99399585 0.9919377 0.9946262 0.9906624 0.99383634 0.9939713 0.99457157 0.9964052 0.9967729 0.99600035 0.9991314 0.9999999 0.9993442 0.9993763 0.99587685 0.9956161 0.9957583 0.99576026 0.9958115 0.9957243 0.9944128 0.9966909 0.9955009 0.99519867 0.99431175 0.9966703 0.9969376 0.9969023 0.9977171 0.99757135 0.99783105 0.99448276 0.9967929 0.9976525 0.9973283 0.9951786 0.99674505 0.99499404 0.9951149 0.99512744 0.9956145 0.9942213 0.9948205 0.9924083 0.9929529 0.99306846 0.99331737 0.9944324 0.992496 0.99621147 0.9936518 0.99365777 0.9930193 0.9886765 0.990089 0.991385 0.9925232 0.9939172 0.9952574 0.99552965 0.99601114 0.99476504 0.9954352 0.9952892 0.99655515 0.9967937 0.99480987 0.99582076 0.99436843 0.9945611 0.9959729 0.99595356 0.9933938 0.99376553 0.9947172 0.9939478 0.99438846 0.9953882 0.99600816 0.99546677 0.9953238 0.9959925 0.99450904 0.9939828 0.9942113 0.9964012 0.9985384 0.9934044 0.99018323 0.9914129 0.9920393 0.9939833 0.99210364 0.99307215 0.9943316 0.9938001 0.9952299 0.9928058 0.99246085 0.9941683 0.99451536 0.99071646 0.98980534 0.9899586 0.9932203 0.9942203 0.9947184 0.9945134 0.9953021 0.99064434 0.99112695 0.99288046 0.98720104 0.98508984 0.9842562 0.99594545 0.992725 0.993699 0.9937811 0.99500316 0.9919763 0.99291664 0.9932007 0.99598193 0.99681526 0.99123085 0.9914453 0.99391705 0.9943492 0.9928843 0.9949273 0.9926553 0.992085 0.99253684 0.99366736 0.99378324 0.993672 0.9948044 0.991548 0.9905926 0.9926842 0.9888939 0.99491346 0.9932142 0.9914971 0.99241257 0.9921993 0.9907217 0.992835 0.9939449 0.99490243 0.9943689 0.9942352 0.9934082 0.9880624 0.9939901 0.99194086 0.9950691 0.9948703 0.9904618 0.9936444 0.9966803 0.9952264 0.99448633 0.9946587 0.995697 0.99356914 0.99461544 0.9947571 0.98788536 0.9920914 0.9960902 0.9912884 0.9892578 0.9947266 0.99565774 0.99572885 0.9948878 0.9953461 0.99496764 0.9959563 0.99533474 0.9964567 0.99777305 0.9955583 0.9928299 0.9947045 0.9964336 0.9957444 0.99443674 0.9921085 0.9866814 0.98906857 0.99114156 0.9939966 0.9958005 0.9940088 0.99244046 0.99440324 0.9940325 0.98810554 0.9878584 0.98841834 0.990183 0.99273723 0.9923337 0.9920664 0.9953726 0.99320364 0.9927936 0.9891733 0.9939994 0.9941268 0.99464726 0.9937081 0.9935451 0.9958389 0.9943788 0.9927887 0.9941345 0.9940733 0.99421173 0.9944095 0.9921139 0.9914061 0.9933101 0.9933067 0.99504566 0.9858765 0.985163 0.9860806
PopovicxTodorLx_SRP19010TodorPGila-L2_3 0.99214053 0.99295926 0.99458915 0.9964471 0.9958135 0.9868757 0.98512685 0.9815922 0.9932305 0.99417806 0.99477345 0.993191 0.9947318 0.99487144 0.99288094 0.99432844 0.9924917 0.9923497 0.99186873 0.9946002 0.99389416 0.99510336 0.99087954 0.992698 0.9934183 0.99526775 0.99404204 0.994605 0.99333817 0.99336344 0.99388516 0.99202526 0.9930277 0.9908088 0.9896791 0.9893941 0.9893676 0.99014616 0.99336934 0.9947671 0.9952249 0.99635845 0.9939967 0.9962025 0.9910188 0.9916296 0.9956328 0.9964709 0.9951135 0.996409 0.99440217 0.9933008 0.9940893 0.9934845 0.98998976 0.99375516 0.99228173 0.98553145 0.99150604 0.99378693 0.99338955 0.99231523 0.99267334 0.99202055 0.9858713 0.9871908 0.99398553 0.9902493 0.9920649 0.9933897 0.9912169 0.98754513 0.98914486 0.99312675 0.99181485 0.9940888 0.9879073 0.9872014 0.99335873 0.9936886 0.988081 0.9941775 0.9937089 0.9966836 0.99711764 0.99590325 0.99664783 0.996492 0.9965128 0.9959916 0.9960363 0.9944447 0.9889473 0.9883046 0.98825943 0.9916905 0.9889736 0.99250406 0.98835295 0.99065 0.9860849 0.98958546 0.9904516 0.9928175 0.995066 0.99373794 0.9966409 0.99644154 0.99493074 0.99540323 0.99508035 0.99705565 0.99635005 0.9960779 0.9949161 0.99701965 0.99027944 0.9904461 0.9884082 0.9898001 0.9899471 0.9876268 0.991272 0.99149245 0.9933896 0.9914266 0.9947047 0.9909012 0.98713934 0.9901553 0.992268 0.9912312 0.9944272 0.9945056 0.9912066 0.99250484 0.99250644 0.9927417 0.9940491 0.99576515 0.99749047 0.9954427 0.99632293 0.9925265 0.99112487 0.9924605 0.98981106 0.98829085 0.9917758 0.99152285 0.9856038 0.9832999 0.98228836 0.9787585 0.993354 0.99337655 0.99455655 0.99603575 0.99559 0.99209905 0.9949945 0.99142134 0.99305886 0.9912119 0.992979 0.99550295 0.99535984 0.9950114 0.9928537 0.99403286 0.99412966 0.9953587 0.9956128 0.996874 0.9963256 0.99749374 0.9917065 0.9925524 0.99248403 0.9942415 0.9944944 0.9955352 0.9959922 0.99816394 0.99399024 0.99221045 0.99399555 0.99564916 0.9952875 0.9958467 0.99318945 0.9917397 0.9937612 0.99327433 0.9947051 0.9936938 0.99174863 0.9921062 0.99160445 0.99535954 0.99347776 0.99461 0.9956264 0.9948081 0.9935023 0.99354917 0.99482846 0.99513465 0.9914058 0.98800594 0.991238 0.99594206 0.99356604 0.99004394 0.9933915 0.99601334 0.99272704 0.99542433 0.99510276 0.9908373 0.9924363 0.99103826 0.99022776 0.9933188 0.9932565 0.99142706 0.99648666 0.9928937 0.99269474 0.9895636 0.994059 0.9793886 0.9862579 0.9934392 0.9919066 0.98757 0.99150497 0.9925549 0.981786 0.9900254 0.99479735 0.99364364 0.9866401 0.99150026 0.99192387 0.9903796 0.99160874 0.9887297 0.9888656 0.98097277 0.9932106 0.99529684 0.99366724 0.9878592 0.98083115 0.9888681 0.9893954 0.99146366 0.9884391 0.98515713 0.9883417 0.98803383 0.9879572 0.9829895 0.9887199 0.991688 0.9914321 0.98837334 0.9856382 0.9940697 0.99397784 0.9945576 0.99250525 0.9959676 0.9897069 0.9910892 0.98915035 0.9923607 0.9954723 0.995572 0.9957196 0.9881296 0.9864047 0.9941983 0.9947494 0.98792905 0.98336864 0.9868695 0.9879739 0.98565644 0.9890138 0.9906576 0.9911868 0.9943899 0.9869198 0.99013436 0.9909947 0.99204415 0.99142224 0.98877084 0.98759764 0.99134034 0.9914769 0.99008757 0.99233943 0.9919051 0.99245274 0.98965 0.98988366 0.9912045 0.9908288 0.9902123 0.99294126 0.99265033 0.9903232 0.9932341 0.9894096 0.992823 0.99194664 0.99242926 0.99503386 0.9954753 0.9949385 0.998698 0.9993442 0.9999998 0.99951136 0.9946459 0.9946739 0.9945624 0.99449193 0.99489653 0.9948978 0.9934602 0.9972054 0.9961727 0.9963058 0.9924919 0.995694 0.995787 0.99592024 0.996493 0.9960367 0.99673903 0.9926359 0.9950374 0.9966804 0.99624765 0.99323756 0.995546 0.993441 0.993631 0.9928405 0.99369884 0.992112 0.9929819 0.98979956 0.9906141 0.99086106 0.99358386 0.9936851 0.9911654 0.9950152 0.9928486 0.992678 0.9919108 0.98796225 0.9901545 0.9910998 0.99188817 0.9934091 0.99437153 0.9937103 0.9945773 0.9928385 0.99348706 0.99346596 0.9949842 0.99499387 0.9935667 0.9935606 0.9930622 0.9930456 0.9943402 0.995 0.9925527 0.9923902 0.9936623 0.9915549 0.99220383 0.99300236 0.99406147 0.9932771 0.99335843 0.99563706 0.9944353 0.99398273 0.99364436 0.9952604 0.99767756 0.9919849 0.9885877 0.9896884 0.99016833 0.99269205 0.9903909 0.9909711 0.99235785 0.99231565 0.99426717 0.99206525 0.9920717 0.99317205 0.9941891 0.98986894 0.98904085 0.9896928 0.99281675 0.9935598 0.9942888 0.9933948 0.9947262 0.9897555 0.98991233 0.9924893 0.9859411 0.9840288 0.9829754 0.9958918 0.99227774 0.993139 0.99296093 0.9940767 0.9906694 0.99201363 0.99277824 0.9951678 0.9968221 0.98962104 0.990762 0.9936562 0.9938136 0.9924768 0.99461055 0.9922678 0.9925796 0.9916974 0.9934442 0.993063 0.9930835 0.99470645 0.9905094 0.9897289 0.99177104 0.9875202 0.99381596 0.9921718 0.9901397 0.9913735 0.9908112 0.9893782 0.99215186 0.9930031 0.99366975 0.9932497 0.9936027 0.99219817 0.9867869 0.9929552 0.9907839 0.9945548 0.9944868 0.98892134 0.9926144 0.9953699 0.9944302 0.9942083 0.99364007 0.9946887 0.9919659 0.99367267 0.99369144 0.98667943 0.99176294 0.99539495 0.99064904 0.98760724 0.9941617 0.99526364 0.9957029 0.99443614 0.9949268 0.99443847 0.99574184 0.99501973 0.9960964 0.99655044 0.99374014 0.9903108 0.99273276 0.99505913 0.99418736 0.9924491 0.9898434 0.98513037 0.9876647 0.9899582 0.99314547 0.99581 0.993569 0.9914988 0.9937249 0.99347955 0.9861006 0.9861899 0.98663557 0.9891216 0.99205226 0.99111354 0.99169815 0.99483544 0.993082 0.99297273 0.9898907 0.9925685 0.99282914 0.99383587 0.9926811 0.9932075 0.99505085 0.9932553 0.9921662 0.9936508 0.9934071 0.9934678 0.99426943 0.99229467 0.9914671 0.99331236 0.9929241 0.9942152 0.9827825 0.981772 0.9827056
PopovicxTodorLx_SRP19010TodorPGila-L2_4 0.9934934 0.99439496 0.99575365 0.99646294 0.9959385 0.9889162 0.98721063 0.98423207 0.99377584 0.9943264 0.9949446 0.99389 0.9947134 0.9948113 0.99359506 0.99456644 0.9931426 0.99329233 0.9928607 0.99468815 0.99370164 0.9950319 0.9918857 0.9932109 0.993944 0.99538517 0.9944197 0.994377 0.9937715 0.9933243 0.9937831 0.992416 0.9930412 0.9912486 0.9898733 0.99106735 0.99109405 0.9913856 0.99452454 0.99527085 0.9956441 0.9966108 0.9950621 0.99650955 0.9925188 0.99314886 0.9960017 0.99678165 0.9955643 0.99674404 0.9948621 0.99378645 0.9945295 0.994833 0.9912456 0.9948302 0.99380344 0.98752 0.99275404 0.99451536 0.9942771 0.99325794 0.9940188 0.9935008 0.98811394 0.98926884 0.9948442 0.991501 0.9929329 0.9940875 0.9921674 0.9892363 0.990607 0.99359953 0.9927401 0.99466836 0.98966086 0.98906827 0.99458045 0.9942068 0.9894221 0.994678 0.9945557 0.9969054 0.9969462 0.99610525 0.9964677 0.9966989 0.9965519 0.9966383 0.9964592 0.99454415 0.9901847 0.98924893 0.9893423 0.9922197 0.9899279 0.9929076 0.9893765 0.99151146 0.9875074 0.99039316 0.9908092 0.99269205 0.9944513 0.99425244 0.9962901 0.99614555 0.9950016 0.99538195 0.99501294 0.99678284 0.9964527 0.99619013 0.99509364 0.9967691 0.9912098 0.99091345 0.9888964 0.99031407 0.9906945 0.9884291 0.99213934 0.9919843 0.9937094 0.9922698 0.9948386 0.9918759 0.9890324 0.9912686 0.9929744 0.99217266 0.9948791 0.9948429 0.99221176 0.9930662 0.99348843 0.99385655 0.99497473 0.9963931 0.9975242 0.9953716 0.9963606 0.993791 0.99186236 0.9927329 0.9913471 0.98987144 0.99306345 0.9925366 0.98806435 0.98557395 0.9841886 0.9811045 0.9939519 0.9938941 0.9948741 0.99619955 0.99568087 0.9930445 0.9957493 0.99205965 0.99378014 0.9919016 0.99366206 0.9956646 0.9960393 0.99551433 0.9939559 0.9945669 0.9947252 0.9954282 0.9957255 0.99692345 0.9962892 0.99729764 0.9928159 0.9930562 0.99281555 0.9950054 0.9946409 0.99548376 0.9958125 0.997809 0.9933976 0.99142694 0.9948629 0.9962944 0.9956734 0.99691683 0.99392337 0.99223936 0.99360234 0.99377596 0.99482286 0.9941452 0.99244255 0.9933071 0.9929423 0.99603325 0.9944781 0.9948871 0.996202 0.9952789 0.99488795 0.99415106 0.9952999 0.99506336 0.99243575 0.9894276 0.9923144 0.9959854 0.99452305 0.99160993 0.99448586 0.9963672 0.994055 0.99618924 0.99571407 0.99240214 0.9938527 0.99193597 0.99113417 0.9940465 0.9941423 0.9926629 0.99680126 0.99391824 0.99396676 0.99109083 0.9949838 0.98213893 0.9882976 0.9940959 0.99311244 0.98919976 0.9924661 0.99333143 0.98382866 0.9917547 0.995316 0.993538 0.986253 0.99161845 0.99235696 0.9916148 0.99254006 0.9910859 0.99023 0.98299164 0.9944885 0.99606574 0.99496305 0.98983437 0.98328286 0.9904664 0.9908388 0.9930614 0.99005455 0.9861648 0.9897181 0.98938465 0.9890733 0.9846945 0.9900706 0.9923881 0.9921273 0.98935664 0.98674226 0.99452484 0.99430263 0.99532986 0.9934637 0.9963735 0.9908442 0.9920641 0.99119294 0.99365664 0.99585134 0.99617934 0.99649084 0.99017984 0.98873365 0.99484885 0.99611557 0.9895208 0.9851601 0.98862845 0.98969966 0.9867227 0.99112004 0.9919244 0.9929013 0.99538326 0.9890617 0.9917505 0.9923899 0.99320084 0.992964 0.9903417 0.9891972 0.9920669 0.9912149 0.99058586 0.9922255 0.9919549 0.9922735 0.9898256 0.99126124 0.99231243 0.99223053 0.9910294 0.9932559 0.99335146 0.99175185 0.99399513 0.990788 0.9934448 0.99333733 0.99382836 0.99614686 0.9966125 0.996027 0.99899024 0.9993763 0.99951136 0.9999997 0.9951332 0.99492884 0.9949551 0.99498606 0.9957855 0.9954816 0.99432 0.99719274 0.9957135 0.99579203 0.99350595 0.99592125 0.99591553 0.99617064 0.99667585 0.9967136 0.996734 0.9928898 0.9958551 0.997172 0.9966742 0.9941346 0.99573964 0.9941652 0.99414885 0.99399596 0.99479556 0.99331635 0.9939688 0.9914275 0.99204135 0.99236244 0.9933918 0.9938764 0.99179596 0.99509645 0.9928538 0.9930475 0.99286443 0.98951495 0.9913864 0.99203664 0.99319243 0.9948863 0.99568284 0.99463296 0.9948077 0.99375474 0.9944057 0.994171 0.9952849 0.9954386 0.99337435 0.99451697 0.99290967 0.9930709 0.99503326 0.9950056 0.9921587 0.9925071 0.9936389 0.99287444 0.9925415 0.994002 0.9944153 0.99430007 0.99438685 0.9953731 0.99392503 0.99349785 0.9932089 0.9954231 0.99794453 0.992891 0.9900445 0.9911517 0.9913697 0.9937384 0.99147564 0.9923694 0.9936317 0.9934471 0.9945903 0.99234784 0.99243927 0.9942558 0.99413687 0.9906635 0.98996437 0.99010295 0.9934677 0.994254 0.99463975 0.9944861 0.9950067 0.9907296 0.99118495 0.99302864 0.98796463 0.98566306 0.9845 0.995909 0.99293864 0.9939542 0.99357414 0.99487054 0.9918068 0.9928759 0.9935172 0.99628884 0.99705267 0.99119705 0.9916396 0.9942506 0.994709 0.9932165 0.9952059 0.9926865 0.9927025 0.9920044 0.9932866 0.99355793 0.99347585 0.9948473 0.99136597 0.98990107 0.9919777 0.98861694 0.9944167 0.9924578 0.99077594 0.992167 0.9919329 0.99077535 0.9924609 0.99386674 0.9948809 0.9942702 0.9944857 0.9936497 0.988391 0.9937436 0.9917835 0.99505347 0.99525183 0.9907439 0.99346936 0.99593973 0.99488246 0.9948592 0.9945803 0.9952936 0.993482 0.99469286 0.99480176 0.9884131 0.9924615 0.9961651 0.9913945 0.989154 0.9944965 0.99549955 0.995226 0.9945593 0.99524266 0.9949155 0.9957824 0.99543023 0.9961934 0.99661684 0.99396926 0.99081033 0.9930345 0.9948665 0.99426895 0.99273527 0.9902489 0.9869009 0.98917854 0.9913693 0.9943013 0.99629676 0.99457407 0.9930527 0.9949145 0.99446136 0.9878948 0.98794425 0.9883399 0.99036956 0.99289006 0.99185795 0.9924445 0.9947072 0.9925312 0.9922939 0.9888988 0.9922535 0.9926942 0.99330926 0.99228156 0.9924616 0.99508905 0.99303216 0.9917682 0.993288 0.99306905 0.9930932 0.99366295 0.99135405 0.99046165 0.99246544 0.99230206 0.9940679 0.98514146 0.9844208 0.98525465
RadovicxDimitrije_SRP18942DimitijeR-Sinovac-L2_1 0.99462247 0.9974277 0.997184 0.99547666 0.9968691 0.9945506 0.99222255 0.98698413 0.99679667 0.997365 0.9975708 0.99797475 0.99669665 0.9966461 0.99785376 0.9968711 0.9964281 0.99682677 0.9971847 0.9976966 0.99565315 0.99660224 0.99585295 0.99653465 0.9967887 0.9958091 0.99653834 0.99423075 0.9973 0.9959849 0.99592036 0.99683493 0.99642396 0.9904396 0.98824126 0.99474084 0.9942843 0.99307984 0.9960815 0.9967477 0.9963863 0.9955973 0.9952888 0.9948946 0.99406886 0.9953989 0.99641025 0.996814 0.997106 0.9962602 0.99730563 0.9957745 0.9947083 0.9942991 0.9918286 0.9966291 0.99589044 0.99063283 0.99420375 0.99725604 0.9967497 0.99561083 0.9967779 0.99525964 0.9925327 0.99366313 0.9954694 0.99423945 0.99457115 0.9960277 0.997515 0.99442005 0.9947539 0.9970455 0.996719 0.9974118 0.99585265 0.9947571 0.99689364 0.9974792 0.9954782 0.9934851 0.99515516 0.9939269 0.99346197 0.99443156 0.9945535 0.9954982 0.99656165 0.9930918 0.99446315 0.9953013 0.9948689 0.99430966 0.9938764 0.9954136 0.9923605 0.99423295 0.9931575 0.99349344 0.9922601 0.9945763 0.99467903 0.9941789 0.99347144 0.99512804 0.993895 0.99460953 0.9962001 0.9947205 0.9954167 0.99523824 0.99514234 0.9957347 0.99546635 0.9940061 0.9960613 0.99495125 0.99426496 0.9948071 0.9949197 0.9933024 0.99709773 0.9972093 0.9974073 0.9969613 0.9974749 0.9967941 0.99426234 0.9958797 0.9969496 0.9968522 0.9975974 0.9976458 0.996723 0.99443114 0.99472344 0.9952087 0.9954545 0.9919645 0.99245983 0.9885627 0.9915751 0.9957078 0.99520534 0.9963347 0.99505407 0.9941497 0.99570096 0.9961629 0.992683 0.9910879 0.9897424 0.9872398 0.9977696 0.99733716 0.9977006 0.99386394 0.99341327 0.9935703 0.9948622 0.9928487 0.99346685 0.99320567 0.99477124 0.994415 0.99548376 0.9968553 0.99541676 0.9965114 0.99608004 0.9938041 0.99583006 0.9951554 0.9933802 0.9945999 0.9959082 0.99472344 0.9942776 0.99786013 0.99710155 0.9967123 0.99645734 0.9946269 0.99295217 0.9908691 0.9972074 0.99706095 0.99665165 0.9965185 0.99622476 0.9963044 0.99489695 0.9966365 0.99618125 0.99768746 0.9973644 0.9965384 0.99480814 0.9967095 0.9934067 0.99433374 0.99584436 0.9943357 0.9958212 0.9926034 0.9926358 0.99416316 0.9902446 0.98745996 0.9891417 0.99351317 0.99750423 0.99573696 0.99766874 0.9969484 0.9970584 0.996554 0.9967936 0.99659085 0.9965857 0.99370795 0.99321294 0.99574196 0.99666286 0.99522877 0.99584925 0.9966283 0.99565053 0.99404025 0.9953779 0.9891892 0.9927781 0.99715906 0.9947282 0.9918036 0.9938275 0.99354523 0.9884232 0.9917819 0.9958438 0.9912362 0.98414373 0.9895533 0.99165833 0.99306136 0.9940652 0.9938396 0.99556994 0.9884447 0.9955336 0.9963856 0.99607253 0.9929316 0.9905955 0.99427944 0.99587375 0.9958962 0.9951431 0.99264985 0.9940896 0.9937351 0.9921819 0.99060166 0.99328524 0.99554855 0.9952962 0.99317056 0.99056876 0.9968167 0.9966655 0.9965935 0.9969948 0.99718523 0.9945602 0.9953147 0.9949909 0.9970949 0.99555737 0.99755067 0.9971201 0.9940616 0.9936383 0.99748516 0.996006 0.99325085 0.98973596 0.9937024 0.9941623 0.9929611 0.9946772 0.99624705 0.99599576 0.99703956 0.9936156 0.9949728 0.99473596 0.9971021 0.995755 0.994014 0.99306715 0.99457693 0.993187 0.9943274 0.9937965 0.9935311 0.993672 0.9931707 0.9951458 0.99463725 0.99413425 0.9956997 0.99708843 0.99741083 0.9960323 0.9967819 0.99514323 0.99660796 0.99700457 0.9973579 0.9968266 0.9973892 0.99703515 0.99656475 0.99587685 0.9946459 0.9951332 0.99999976 0.9990678 0.9993914 0.9993874 0.99242556 0.9912378 0.98959154 0.9948116 0.99374217 0.99234986 0.99799544 0.9981852 0.9982728 0.9981103 0.9975707 0.99789625 0.9965438 0.99323165 0.99764466 0.9968278 0.99721575 0.99626285 0.9962209 0.9942987 0.99331397 0.9972831 0.9966655 0.9970016 0.99615896 0.99525875 0.99464345 0.99397975 0.9898981 0.9962122 0.99533266 0.9965818 0.9955237 0.9958359 0.99533457 0.9924478 0.992867 0.9942806 0.99551606 0.9953003 0.9964534 0.99690056 0.9950265 0.99658567 0.99725705 0.99658936 0.9952938 0.99660903 0.9914658 0.99688953 0.9918185 0.992602 0.9964147 0.9937567 0.99003315 0.9907071 0.99251515 0.99644864 0.9917477 0.9965054 0.9946924 0.99663144 0.9962725 0.9940361 0.994853 0.9941391 0.99395335 0.99612343 0.9951905 0.9944611 0.993325 0.9931378 0.9947425 0.99514186 0.99505293 0.9948518 0.99557865 0.99552107 0.9972867 0.9945834 0.9935941 0.9962704 0.99516594 0.9938853 0.9933676 0.9917261 0.99484974 0.9966186 0.996757 0.99754417 0.9972429 0.9953739 0.99565357 0.9959269 0.99136806 0.9901499 0.9901222 0.9959999 0.99519545 0.9950868 0.9962585 0.9969915 0.995214 0.9959588 0.9958756 0.99624825 0.99551344 0.9946052 0.99507636 0.9955987 0.9959249 0.9950159 0.995162 0.9940501 0.99262655 0.9957451 0.99493635 0.99638236 0.99625367 0.9962871 0.99620914 0.9952047 0.9960687 0.9942057 0.99697554 0.9966424 0.9954962 0.99608684 0.9957882 0.99545276 0.996016 0.99708235 0.9969818 0.9967644 0.995919 0.99707836 0.992856 0.9975621 0.99682945 0.9971189 0.99533707 0.9943477 0.9972782 0.9983066 0.9977615 0.99662024 0.99800515 0.99813086 0.9969338 0.99730825 0.99761844 0.992334 0.9951955 0.9971294 0.99607044 0.9957906 0.99714506 0.9975009 0.9961052 0.9967819 0.99655485 0.9954936 0.99740636 0.99586236 0.99753535 0.9956218 0.9941731 0.99080473 0.9932463 0.99380636 0.9935347 0.9927161 0.9897674 0.9923659 0.99417794 0.99495566 0.9960292 0.99592024 0.99566543 0.9952145 0.99603075 0.9959985 0.9935993 0.99246 0.9931751 0.9939853 0.9949782 0.9950395 0.9937635 0.9955933 0.9914558 0.9898859 0.98615575 0.9931469 0.99387836 0.99343026 0.9935145 0.99164045 0.9958082 0.99349254 0.9902082 0.9929403 0.99261445 0.99306166 0.9927952 0.9888685 0.98871815 0.991266 0.9918418 0.99466264 0.99174523 0.98968077 0.9911903
RadovicxDimitrije_SRP18942DimitijeR-Sinovac-L2_2 0.9944924 0.9968675 0.9959589 0.994981 0.99645245 0.9933887 0.99038666 0.98603433 0.9964029 0.9965563 0.9971766 0.9972977 0.9964087 0.9967404 0.9971203 0.99577945 0.9952542 0.9954077 0.99621785 0.99768907 0.99576986 0.9966182 0.9947392 0.9952358 0.99547684 0.9946643 0.99557275 0.9931533 0.99611163 0.99506915 0.9947192 0.995864 0.9955663 0.99004626 0.9880082 0.9935175 0.9927257 0.99165916 0.99562806 0.99613047 0.9961043 0.9958284 0.9952674 0.99446356 0.9928232 0.99430853 0.9961007 0.99695885 0.99708885 0.99667203 0.998022 0.9972071 0.99593365 0.99444795 0.99242663 0.9950628 0.9942564 0.9877924 0.9919635 0.99630433 0.99581516 0.9934766 0.99624985 0.99488467 0.9905223 0.9917684 0.99622613 0.9951716 0.99558306 0.9961977 0.9975378 0.9936506 0.9944741 0.9972287 0.9967773 0.99726313 0.99519485 0.9942321 0.9965034 0.99733937 0.9947337 0.99375945 0.9947628 0.994698 0.99393773 0.99492013 0.99510753 0.9957078 0.99675834 0.99342376 0.99507034 0.9955233 0.9948108 0.9943643 0.9941458 0.9958569 0.9927939 0.99479586 0.9935825 0.9938999 0.9922483 0.99487436 0.99557567 0.9958858 0.99511886 0.99638665 0.9957001 0.99646825 0.9975821 0.99646276 0.9970175 0.9964873 0.996553 0.99701434 0.99653375 0.9955471 0.99707717 0.9959129 0.99542534 0.9956684 0.99552315 0.9942929 0.99712247 0.9972261 0.99715906 0.9966731 0.9974719 0.9961334 0.993536 0.99579775 0.99632215 0.99611324 0.997356 0.9974844 0.9967574 0.99328375 0.9934027 0.99406344 0.9944756 0.99210083 0.9928573 0.9889792 0.99182534 0.99604994 0.9965519 0.99758756 0.995263 0.9943222 0.99577445 0.996449 0.99108946 0.9904336 0.98989207 0.9864416 0.99797034 0.99733853 0.9974028 0.99425614 0.9937209 0.9940548 0.99507415 0.9939127 0.9933965 0.99362147 0.995149 0.99530107 0.9953294 0.99744564 0.9956615 0.99738127 0.99652123 0.9943634 0.99671185 0.9957931 0.99374706 0.9949266 0.99597913 0.9947457 0.99417853 0.9979152 0.99768806 0.99684334 0.9966177 0.9956291 0.9947093 0.9934541 0.99721825 0.99707025 0.9973017 0.99644524 0.9959199 0.99683344 0.99506706 0.9968836 0.9963003 0.9975748 0.9974921 0.99638695 0.9947163 0.9970722 0.9937874 0.9954264 0.9961039 0.99399894 0.9954289 0.99348074 0.99299467 0.9955887 0.99096394 0.9878795 0.98952544 0.99437696 0.9968885 0.9952905 0.9973934 0.9964938 0.99653137 0.9958037 0.9965222 0.9957182 0.9954621 0.9930631 0.99222195 0.9950913 0.9960501 0.9943959 0.9964848 0.9963612 0.9952168 0.9939352 0.9949273 0.9865758 0.9905267 0.9975091 0.9947313 0.9920991 0.9944522 0.99412525 0.98922735 0.9916903 0.9968507 0.99219453 0.98580873 0.9910183 0.9929865 0.99376947 0.9949328 0.99245894 0.99471295 0.98817503 0.9944632 0.99567616 0.9946939 0.9920869 0.99019694 0.9942954 0.99570215 0.99521244 0.99475116 0.9923459 0.99425477 0.9937289 0.9928987 0.9912711 0.99377984 0.99657625 0.9961381 0.99356085 0.9909663 0.9974696 0.9974469 0.9970385 0.9971326 0.997642 0.99526876 0.996207 0.99390054 0.99627286 0.995092 0.9970617 0.9965723 0.9932315 0.99258065 0.99735224 0.9949078 0.9926698 0.9899305 0.99318916 0.9938962 0.99238306 0.9936903 0.9960341 0.9951827 0.9968448 0.99302155 0.9947693 0.9945129 0.99673903 0.9956772 0.99426985 0.9931734 0.99474865 0.9944724 0.99457407 0.99450386 0.99385834 0.99446523 0.9938533 0.9946663 0.9940773 0.994203 0.9961772 0.9976009 0.99738026 0.9957863 0.9971949 0.995592 0.99707884 0.99685925 0.99689573 0.9971477 0.9974945 0.9972155 0.9969357 0.9956161 0.9946739 0.99492884 0.9990678 1.0000002 0.99941707 0.99921644 0.9908682 0.9893257 0.98754597 0.99530727 0.99423385 0.9929956 0.99758786 0.99803245 0.9980638 0.9979044 0.9971477 0.9970637 0.99607265 0.9914949 0.99728507 0.9960414 0.99658406 0.99418133 0.994921 0.99223703 0.99117416 0.9956791 0.9953704 0.9959948 0.9949081 0.9931606 0.9926025 0.99188113 0.989434 0.9963084 0.99541205 0.9962226 0.99540913 0.9955688 0.9940943 0.99222 0.99284613 0.9943871 0.99528205 0.99450505 0.99524015 0.99710643 0.99532884 0.99662757 0.9973092 0.9972125 0.9953862 0.9960797 0.99177 0.99642974 0.9921036 0.9929209 0.9966849 0.9941816 0.9903451 0.99078244 0.99272335 0.996165 0.9912804 0.9958323 0.9942215 0.9963585 0.9959519 0.9948043 0.9962353 0.9954068 0.9951072 0.996382 0.9944407 0.9933682 0.9929627 0.9920646 0.99384403 0.99357945 0.9943273 0.9934408 0.9938605 0.99387574 0.99766636 0.99547404 0.99441147 0.9961181 0.99666554 0.9951337 0.9944821 0.9932684 0.9956488 0.99645555 0.9969444 0.99770886 0.99754626 0.99478966 0.99547213 0.996446 0.9905136 0.9901292 0.9899967 0.9966992 0.99634004 0.9960365 0.9970487 0.99758285 0.9949197 0.99552083 0.99591506 0.9961798 0.9957092 0.9944799 0.9951537 0.9958383 0.9962273 0.99537885 0.9950463 0.99489075 0.99386585 0.9961498 0.9951833 0.9967267 0.9961865 0.99664587 0.996194 0.99571234 0.99658 0.9945478 0.9970858 0.9966096 0.9953964 0.9961905 0.9954315 0.99501854 0.99677086 0.9971172 0.9963321 0.9964034 0.99646646 0.99665344 0.99324024 0.9972899 0.996948 0.9971802 0.9959768 0.994201 0.9977107 0.998181 0.99809206 0.9968906 0.99765384 0.9977388 0.9965644 0.9967702 0.9968726 0.99226934 0.9954245 0.9965116 0.9962666 0.9951416 0.99762625 0.9982103 0.9975554 0.99796516 0.9976471 0.99670416 0.9981325 0.9967408 0.997965 0.99551725 0.9937992 0.989952 0.9927513 0.99363554 0.9931459 0.9919922 0.9887141 0.9924927 0.9936241 0.9946699 0.99594057 0.9962065 0.9960293 0.9950365 0.9959021 0.9956769 0.99393046 0.992703 0.9934332 0.9942807 0.9954858 0.9956828 0.9946659 0.99650574 0.9925084 0.9906975 0.98759586 0.99326 0.994403 0.9939963 0.99395394 0.9920926 0.9955444 0.9931086 0.98961127 0.99306935 0.9918389 0.99278015 0.993193 0.9892256 0.98895305 0.9914422 0.9920623 0.9942684 0.99034184 0.9875343 0.9893067
RadovicxDimitrije_SRP18942DimitijeR-Sinovac-L2_3 0.99387836 0.99699867 0.9961941 0.9942957 0.9959986 0.99345994 0.990671 0.98563623 0.9972569 0.9976221 0.9978131 0.9980716 0.9972075 0.99731416 0.9978833 0.9966902 0.9961029 0.9963201 0.9969255 0.99816567 0.99638295 0.997046 0.9957116 0.99629855 0.9965401 0.9957956 0.9964249 0.9942104 0.9974321 0.9962943 0.99588203 0.99711084 0.9966357 0.9904766 0.98831797 0.99436736 0.9936924 0.9925487 0.99600214 0.99632233 0.9962653 0.99578637 0.9949846 0.9944669 0.9933933 0.99492675 0.99623036 0.99659705 0.99716824 0.9964092 0.99761605 0.9962853 0.9948657 0.99385333 0.99161816 0.9958385 0.99500346 0.989234 0.99300814 0.9967715 0.9960716 0.9945871 0.9968609 0.9953508 0.99158186 0.9927928 0.99560666 0.99469584 0.9949764 0.99621356 0.9972592 0.99444765 0.9944536 0.99726856 0.99665797 0.99758124 0.99582016 0.9944114 0.9964578 0.99754304 0.99497443 0.9934067 0.99486834 0.9941514 0.9930949 0.9945036 0.9946687 0.99541456 0.99658424 0.9926703 0.99424875 0.9954863 0.9946519 0.99412096 0.9938192 0.9953514 0.9918719 0.99400496 0.99283797 0.9930494 0.9917572 0.9945896 0.9950582 0.99492335 0.9942115 0.9952791 0.9944589 0.9952083 0.9966155 0.99518126 0.9959242 0.9954119 0.99548644 0.99602026 0.99568355 0.99421895 0.99635124 0.9954261 0.9948842 0.9952519 0.9952283 0.99379927 0.9975042 0.9978724 0.99762946 0.9971343 0.9977884 0.99710065 0.9941565 0.99605274 0.9969052 0.9967983 0.9977801 0.99761146 0.99690264 0.9939115 0.99390024 0.99453557 0.99504304 0.99137545 0.9919332 0.9877285 0.9907055 0.9955455 0.9958766 0.99699616 0.99510694 0.99411094 0.99555683 0.9962841 0.99185115 0.99066955 0.9894683 0.98658746 0.9978755 0.9974686 0.9977555 0.9934105 0.99280375 0.9937334 0.9946991 0.9933033 0.9932547 0.9932216 0.9948528 0.99478036 0.9953899 0.99732107 0.9955442 0.99695677 0.99616545 0.99406314 0.99648535 0.9955471 0.9936389 0.99455863 0.9961491 0.99500835 0.9944185 0.997833 0.9974537 0.9970073 0.9967125 0.99509066 0.99366736 0.9919852 0.99727565 0.99707836 0.9970628 0.9962138 0.99643344 0.9972291 0.9954169 0.99725145 0.9964935 0.99816173 0.99787074 0.9964823 0.99440324 0.9966274 0.9930522 0.9946469 0.99575317 0.9935934 0.99518764 0.9925976 0.9924444 0.9947427 0.9903189 0.98720425 0.9887916 0.99373406 0.9971764 0.9956802 0.99774134 0.9968739 0.99717164 0.99617666 0.9967401 0.9962448 0.99597526 0.99271464 0.9920746 0.9951166 0.9962469 0.99441564 0.99589896 0.99646205 0.99516195 0.9939502 0.99512666 0.98847675 0.9920533 0.9970264 0.9939708 0.9911594 0.99334246 0.9929144 0.9883827 0.9908455 0.99597985 0.99136025 0.9850794 0.98992634 0.99212515 0.9928382 0.99371636 0.9929389 0.99526745 0.98822427 0.9949086 0.9958602 0.9950841 0.9922442 0.9905648 0.99412686 0.9959307 0.9951887 0.99473894 0.992707 0.994361 0.9936407 0.9917312 0.9904222 0.9930019 0.9957975 0.99528533 0.99280024 0.9898462 0.99699455 0.9972148 0.9964652 0.9972644 0.9971886 0.994659 0.99564093 0.9944745 0.9966713 0.99495465 0.99733865 0.99633443 0.99348575 0.99320614 0.99707836 0.9953002 0.9927041 0.9896128 0.9933792 0.99415153 0.99275774 0.99418515 0.9958328 0.9957131 0.996676 0.9930739 0.99465024 0.9944453 0.9971582 0.9955455 0.9938172 0.9927972 0.9949346 0.9942933 0.99502516 0.9945942 0.9941446 0.9946327 0.9940189 0.9947733 0.9938134 0.9934279 0.9961234 0.9977343 0.9974775 0.9958839 0.9970969 0.99500144 0.9966778 0.99737024 0.99737686 0.9970509 0.997501 0.99719745 0.9966953 0.9957583 0.9945624 0.9949551 0.9993914 0.99941707 0.9999997 0.9996449 0.99095607 0.98951036 0.9876031 0.9948277 0.9939883 0.99243855 0.99813807 0.9985209 0.9985141 0.9980682 0.997598 0.99757963 0.99630255 0.992423 0.997572 0.9964035 0.99688166 0.9955178 0.99552035 0.9930341 0.99212027 0.9969612 0.9960941 0.99654466 0.99561256 0.99426705 0.9935172 0.9929619 0.9895212 0.99623704 0.995384 0.9965075 0.99550885 0.99571437 0.9948643 0.9924842 0.99286115 0.9944047 0.99537474 0.994698 0.9958255 0.9969356 0.9953467 0.9967222 0.99749905 0.99705344 0.995548 0.9967071 0.9917321 0.9969134 0.99219203 0.9930474 0.9965483 0.9938532 0.9902297 0.9907752 0.9927288 0.99646926 0.9915818 0.9963118 0.99471086 0.99664605 0.99608874 0.99434155 0.9957976 0.99499226 0.99481165 0.99627554 0.9947171 0.9937429 0.99279714 0.9926748 0.99455714 0.9946342 0.99490154 0.99447215 0.99501264 0.99488467 0.99763143 0.99480456 0.9937484 0.99625814 0.99597687 0.99431074 0.9938207 0.9922228 0.9949787 0.9963655 0.99684906 0.9975898 0.9975617 0.99496114 0.9955533 0.9962145 0.9907559 0.989823 0.9896823 0.9961132 0.9954962 0.9953239 0.9965441 0.99713904 0.9949702 0.99588376 0.99567395 0.9961836 0.99564904 0.99441314 0.99555606 0.99575603 0.996041 0.9949632 0.99507666 0.99439293 0.99270725 0.9962785 0.99542916 0.99691576 0.9963738 0.9965669 0.99640584 0.995998 0.99683845 0.994574 0.9972854 0.9968695 0.9956373 0.99634254 0.99578846 0.995373 0.996332 0.99693054 0.99648994 0.9966861 0.9959621 0.99695116 0.99268055 0.99765134 0.99701273 0.99725974 0.9954121 0.99418336 0.9973507 0.99841833 0.9982239 0.9965651 0.997952 0.99800855 0.9966361 0.99681705 0.9970311 0.9917273 0.99472696 0.9962953 0.99587804 0.99564314 0.996969 0.99747884 0.99643797 0.99715555 0.9965738 0.99565303 0.99761546 0.9955461 0.9974676 0.9955183 0.99368095 0.98993737 0.992717 0.9936267 0.99306774 0.9920952 0.98873097 0.99224424 0.9941192 0.9948387 0.99594563 0.9956707 0.99553025 0.9949239 0.9954686 0.9957286 0.99389875 0.9924233 0.9933544 0.994115 0.99525535 0.99560034 0.9941301 0.9959649 0.9919402 0.99051756 0.9869802 0.99372387 0.99447274 0.9939307 0.9939994 0.99199486 0.9957066 0.9934958 0.9899419 0.9931323 0.99223727 0.9931497 0.99312305 0.9888718 0.988956 0.9914175 0.99216664 0.99452335 0.9906787 0.98799086 0.9900429
RadovicxDimitrije_SRP18942DimitijeR-Sinovac-L2_4 0.9940643 0.99716496 0.99635756 0.9942875 0.99597585 0.99383897 0.9909649 0.9857481 0.9971181 0.997542 0.9977511 0.99814117 0.9970669 0.9972789 0.9980805 0.9968453 0.99621105 0.9965325 0.99726796 0.9983103 0.99644214 0.9970651 0.9959263 0.9965254 0.99659985 0.99557436 0.9964305 0.99407995 0.99735326 0.9960846 0.9955893 0.9968816 0.99648213 0.99071217 0.98841316 0.9949229 0.9943147 0.993013 0.99641013 0.99662054 0.99662805 0.9960122 0.99545383 0.9946407 0.99386454 0.99558175 0.99656457 0.99689955 0.9975381 0.9966085 0.997705 0.99630183 0.99484444 0.99396986 0.9916266 0.9961356 0.99541205 0.9897094 0.9934154 0.9971048 0.9963889 0.995058 0.9972686 0.9957421 0.99259627 0.99359405 0.9959361 0.995092 0.99525535 0.99636585 0.99730057 0.99471426 0.9947303 0.9973354 0.99688065 0.9976411 0.9964417 0.9949247 0.9966754 0.9979328 0.99551547 0.99357134 0.9950228 0.9941073 0.99290633 0.99451965 0.99467295 0.9953179 0.99659306 0.9926986 0.99422866 0.99550223 0.99466646 0.99438363 0.9941021 0.9952774 0.9920062 0.99412405 0.99288857 0.99310386 0.9921148 0.99487096 0.9952158 0.99491173 0.994233 0.99535954 0.9941011 0.99504834 0.9965855 0.9951149 0.9957703 0.99538684 0.9952575 0.995903 0.99542457 0.9940901 0.9965515 0.9956349 0.9950973 0.9954775 0.9956357 0.9939983 0.99778414 0.99808 0.9979138 0.9975027 0.9978738 0.9975049 0.9948359 0.9967253 0.99749637 0.9974535 0.9981618 0.99799377 0.99748063 0.99397683 0.9942514 0.994733 0.99540234 0.99122196 0.991892 0.98754966 0.9906757 0.99588335 0.9960379 0.9970551 0.99488187 0.9943998 0.9955294 0.9963645 0.99234337 0.9912522 0.98974085 0.98719966 0.99778855 0.99745095 0.9976655 0.9937675 0.9931127 0.9936055 0.9946608 0.9931415 0.9931148 0.9930812 0.9947352 0.99453354 0.99531686 0.9973874 0.9953125 0.9969123 0.9960083 0.99386865 0.99643743 0.9953822 0.9933733 0.99440235 0.99627006 0.9949659 0.9945338 0.99813604 0.9974521 0.99693185 0.99665594 0.9949945 0.99318737 0.9913202 0.9975403 0.9970372 0.9968664 0.9961546 0.9965048 0.99725825 0.9952925 0.99725115 0.99650455 0.99835706 0.9979362 0.9966661 0.99464333 0.9966207 0.9929237 0.99461013 0.9958216 0.99377245 0.9954277 0.992257 0.991967 0.99427027 0.9898654 0.9868785 0.9884882 0.9934528 0.99751186 0.9962689 0.99787265 0.99689734 0.99747384 0.996346 0.9970072 0.9966012 0.99631786 0.99260354 0.99203575 0.9951063 0.99614376 0.994496 0.9958223 0.99670273 0.9951289 0.9940369 0.9951667 0.9890236 0.9924578 0.99680316 0.99400795 0.9913728 0.9933644 0.99267197 0.9885455 0.9907985 0.99585617 0.991012 0.9846566 0.9897 0.9917921 0.9926099 0.9936867 0.9936252 0.99570334 0.98881143 0.9950019 0.9960166 0.99546 0.9926093 0.99103963 0.99445546 0.99631023 0.9953264 0.9951739 0.9928348 0.9947705 0.9939699 0.99198556 0.99071777 0.9931546 0.99584174 0.99538416 0.9928912 0.9899756 0.99707776 0.9974018 0.9968233 0.9976037 0.9974217 0.9949868 0.99607384 0.9949799 0.99726135 0.9951915 0.9976365 0.9968869 0.99403816 0.9938917 0.9972904 0.9957387 0.99300563 0.98989177 0.99401265 0.99464786 0.9930792 0.9948208 0.9962636 0.9961378 0.9969784 0.9933972 0.99459946 0.99420345 0.9972092 0.9955748 0.993859 0.99289095 0.99490726 0.99412215 0.99496365 0.994501 0.9941324 0.99452215 0.9938033 0.99558455 0.9945267 0.9940258 0.9962586 0.9978718 0.99779475 0.9963377 0.9975495 0.99529135 0.9969823 0.9976719 0.9976042 0.9971764 0.9976413 0.9972331 0.9967737 0.99576026 0.99449193 0.99498606 0.9993874 0.99921644 0.9996449 0.9999996 0.991338 0.9899994 0.98807466 0.9946753 0.9938456 0.9922624 0.9982812 0.99855626 0.99849546 0.99805915 0.99751955 0.9976853 0.9962078 0.99233675 0.9976305 0.99614966 0.9966435 0.99561876 0.9953319 0.99287784 0.9920587 0.99705887 0.9959674 0.99653655 0.9954463 0.9942721 0.99348646 0.9927838 0.9894881 0.9966244 0.9959224 0.9968901 0.9959547 0.9962168 0.9955291 0.9926138 0.99292564 0.9945772 0.9956781 0.9951011 0.9962147 0.99712634 0.99551845 0.9972076 0.99779075 0.99739134 0.99587 0.99699277 0.99199766 0.9972009 0.99237055 0.9931857 0.9967019 0.993885 0.99039173 0.99101245 0.9929342 0.9968326 0.9918763 0.9965281 0.9949755 0.9968847 0.9963714 0.99432445 0.9956064 0.994868 0.9946866 0.9963211 0.9947535 0.9940932 0.9932974 0.9934729 0.9952335 0.99522644 0.99549747 0.99496096 0.9954979 0.99540055 0.9975665 0.99443626 0.99324054 0.99623185 0.9955639 0.99387586 0.9935957 0.9917519 0.9947571 0.99640465 0.9968616 0.9976044 0.99768543 0.99513865 0.9958133 0.9961104 0.99087894 0.9899759 0.98988295 0.99587256 0.9951998 0.9951427 0.9963436 0.9969461 0.9952052 0.99603355 0.99580455 0.9963759 0.9957191 0.9949409 0.9959882 0.9960114 0.9963182 0.99531424 0.9953548 0.9943212 0.99262524 0.99649596 0.9956339 0.99700403 0.99665856 0.99671376 0.9966608 0.99610186 0.9969769 0.99499375 0.9973004 0.9969686 0.9957354 0.99642307 0.9961331 0.9959264 0.99664915 0.9969217 0.99674046 0.9970767 0.9960429 0.9970356 0.9927551 0.9976914 0.9971454 0.9972619 0.99534047 0.9942376 0.99718 0.99869823 0.99818724 0.9966367 0.99803734 0.9980725 0.997047 0.99691844 0.99718994 0.99192315 0.9946664 0.996406 0.9957498 0.99595803 0.99706525 0.99730647 0.9960195 0.996778 0.99630773 0.9952713 0.9973001 0.99533355 0.9972426 0.9956123 0.99398667 0.99015486 0.9928795 0.99377245 0.99325806 0.9923072 0.9889973 0.99252784 0.99428564 0.99491894 0.99600494 0.9957157 0.99563134 0.9952715 0.99560463 0.99578047 0.99413097 0.99270743 0.9935423 0.99425834 0.99533355 0.995567 0.9940547 0.9957707 0.9917835 0.9903403 0.9867196 0.99365526 0.99444675 0.9938568 0.99404323 0.9918342 0.99537927 0.99329704 0.98981 0.9928521 0.9920195 0.9928416 0.99287564 0.9884365 0.9887227 0.9911393 0.9918767 0.9943466 0.99114573 0.9885363 0.9905384
RadulovicxPera_SRP18752PeraRBezOcaMajke-L2_1 0.99558276 0.99428225 0.99639314 0.9963613 0.99553066 0.9901542 0.9896219 0.9872604 0.9882256 0.99077725 0.99071133 0.9903666 0.9892288 0.9889859 0.9907087 0.9918603 0.9915448 0.9926867 0.9915174 0.98956174 0.9873385 0.9898275 0.9880437 0.9895 0.99036837 0.9907399 0.990735 0.9891045 0.9899775 0.98795414 0.9896641 0.987714 0.98829716 0.9889933 0.9877841 0.9904775 0.99064875 0.990693 0.99217033 0.9923213 0.9923086 0.9923052 0.99331325 0.9937581 0.9934714 0.99169165 0.9929185 0.993009 0.9904008 0.99336886 0.99015397 0.98883295 0.9906239 0.993524 0.9887503 0.9960118 0.9957257 0.993109 0.99646515 0.9945822 0.9948203 0.995173 0.99326295 0.99381465 0.9913298 0.9920402 0.9927359 0.98834497 0.9896591 0.9896703 0.99064684 0.9866559 0.98872805 0.9893273 0.9894182 0.99041927 0.9873992 0.9876709 0.99296814 0.98964643 0.9875984 0.99455154 0.99481326 0.99145263 0.99318534 0.9913412 0.99126774 0.99228233 0.99187845 0.9944899 0.99312574 0.99075633 0.9898566 0.9867289 0.9862996 0.990121 0.98840666 0.9895827 0.987246 0.98945266 0.9861042 0.9882247 0.98728454 0.9862647 0.9884763 0.99129874 0.9908692 0.99018705 0.9895834 0.98907954 0.9882462 0.9912146 0.9918601 0.99226683 0.9911291 0.99214965 0.9867194 0.98471075 0.98253614 0.98425156 0.98518974 0.9817502 0.9882059 0.98652124 0.98850197 0.9881095 0.9903347 0.98766714 0.988041 0.98815 0.99013215 0.9894255 0.9908686 0.99123013 0.9884928 0.99297917 0.9946805 0.99529016 0.9954917 0.993767 0.9932377 0.99155784 0.9931058 0.9900095 0.9853016 0.9865542 0.989189 0.987537 0.9903562 0.988544 0.9902715 0.9849262 0.98360115 0.98161393 0.9909072 0.99066085 0.9911558 0.99404013 0.99363166 0.987666 0.9918557 0.98560417 0.98884827 0.98717695 0.98907363 0.9909894 0.9937584 0.9909841 0.9915099 0.9894854 0.99080956 0.9890202 0.989188 0.9908326 0.9894563 0.99249744 0.98946446 0.98947084 0.98985815 0.99150646 0.98948973 0.9903901 0.9898027 0.99163663 0.98488057 0.9814538 0.9914786 0.99296767 0.9902532 0.9942668 0.9896996 0.98623943 0.9876488 0.9887373 0.99016 0.98919314 0.98798776 0.99053115 0.9906682 0.99286133 0.99272335 0.99075884 0.9927724 0.9936507 0.99385893 0.9900056 0.99153626 0.988842 0.9888521 0.98607147 0.9890504 0.9908014 0.9929668 0.99015546 0.99266666 0.99382 0.9918666 0.99564195 0.99253905 0.9927797 0.9946778 0.9935461 0.993082 0.9943357 0.9931627 0.99309576 0.99219304 0.9926144 0.9938237 0.9909344 0.99460965 0.9824041 0.98762536 0.99123305 0.9926199 0.98816663 0.9908264 0.9914464 0.98227227 0.9912303 0.99179965 0.98621356 0.97532165 0.9836749 0.98479354 0.98922557 0.9905066 0.9923501 0.9881037 0.98031366 0.99240625 0.9928767 0.99404263 0.9886718 0.9823394 0.9888151 0.98827773 0.993075 0.988883 0.9826075 0.9859691 0.9862377 0.98633003 0.98216337 0.9870235 0.98750347 0.9878335 0.98579675 0.984203 0.99186033 0.98988485 0.99341947 0.9907421 0.9931898 0.98795164 0.98878515 0.9906718 0.99207217 0.99411404 0.99358 0.99520135 0.98949623 0.987851 0.9933216 0.99557513 0.9886256 0.983573 0.9868449 0.98671025 0.984125 0.9911774 0.99006146 0.9917041 0.99383074 0.98822606 0.99046683 0.9910172 0.990533 0.9908741 0.98803407 0.9877977 0.9850528 0.98167795 0.9834396 0.9832589 0.98346525 0.9829365 0.981763 0.99083745 0.99331224 0.9916203 0.98663497 0.98884207 0.9905393 0.99048513 0.9910751 0.9879327 0.9904577 0.9900138 0.9920985 0.99276674 0.9936898 0.99167633 0.9950766 0.9958115 0.99489653 0.9957855 0.99242556 0.9908682 0.99095607 0.991338 1.0000001 0.99907446 0.99885446 0.9914967 0.98796964 0.98851514 0.9906273 0.9913782 0.9916046 0.9926253 0.99331445 0.99413264 0.9938117 0.99136984 0.9936533 0.994436 0.9935704 0.99289644 0.993094 0.9935462 0.99291646 0.9924713 0.99415183 0.9919016 0.99243486 0.9921767 0.9929267 0.9925134 0.9883174 0.9896262 0.98817235 0.9918957 0.98877615 0.9891248 0.9902831 0.98529875 0.98587435 0.98673147 0.9892019 0.99184275 0.9928151 0.9926237 0.9917887 0.9910004 0.9919263 0.9910015 0.99270874 0.99338704 0.9900692 0.99306864 0.9898096 0.9897442 0.99139786 0.99133015 0.98749375 0.9894419 0.9894305 0.9912838 0.9912391 0.9926413 0.991401 0.99217033 0.9929392 0.9891196 0.9858606 0.9854526 0.9859595 0.99065757 0.99501944 0.98994887 0.98748285 0.98834985 0.9883057 0.99076337 0.98783165 0.99009836 0.99141854 0.9912931 0.9905545 0.9886341 0.9876344 0.9912944 0.9881997 0.98694986 0.98552394 0.98439705 0.98867774 0.9916058 0.9907273 0.99143386 0.99048275 0.9883741 0.9886999 0.9883589 0.9874939 0.9839232 0.9827577 0.9906986 0.9883571 0.990434 0.9893942 0.99161327 0.98964524 0.98958194 0.990241 0.9932776 0.99092585 0.9885434 0.9858187 0.98965526 0.9902656 0.9887193 0.9897661 0.9868788 0.9865372 0.9854749 0.9855115 0.98677707 0.98778164 0.9879703 0.9857691 0.98227525 0.9846109 0.98329335 0.9896426 0.9882232 0.9875128 0.9883205 0.9892983 0.9878862 0.9879507 0.99035573 0.9928783 0.99077266 0.99113894 0.9910959 0.9862326 0.99022967 0.9881739 0.9897724 0.9910911 0.9888908 0.9900276 0.9921834 0.9894046 0.9904711 0.9908459 0.9925894 0.991982 0.9928613 0.9936398 0.9874804 0.9906949 0.99551797 0.98877203 0.9875545 0.990903 0.99144775 0.9898719 0.9893801 0.99106455 0.990673 0.99059147 0.9922507 0.9917908 0.995541 0.993868 0.9923562 0.9939831 0.9928217 0.9936132 0.9936021 0.9925963 0.98324674 0.98550475 0.98771924 0.9901851 0.99130535 0.9901942 0.98991734 0.99216497 0.99061793 0.98416543 0.9847847 0.98444706 0.9855476 0.9867819 0.98583966 0.9860537 0.98802173 0.9853819 0.9833872 0.9784296 0.9856813 0.9863765 0.9869183 0.9854416 0.9851281 0.9900388 0.98819685 0.9861569 0.98705006 0.98835754 0.9867116 0.98638004 0.98470575 0.98261577 0.98529494 0.9851402 0.9893036 0.98858994 0.9896183 0.98864293
RadulovicxPera_SRP18752PeraRBezOcaMajke-L2_2 0.99412316 0.9922905 0.99519944 0.99647045 0.99546444 0.9870165 0.98670524 0.9830884 0.9870715 0.99025667 0.9900646 0.9888448 0.98891884 0.988788 0.98950136 0.99187964 0.99078727 0.99166554 0.9899675 0.98868996 0.9875507 0.9896109 0.98599476 0.9883423 0.9892467 0.990617 0.9898549 0.9897877 0.9893819 0.9880925 0.989623 0.9866318 0.98808324 0.9898759 0.98879516 0.98885965 0.98922515 0.9902516 0.99097365 0.99152493 0.9919822 0.99251133 0.9922286 0.9942369 0.99223655 0.99046576 0.9927669 0.9926768 0.9900165 0.993105 0.98863286 0.98696065 0.988972 0.9912945 0.9862077 0.9943111 0.9936049 0.99083966 0.9949548 0.99313784 0.9931122 0.9940066 0.99121714 0.9916603 0.98873407 0.9893608 0.99088186 0.9858596 0.9876984 0.9876894 0.9879281 0.98328066 0.9859735 0.9877958 0.9872367 0.98945636 0.98458433 0.98482466 0.9906857 0.98809963 0.9850188 0.99307567 0.99290955 0.9909709 0.9931326 0.9906968 0.9913446 0.99162203 0.9916139 0.9931601 0.9918459 0.99066573 0.9869362 0.9840521 0.983882 0.9874442 0.98568135 0.98772717 0.98443556 0.98748124 0.98342323 0.9859751 0.985109 0.9851059 0.9882749 0.9887986 0.99018806 0.98933977 0.9878378 0.9876803 0.9869572 0.9902912 0.9905021 0.99090207 0.9893841 0.9913775 0.9841611 0.9825216 0.9798667 0.981721 0.98292977 0.9791731 0.9861092 0.98483413 0.9872388 0.98584694 0.9890914 0.98549235 0.9849622 0.9856124 0.98825294 0.98732525 0.9895089 0.98982763 0.9862702 0.9929515 0.9935797 0.99372077 0.99469054 0.99258804 0.99283624 0.9911363 0.99252325 0.988088 0.9833982 0.9850696 0.98594344 0.984311 0.98776793 0.9862713 0.98696387 0.98090065 0.9791541 0.9770211 0.9893343 0.9896394 0.9905039 0.99394333 0.9936881 0.9865123 0.9913195 0.98443305 0.98850167 0.9858647 0.988016 0.9905785 0.99317306 0.98997897 0.98975277 0.98803556 0.9895788 0.98921764 0.9887214 0.99095607 0.9901575 0.9929033 0.988129 0.9891355 0.9900624 0.9902672 0.9888054 0.9905526 0.98990476 0.99150383 0.98500043 0.9815525 0.9902333 0.9920074 0.9890118 0.9929603 0.9893958 0.9852222 0.9881759 0.9879771 0.9902005 0.98811036 0.9862175 0.9878781 0.9877295 0.99085236 0.9903258 0.9893087 0.9912284 0.9923665 0.99132276 0.9878534 0.98990476 0.9872694 0.98640805 0.9836396 0.98705095 0.98994124 0.9921841 0.988545 0.99134594 0.99417365 0.99096173 0.9956297 0.992871 0.9911627 0.9934726 0.99291277 0.99240327 0.99382913 0.99218553 0.99187225 0.9915311 0.99104947 0.9920904 0.9885444 0.99365854 0.97862613 0.984718 0.9896319 0.99061805 0.9849721 0.9884435 0.98940074 0.9782748 0.98866093 0.9907919 0.986965 0.97650105 0.9838634 0.9843696 0.9864857 0.98830265 0.98984015 0.98511446 0.9760351 0.9904644 0.9913907 0.99230045 0.98556423 0.9782542 0.9857078 0.9853849 0.99042845 0.9856092 0.97938955 0.982917 0.98307735 0.9836633 0.9783503 0.9839743 0.98492825 0.98522246 0.98314303 0.98096323 0.99018455 0.9884391 0.99172544 0.9887441 0.9918633 0.9851114 0.986577 0.98793155 0.9900243 0.9927415 0.99217165 0.99383825 0.9865578 0.98474056 0.9917724 0.99420834 0.98548824 0.97960335 0.9836337 0.98369145 0.98126906 0.9884683 0.98750764 0.9892086 0.9917256 0.98460937 0.9873618 0.9878571 0.9878614 0.98806715 0.9844767 0.9842088 0.98414373 0.981507 0.98269945 0.98336804 0.9839785 0.98316556 0.9813782 0.98844045 0.99143 0.9888598 0.9842609 0.98745257 0.98857296 0.9878519 0.9894135 0.9847883 0.9882186 0.9878962 0.9900105 0.9916515 0.99223137 0.9904112 0.99420476 0.9957243 0.9948978 0.9954816 0.9912378 0.9893257 0.98951036 0.9899994 0.99907446 0.9999996 0.99925256 0.9914071 0.9886356 0.9889249 0.9883646 0.990253 0.99069154 0.9914408 0.99282146 0.9932724 0.9938528 0.9918458 0.9922287 0.99367976 0.9925468 0.99217844 0.992919 0.9932917 0.9933509 0.9910834 0.9928135 0.98997045 0.99120355 0.99028504 0.99149394 0.9913673 0.9906217 0.9882267 0.9862659 0.9912392 0.987549 0.98785573 0.988604 0.98256606 0.9834358 0.9846808 0.9870361 0.9903088 0.9917108 0.99109274 0.99160635 0.9896145 0.99035084 0.98972714 0.9926474 0.9930537 0.9910636 0.9918146 0.99041504 0.99031913 0.9908204 0.9917573 0.9892449 0.9904751 0.99047875 0.9892858 0.9921661 0.99165064 0.99190366 0.99088085 0.991383 0.98956805 0.985495 0.98525095 0.9861094 0.99067885 0.9953756 0.98829085 0.9844779 0.9863517 0.98622 0.98944974 0.98584896 0.9883928 0.99026215 0.9896929 0.9891542 0.98692954 0.98592764 0.9896794 0.987311 0.984465 0.98289406 0.9826743 0.9872304 0.98995465 0.9894228 0.9894062 0.98909265 0.985607 0.98594356 0.98597866 0.9839778 0.98030555 0.979247 0.99041057 0.98636055 0.98847836 0.9877594 0.989979 0.98776144 0.9878311 0.98832595 0.9917341 0.990854 0.98579556 0.983588 0.987829 0.988556 0.98671985 0.9889959 0.9849652 0.98462945 0.9837306 0.9851071 0.985397 0.9861874 0.98702437 0.98351276 0.98044276 0.9832593 0.9803169 0.98849714 0.98693347 0.985458 0.9862405 0.9870518 0.9852159 0.9859805 0.98869026 0.9909636 0.9891306 0.9887054 0.98861784 0.9822946 0.98814195 0.98526883 0.98845553 0.9893569 0.9859121 0.98802745 0.99131423 0.9880561 0.9887992 0.98908275 0.99123657 0.9895997 0.9906699 0.99142754 0.9844135 0.98805153 0.9940377 0.9860489 0.9843792 0.9892887 0.99016607 0.9896039 0.9882673 0.989737 0.9897113 0.98958504 0.9907178 0.9909833 0.9945458 0.992765 0.9918961 0.99285656 0.9930031 0.99299216 0.99273604 0.99190396 0.9797363 0.9827203 0.9853388 0.9885 0.9904136 0.98833925 0.9874915 0.9903923 0.98904955 0.980655 0.98140764 0.98119056 0.98286086 0.98495644 0.9842629 0.9842139 0.98763084 0.9863643 0.9850638 0.98044086 0.9873247 0.98726135 0.987931 0.9865259 0.98677367 0.9903817 0.989307 0.9883476 0.98795414 0.9897469 0.9881317 0.9877104 0.9865498 0.9848941 0.98699033 0.98665935 0.99012345 0.985546 0.987267 0.9867758
RadulovicxPera_SRP18752PeraRBezOcaMajke-L2_3 0.9941922 0.9912983 0.99451286 0.995825 0.9944774 0.98640716 0.9863307 0.98406005 0.9848021 0.9884688 0.98835015 0.9872306 0.9868155 0.9865978 0.9880668 0.9904739 0.9900228 0.9910264 0.9889825 0.9867378 0.9854723 0.9879982 0.98443115 0.9868516 0.98801595 0.9892471 0.9887571 0.988354 0.9876556 0.9862588 0.9882467 0.9849544 0.9864021 0.9889901 0.98819304 0.98826206 0.9889715 0.99009454 0.9897388 0.9901421 0.99060935 0.990979 0.9913043 0.9934348 0.9918228 0.98959565 0.9913606 0.99148434 0.9883152 0.9917873 0.9868976 0.9855566 0.98786724 0.9910093 0.9857764 0.993967 0.9934569 0.9916143 0.99520355 0.99222696 0.99257004 0.9936995 0.99037176 0.99124 0.9886376 0.98935884 0.9898463 0.98466015 0.98637486 0.98575664 0.98672235 0.9817278 0.9844157 0.9856409 0.9854234 0.9873358 0.9826862 0.98341346 0.9894321 0.98596406 0.98325574 0.99247706 0.9922518 0.9893177 0.991553 0.9889671 0.9895987 0.9899913 0.989689 0.99253666 0.99080503 0.98972136 0.98590267 0.9829948 0.9825986 0.9864757 0.984982 0.9865126 0.98344904 0.9866452 0.98258144 0.98513377 0.9839877 0.9830769 0.98641396 0.9877774 0.9889281 0.98776764 0.9860698 0.9861713 0.9851268 0.98869634 0.98918885 0.98959905 0.98782337 0.9903741 0.9825684 0.98030424 0.97794044 0.97994375 0.9809998 0.97741324 0.9841764 0.9822222 0.98484266 0.9837983 0.9872443 0.9832474 0.9839414 0.9841951 0.9868284 0.98571336 0.9876845 0.9882425 0.98484755 0.99242836 0.9933969 0.9935708 0.9941716 0.99173915 0.9917132 0.99030757 0.9914386 0.9867511 0.98130965 0.9826951 0.98477787 0.98300093 0.98648566 0.984364 0.98667765 0.98022956 0.9788438 0.97676134 0.9874421 0.9879834 0.9888638 0.9931085 0.9928761 0.9852302 0.99047357 0.98310196 0.9878256 0.98500293 0.9869395 0.9896589 0.99244225 0.98851526 0.9891575 0.98647803 0.9884016 0.98778427 0.9864224 0.9889654 0.9882596 0.9913262 0.9871111 0.9881941 0.989028 0.98887104 0.9871071 0.9890916 0.98839384 0.9895701 0.9826792 0.9790348 0.9888214 0.99056685 0.98719484 0.9924164 0.98806417 0.9830492 0.9864138 0.9863848 0.98890525 0.98627853 0.9842317 0.98660654 0.9869803 0.989959 0.9898835 0.9879548 0.99010193 0.9916513 0.99062383 0.98701155 0.98927444 0.98574847 0.98596424 0.98357284 0.98694813 0.9887898 0.9905241 0.9872383 0.9900142 0.99253416 0.98930174 0.9944534 0.99103737 0.9902084 0.99259335 0.9923708 0.9920111 0.99296176 0.99125546 0.9912969 0.9904234 0.99007314 0.9914058 0.98775303 0.9927937 0.9779847 0.9839022 0.98810655 0.98972 0.98445463 0.9875048 0.9890925 0.9772097 0.9886319 0.98944104 0.9854246 0.97450924 0.9825346 0.98300314 0.98586714 0.9875598 0.9893781 0.9836412 0.9749141 0.9894133 0.99033105 0.9916146 0.984849 0.97707164 0.98444426 0.9839499 0.99005824 0.9846117 0.97743475 0.98124486 0.9815685 0.9825626 0.97728884 0.98287445 0.98328924 0.9839267 0.98184735 0.98001117 0.98893493 0.9867524 0.99056715 0.98695433 0.99036694 0.9837799 0.98516774 0.9868998 0.98846966 0.9911561 0.99030995 0.99248606 0.98569745 0.9835837 0.99040115 0.99314946 0.98463655 0.97874725 0.98239 0.98221135 0.9794576 0.98762906 0.9860791 0.9880016 0.99080026 0.98355466 0.98644173 0.9871386 0.9862107 0.9870121 0.98348397 0.98332363 0.98164177 0.97858983 0.9797906 0.98058224 0.9810382 0.98020214 0.97835886 0.98791355 0.9912965 0.988634 0.9818498 0.98502034 0.98659486 0.98625743 0.9875378 0.9834717 0.9865706 0.9862644 0.9886835 0.99040806 0.9909749 0.9890985 0.992555 0.9944128 0.9934602 0.99432 0.98959154 0.98754597 0.9876031 0.98807466 0.99885446 0.99925256 0.9999997 0.9897828 0.98640394 0.9868443 0.98669136 0.98852235 0.9887069 0.9898578 0.99153537 0.9921983 0.9928407 0.9914029 0.9908874 0.992523 0.99120474 0.99096864 0.9918754 0.9927988 0.99281883 0.9899706 0.9921298 0.98942655 0.9908952 0.99020326 0.99151784 0.9913952 0.98872864 0.9858245 0.98404616 0.9889617 0.98520136 0.9855244 0.9866496 0.9806224 0.9816139 0.9825688 0.9853991 0.9890181 0.9903132 0.99019885 0.99063414 0.9883713 0.9893414 0.9883519 0.9915179 0.99187434 0.9900611 0.99088585 0.9895536 0.9892493 0.98970443 0.9910085 0.987917 0.98988616 0.98929936 0.988433 0.99162376 0.9908184 0.99102896 0.99003506 0.99096715 0.9875529 0.9829985 0.9826464 0.98378336 0.9888118 0.9939742 0.98690826 0.9832742 0.98474437 0.9844182 0.98783416 0.9838705 0.9866855 0.98872787 0.988148 0.98773354 0.9863128 0.9854112 0.9884876 0.98532164 0.9833981 0.98164827 0.98157424 0.98566055 0.98821735 0.9872252 0.98773557 0.9870768 0.9837303 0.9841242 0.98407114 0.9831624 0.97901165 0.9777591 0.9884635 0.98485637 0.9870071 0.9861877 0.9886283 0.9860246 0.9855793 0.9864216 0.9904982 0.9890853 0.984806 0.9811984 0.9858793 0.9870851 0.9855315 0.9875327 0.9826354 0.9826757 0.981216 0.9822684 0.98313075 0.9839945 0.98476475 0.98137546 0.9775003 0.9804986 0.9783216 0.986392 0.98471856 0.98322237 0.98412055 0.98529166 0.9832947 0.9838842 0.98755175 0.99001914 0.98738116 0.98754567 0.98725873 0.98138106 0.98634994 0.98350394 0.98649645 0.9881115 0.9850345 0.98656213 0.9895356 0.985968 0.9872297 0.9876046 0.98967254 0.98851293 0.9895999 0.990597 0.98350763 0.9872218 0.99316406 0.9846931 0.9827304 0.98757386 0.9888822 0.9877016 0.98623693 0.9883908 0.9886861 0.9877052 0.9899709 0.9893462 0.99401 0.99274385 0.9926679 0.9931103 0.9926281 0.9930655 0.99303055 0.9925143 0.97811687 0.9805747 0.98345107 0.98673004 0.9886399 0.9864993 0.9859182 0.9893543 0.9873456 0.9790255 0.9799835 0.97956383 0.9810977 0.98285496 0.9818741 0.98235404 0.9859419 0.98492366 0.98301244 0.97818273 0.985107 0.9852398 0.98609096 0.9842104 0.98469037 0.98887783 0.9877652 0.9868203 0.9863018 0.98849833 0.9863948 0.9856756 0.9852126 0.98290616 0.98520124 0.98476917 0.988587 0.9856605 0.988181 0.98686135
RankovicxDragutinaJ_SRP19023DragutinRSlavko-L2_1 0.9908672 0.9932352 0.99456656 0.99519825 0.9946769 0.98915166 0.9869437 0.9836518 0.99486554 0.9942585 0.99562216 0.9941467 0.99617547 0.99646616 0.99329805 0.99373305 0.99149793 0.99158263 0.9915833 0.9951712 0.9944336 0.99512917 0.99029905 0.99120075 0.9918761 0.9933407 0.99232674 0.992839 0.9924278 0.99301875 0.9928849 0.9916764 0.9929093 0.9883948 0.9871628 0.9882695 0.9873985 0.9881683 0.99336016 0.9944955 0.9950013 0.99628246 0.99400496 0.9950547 0.98938346 0.9909018 0.9947742 0.9964741 0.9960426 0.99735475 0.9964811 0.9958711 0.99654853 0.99444485 0.9929528 0.99190867 0.99071664 0.9823641 0.98832566 0.99319756 0.9927612 0.9895871 0.9922194 0.9912326 0.9845954 0.98570555 0.9948738 0.99263173 0.9948323 0.995378 0.99267554 0.9894201 0.99243724 0.995733 0.9943714 0.9963154 0.9896303 0.9895663 0.9949475 0.9955936 0.99065626 0.9940414 0.9934196 0.99864334 0.9972905 0.9983172 0.9987154 0.9985151 0.9983535 0.9966593 0.9973717 0.9945299 0.9913977 0.990059 0.9908257 0.9939886 0.99219394 0.9953791 0.99182457 0.99390453 0.9886859 0.99101675 0.99213135 0.99651337 0.9975409 0.9945546 0.997117 0.9973305 0.9958104 0.9970352 0.9970471 0.997884 0.9975621 0.99688023 0.9969305 0.9974151 0.9932506 0.99367964 0.9915742 0.9925732 0.9929401 0.99171954 0.99294806 0.99344337 0.9952659 0.99309784 0.995976 0.99234647 0.9883305 0.9914213 0.9928669 0.9923094 0.9957655 0.9957657 0.9934148 0.9906948 0.9906707 0.9915332 0.9931599 0.9966502 0.9976603 0.9955329 0.9966875 0.9950892 0.99406046 0.9952173 0.99250346 0.99088836 0.9943559 0.9941783 0.98513865 0.9843329 0.9832605 0.97999454 0.9942349 0.9937765 0.9943867 0.9962946 0.9963344 0.9953046 0.99676245 0.99408364 0.99498487 0.99353904 0.99512947 0.99586284 0.99476695 0.995912 0.99437463 0.9960368 0.99558556 0.99643064 0.9968169 0.9976656 0.9967997 0.99718505 0.9930375 0.9927885 0.9921771 0.9953292 0.99598336 0.99589187 0.9962828 0.9978994 0.99642426 0.9953935 0.9949893 0.99673474 0.99743825 0.9970446 0.9942177 0.99353707 0.99477065 0.99440986 0.9953558 0.9944894 0.9932589 0.9936555 0.99343044 0.9963791 0.9949694 0.99647087 0.99706054 0.995278 0.99417335 0.99586517 0.9961797 0.997098 0.9943186 0.99167734 0.993989 0.9981251 0.99342364 0.9899374 0.9938644 0.9955335 0.99307424 0.9945659 0.9955743 0.9906264 0.99210703 0.99076885 0.9895438 0.99276876 0.9942718 0.9920648 0.9984053 0.9936454 0.9931173 0.990305 0.99336183 0.97854024 0.98551005 0.9946511 0.9934013 0.98949784 0.9926719 0.99485785 0.9852173 0.9918112 0.99608046 0.99558496 0.99007434 0.99378824 0.9945016 0.99259156 0.9929348 0.9897748 0.990196 0.98393536 0.9949503 0.9965149 0.9945071 0.9905998 0.98373723 0.99123406 0.9913215 0.9925791 0.9900582 0.98773295 0.99073136 0.990917 0.9917247 0.98708564 0.9926363 0.99482596 0.99460435 0.9921278 0.98957306 0.9951608 0.9952011 0.9949066 0.99346507 0.9967137 0.9928646 0.9934919 0.99000746 0.99211955 0.99361813 0.99521494 0.99532133 0.9895093 0.9876542 0.99437916 0.9937306 0.98922557 0.9860029 0.9883785 0.9896526 0.9877142 0.98917234 0.9918197 0.99203765 0.9940418 0.98986727 0.99290305 0.99338895 0.9938477 0.9937763 0.9921953 0.9908469 0.99495125 0.99511915 0.99309736 0.99564356 0.99522126 0.99547845 0.9935767 0.98950243 0.9900645 0.9915768 0.9934466 0.99520224 0.9945567 0.99255955 0.9952126 0.9928835 0.99509096 0.9929209 0.9926415 0.99625254 0.9960635 0.9965263 0.99707055 0.9966909 0.9972054 0.99719274 0.9948116 0.99530727 0.9948277 0.9946753 0.9914967 0.9914071 0.9897828 1.0000002 0.9989837 0.99918914 0.993209 0.9957988 0.9960351 0.9961552 0.995803 0.99542147 0.9955257 0.98966384 0.99490035 0.99644816 0.9960046 0.9914805 0.9939746 0.9913669 0.99126935 0.99149436 0.99254 0.991755 0.9923232 0.9886139 0.988857 0.98952824 0.9952337 0.9947801 0.9925098 0.9945609 0.9930998 0.9937703 0.99231344 0.9917698 0.9938815 0.9943095 0.9947375 0.99572897 0.99550545 0.9944774 0.99475414 0.9938285 0.9943075 0.9947493 0.99542725 0.99430245 0.99334425 0.99372596 0.99279195 0.9932784 0.99556476 0.9952479 0.99308026 0.9922376 0.99427396 0.9923454 0.99085116 0.99291843 0.9936448 0.9934496 0.9933935 0.9972566 0.9965395 0.99647653 0.9956514 0.9960399 0.9959916 0.9916407 0.9900344 0.9899812 0.9902125 0.9920668 0.99114215 0.99076295 0.99176335 0.99155265 0.99464613 0.9931328 0.9934223 0.9942882 0.99591184 0.9927195 0.99189633 0.99306667 0.9963825 0.99559736 0.9962347 0.9954421 0.996401 0.9918684 0.99195707 0.9946934 0.9879111 0.9870984 0.98662925 0.99811 0.9956487 0.99589574 0.99613905 0.99579585 0.9931599 0.9944298 0.9953654 0.9961816 0.9981881 0.9914808 0.992518 0.995132 0.9951621 0.9948707 0.9966429 0.99564016 0.9956567 0.9937779 0.99546707 0.99530035 0.9947933 0.99683726 0.99307245 0.9921005 0.99365926 0.9899886 0.9955372 0.9940264 0.9917406 0.99338645 0.99237674 0.9917073 0.99479234 0.9953067 0.99518746 0.9952763 0.9955384 0.99393255 0.9897146 0.9943738 0.9927355 0.99690765 0.99668825 0.9922592 0.9951385 0.99617684 0.9967822 0.99635994 0.995457 0.9957583 0.993638 0.99506855 0.9943294 0.9903576 0.9938199 0.9958974 0.9930931 0.9892286 0.9955514 0.99632335 0.9966981 0.9967257 0.99679697 0.99634117 0.99715954 0.9964532 0.9971777 0.99316174 0.9897382 0.9865383 0.9886405 0.9923208 0.9905944 0.98786354 0.98506135 0.98876834 0.9902385 0.99277014 0.99551344 0.9974731 0.995776 0.99368703 0.99558216 0.9957223 0.9890808 0.9896538 0.99001837 0.99266696 0.99529785 0.9946017 0.9954877 0.9968679 0.9952032 0.9951626 0.99301606 0.993755 0.99464345 0.99544454 0.99460596 0.9949895 0.99609864 0.99329084 0.9923151 0.99487096 0.99291724 0.9939727 0.99586046 0.992989 0.99242735 0.9939312 0.99390745 0.99450344 0.9833359 0.98120946 0.98305523
RankovicxDragutinaJ_SRP19023DragutinRSlavko-L2_2 0.98758084 0.9902683 0.9919161 0.99318063 0.99283427 0.98580456 0.98318195 0.9785619 0.9947574 0.9941121 0.9954246 0.9931348 0.99648565 0.9969026 0.9922679 0.99305505 0.99018633 0.98965913 0.98969555 0.9949069 0.9953178 0.99526936 0.9890583 0.9903956 0.9912494 0.9937534 0.9920467 0.99359983 0.99222344 0.99368286 0.99289036 0.9916165 0.99332607 0.9882946 0.98711604 0.9858775 0.98484194 0.9863721 0.99087 0.9921775 0.9932446 0.9951867 0.99119836 0.99330264 0.98585856 0.98814374 0.9931 0.99489284 0.99508077 0.99614745 0.99530333 0.9943984 0.99495673 0.99151415 0.9901886 0.98900294 0.98727417 0.9782316 0.98491824 0.9913141 0.99051785 0.9868852 0.9898734 0.9882426 0.9808273 0.9819106 0.99253255 0.9903813 0.99280804 0.9930617 0.99031174 0.9867457 0.9900006 0.994726 0.9927884 0.99568224 0.9876396 0.9872497 0.9925208 0.9943848 0.9885052 0.991057 0.99010086 0.99722326 0.9956071 0.9966331 0.9978128 0.99674666 0.99734354 0.9934009 0.99477184 0.99428254 0.98871744 0.9882529 0.9890113 0.9918009 0.9893413 0.993201 0.98932797 0.9918602 0.9862804 0.9892147 0.99089944 0.99570286 0.9971301 0.9921487 0.9960642 0.9965422 0.9945068 0.99592084 0.99610543 0.99666286 0.99583924 0.99499655 0.9948083 0.9960009 0.9912434 0.9919746 0.98986244 0.99067986 0.9912012 0.9904334 0.9917788 0.9929401 0.994322 0.9915645 0.9952432 0.991043 0.9851144 0.9889807 0.9909221 0.99026513 0.99432015 0.99421793 0.99174815 0.98917776 0.9878057 0.988274 0.9905574 0.9933699 0.99561626 0.9928988 0.994062 0.993114 0.9933498 0.99475336 0.9890338 0.9875987 0.99142015 0.9919048 0.98056406 0.9803703 0.97923285 0.97515154 0.99248356 0.9923072 0.9934001 0.9943381 0.9945409 0.9944072 0.99554443 0.9937549 0.9941547 0.9924921 0.9943467 0.9952878 0.9935827 0.995229 0.9925485 0.99508804 0.9947058 0.9969268 0.99721813 0.9977043 0.9974253 0.9970828 0.9920598 0.99236727 0.9919474 0.9938312 0.9956065 0.99598503 0.99612886 0.99763614 0.9968421 0.99632096 0.99332184 0.99508977 0.99621797 0.9945997 0.994011 0.9936244 0.99565876 0.9942009 0.9953482 0.9939425 0.9921775 0.99112386 0.9903246 0.9942037 0.99161494 0.9944801 0.9948915 0.9925672 0.99083054 0.99297017 0.993231 0.99548745 0.99073946 0.9875544 0.9902059 0.9963199 0.9920527 0.9881978 0.9923189 0.9948583 0.9916775 0.99283403 0.99491805 0.9884978 0.9899147 0.9886475 0.9875299 0.9912021 0.99256414 0.98974 0.9973701 0.9916604 0.9906229 0.98741007 0.99132437 0.97524774 0.9823094 0.9925234 0.99001986 0.98539436 0.9891397 0.99155545 0.9810518 0.98729503 0.9943174 0.9959753 0.9926655 0.99413025 0.9943523 0.9889612 0.98980856 0.9860922 0.9878555 0.9804622 0.9921874 0.99430436 0.9915027 0.9870975 0.98041683 0.9879635 0.9892713 0.9892702 0.9871145 0.9860727 0.9884736 0.9885712 0.98918855 0.9842904 0.989785 0.9929224 0.9926919 0.9900975 0.98673755 0.99308556 0.99402386 0.99210924 0.99122787 0.9946383 0.9899066 0.99119896 0.98695153 0.98988295 0.99122995 0.99350387 0.9930473 0.9864047 0.9846775 0.99257004 0.99113035 0.98619896 0.98265564 0.9855717 0.98738354 0.9859487 0.9860918 0.98951733 0.98950386 0.99150574 0.98641455 0.9895937 0.9898443 0.99138016 0.9910009 0.9891397 0.98751307 0.99524355 0.9967143 0.9939772 0.99717337 0.99680465 0.9971439 0.99489963 0.98669386 0.98676944 0.9880471 0.9918531 0.99434316 0.9926722 0.9897072 0.9932549 0.9901317 0.9927423 0.99116296 0.99037075 0.9948296 0.9942901 0.99527353 0.99555767 0.9955009 0.9961727 0.9957135 0.99374217 0.99423385 0.9939883 0.9938456 0.98796964 0.9886356 0.98640394 0.9989837 0.99999976 0.9991505 0.991155 0.9947142 0.9950432 0.99458694 0.9945683 0.9935755 0.99435914 0.9880606 0.99273825 0.9942813 0.99389136 0.989078 0.99229294 0.9887486 0.9889566 0.9893185 0.9898517 0.9893537 0.990169 0.98550457 0.98580813 0.98673654 0.9962248 0.9930084 0.9901375 0.99294865 0.99110717 0.9917461 0.9895599 0.9893231 0.99160457 0.99251944 0.9927048 0.9934343 0.9933415 0.9925306 0.99412775 0.992014 0.99258006 0.9931802 0.9942566 0.9932156 0.99326485 0.99187356 0.9927143 0.99340963 0.9947722 0.99489933 0.9940428 0.9922397 0.99466455 0.9899435 0.9898475 0.99084485 0.99307865 0.9914909 0.9908503 0.9975797 0.9974989 0.9975503 0.9968212 0.9959606 0.99526155 0.9887979 0.9868933 0.9871498 0.9877442 0.9896257 0.98892343 0.98828655 0.9895783 0.9889835 0.9937666 0.9919404 0.9925624 0.9927819 0.99552923 0.99141544 0.99107796 0.9926564 0.99484473 0.9940267 0.99516326 0.9935684 0.9951709 0.989159 0.98974663 0.9927332 0.98423654 0.9841244 0.98377424 0.9974308 0.9935797 0.9934243 0.99441296 0.9936228 0.99143857 0.99306816 0.9937028 0.9941919 0.99809974 0.9890762 0.9912556 0.9934296 0.9935755 0.9931777 0.9958925 0.9938051 0.993684 0.9929396 0.99533087 0.99462855 0.99343944 0.9961386 0.99164087 0.9917954 0.99338347 0.9880103 0.9950942 0.99349177 0.99057615 0.9920408 0.9905407 0.9894219 0.9936338 0.99381936 0.9927259 0.9932828 0.9930555 0.9916084 0.98623693 0.9927047 0.9907663 0.9955453 0.9946039 0.98911047 0.9936378 0.9949313 0.9962534 0.994854 0.9939635 0.9946303 0.99121815 0.9927362 0.9916076 0.98712593 0.99098724 0.99328756 0.99074686 0.986721 0.9932252 0.9944316 0.9957256 0.9951562 0.99479014 0.9946259 0.99569386 0.99390316 0.995534 0.9913845 0.98761356 0.98398316 0.98615474 0.99157 0.98897487 0.9857481 0.9822881 0.9859553 0.98790175 0.9904363 0.9934646 0.99602437 0.99379635 0.99126405 0.9929645 0.99357015 0.98657846 0.9865436 0.9875372 0.9904358 0.99391913 0.9937911 0.9940668 0.99695647 0.99658996 0.9973231 0.9960573 0.9952509 0.9957277 0.99655604 0.99601996 0.9967016 0.99609065 0.9941657 0.9936848 0.99602276 0.9935301 0.9952858 0.9973228 0.99428463 0.99462503 0.9955015 0.99564517 0.99512005 0.9792545 0.9767866 0.97985697
RankovicxDragutinaJ_SRP19023DragutinRSlavko-L2_3 0.9872603 0.99005896 0.9915639 0.9933816 0.9925376 0.98525465 0.98273224 0.9787413 0.9931319 0.9920374 0.9935899 0.9914942 0.99461955 0.99493825 0.9901606 0.99111104 0.9879463 0.9877396 0.98779804 0.99326813 0.9928683 0.9932887 0.9878467 0.989003 0.9895742 0.9916453 0.9901046 0.99167395 0.98990804 0.9909943 0.990638 0.9892563 0.99077016 0.98543274 0.98427486 0.9839543 0.98308635 0.9839591 0.99036074 0.9921937 0.9927083 0.9943869 0.99122876 0.99276584 0.9854133 0.9874784 0.99239635 0.99437886 0.9940826 0.99529874 0.9944006 0.99370396 0.9944296 0.99136806 0.9897736 0.98821026 0.9868439 0.9770939 0.98412514 0.9899436 0.98917836 0.9858307 0.98864865 0.9873599 0.97971714 0.980982 0.99233556 0.98964185 0.99236804 0.99358606 0.98974353 0.9861912 0.9897954 0.9937045 0.991909 0.99421287 0.98614013 0.9858343 0.9921369 0.9938222 0.98745877 0.99125564 0.9903545 0.9978993 0.9969349 0.99740195 0.9980016 0.99733335 0.997167 0.9949178 0.9956342 0.9919041 0.9879691 0.98661506 0.9874094 0.9913154 0.98956347 0.99355865 0.98896813 0.9913066 0.9849396 0.98755825 0.9892642 0.9952767 0.99678993 0.99225515 0.99585223 0.99616796 0.99394214 0.99580723 0.99593145 0.9970449 0.99610215 0.9949443 0.9952438 0.99630475 0.9905168 0.99191314 0.98925966 0.99037516 0.9905865 0.9895189 0.9900684 0.99130434 0.9935832 0.99080384 0.99394095 0.9899346 0.9843299 0.98841715 0.9902656 0.98945683 0.9937688 0.9937874 0.99078166 0.98685205 0.98663354 0.9873581 0.98950964 0.99573654 0.9974526 0.99575764 0.9965366 0.9928851 0.9923694 0.9937357 0.989241 0.987865 0.99176705 0.9917502 0.98014283 0.97997034 0.97876287 0.9752896 0.9914323 0.99108994 0.99180144 0.99471176 0.99485826 0.9935316 0.99471116 0.9923007 0.9929793 0.99142635 0.99322224 0.9939542 0.99211377 0.9935588 0.9911422 0.9939213 0.99312705 0.99520904 0.99554664 0.99658525 0.9961077 0.9961515 0.9896209 0.9896116 0.9892319 0.9926487 0.9940032 0.9940095 0.9946536 0.9975208 0.99603903 0.9955266 0.99199647 0.99426246 0.99542534 0.99422747 0.9914019 0.9910489 0.9927641 0.9916766 0.9930582 0.9920554 0.9904068 0.99082154 0.9910335 0.99417347 0.9927024 0.9949013 0.9953218 0.9933827 0.9914378 0.9941732 0.9944428 0.9960994 0.9920503 0.9889396 0.99187195 0.9970626 0.99033093 0.98635745 0.9906944 0.9932064 0.99000335 0.9916239 0.99322826 0.9865371 0.98824054 0.98689014 0.98543537 0.9892622 0.9907511 0.9880722 0.99676776 0.99022865 0.98940325 0.98610747 0.9898238 0.97415435 0.9821803 0.99172217 0.989968 0.98601365 0.9896509 0.991796 0.9813404 0.9881935 0.99340343 0.99461293 0.99007356 0.9928105 0.99311787 0.9895632 0.9897014 0.9860202 0.98714674 0.9808072 0.99259245 0.9947157 0.9920498 0.98733807 0.9795599 0.9880858 0.9881667 0.98890597 0.986635 0.9849804 0.98817784 0.9882266 0.9892362 0.98390234 0.9902595 0.9928744 0.9925202 0.98960227 0.9869445 0.99225 0.9925188 0.99185735 0.9905277 0.9944624 0.9898543 0.990283 0.9863349 0.9890981 0.9918137 0.99306345 0.99319744 0.9857017 0.9838166 0.9916321 0.9909982 0.9856718 0.9822839 0.98468155 0.98629403 0.984424 0.9852688 0.98860896 0.9887535 0.9909286 0.986228 0.9895619 0.99026906 0.9911118 0.9906272 0.9890966 0.9875389 0.99352175 0.9945017 0.99131393 0.99501926 0.99446785 0.9948933 0.99224114 0.98581034 0.98631173 0.98808086 0.9913048 0.9932118 0.9922197 0.9896451 0.9927194 0.99003655 0.99275804 0.98968077 0.9888762 0.9933535 0.99324334 0.99386084 0.9953813 0.99519867 0.9963058 0.99579203 0.99234986 0.9929956 0.99243855 0.9922624 0.98851514 0.9889249 0.9868443 0.99918914 0.9991505 1.0000004 0.99010545 0.9934778 0.9938983 0.9938755 0.99328786 0.9928358 0.99327266 0.9865309 0.99184465 0.9940477 0.993531 0.98816085 0.9913167 0.9881842 0.98835766 0.9879567 0.9888736 0.9878401 0.9887347 0.9841292 0.9844482 0.9852795 0.99465847 0.99300086 0.9902688 0.99255073 0.99102604 0.9917293 0.98986334 0.9899221 0.9926625 0.9930742 0.9929614 0.9939371 0.9935173 0.99122405 0.9923017 0.9908099 0.99117106 0.9920304 0.9930598 0.9915795 0.99122965 0.9904934 0.9904701 0.99085695 0.9927811 0.9929784 0.99146795 0.9896401 0.99216956 0.9887834 0.98773694 0.98949295 0.99109817 0.99014854 0.989926 0.9966133 0.99601406 0.99623096 0.9948837 0.99437845 0.9945088 0.98919654 0.98725367 0.9875353 0.9874631 0.98959804 0.9886949 0.98788375 0.98892283 0.9888654 0.9920291 0.99031824 0.9911002 0.99186325 0.9943719 0.9899728 0.9894627 0.99113685 0.99442965 0.9933976 0.9944564 0.99278516 0.9945156 0.98934245 0.9891104 0.99269944 0.98423374 0.9839517 0.9834671 0.9970528 0.99365914 0.99373555 0.9938192 0.9932214 0.9903296 0.9922459 0.99341375 0.9938071 0.99740475 0.9884743 0.99074936 0.9935442 0.9931332 0.99302655 0.99541956 0.99453723 0.9950664 0.9926954 0.99516124 0.99397206 0.9935587 0.9961563 0.99123687 0.9908447 0.9922573 0.98771906 0.9933444 0.99165744 0.9889759 0.9908032 0.9895026 0.98924065 0.99318874 0.9925964 0.9924085 0.9930743 0.9931202 0.9908997 0.9862208 0.99176884 0.9898822 0.9954466 0.9948019 0.9888409 0.9924082 0.9939237 0.9949071 0.9943836 0.9930267 0.9932239 0.9903801 0.9922358 0.9912892 0.98707354 0.99120194 0.9932412 0.9902711 0.9856696 0.9935759 0.99425995 0.99550533 0.99504167 0.99466354 0.9941576 0.9955654 0.99416584 0.9955616 0.99049044 0.9863297 0.9824417 0.9849515 0.9898043 0.9876131 0.98420906 0.98101676 0.9861282 0.98790735 0.99060136 0.99360126 0.9964861 0.99429685 0.99167055 0.99353355 0.99406594 0.9861575 0.986953 0.98750645 0.9908131 0.9941605 0.99312437 0.9943738 0.9956346 0.994256 0.99532545 0.99372363 0.9925487 0.9933028 0.99468654 0.9936634 0.9946123 0.99439985 0.9914776 0.9911378 0.99367774 0.9912988 0.99272925 0.99527496 0.99239105 0.99210656 0.9933935 0.99301755 0.9927579 0.9779609 0.97544545 0.97769463
RankovicxSvetolik_SRP18971SvetolikRGorskiCar-L2_1 0.99343026 0.99759346 0.99610263 0.99209183 0.993995 0.99557257 0.9928508 0.9894935 0.9966686 0.9963833 0.99681324 0.9982736 0.9957278 0.9957155 0.997926 0.9957115 0.9957763 0.9965974 0.99781257 0.9975966 0.99452984 0.99559534 0.99674255 0.9962872 0.9961392 0.99366826 0.99557734 0.9917322 0.99638116 0.9945166 0.9944317 0.99659014 0.9949233 0.98823446 0.98537946 0.99543726 0.9947991 0.9923924 0.9970203 0.99676746 0.99596566 0.99471235 0.9958436 0.99336797 0.9948877 0.9965107 0.99591315 0.9959989 0.9968173 0.99535066 0.99751234 0.99636793 0.9946392 0.99504226 0.9934539 0.99652374 0.99612767 0.9907987 0.99362063 0.9967589 0.9963118 0.9948378 0.9975569 0.9963062 0.9941931 0.99509716 0.99639213 0.9964574 0.99587286 0.99749494 0.99789804 0.9971035 0.9958885 0.9970495 0.99714434 0.9968883 0.99754757 0.9962086 0.9972742 0.99773943 0.99641705 0.99365705 0.99570143 0.9932614 0.99094594 0.9939653 0.99316376 0.994872 0.9956203 0.9933629 0.9945791 0.99396014 0.99554706 0.99460316 0.9941889 0.99550647 0.9925902 0.9940395 0.99339986 0.99274206 0.99250144 0.99451697 0.9944764 0.9940536 0.9924005 0.99570453 0.9922035 0.9932566 0.9959162 0.99413836 0.9948061 0.9939533 0.9943498 0.99514157 0.9951656 0.9925271 0.9969516 0.9960531 0.9962014 0.9962235 0.99636793 0.99455017 0.99831223 0.99787414 0.9976685 0.99818665 0.9972438 0.9981635 0.99726623 0.99801683 0.9981181 0.99830604 0.9981429 0.9979708 0.9982058 0.9930576 0.9950785 0.9957464 0.99566084 0.9911916 0.99045855 0.9862148 0.9895966 0.9966391 0.9958717 0.9963208 0.9973108 0.99698436 0.99734104 0.997595 0.99541587 0.9948377 0.99331504 0.99139524 0.9977426 0.9971403 0.99682295 0.9924792 0.99162465 0.9932417 0.99375165 0.99210685 0.99235344 0.99262464 0.99372846 0.9928127 0.99405694 0.99635226 0.995247 0.9961972 0.9951098 0.99153984 0.9943326 0.99312687 0.9905496 0.9917191 0.99626136 0.99391097 0.99287665 0.9981026 0.9966489 0.99510914 0.99519014 0.99301183 0.9904332 0.9878746 0.9973148 0.9966082 0.99646467 0.9961138 0.99527913 0.9965863 0.992991 0.9964269 0.9946798 0.9978728 0.9980885 0.99847156 0.99673295 0.99740386 0.99450755 0.9949902 0.99630046 0.99449515 0.9969026 0.99363947 0.9930797 0.9943998 0.9920516 0.9896165 0.99042475 0.9934977 0.996361 0.9963758 0.99744505 0.9946245 0.9970135 0.99469006 0.99511373 0.99659026 0.99611676 0.9915157 0.9907479 0.9936256 0.9959816 0.9950203 0.99479645 0.99699116 0.9955905 0.995311 0.9947561 0.9919431 0.99468714 0.9971993 0.9954296 0.99448377 0.99506867 0.99393386 0.99261636 0.9934107 0.9957797 0.98864895 0.9813933 0.98799676 0.9907188 0.99502444 0.99512345 0.99548656 0.9974218 0.99243873 0.996023 0.9963788 0.9965066 0.9949917 0.99442935 0.99660826 0.99773324 0.99662733 0.9974763 0.9946681 0.9969564 0.9959625 0.9934454 0.99374074 0.9951322 0.99673 0.9961325 0.9939206 0.99155986 0.9971096 0.997306 0.99740034 0.99859476 0.9974927 0.9967487 0.9972631 0.9964906 0.9977399 0.9944658 0.99690634 0.9962312 0.9958052 0.9958933 0.9969125 0.99541825 0.9950775 0.9925281 0.9962596 0.9962987 0.99466115 0.9963352 0.9970842 0.99692136 0.9974539 0.9960433 0.9968294 0.996292 0.9984986 0.99686843 0.99600255 0.9954236 0.9939006 0.99186146 0.99365944 0.99239814 0.9916269 0.99210835 0.9918654 0.9954735 0.9939883 0.9946778 0.9964185 0.99696285 0.9974955 0.99687475 0.9971604 0.99646664 0.99736917 0.99859047 0.99836576 0.99672925 0.99742454 0.99680525 0.9958553 0.99431175 0.9924919 0.99350595 0.99799544 0.99758786 0.99813807 0.9982812 0.9906273 0.9883646 0.98669136 0.993209 0.991155 0.99010545 1.0000001 0.9985251 0.9983424 0.9982578 0.9970063 0.9978012 0.99505407 0.99158657 0.9985316 0.9965527 0.9971856 0.99626684 0.9950635 0.9932586 0.99173075 0.9978092 0.9969206 0.9978713 0.99616235 0.9961388 0.9948797 0.9937009 0.9856767 0.99702173 0.99724895 0.9967948 0.9964096 0.9969079 0.9968038 0.99458766 0.9942841 0.99541146 0.99641573 0.9954949 0.9964206 0.99714494 0.99395525 0.99748886 0.99774593 0.9971553 0.9944854 0.99562216 0.9893467 0.9970953 0.9897419 0.990726 0.9958279 0.9915693 0.98674107 0.98826575 0.9902164 0.9981241 0.99027866 0.9970217 0.9933989 0.9974275 0.996997 0.9917735 0.9931111 0.99232334 0.99204475 0.9944787 0.99295104 0.99524 0.9957308 0.995332 0.9968082 0.99616253 0.99683106 0.99670863 0.99644786 0.99637294 0.99696136 0.9942012 0.9928364 0.9958801 0.9940789 0.9942058 0.9936892 0.9913501 0.9947857 0.9963237 0.99636036 0.99805725 0.99732333 0.99700844 0.99709076 0.99721456 0.9938744 0.99254507 0.9925803 0.9943825 0.9956616 0.9958139 0.99659246 0.9971023 0.9957393 0.9964335 0.99599016 0.9965404 0.99412405 0.996705 0.9970263 0.9964882 0.9964359 0.99597955 0.9951178 0.9952415 0.99325365 0.9968447 0.9946285 0.99682045 0.9969958 0.9961687 0.9976922 0.9965145 0.99698067 0.9970039 0.9966389 0.9966349 0.9963219 0.99705297 0.9969661 0.9971978 0.9964762 0.9969778 0.9980102 0.9980297 0.9973468 0.9981607 0.9958715 0.9985145 0.9984122 0.9973317 0.9958259 0.99676925 0.9975149 0.9982314 0.9978646 0.996903 0.9983258 0.9976202 0.9978226 0.9977671 0.9979745 0.9939472 0.99552447 0.9963104 0.9966927 0.99752563 0.9970889 0.99646926 0.9939624 0.9961462 0.9958094 0.99427176 0.9964512 0.9952565 0.99628353 0.99442697 0.99342865 0.98983085 0.99233896 0.99188656 0.99214506 0.9914261 0.98867637 0.99546695 0.99628896 0.9965987 0.996721 0.9952361 0.99612063 0.996528 0.9964123 0.9965503 0.9964671 0.99553543 0.99595314 0.9961888 0.99609816 0.9959016 0.99461186 0.99428236 0.9887032 0.98654246 0.98230547 0.9905496 0.9918251 0.9906932 0.9910495 0.988427 0.9936539 0.99065614 0.98622406 0.9900826 0.9890597 0.9898201 0.9895806 0.98473334 0.98463136 0.9875503 0.98835593 0.991789 0.9928024 0.98999274 0.99142987
RankovicxSvetolik_SRP18971SvetolikRGorskiCar-L2_2 0.99325 0.99635714 0.9959053 0.9941009 0.9954872 0.99260366 0.9901661 0.9859381 0.997174 0.99763423 0.99811697 0.9981599 0.9977753 0.9979605 0.99816597 0.9975033 0.9969691 0.9968377 0.9974087 0.9987632 0.9973835 0.998184 0.9953759 0.99632066 0.99660414 0.99606216 0.9966729 0.9949628 0.9974972 0.9970047 0.9968525 0.9971007 0.99704593 0.990716 0.9885711 0.9942735 0.9936792 0.9931039 0.9963302 0.99699795 0.9969048 0.996606 0.99556434 0.99564385 0.9936888 0.99545145 0.99706644 0.997379 0.99778533 0.9973455 0.9978802 0.9967841 0.9957049 0.9949007 0.9930794 0.996098 0.9949533 0.98885363 0.99325126 0.9970053 0.9965046 0.99488646 0.9967317 0.99556464 0.99131477 0.99258167 0.996543 0.99550307 0.99590814 0.99650884 0.99647146 0.99452275 0.99417174 0.9972772 0.99650115 0.9978201 0.99517035 0.9937392 0.9962785 0.997713 0.99452317 0.994413 0.995259 0.9950376 0.9930622 0.99527097 0.9954852 0.99609095 0.996985 0.9938974 0.995082 0.996643 0.9939589 0.9939447 0.99369586 0.9951644 0.9920853 0.99430203 0.99252963 0.9929872 0.9914115 0.99472284 0.99526894 0.9956449 0.99548924 0.99525183 0.995222 0.9958487 0.996807 0.99572986 0.99630105 0.9960212 0.99604046 0.9964217 0.9959412 0.99504554 0.9959051 0.995257 0.9951602 0.9954979 0.9957133 0.9940602 0.99749047 0.99760294 0.9976735 0.9969928 0.998143 0.9968746 0.99412763 0.9962871 0.99726915 0.99699485 0.99810857 0.9979494 0.9972179 0.9947342 0.99491346 0.99528646 0.99581695 0.9922778 0.9928034 0.98880875 0.99153674 0.99568665 0.9955077 0.9966796 0.9951757 0.9941422 0.9959712 0.9965744 0.9918488 0.99099666 0.98979187 0.9867562 0.99759907 0.99734527 0.99799526 0.99460584 0.99378073 0.994179 0.99550766 0.99364215 0.99431455 0.9936631 0.9950302 0.99565196 0.995816 0.9976101 0.9956592 0.99712497 0.9963374 0.99475926 0.9965292 0.99607027 0.9942553 0.995052 0.9967783 0.99599195 0.9953176 0.9981545 0.99793506 0.9977308 0.9979894 0.9959361 0.9934503 0.9916709 0.9973002 0.9973108 0.9974763 0.9969642 0.99658924 0.9972556 0.996034 0.9976109 0.9970244 0.9985546 0.9976134 0.99675274 0.9950962 0.997626 0.9944601 0.9958841 0.9968482 0.9951665 0.99558103 0.9944231 0.9945976 0.9961656 0.99256575 0.9897394 0.9912282 0.9956855 0.9963172 0.99494606 0.99708074 0.9965397 0.9965901 0.99594015 0.99657786 0.99531704 0.995481 0.9922306 0.99157035 0.9946093 0.9965473 0.9948864 0.99670863 0.99694943 0.99556816 0.9944393 0.9957194 0.9873585 0.99161106 0.99680734 0.99405634 0.99142176 0.99369854 0.9940363 0.9883092 0.9918313 0.9964863 0.9919141 0.9857783 0.9907757 0.99272835 0.9935324 0.99420094 0.99295026 0.99522215 0.9885197 0.99540555 0.99668247 0.99565196 0.9926872 0.989919 0.9942516 0.99568576 0.99511606 0.99480355 0.99270433 0.9948013 0.9938534 0.99204254 0.99025095 0.9929974 0.99593526 0.9954607 0.9930788 0.9902296 0.99754226 0.9981362 0.9973889 0.99756896 0.99813175 0.99516714 0.99641985 0.99414897 0.99640846 0.9946612 0.99711007 0.9960102 0.9936048 0.9929759 0.9970847 0.99541855 0.9932487 0.99029285 0.9936953 0.9944689 0.9933938 0.99389553 0.9955748 0.99551135 0.99720603 0.99297327 0.99478084 0.9949618 0.9970006 0.99554116 0.99396586 0.99320483 0.99504644 0.99476004 0.9951423 0.99507606 0.99445575 0.99521416 0.99415994 0.99397624 0.99319595 0.99311227 0.99509495 0.99701214 0.9967207 0.99484766 0.99671406 0.99432516 0.99666244 0.99732125 0.9969971 0.9973886 0.9976552 0.99761593 0.99718714 0.9966703 0.995694 0.99592125 0.9981852 0.99803245 0.9985209 0.99855626 0.9913782 0.990253 0.98852235 0.9957988 0.9947142 0.9934778 0.9985251 1.0000004 0.9995322 0.9992437 0.9990237 0.9988387 0.9978817 0.99430525 0.9983056 0.99770665 0.9980681 0.99654824 0.9971204 0.9946619 0.9940231 0.9974791 0.99699414 0.99724245 0.9968041 0.99496114 0.99452746 0.9940252 0.99071425 0.99674153 0.9958341 0.9972168 0.99648005 0.996534 0.99552816 0.99231136 0.9930621 0.9942611 0.99515706 0.9948895 0.9960527 0.9970823 0.9962132 0.9969535 0.99748904 0.99709916 0.9963476 0.9969195 0.99299407 0.99701047 0.9934583 0.9940138 0.99688524 0.9947474 0.99122524 0.99190664 0.99367833 0.9968084 0.9927942 0.9969662 0.9957782 0.99726164 0.9967808 0.9949773 0.99593353 0.99516475 0.9952943 0.99647766 0.9951498 0.99415565 0.9928223 0.99306494 0.9947341 0.99539745 0.9949332 0.9947595 0.9954094 0.9951285 0.99762917 0.9950379 0.9938036 0.99556655 0.99571705 0.99384093 0.9931889 0.99234295 0.9958186 0.9965724 0.9971708 0.9975179 0.99819046 0.99511194 0.99569356 0.99683857 0.99137014 0.9902715 0.9900947 0.9965126 0.9957683 0.9959013 0.997038 0.9974517 0.99534816 0.9960332 0.99573755 0.996901 0.99670047 0.99488217 0.9961481 0.99651915 0.99681497 0.99585176 0.9962473 0.9949011 0.99349415 0.99636626 0.9957359 0.99697304 0.99664396 0.99710655 0.996451 0.99607515 0.9970757 0.9946181 0.9975681 0.99740183 0.99611163 0.99670523 0.99620306 0.9952546 0.99651325 0.99714684 0.9970527 0.9970615 0.9966354 0.9967422 0.99298555 0.9978052 0.99695677 0.9974305 0.9962108 0.9945213 0.99701047 0.9985381 0.99830496 0.99728733 0.9981235 0.9980012 0.996387 0.99694574 0.99714625 0.99170804 0.9948553 0.99652916 0.99571407 0.99498546 0.99678814 0.997468 0.99625665 0.9970511 0.99663967 0.99560374 0.9976546 0.996017 0.99739134 0.9963446 0.9947849 0.99173427 0.9939798 0.99522173 0.9947046 0.9934242 0.99044365 0.9920937 0.99358445 0.9946389 0.99603665 0.99610627 0.9955645 0.9947919 0.9958978 0.996048 0.99336565 0.99237907 0.99308217 0.99426824 0.9956195 0.9955268 0.9946618 0.99656 0.99315804 0.99150497 0.9882478 0.994076 0.9948113 0.9944042 0.99429035 0.99279445 0.99644756 0.9944431 0.99128884 0.9942247 0.9934376 0.9941434 0.9940641 0.99039525 0.9905181 0.99283266 0.9932327 0.9953387 0.98948467 0.9872116 0.9889981
RankovicxSvetolik_SRP18971SvetolikRGorskiCar-L2_3 0.99302685 0.9960373 0.99601275 0.9946276 0.995824 0.9926225 0.99026346 0.9856745 0.9975064 0.99816865 0.99855614 0.9984732 0.9982403 0.9982234 0.9983986 0.99786067 0.99714184 0.9969934 0.9975462 0.9987266 0.9974891 0.99828076 0.9951023 0.9961125 0.9961869 0.99589396 0.99648315 0.9950641 0.9973551 0.9970983 0.9967409 0.9970722 0.99717706 0.99108046 0.98903245 0.99412596 0.9933614 0.99295926 0.9962391 0.99729884 0.99713963 0.9966194 0.9957009 0.99574053 0.99364614 0.9953876 0.9972692 0.9974824 0.9979119 0.99754316 0.9981211 0.99682117 0.9958263 0.99440825 0.9926936 0.99607635 0.99490094 0.98874146 0.9931388 0.9970149 0.9963268 0.9948578 0.99609935 0.99482423 0.99073875 0.99202967 0.99596226 0.9947943 0.9956142 0.99661773 0.9964249 0.9935754 0.99439585 0.99778026 0.9966965 0.99819565 0.9949823 0.9937602 0.99663067 0.9978673 0.99494743 0.9948823 0.9956665 0.9952449 0.99351686 0.99582916 0.9961195 0.99666214 0.9975326 0.9941581 0.99565417 0.9966276 0.99427754 0.9940673 0.9939185 0.99556166 0.99232286 0.994978 0.9929057 0.9933591 0.99162436 0.9948892 0.99529773 0.9960834 0.99576426 0.99522555 0.9951442 0.9958592 0.9968756 0.99588263 0.9966184 0.9963188 0.99613917 0.9966152 0.9962614 0.9951476 0.9957567 0.995574 0.9948889 0.99510676 0.9955051 0.99354494 0.9975176 0.9977565 0.99797803 0.99696857 0.99831593 0.99663144 0.9938066 0.99603796 0.99711025 0.9967423 0.99820375 0.99807143 0.99705076 0.99469346 0.99477446 0.995114 0.9956755 0.9924117 0.9930157 0.98894453 0.991987 0.9959198 0.99573344 0.99723125 0.9950674 0.99399334 0.9957914 0.9965432 0.99165344 0.9904102 0.9892339 0.98618245 0.9977268 0.9975326 0.99786484 0.9951993 0.99460995 0.994052 0.9952907 0.9934796 0.9940789 0.9936305 0.99493355 0.99539304 0.99561197 0.9975219 0.9953501 0.99722356 0.9964144 0.99482274 0.99660766 0.99610424 0.99439824 0.9952746 0.99655104 0.9960667 0.9955248 0.9982461 0.9981365 0.99776846 0.9979741 0.99589974 0.9936898 0.9918029 0.997535 0.9976816 0.9977603 0.99686015 0.9964768 0.9971747 0.99600613 0.99741286 0.99700725 0.9983948 0.99775636 0.996768 0.99485683 0.9973252 0.99416643 0.9960962 0.9968941 0.9953686 0.9953345 0.9941254 0.9943851 0.9961005 0.99216163 0.9892807 0.99089086 0.99585533 0.99649715 0.994733 0.99684864 0.9965183 0.9961705 0.99579245 0.99663085 0.99507636 0.99540997 0.9924108 0.99162865 0.9945681 0.99678564 0.9951457 0.9967785 0.99687016 0.9956021 0.9942378 0.99573284 0.98670846 0.9911846 0.9970929 0.99441063 0.9914271 0.99387944 0.99405956 0.9882872 0.99169016 0.99645597 0.9919913 0.9856288 0.99062085 0.99235344 0.993224 0.9942133 0.99255073 0.99452037 0.98740005 0.99486786 0.9960923 0.99546134 0.9920972 0.98927194 0.99386966 0.99518955 0.9947698 0.99434406 0.992103 0.9941156 0.99328864 0.9923463 0.99021757 0.9930925 0.99594474 0.99545157 0.9931486 0.99016535 0.99752235 0.998096 0.997377 0.99731994 0.9980529 0.99515176 0.99629563 0.9936842 0.996058 0.99451715 0.99709165 0.9961434 0.9929815 0.9923226 0.9968775 0.995067 0.992499 0.98921597 0.9930752 0.9936581 0.99261034 0.99333715 0.99530727 0.9949988 0.99669194 0.9927053 0.9947275 0.9946301 0.99697864 0.99545115 0.9937331 0.9929107 0.9953027 0.9952466 0.99534565 0.9955991 0.9950413 0.9957034 0.9946569 0.99385005 0.99339765 0.9934188 0.99551576 0.9974202 0.9970268 0.995132 0.99703324 0.99433357 0.9969684 0.9971536 0.99701583 0.99734217 0.9975064 0.99747664 0.9973527 0.9969376 0.995787 0.99591553 0.9982728 0.9980638 0.9985141 0.99849546 0.9916046 0.99069154 0.9887069 0.9960351 0.9950432 0.9938983 0.9983424 0.9995322 1.0000002 0.9995285 0.99896526 0.9987467 0.9979496 0.99394816 0.9985376 0.9980192 0.9983828 0.99655694 0.997138 0.9946363 0.9939865 0.99717903 0.99679166 0.99713147 0.99655217 0.99474907 0.9944912 0.99373144 0.9911315 0.99704576 0.9959993 0.99774605 0.9968096 0.9969212 0.9956245 0.9921917 0.99285305 0.99429214 0.9950697 0.9948096 0.9959921 0.99707717 0.9961767 0.9969172 0.997286 0.9970144 0.99645334 0.9968854 0.9932595 0.9970767 0.99352264 0.9941311 0.9969418 0.9947573 0.9916574 0.99210584 0.99385494 0.99643314 0.992993 0.9968671 0.9958301 0.9969696 0.99659204 0.9956418 0.9963112 0.99570423 0.99577224 0.9970195 0.9955361 0.9943909 0.9927836 0.9930959 0.9947658 0.99531823 0.99504066 0.9948387 0.9954935 0.9951026 0.9974635 0.9949639 0.99386173 0.9957013 0.9960513 0.99385095 0.99336165 0.9924383 0.99566203 0.99654245 0.99744314 0.997449 0.99827504 0.99524647 0.99551433 0.99677074 0.9907605 0.9896914 0.9898657 0.9967612 0.9955004 0.99573517 0.99696076 0.99709857 0.99538475 0.9962127 0.99598324 0.9966576 0.996721 0.9943863 0.99541306 0.9959915 0.9962588 0.99548954 0.99603623 0.99525183 0.99388206 0.9961794 0.99581885 0.99675196 0.9965789 0.99701446 0.9960826 0.99595684 0.99700326 0.9940823 0.99760664 0.99759233 0.9961209 0.99672097 0.9959469 0.99487877 0.9964529 0.9967339 0.99687487 0.9970239 0.99620223 0.9962113 0.9924418 0.9973639 0.9964819 0.99736273 0.99585986 0.99397415 0.996709 0.99852216 0.998302 0.99699825 0.99768317 0.9977501 0.9961605 0.99673086 0.9967742 0.99154234 0.9947408 0.9965044 0.995684 0.9947009 0.9970921 0.9974093 0.99646324 0.9974406 0.9968154 0.99573636 0.9978278 0.9959595 0.99767536 0.9960793 0.99438834 0.9914139 0.9934303 0.99489063 0.9942367 0.992882 0.99000615 0.99160635 0.993269 0.9944138 0.99587286 0.9959729 0.9954393 0.99441224 0.99552345 0.9957747 0.99295574 0.9921449 0.99273455 0.9940282 0.99557567 0.99572504 0.9944864 0.9968037 0.9933172 0.9918812 0.98856914 0.9948125 0.9955435 0.9952138 0.99522907 0.9935331 0.9963569 0.9945102 0.99146956 0.99423647 0.9933796 0.9942057 0.99427354 0.9905416 0.9907298 0.99295175 0.99340916 0.9953212 0.989448 0.9872355 0.98917586
RankovicxSvetolik_SRP18971SvetolikRGorskiCar-L2_4 0.99395883 0.99643385 0.9964371 0.9953595 0.9961516 0.9933006 0.9911776 0.9873347 0.9965092 0.99718636 0.99781996 0.99794024 0.997469 0.99740916 0.99802464 0.9972588 0.99691105 0.99695027 0.99741626 0.9980733 0.99639994 0.9976771 0.9948615 0.9955671 0.99577326 0.995137 0.99596626 0.99394417 0.996497 0.9960758 0.9960022 0.9962019 0.9963023 0.99037737 0.9885121 0.9936541 0.99306047 0.9925358 0.9959803 0.997089 0.9967436 0.99626946 0.9959363 0.99557775 0.99367434 0.9952552 0.99690866 0.9974323 0.99751353 0.9975292 0.9981682 0.99716413 0.99652547 0.99528956 0.9935279 0.9964218 0.99540854 0.98925394 0.9936761 0.99725026 0.9968872 0.9949419 0.9961123 0.9950306 0.99140704 0.9926039 0.9964832 0.9951191 0.9959134 0.99678487 0.99675953 0.9935559 0.9947605 0.9976399 0.9968455 0.9978605 0.99476445 0.9939734 0.99713856 0.9978065 0.99527377 0.9954081 0.99617475 0.9952272 0.9938367 0.9958916 0.9959993 0.99685985 0.9973083 0.99510735 0.9962967 0.9962497 0.99448484 0.9944827 0.99420065 0.99607694 0.99327356 0.9955575 0.9934918 0.99391586 0.9922809 0.9953835 0.9955315 0.9959271 0.9956986 0.99558353 0.9954756 0.9960827 0.99709284 0.9962698 0.99671507 0.99670106 0.9965495 0.9970639 0.9965726 0.9957248 0.99576837 0.9954442 0.9949533 0.9953626 0.9955934 0.99356085 0.99727076 0.9970986 0.99755704 0.9969677 0.99817836 0.99622834 0.9941022 0.9962028 0.99724704 0.9967403 0.9980675 0.99817395 0.9971477 0.99448395 0.9950329 0.99554414 0.9957857 0.9934269 0.99392956 0.9903295 0.9931103 0.99606144 0.99538046 0.9968993 0.9956632 0.9946289 0.99642676 0.9967732 0.9921093 0.9908206 0.9902567 0.98720485 0.99745053 0.99686486 0.9973432 0.9955968 0.9954269 0.9935893 0.99513435 0.99291235 0.99364936 0.9931394 0.99442166 0.995273 0.9954063 0.9970874 0.9953414 0.9968697 0.9962088 0.9942484 0.995874 0.9955716 0.99375385 0.99510354 0.99609953 0.995475 0.9949233 0.9981984 0.9979206 0.99717724 0.9974393 0.9957457 0.99305844 0.991222 0.997243 0.9976462 0.9976682 0.99738115 0.99590313 0.9964064 0.99526715 0.9969554 0.99671847 0.9980134 0.99743986 0.99686754 0.9956445 0.9978735 0.99525476 0.99644834 0.9973425 0.99632215 0.99620956 0.9948513 0.99523616 0.9965066 0.9930929 0.9903251 0.99216306 0.9962785 0.9961773 0.9943815 0.9966736 0.9962505 0.9957799 0.9958722 0.99634296 0.9950885 0.99561006 0.9931086 0.99231243 0.99490196 0.99697477 0.9954849 0.9968569 0.9968684 0.99615073 0.9946301 0.99606895 0.9866761 0.9914045 0.99728936 0.99520564 0.99249417 0.99485767 0.99528575 0.9888989 0.99296725 0.9967113 0.9916737 0.9844147 0.99023646 0.992029 0.9941846 0.9952723 0.9931002 0.99465895 0.98828006 0.9954234 0.99657786 0.99599814 0.99303275 0.9896237 0.9943971 0.99526197 0.995656 0.9949186 0.9921574 0.9941373 0.99364084 0.9929441 0.99071497 0.9937267 0.9962542 0.99592227 0.99367833 0.9911184 0.99787074 0.9981354 0.99805236 0.997374 0.99837714 0.9956218 0.99651366 0.99409 0.9962033 0.99493575 0.9969395 0.9963262 0.99347395 0.9926381 0.9972404 0.9954776 0.9932543 0.99016356 0.99354595 0.99392563 0.9926992 0.9937476 0.995854 0.9952221 0.9973389 0.99346477 0.99552464 0.9957588 0.997197 0.9961318 0.994604 0.9939008 0.9945184 0.99410224 0.9943194 0.99439335 0.993913 0.9944569 0.99358016 0.99423563 0.9941236 0.9944924 0.9950944 0.9969475 0.99675983 0.9952645 0.99680054 0.9947285 0.9973113 0.9968829 0.99705327 0.9973596 0.99770665 0.9974623 0.9974196 0.9969023 0.99592024 0.99617064 0.9981103 0.9979044 0.9980682 0.99805915 0.9926253 0.9914408 0.9898578 0.9961552 0.99458694 0.9938755 0.9982578 0.9992437 0.9995285 0.9999999 0.99888086 0.99874854 0.99786824 0.99356985 0.99846935 0.99819756 0.99840766 0.9962741 0.9970011 0.9948342 0.9938605 0.9968435 0.9968813 0.9972638 0.9966277 0.9950295 0.9948215 0.99375457 0.9906082 0.9968693 0.9960343 0.99764097 0.99696505 0.9970522 0.99578583 0.9920416 0.9929515 0.99411875 0.9951315 0.99500215 0.99601054 0.99726295 0.9959745 0.99686825 0.9972628 0.9969313 0.9961858 0.9965253 0.9928073 0.9969005 0.993094 0.9936456 0.9968615 0.99478626 0.9912296 0.99183655 0.99357194 0.99643004 0.9926456 0.99667937 0.9952846 0.99700683 0.9969324 0.99498844 0.9954753 0.9949347 0.99484193 0.9962892 0.9951862 0.9942395 0.9931342 0.9931171 0.9946047 0.9951648 0.99490625 0.99467325 0.9953249 0.99496096 0.99726033 0.99535066 0.9941293 0.9956473 0.9957777 0.9939934 0.99342006 0.99256146 0.99578035 0.9967501 0.9974984 0.9975425 0.9981184 0.99557954 0.9957906 0.9970718 0.991781 0.9904462 0.99064934 0.9965878 0.99580616 0.9962082 0.9970151 0.99734694 0.9953995 0.99600726 0.99617326 0.99683464 0.9963897 0.99473274 0.99496347 0.99595994 0.99651754 0.9959571 0.99604124 0.9951278 0.99431044 0.99536645 0.9947648 0.99592406 0.99619794 0.996623 0.9957575 0.9950949 0.99621785 0.993904 0.9971601 0.9972774 0.99615604 0.9968781 0.99628675 0.9950556 0.9965822 0.99664795 0.99728745 0.997023 0.9968171 0.996434 0.9935335 0.9972876 0.99671066 0.9969976 0.9962172 0.9943701 0.99671847 0.998209 0.99783725 0.9972225 0.9974379 0.99777514 0.9965341 0.99739057 0.99746454 0.9925505 0.9959194 0.99721885 0.9964225 0.9948592 0.9973148 0.99783057 0.9965569 0.9974473 0.99721783 0.9961823 0.9978423 0.99678427 0.9976931 0.99619514 0.9945427 0.99194694 0.9938125 0.99479246 0.9944873 0.99325603 0.9904416 0.99190354 0.99322796 0.99442613 0.99601245 0.9962357 0.9956702 0.994779 0.99618614 0.99594766 0.9928621 0.99224985 0.9926285 0.99397516 0.9952905 0.9948781 0.9942591 0.9961057 0.9925872 0.99059707 0.9873914 0.99335676 0.99437046 0.994114 0.9939039 0.9924035 0.99574256 0.99359596 0.99051756 0.9934363 0.9927007 0.9931917 0.9934463 0.99011886 0.9897422 0.9921798 0.99245435 0.99465925 0.99017525 0.9882784 0.98956335
RankovicxSvetolik_SRP18971SvetolikRGorskiCar-L2_5 0.9947094 0.9955864 0.99655235 0.99582464 0.9967111 0.99159706 0.9897284 0.9856031 0.9956652 0.9977261 0.9980119 0.9972543 0.99737465 0.9976107 0.9978525 0.9982066 0.99779063 0.99744576 0.99715596 0.9981081 0.9976864 0.9985461 0.9939776 0.99568564 0.9963577 0.99683976 0.9971698 0.99613965 0.99735713 0.9974912 0.99767876 0.9966762 0.99743235 0.992872 0.99136776 0.99417955 0.99382025 0.9945545 0.99579215 0.99646693 0.996991 0.99696314 0.99556965 0.9970667 0.9941834 0.9950315 0.99733776 0.99760604 0.9971988 0.99812835 0.9969341 0.9960383 0.99576664 0.9948076 0.99247354 0.9968106 0.99530303 0.9904244 0.9946675 0.9974073 0.9969982 0.99582887 0.9962564 0.9955728 0.9909445 0.992246 0.9959615 0.9941861 0.994916 0.9944834 0.99506104 0.9916501 0.9923566 0.9960453 0.99506974 0.9970151 0.99284065 0.9920505 0.995404 0.9958939 0.9926391 0.9953376 0.99547523 0.9948868 0.99341476 0.99495935 0.99573225 0.99591935 0.9967649 0.99437773 0.99514794 0.9980407 0.99308664 0.9929446 0.99255836 0.99442506 0.9914479 0.99359447 0.99158317 0.9929201 0.99071157 0.99435294 0.99458784 0.99443483 0.9953248 0.9942724 0.995627 0.99563015 0.99555933 0.9947908 0.9950905 0.9954677 0.9957206 0.99629205 0.9951285 0.9954212 0.99379694 0.99256206 0.99203765 0.9926512 0.9931183 0.9912333 0.996012 0.9955847 0.9959226 0.9947544 0.9974745 0.9945027 0.99212855 0.9940782 0.9956029 0.9949427 0.9967401 0.99665725 0.99528754 0.99676305 0.99595976 0.9960763 0.99672383 0.99246305 0.99322355 0.98952335 0.9918606 0.994743 0.9937025 0.9953071 0.9933121 0.991772 0.9942714 0.9944049 0.99106777 0.98858863 0.9879056 0.984616 0.9967837 0.9968591 0.99790186 0.9961168 0.99541026 0.99370927 0.9963265 0.9933328 0.99513316 0.9935989 0.995124 0.9969421 0.9972501 0.9975438 0.9959556 0.9965514 0.996749 0.99574745 0.99628896 0.9966135 0.9952669 0.99633116 0.99681705 0.9973352 0.9969089 0.9977339 0.99778545 0.9983696 0.9983796 0.9959824 0.99323845 0.9912255 0.9968799 0.99732834 0.9966434 0.99732953 0.99700755 0.9960886 0.99662876 0.9973841 0.997593 0.9974232 0.99600744 0.99496347 0.99324965 0.99680847 0.99407375 0.99530566 0.9962344 0.9951487 0.9945243 0.9935939 0.9946905 0.9952745 0.99211586 0.9893689 0.9912801 0.99579775 0.9963455 0.99425524 0.9966546 0.9973093 0.99616086 0.9969292 0.9969211 0.9952996 0.9959756 0.9941344 0.9935167 0.99594903 0.9973423 0.9958482 0.9968931 0.9968549 0.99602467 0.99432814 0.99689263 0.98485696 0.9895397 0.99625254 0.9940488 0.9901872 0.99306816 0.99445784 0.9862854 0.99180305 0.9965424 0.99295473 0.9860574 0.9912 0.9925232 0.99258167 0.9938871 0.9922323 0.99303764 0.9848276 0.9943928 0.99583185 0.9948779 0.9910812 0.9872 0.9922267 0.9938353 0.99466103 0.9928855 0.9902229 0.9921801 0.9916079 0.99067426 0.98786885 0.99116683 0.9939963 0.9939876 0.99153936 0.98847246 0.9973192 0.9975033 0.9972047 0.99596584 0.9975064 0.99317616 0.99507666 0.99283767 0.9954415 0.99439406 0.9966392 0.99578667 0.9923072 0.99097705 0.9969712 0.9955389 0.9919581 0.9880572 0.99174523 0.9924028 0.99113524 0.9930744 0.994282 0.9943172 0.99686044 0.9909046 0.99339867 0.99366105 0.9950673 0.9943986 0.9918874 0.9912925 0.9936471 0.9937113 0.9938697 0.9943217 0.9938571 0.9942996 0.9931289 0.9933261 0.99363726 0.9927126 0.9928932 0.99570537 0.9951263 0.99307615 0.9955659 0.99233174 0.99520755 0.9958605 0.9962915 0.99743277 0.9972947 0.9971559 0.9972674 0.9977171 0.996493 0.99667585 0.9975707 0.9971477 0.997598 0.99751955 0.99331445 0.99282146 0.99153537 0.995803 0.9945683 0.99328786 0.9970063 0.9990237 0.99896526 0.99888086 1.0000006 0.99913657 0.9992261 0.99637157 0.9981618 0.99815464 0.99810827 0.9966358 0.99813914 0.99607307 0.99586487 0.997218 0.99748987 0.9971949 0.9975231 0.9953616 0.9955401 0.995269 0.9929502 0.99498105 0.9937345 0.9965329 0.99489033 0.99489003 0.99375755 0.9895108 0.9903214 0.99172044 0.99312115 0.9937347 0.995114 0.99716145 0.9973832 0.99631286 0.9971154 0.9965845 0.99724495 0.99758035 0.9951871 0.99728733 0.9955592 0.9959327 0.997171 0.99648476 0.9934566 0.99446446 0.9953456 0.99598014 0.9951825 0.9972195 0.99726415 0.99718815 0.9969578 0.9957622 0.9953722 0.9947406 0.99555635 0.99713975 0.996503 0.99316305 0.99085754 0.9910649 0.9926797 0.9940921 0.9928769 0.99334484 0.99491346 0.99404806 0.9970486 0.99509686 0.9939549 0.9949008 0.9952018 0.9929304 0.9918349 0.99170077 0.9949348 0.9958702 0.99624413 0.99636847 0.99700487 0.9928273 0.99371326 0.994708 0.9897686 0.9880854 0.98765975 0.99627805 0.9943545 0.99485713 0.99609184 0.9968188 0.9943234 0.9946247 0.9943835 0.99629104 0.99643487 0.993165 0.99299675 0.9944857 0.99552315 0.99444866 0.99557173 0.992807 0.9914309 0.9937663 0.99382347 0.99499035 0.9944305 0.9952725 0.99372596 0.9929462 0.9946491 0.9913573 0.9969488 0.99636525 0.9949104 0.9951041 0.9948116 0.992931 0.99462366 0.99643815 0.996182 0.9953682 0.9953185 0.99517095 0.9908014 0.996167 0.994803 0.9958608 0.9955927 0.9929237 0.9959297 0.997773 0.9969648 0.99613845 0.9966859 0.9975835 0.99548405 0.9962133 0.9964352 0.99033177 0.9938806 0.99661213 0.9940867 0.9925167 0.99544334 0.99695545 0.9961817 0.9961754 0.9963758 0.9959762 0.9967849 0.99601835 0.99698615 0.99759775 0.99611515 0.9945638 0.9958586 0.9973179 0.9967021 0.9955801 0.9930106 0.9888686 0.9906789 0.9924111 0.99462116 0.9951521 0.9938175 0.9926471 0.994891 0.99453235 0.99041164 0.98955226 0.99029076 0.99155796 0.99342805 0.9934936 0.9927184 0.9964487 0.99452585 0.9925508 0.989312 0.9953111 0.9957006 0.9954634 0.9950835 0.99422896 0.9974542 0.9962301 0.9937668 0.9956196 0.99559057 0.9957452 0.995308 0.9929829 0.9925842 0.9945701 0.99488306 0.99689454 0.98922503 0.9882557 0.98959863
RankovicxSvetolik_SRP18971SvetolikRGorskiCar-L2_6 0.9950445 0.9968249 0.9970461 0.99536824 0.9963701 0.99300694 0.99089587 0.98726124 0.9959212 0.9973234 0.9977116 0.9977496 0.9965934 0.99666667 0.99773204 0.9979699 0.99768335 0.9977271 0.997761 0.99775505 0.99642825 0.9976124 0.9952891 0.99674857 0.996878 0.99647945 0.99722457 0.9957414 0.99708223 0.9964626 0.99693304 0.99654174 0.99654424 0.99212205 0.9900823 0.99544877 0.99539363 0.9948172 0.99726456 0.997761 0.9976266 0.99682176 0.99676955 0.99731266 0.9960458 0.9969631 0.9978962 0.99789274 0.9975865 0.99741656 0.99680567 0.9955127 0.99491704 0.9952511 0.992574 0.9978105 0.99686265 0.9921848 0.9957508 0.9973395 0.9970283 0.9970375 0.99720144 0.9964194 0.99271923 0.9942249 0.9961884 0.99467605 0.99503356 0.9958854 0.9959635 0.9935669 0.9933782 0.9957201 0.99520916 0.9965069 0.9939695 0.99275357 0.9959661 0.99638337 0.9934336 0.99557793 0.99654293 0.9950305 0.9937341 0.99514914 0.99531686 0.9960982 0.99665743 0.9949781 0.9955854 0.99661916 0.99343157 0.9925431 0.99227047 0.99412316 0.9913159 0.9936655 0.99155396 0.9923128 0.990532 0.9935821 0.9934731 0.9939518 0.99412525 0.994725 0.9944584 0.99463344 0.9953063 0.9942607 0.99482876 0.9951087 0.9954878 0.9959924 0.99532235 0.994932 0.9944754 0.99352187 0.99272835 0.99343383 0.9937629 0.9915962 0.99590284 0.99557716 0.9962821 0.9955428 0.9967597 0.99529135 0.9942245 0.9955591 0.99673486 0.99638486 0.9974168 0.99731386 0.99602747 0.9961774 0.9968423 0.9969348 0.997192 0.9935292 0.99360764 0.9898437 0.9924668 0.9955643 0.993899 0.9949496 0.9947433 0.993701 0.9953785 0.99530697 0.9938183 0.9910134 0.98947495 0.9872376 0.99706554 0.9972235 0.99794 0.9958273 0.99475414 0.9937741 0.99595994 0.9930478 0.9949611 0.9937024 0.9950068 0.9957034 0.99667656 0.99702924 0.99573225 0.9963029 0.9960569 0.9944494 0.9951638 0.9956188 0.9941298 0.99518967 0.9964362 0.99606466 0.9955821 0.99800223 0.9972137 0.9973732 0.997662 0.9952124 0.9919258 0.9894767 0.99740326 0.997447 0.9964037 0.9976329 0.9961235 0.9952288 0.9948584 0.99636126 0.99635035 0.9972201 0.9960769 0.99632573 0.99503857 0.99727505 0.99479705 0.99535584 0.9968015 0.99554574 0.9961555 0.9943358 0.99512327 0.9952996 0.99266744 0.9901813 0.99188554 0.99573225 0.99630487 0.99462616 0.9968152 0.9966058 0.99624157 0.9964901 0.99637973 0.9955598 0.99607855 0.99298906 0.9922725 0.99487215 0.99678385 0.9955549 0.996434 0.9968292 0.9958022 0.9944651 0.99621123 0.98846465 0.99271476 0.9965512 0.99493104 0.9922531 0.9941416 0.9943131 0.98844993 0.99320227 0.9961501 0.9918338 0.98437446 0.99047667 0.99204975 0.99364805 0.9943153 0.9943014 0.9943398 0.9873602 0.9956596 0.9967035 0.9965208 0.99272126 0.98932135 0.99376225 0.9946785 0.9955423 0.99442226 0.9905137 0.9934309 0.9925834 0.99109733 0.9890249 0.99227047 0.99436706 0.9940754 0.99175227 0.98901045 0.9970498 0.99679893 0.99742055 0.9968245 0.99763393 0.9943446 0.99553674 0.99472547 0.99655384 0.9955125 0.99734855 0.99666864 0.9937589 0.99296886 0.99680996 0.9964756 0.9930257 0.9893752 0.9934326 0.993652 0.9913367 0.99476284 0.9951742 0.9956542 0.9972065 0.99281657 0.99480826 0.994911 0.9963293 0.9951425 0.99313223 0.99244153 0.99301225 0.9921045 0.99253917 0.99288076 0.99227136 0.9928607 0.9915409 0.99444497 0.99456084 0.9937428 0.99373084 0.99575967 0.99616957 0.9948528 0.99636644 0.9937927 0.9960862 0.9968579 0.99695456 0.9972098 0.99771625 0.9971949 0.9973259 0.99757135 0.9960367 0.9967136 0.99789625 0.9970637 0.99757963 0.9976853 0.99413264 0.9932724 0.9921983 0.99542147 0.9935755 0.9928358 0.9978012 0.9988387 0.9987467 0.99874854 0.99913657 1.0000002 0.99881303 0.99667066 0.99875844 0.99868953 0.99881244 0.9982321 0.99852955 0.99737614 0.99696237 0.99853444 0.9985255 0.997994 0.9981026 0.9967733 0.99666935 0.99664545 0.99109316 0.9959026 0.9953142 0.9970124 0.99567616 0.99597704 0.9956005 0.99143714 0.99208397 0.99302787 0.9945615 0.99523515 0.99670076 0.9972508 0.9964336 0.9970057 0.9975173 0.996927 0.9969734 0.9974944 0.9937546 0.99781835 0.993792 0.9941651 0.996713 0.9949187 0.9912702 0.9925679 0.99357295 0.99704087 0.9945834 0.99815506 0.9969636 0.99796116 0.99789023 0.9946505 0.9939372 0.99322975 0.993856 0.996495 0.99644846 0.9954535 0.99313384 0.9938624 0.99481636 0.99597394 0.9948858 0.9953553 0.99635327 0.9959357 0.9965186 0.9942044 0.993252 0.9955723 0.9944442 0.9925148 0.99163723 0.99069667 0.9948659 0.9958525 0.99596965 0.99680805 0.99691725 0.9943035 0.99453306 0.99540955 0.9911243 0.9889318 0.9888841 0.9958832 0.99472004 0.995502 0.99611825 0.9971225 0.9945184 0.9949753 0.99473464 0.99679273 0.9961228 0.9943909 0.99401486 0.9951202 0.99623704 0.99499667 0.9958211 0.9938458 0.9924998 0.9947192 0.9942484 0.99537617 0.9955586 0.9956544 0.9948451 0.9933295 0.994661 0.9928062 0.996634 0.9957257 0.9945476 0.9953253 0.9953166 0.99441713 0.9947238 0.99651676 0.99720275 0.99655366 0.99591565 0.9962813 0.99209076 0.9965989 0.995387 0.99645776 0.9957248 0.99417084 0.9957674 0.99809265 0.99681544 0.9959391 0.99721646 0.99713254 0.9961931 0.9965254 0.9972034 0.9913846 0.9941336 0.9970082 0.99440527 0.99376047 0.9962804 0.9968386 0.9953364 0.9960169 0.9959783 0.99522483 0.99666226 0.99588907 0.9970359 0.99739647 0.99630976 0.9944277 0.9959835 0.99655026 0.99638504 0.9954318 0.99346316 0.99135447 0.99291694 0.99416184 0.9957274 0.9957967 0.9950247 0.9945557 0.99608946 0.9957466 0.9926037 0.9920254 0.99241805 0.9933618 0.9946314 0.9943049 0.99354345 0.99589056 0.9922943 0.9908541 0.9868124 0.99390566 0.9943892 0.994105 0.99367106 0.99248785 0.9966547 0.99489117 0.992186 0.993984 0.9944191 0.99427783 0.99353963 0.9907896 0.990408 0.99275166 0.99289423 0.99560225 0.990937 0.99003136 0.9906766
RankovicxSvetolik_SRP18971SvetolikRGorskiCar-L2_7 0.99417925 0.994157 0.9958173 0.9964221 0.9967943 0.9893956 0.9877129 0.9836835 0.99437284 0.99689543 0.99721265 0.9958555 0.9963655 0.9966057 0.9966229 0.9980351 0.997532 0.9968152 0.99606967 0.99693847 0.99701154 0.99806255 0.9917106 0.9944414 0.99506736 0.9963406 0.9962942 0.99645734 0.99623245 0.9969004 0.9974259 0.9952795 0.9968732 0.9938006 0.9926757 0.99326086 0.9930794 0.99462456 0.9946921 0.99584055 0.9966153 0.99659693 0.99481386 0.99774116 0.9935477 0.9939313 0.99709976 0.9973864 0.99627674 0.9977776 0.9954841 0.99441904 0.9945843 0.9934904 0.9906868 0.99630916 0.99466604 0.9900976 0.9945392 0.9964259 0.9960376 0.9957827 0.99474823 0.9941595 0.9890637 0.99062896 0.9948744 0.9919187 0.99343216 0.9927662 0.9935146 0.98868114 0.99043816 0.9944101 0.9930775 0.99565315 0.99018246 0.98932844 0.9938658 0.9941151 0.9903138 0.9949925 0.99477124 0.99456555 0.99397373 0.9943571 0.99546826 0.9952266 0.9961462 0.9938626 0.99448925 0.9980024 0.99158055 0.99102014 0.99076843 0.99297434 0.99014723 0.9926764 0.9899447 0.9918942 0.98899496 0.9928626 0.9931613 0.9937347 0.9951653 0.9933163 0.99562573 0.9953022 0.9947036 0.9940978 0.9943574 0.995256 0.99542654 0.99590975 0.99460983 0.9956549 0.99203926 0.99076724 0.98959535 0.99059105 0.9909789 0.98887175 0.9936923 0.9933244 0.99414563 0.99231654 0.9959108 0.9918173 0.9896417 0.99201 0.9938953 0.99305296 0.9953493 0.99536204 0.99325526 0.99712694 0.99578816 0.9955607 0.9962216 0.9923099 0.9935146 0.99013853 0.9923019 0.9930278 0.9917906 0.99367225 0.9911696 0.9892733 0.9922539 0.9924327 0.9892874 0.9858105 0.98497653 0.9813765 0.9957246 0.9962607 0.99744254 0.9967778 0.99586606 0.9930655 0.9961791 0.9929974 0.99525833 0.9933672 0.99487025 0.9971366 0.99733716 0.9970292 0.9951733 0.99589986 0.9962944 0.99597675 0.99561733 0.99660385 0.9958384 0.99687964 0.99595463 0.99711955 0.9969567 0.9967348 0.99698234 0.9982501 0.998311 0.9958176 0.99285316 0.9909072 0.996048 0.9968531 0.99570334 0.99676526 0.9961453 0.9944302 0.996179 0.99603707 0.9971669 0.996029 0.99418783 0.9929893 0.9914451 0.9955982 0.9930047 0.9944403 0.99537396 0.994519 0.99324965 0.9928227 0.99418783 0.9943679 0.99089247 0.98797834 0.99032503 0.9954259 0.9952836 0.9923916 0.9952376 0.9968488 0.99436796 0.996315 0.99625546 0.99363333 0.9946835 0.9935986 0.9928957 0.9952423 0.9964906 0.9950043 0.9964716 0.99568653 0.9949532 0.99264455 0.9960784 0.9818944 0.9872937 0.99501234 0.9927973 0.98831666 0.99164647 0.9933386 0.98350567 0.9904088 0.99550796 0.9929945 0.9860679 0.99094075 0.9917857 0.9907705 0.9924296 0.99033177 0.99011993 0.98104745 0.992838 0.994539 0.9938181 0.9884457 0.98344886 0.9898339 0.99101704 0.99284333 0.99031657 0.9865569 0.989252 0.9886255 0.9888842 0.9850157 0.98910844 0.9920719 0.99212134 0.98949623 0.98640585 0.996056 0.9958603 0.99601614 0.9941204 0.9965134 0.99125594 0.99322224 0.9904419 0.993211 0.9934524 0.9953023 0.9948887 0.9897081 0.98804873 0.9954488 0.99426836 0.98924154 0.9850016 0.98865527 0.9893506 0.98791325 0.99068475 0.99188733 0.9921062 0.9950904 0.9884373 0.9914847 0.9919119 0.9929997 0.99237573 0.9896413 0.98900425 0.9919958 0.9926814 0.9918922 0.9933586 0.99284196 0.9934436 0.9917535 0.99187183 0.9930017 0.9914518 0.9910416 0.9943215 0.99384654 0.9915592 0.99438065 0.9902576 0.9938261 0.99376273 0.9944813 0.99640363 0.99616426 0.9960866 0.9967588 0.99783105 0.99673903 0.996734 0.9965438 0.99607265 0.99630255 0.9962078 0.9938117 0.9938528 0.9928407 0.9955257 0.99435914 0.99327266 0.99505407 0.9978817 0.9979496 0.99786824 0.9992261 0.99881303 1.0 0.9975428 0.9971206 0.9979601 0.9977784 0.99641144 0.9985503 0.9969608 0.9971183 0.9963025 0.99718285 0.9962313 0.99724 0.9944733 0.9953481 0.99555504 0.9939818 0.9933477 0.99162674 0.9953595 0.99333626 0.99316776 0.9916931 0.98713 0.9882721 0.9897388 0.99129355 0.9925244 0.9940672 0.9960816 0.99717563 0.99500924 0.99584794 0.99534553 0.99698186 0.9970908 0.9957359 0.996325 0.9958961 0.9960208 0.9963878 0.99649394 0.99410385 0.9949485 0.99558187 0.99449486 0.9959357 0.9967745 0.99761444 0.9960232 0.99612474 0.9961604 0.99485075 0.9942215 0.9953804 0.9973101 0.9968325 0.9920012 0.9884025 0.9889324 0.99036765 0.99235636 0.9905827 0.9911862 0.99301475 0.99229425 0.9956244 0.9940144 0.9929393 0.9937339 0.9943882 0.9912996 0.9900635 0.99038655 0.99398106 0.99451536 0.9950435 0.9947213 0.99570197 0.99077827 0.9914941 0.9930692 0.98700815 0.98513806 0.9848833 0.99604845 0.99302334 0.9936414 0.99489784 0.99569386 0.992617 0.9928666 0.99302423 0.9951711 0.99618554 0.99068046 0.99040914 0.99272966 0.9940848 0.9928525 0.9945558 0.9912634 0.9903495 0.99175906 0.9923601 0.9931188 0.99244773 0.9937843 0.9912547 0.9903915 0.9923944 0.9882718 0.99575317 0.994862 0.99269855 0.9933229 0.9925867 0.99029726 0.9928034 0.99511963 0.9944558 0.99357903 0.993521 0.99306226 0.98787224 0.99397814 0.9922578 0.9944565 0.9940354 0.9904462 0.994062 0.99664533 0.995336 0.9946598 0.9951785 0.9962322 0.9934809 0.99426097 0.99489874 0.98811704 0.99237806 0.995683 0.9921918 0.98992777 0.99436533 0.9960184 0.99583465 0.9951649 0.9953678 0.9951223 0.99585736 0.9951627 0.99636376 0.99784756 0.9965673 0.99539995 0.99641335 0.998109 0.9973911 0.99623793 0.9943697 0.9861318 0.98803157 0.9902821 0.99312174 0.9944907 0.99258393 0.99080896 0.99386847 0.99311465 0.9877173 0.9870707 0.98772216 0.9893694 0.99182755 0.9918996 0.9911846 0.9963929 0.9948948 0.9932961 0.9901223 0.9957133 0.9958965 0.99589705 0.9953583 0.9949758 0.99786186 0.9971473 0.995344 0.9961333 0.9971006 0.99670655 0.99595976 0.9946525 0.99407905 0.9959333 0.99581337 0.9975582 0.98809355 0.98762316 0.9886345
RankovicxSvetolik_SRP18971SvetolikRGorskiCar-L2_8 0.99117506 0.99073637 0.9929375 0.9926337 0.9937295 0.98526084 0.9843951 0.98033714 0.9894965 0.9935056 0.9933085 0.9923326 0.99175155 0.9918568 0.9935484 0.9960007 0.996319 0.9956027 0.99407506 0.99301594 0.99328166 0.99447215 0.9889094 0.9928999 0.993369 0.994357 0.9946438 0.9951255 0.9943794 0.9948526 0.9963074 0.9933084 0.9946714 0.9919676 0.9905368 0.9928435 0.9934701 0.9951714 0.99263006 0.9938942 0.9944476 0.9934094 0.9919376 0.99654627 0.99356735 0.9929537 0.9953571 0.9945989 0.99301 0.99321115 0.98993975 0.9881729 0.9883134 0.9895173 0.9862147 0.99498725 0.9928946 0.9911972 0.9942616 0.99325013 0.9930637 0.9958551 0.99199235 0.9914502 0.9877369 0.98964244 0.9902394 0.98708665 0.9879395 0.98759615 0.98912334 0.9847739 0.9841665 0.9882614 0.9869797 0.990155 0.9855316 0.98421115 0.98839086 0.9884844 0.9849928 0.9908848 0.991497 0.98899263 0.9888 0.988409 0.9897732 0.98990446 0.9911663 0.98907363 0.98911387 0.99493814 0.986218 0.9856223 0.9849564 0.98661697 0.9830707 0.9857829 0.98322386 0.98522985 0.98325354 0.9872061 0.9869341 0.9866543 0.9881385 0.98770255 0.9895432 0.9886134 0.9886554 0.98709923 0.98785573 0.9888676 0.9893594 0.99027145 0.9885536 0.989658 0.98663133 0.984687 0.98384595 0.985065 0.98526114 0.98266387 0.9887277 0.987767 0.9888767 0.98681116 0.9904777 0.9870242 0.98623234 0.9875431 0.9898859 0.9890844 0.9905749 0.99053746 0.9880501 0.9965264 0.99531543 0.9944672 0.99455637 0.9873188 0.98802215 0.9841362 0.98648894 0.9878706 0.98555064 0.9872728 0.9863384 0.98405594 0.9869662 0.9870538 0.98825645 0.9832124 0.98183435 0.9791136 0.99196815 0.9936777 0.9953198 0.99172604 0.990077 0.98829085 0.99223226 0.98817104 0.9926487 0.98978335 0.9908866 0.99286145 0.9945123 0.99245465 0.9913741 0.9906927 0.991861 0.99132913 0.98973405 0.99146765 0.9910271 0.9921303 0.9928697 0.99489254 0.99447036 0.99291426 0.9925544 0.99497813 0.9954256 0.99048704 0.9864785 0.98323566 0.99231994 0.9925916 0.9903182 0.99265116 0.99257267 0.9895386 0.9921006 0.99203616 0.99318576 0.9918753 0.9895454 0.98862827 0.9861758 0.9908362 0.9879794 0.9888282 0.990514 0.990016 0.98895556 0.98753875 0.98998845 0.9884197 0.98588425 0.983485 0.9853026 0.9898576 0.9922688 0.989602 0.99180496 0.9936053 0.99129725 0.993201 0.9924947 0.991005 0.99190015 0.9903637 0.99006116 0.992059 0.99338824 0.99243355 0.9915662 0.9919398 0.9911386 0.98888195 0.99257004 0.98091316 0.98569 0.9912223 0.9890182 0.9842979 0.9871093 0.9888899 0.9788155 0.98706925 0.99114615 0.98848397 0.9807166 0.98639655 0.98721963 0.98654646 0.9881037 0.98737264 0.9864353 0.975743 0.9888059 0.9903266 0.99055153 0.9837003 0.97927094 0.98504525 0.98615235 0.98913133 0.98603714 0.9812781 0.9845011 0.9833512 0.98252606 0.9788249 0.9825493 0.9854137 0.98571014 0.98319453 0.97981715 0.99172765 0.99102414 0.99195933 0.9905392 0.99222964 0.9862434 0.98870075 0.9871993 0.99003434 0.9904006 0.9917895 0.99119735 0.98625815 0.98438674 0.9913565 0.99090874 0.9857163 0.98042536 0.9849952 0.98518044 0.9839364 0.98805827 0.9874342 0.98838925 0.9914224 0.98368406 0.98675966 0.98712695 0.9882883 0.9870458 0.98383445 0.9834844 0.985984 0.98577625 0.98605037 0.9872494 0.98674303 0.9872531 0.9851398 0.9881131 0.98972905 0.9863801 0.9849398 0.9886441 0.9888625 0.98645186 0.98925906 0.98454946 0.98817104 0.9901744 0.9911996 0.9917722 0.9917341 0.9914021 0.9923572 0.99448276 0.9926359 0.9928898 0.99323165 0.9914949 0.992423 0.99233675 0.99136984 0.9918458 0.9914029 0.98966384 0.9880606 0.9865309 0.99158657 0.99430525 0.99394816 0.99356985 0.99637157 0.99667066 0.9975428 0.9999998 0.99450886 0.99565744 0.99555135 0.99709815 0.99841696 0.99824226 0.99883944 0.99589473 0.9968212 0.99502075 0.9969716 0.99514854 0.9961354 0.996894 0.98953176 0.9889778 0.9873936 0.9916023 0.9892723 0.988956 0.988371 0.98180467 0.98233825 0.98398304 0.98593843 0.9878145 0.990596 0.9922263 0.993431 0.9912955 0.99231815 0.99115056 0.9935236 0.9943638 0.992147 0.99355614 0.9920234 0.99218667 0.99216855 0.99219704 0.98922396 0.99124116 0.99111617 0.99166596 0.99445397 0.9951843 0.9955887 0.993612 0.9936832 0.99031174 0.98822105 0.9871335 0.9893166 0.9930772 0.9939334 0.99000114 0.98383844 0.9855861 0.98713547 0.98996 0.98679364 0.9886096 0.9907592 0.9899563 0.9916296 0.98992944 0.98838717 0.98941284 0.9885922 0.9857428 0.983938 0.9840981 0.9885663 0.98939264 0.9891424 0.9900724 0.99048847 0.9862371 0.9865692 0.9878773 0.98298246 0.9799182 0.97969925 0.9907415 0.987373 0.98817277 0.9899948 0.99165636 0.9877557 0.9877413 0.98717296 0.9904104 0.990911 0.9857788 0.9853898 0.9875356 0.98920786 0.98726785 0.9895931 0.9853117 0.98360294 0.9870629 0.9877293 0.98855007 0.9877947 0.98844826 0.98684174 0.9854025 0.98767567 0.9837448 0.99068016 0.9897699 0.98736465 0.98761183 0.98737746 0.98489213 0.98612344 0.99128544 0.99064773 0.9891677 0.98837674 0.9887383 0.98259056 0.9902203 0.9874155 0.9897717 0.9890147 0.9862874 0.9892999 0.9928174 0.990361 0.9896504 0.9913561 0.99176395 0.9888023 0.9895946 0.9909362 0.982129 0.9864261 0.99150324 0.98628783 0.98525643 0.98947346 0.9913178 0.990551 0.98982465 0.99023646 0.9902313 0.99110097 0.9904779 0.9920252 0.995926 0.9963316 0.9962377 0.99642694 0.99693865 0.9968146 0.996284 0.996138 0.9813446 0.9833532 0.985523 0.98837703 0.9890189 0.9869942 0.9855515 0.9892722 0.9885834 0.98292154 0.9825281 0.9829703 0.9842949 0.9864305 0.9868411 0.9853933 0.99217474 0.9897584 0.98829377 0.9839006 0.99248374 0.9917703 0.9913065 0.9909601 0.9905117 0.9952884 0.9953166 0.99348366 0.9925817 0.9958983 0.9944632 0.9915933 0.99109656 0.99058384 0.9927123 0.9923508 0.9950906 0.9862286 0.9873134 0.98735034
RankovicxSvetolik_SRP18993SvetolikRSeoskaUciteljica-L2_1 0.9944958 0.9971534 0.99681365 0.99437535 0.9956291 0.99395835 0.9917809 0.9889253 0.99652684 0.9971392 0.9975316 0.99816483 0.99641854 0.99635863 0.997838 0.99707645 0.99690104 0.99738485 0.9980217 0.99736214 0.9952947 0.9965509 0.99544066 0.99604607 0.9960127 0.9949931 0.99617547 0.9937475 0.99654424 0.9954048 0.99560845 0.99636513 0.99553245 0.9912136 0.9888616 0.99563867 0.9951192 0.99406165 0.997591 0.99758095 0.9972279 0.9964552 0.9969577 0.996131 0.99618137 0.9969414 0.9975474 0.9975368 0.99736506 0.99690074 0.99732876 0.9962086 0.99551874 0.9960758 0.9942049 0.99745846 0.99665886 0.99196774 0.995056 0.9971629 0.9968564 0.9961415 0.99746746 0.99661857 0.99327666 0.99438566 0.9966707 0.99562716 0.99584603 0.99654835 0.99683595 0.9945902 0.99434555 0.99637485 0.99591017 0.99670666 0.99530375 0.9944715 0.9968939 0.99661136 0.99455214 0.99596965 0.99696106 0.99489254 0.9932046 0.9951899 0.9949666 0.9960212 0.9967011 0.9954913 0.99642986 0.99575824 0.9943542 0.99311787 0.99307746 0.99481964 0.99165034 0.99385536 0.9921949 0.99260396 0.99128234 0.9936681 0.9934813 0.9942626 0.9936226 0.9958414 0.9938676 0.9944818 0.9958984 0.99467975 0.99518764 0.9949707 0.99549186 0.9961363 0.9955752 0.9943659 0.9954297 0.99452186 0.99395007 0.9941677 0.9945498 0.9922547 0.9966591 0.9960231 0.996333 0.99603623 0.99651647 0.99592495 0.99527806 0.99595547 0.9965739 0.9965068 0.99740505 0.99724156 0.9964263 0.9952731 0.99684095 0.9971134 0.99722725 0.99322534 0.9927298 0.9888894 0.99194866 0.99639463 0.9948957 0.99567366 0.99605066 0.99511904 0.99632484 0.9962369 0.9945622 0.99243903 0.99109846 0.988732 0.9974657 0.99735487 0.9974006 0.9948156 0.9938483 0.99385554 0.99542874 0.9928166 0.9941478 0.9935948 0.994636 0.9947874 0.99607813 0.9969142 0.9958049 0.99627894 0.995947 0.99362296 0.99507576 0.9947637 0.992892 0.9941582 0.99667984 0.995572 0.994808 0.9981997 0.9971742 0.9964399 0.99658084 0.9948142 0.99145603 0.98868454 0.9977592 0.99761164 0.9968921 0.99734294 0.9956793 0.9957639 0.9941533 0.9964045 0.99566305 0.99719036 0.99698555 0.9976908 0.9958782 0.9975846 0.9951948 0.9958317 0.99690866 0.9955776 0.99676216 0.9945265 0.9946157 0.99503976 0.99296105 0.9905678 0.9917087 0.99514425 0.99667263 0.9954891 0.9972545 0.9959989 0.99650145 0.9960051 0.9960604 0.996253 0.9964421 0.9929453 0.9921486 0.99477184 0.9968665 0.99594545 0.99635315 0.99703604 0.996261 0.99511033 0.99613684 0.989411 0.9930166 0.9974202 0.99646276 0.99415123 0.9956267 0.9950955 0.99115103 0.99432856 0.9969194 0.9911444 0.9834906 0.98999536 0.9918366 0.9950215 0.9959582 0.9947919 0.99513704 0.989006 0.9954929 0.9961337 0.9963265 0.993413 0.99128366 0.99502814 0.9957439 0.9961312 0.9956157 0.9917364 0.9947133 0.993866 0.99255985 0.9911782 0.99355483 0.9952573 0.994765 0.9925465 0.9899017 0.99723935 0.9973248 0.9978781 0.99780834 0.99807906 0.99593234 0.9969185 0.9955437 0.9970966 0.995414 0.9973918 0.9970188 0.9946373 0.99402833 0.99706316 0.99613523 0.9939751 0.9906435 0.99467266 0.9945553 0.99265474 0.9957309 0.9960461 0.9961884 0.99760383 0.994306 0.9961658 0.9954413 0.9971695 0.9961387 0.9946314 0.9940708 0.99335706 0.9919272 0.99301463 0.99277616 0.9920743 0.9924999 0.991596 0.9947042 0.9944748 0.9946853 0.99512434 0.9964725 0.99682546 0.99589837 0.9971361 0.9951978 0.9968288 0.99812067 0.9981871 0.99767315 0.9979663 0.99731755 0.99755186 0.9967929 0.9950374 0.9958551 0.99764466 0.99728507 0.997572 0.9976305 0.9936533 0.9922287 0.9908874 0.99490035 0.99273825 0.99184465 0.9985316 0.9983056 0.9985376 0.99846935 0.9981618 0.99875844 0.9971206 0.99450886 1.0000001 0.9987503 0.99893403 0.99773157 0.99743664 0.99613535 0.99501956 0.99828017 0.9983726 0.9982325 0.9975128 0.99678946 0.9963786 0.99578047 0.9892013 0.9969874 0.9963497 0.9974582 0.9962627 0.99654496 0.9959616 0.9927922 0.9927638 0.99403983 0.9952048 0.9952954 0.9963984 0.9973796 0.99541533 0.997274 0.9977604 0.99722445 0.99612594 0.9966116 0.9922564 0.99758846 0.99207747 0.99302316 0.99680483 0.9937945 0.98981005 0.99132055 0.9925261 0.9973669 0.993278 0.9976803 0.9953248 0.9977209 0.9975009 0.9936829 0.99351877 0.9926921 0.9930854 0.99603426 0.9957437 0.9953315 0.9939827 0.99440444 0.99543667 0.99559265 0.99545515 0.99604803 0.9961724 0.9956821 0.99678206 0.99458855 0.99343127 0.99583197 0.99485326 0.9938876 0.99302423 0.99156564 0.99509186 0.9961262 0.9962224 0.9975981 0.99710584 0.99532425 0.9956082 0.99616313 0.9924242 0.9905642 0.99062765 0.99555635 0.99515873 0.99583864 0.99652255 0.99717546 0.99536675 0.9957883 0.995602 0.9971894 0.9954863 0.9953813 0.99486136 0.99572295 0.99610186 0.9952327 0.99541026 0.99496406 0.99329203 0.9952781 0.9941395 0.9957321 0.9957964 0.9955234 0.99556446 0.9941969 0.9954754 0.9942361 0.99654126 0.9958044 0.99502087 0.9958583 0.99551874 0.99490637 0.9953134 0.99666333 0.99771816 0.99721545 0.9967188 0.9969784 0.9938711 0.9973186 0.99637973 0.9967872 0.9960703 0.9955307 0.9967624 0.9981729 0.99741596 0.9964192 0.99741733 0.99719507 0.9967808 0.99699247 0.9970832 0.99244356 0.99439865 0.99684215 0.9949721 0.99475956 0.9966441 0.9963601 0.99474883 0.9961569 0.99631315 0.99510926 0.99652827 0.99605054 0.99671435 0.9966253 0.99570197 0.9930851 0.99489504 0.9948491 0.99492013 0.9940932 0.9922866 0.9931353 0.99408114 0.9953361 0.9964493 0.995793 0.9958769 0.99555564 0.99643177 0.9961771 0.99426216 0.9940303 0.99414295 0.9947107 0.9954728 0.99560326 0.9943419 0.99579585 0.991087 0.9893303 0.9850859 0.9928167 0.9936241 0.99285066 0.9928243 0.9908931 0.99527425 0.9931996 0.98985124 0.9923986 0.9918922 0.9923196 0.9918109 0.9881464 0.98771584 0.99023455 0.99086535 0.99396026 0.9918224 0.9902545 0.99122816
RankovicxSvetolik_SRP18993SvetolikRSeoskaUciteljica-L2_2 0.99328965 0.99560326 0.9965058 0.995597 0.99591315 0.99176794 0.99016905 0.9873715 0.995551 0.9962668 0.99686104 0.9967394 0.9962508 0.99594843 0.9963509 0.9967548 0.99620605 0.9964469 0.99626416 0.9962007 0.99460715 0.9961525 0.9931921 0.9947061 0.9948281 0.9950529 0.99526995 0.9945017 0.9954958 0.9952355 0.99595547 0.9950295 0.9951444 0.99058735 0.9888625 0.9935352 0.993206 0.9932115 0.9961268 0.99737376 0.996923 0.9962959 0.99604577 0.99697655 0.9947879 0.9952954 0.9972319 0.9974855 0.9967692 0.9967983 0.9963314 0.99498963 0.9950969 0.9954748 0.9935657 0.9967096 0.995768 0.9903922 0.9945122 0.99599844 0.995769 0.99550056 0.9952254 0.9944807 0.9902524 0.99178004 0.9954343 0.99306166 0.99444056 0.9958342 0.9951058 0.99212444 0.9928803 0.99539185 0.99432546 0.99596363 0.992056 0.9913958 0.9959387 0.9954911 0.99243146 0.9958419 0.99656975 0.9960431 0.99511117 0.9961788 0.9961629 0.9972284 0.9972793 0.9964631 0.996917 0.9955709 0.992631 0.9911487 0.9911911 0.99399555 0.99105 0.99386936 0.99113584 0.9922695 0.98919815 0.99189454 0.991998 0.99400955 0.9941563 0.99455565 0.9947351 0.99474883 0.99520653 0.99466914 0.9952212 0.9957862 0.99610853 0.99622273 0.9960306 0.9953159 0.9934915 0.9932329 0.9918822 0.99279654 0.99291044 0.9906749 0.99438953 0.99400413 0.99531275 0.9941373 0.9958189 0.99374735 0.9922655 0.993729 0.9950171 0.99468404 0.9964752 0.99635625 0.9944566 0.9950309 0.99604106 0.99636734 0.99640185 0.99512035 0.994926 0.9919934 0.99437064 0.99500936 0.9930132 0.99421287 0.99482834 0.9929558 0.9954259 0.99520236 0.9920215 0.9894937 0.98823625 0.985764 0.9962022 0.9963736 0.99704564 0.995557 0.99502414 0.99421394 0.99613506 0.99300116 0.99513 0.9939483 0.99498266 0.9952507 0.99614894 0.9961975 0.9952423 0.9958506 0.99582785 0.9946375 0.9947309 0.9957074 0.9945209 0.9956447 0.9951107 0.99490666 0.99404985 0.9967698 0.99623513 0.99631 0.9968862 0.99558514 0.9924278 0.98984617 0.9966941 0.9976093 0.99699354 0.9977074 0.9947656 0.9939707 0.99412525 0.9952385 0.99550843 0.9960195 0.99516046 0.99579114 0.9947249 0.9970917 0.9954288 0.99576825 0.99705625 0.99623847 0.99595714 0.99539953 0.9963198 0.9958264 0.99399984 0.9915804 0.99326825 0.99658966 0.9952325 0.9926894 0.9954956 0.9958644 0.99455327 0.9955665 0.9955858 0.99377596 0.9949439 0.99259335 0.9917531 0.9943167 0.99631596 0.99499714 0.9969464 0.99572176 0.9953514 0.9931889 0.9953624 0.9854743 0.9908956 0.9965137 0.9953526 0.9920621 0.9943936 0.9952861 0.9876805 0.99391335 0.99610895 0.9924531 0.98473686 0.9907105 0.99211454 0.99390346 0.9944389 0.99264437 0.9926804 0.9857301 0.9956691 0.99649966 0.99634075 0.99194044 0.98691165 0.9927887 0.9927666 0.9946569 0.9928367 0.988786 0.9920188 0.9914514 0.9911034 0.98787916 0.99206936 0.9940227 0.99357605 0.9912259 0.98868525 0.9963355 0.9960217 0.99688166 0.9960198 0.9976574 0.9943014 0.9947956 0.992919 0.9945981 0.99478906 0.9963012 0.9962059 0.991895 0.9907231 0.99552107 0.9952403 0.99156225 0.9877567 0.9913154 0.99147767 0.9898576 0.9926065 0.99346805 0.9939889 0.99596715 0.9919771 0.99476254 0.99507725 0.9957153 0.99464625 0.9930409 0.9923893 0.99269533 0.9916784 0.9916985 0.9927916 0.99216187 0.9926198 0.9909598 0.99226844 0.9929784 0.99321866 0.99332243 0.9949419 0.9955059 0.99412143 0.9956314 0.99315876 0.9956929 0.9957361 0.99605554 0.99668485 0.99684143 0.9966674 0.9974924 0.9976525 0.9966804 0.997172 0.9968278 0.9960414 0.9964035 0.99614966 0.994436 0.99367976 0.992523 0.99644816 0.9942813 0.9940477 0.9965527 0.99770665 0.9980192 0.99819756 0.99815464 0.99868953 0.9979601 0.99565744 0.9987503 0.9999999 0.9997217 0.9979079 0.9987752 0.99779975 0.99705553 0.99724835 0.9983165 0.997303 0.9978051 0.99601257 0.996413 0.9963455 0.9915525 0.99591446 0.99442244 0.9966108 0.99524367 0.99547046 0.9948733 0.9916332 0.99268115 0.9932909 0.9943064 0.9953193 0.9963428 0.99611354 0.99511534 0.9955292 0.996061 0.99547935 0.9958189 0.99586886 0.9927011 0.9962916 0.99237937 0.99289054 0.99588 0.9942136 0.99058855 0.9916269 0.99278516 0.9952571 0.99317306 0.9966355 0.99529445 0.9962244 0.9964286 0.99467355 0.9936011 0.9930361 0.99320483 0.9961084 0.9964896 0.9948172 0.99188954 0.992557 0.99331146 0.99495995 0.99350786 0.99432355 0.9950936 0.99475634 0.9955784 0.9940341 0.9934639 0.99509597 0.99460775 0.9927075 0.9916039 0.99107885 0.99495506 0.9954924 0.9958235 0.996413 0.996562 0.9941373 0.9937883 0.9955755 0.9906219 0.98831195 0.988303 0.9961592 0.99456733 0.9953561 0.99581796 0.99646604 0.9938048 0.99479735 0.99504817 0.9966543 0.9963603 0.99303275 0.99297583 0.99495465 0.99543965 0.9945427 0.9955799 0.99446905 0.9935821 0.99365634 0.9937482 0.99459124 0.9947278 0.99517155 0.9937575 0.99220365 0.9937389 0.9913388 0.9956866 0.99490535 0.9932873 0.99460363 0.9940224 0.9928431 0.9938239 0.99583656 0.99673796 0.99609196 0.9957333 0.9953665 0.9915482 0.99600565 0.99430716 0.9963738 0.9960525 0.9938228 0.99542856 0.9971292 0.99650264 0.9960449 0.9964656 0.9962129 0.9948405 0.9959866 0.99619615 0.990568 0.9939028 0.99660856 0.9937905 0.9920139 0.9961468 0.9964349 0.9952394 0.9961873 0.9962748 0.99536574 0.9968887 0.9962334 0.9971936 0.99632746 0.99485743 0.99271196 0.9942253 0.9950686 0.9948195 0.9934671 0.99212074 0.9904394 0.99180996 0.99366736 0.995711 0.9961537 0.9951809 0.9940117 0.995982 0.9958591 0.99087787 0.99124527 0.9912883 0.99286765 0.99449956 0.9939924 0.9935212 0.9959738 0.9920251 0.9909242 0.9870231 0.9929833 0.9935566 0.9935117 0.9930386 0.9921995 0.9962806 0.99410135 0.99183553 0.99351436 0.99384665 0.99369615 0.9932967 0.9908524 0.98995256 0.9923934 0.9923402 0.99488175 0.9890766 0.9881839 0.9888024
RankovicxSvetolik_SRP18993SvetolikRSeoskaUciteljica-L2_3 0.9929387 0.9957549 0.9962869 0.9950132 0.99559414 0.9922029 0.99049926 0.987589 0.99601644 0.99650896 0.9971014 0.9972682 0.99639976 0.99610204 0.99682367 0.99692136 0.99649245 0.99671507 0.99686533 0.9967356 0.994877 0.9963748 0.99407464 0.99547076 0.9953391 0.9951101 0.9956714 0.994533 0.9958951 0.99552906 0.99617475 0.9957385 0.9955089 0.99021196 0.9881919 0.99409825 0.99372 0.9932401 0.9964247 0.9977825 0.9971302 0.9961505 0.99611056 0.9967097 0.9949386 0.9956929 0.9973867 0.9975781 0.99709517 0.99656445 0.9967496 0.9953343 0.9950454 0.99525017 0.9935088 0.9966887 0.99571514 0.9902785 0.99420077 0.9960416 0.99574554 0.99554014 0.9954234 0.99446666 0.9904105 0.99199706 0.99537176 0.99345165 0.99448514 0.9963923 0.99573284 0.9929309 0.9932124 0.99573606 0.9947601 0.9961445 0.99284446 0.9919326 0.9960386 0.9959039 0.9930398 0.99567014 0.99662244 0.9957649 0.99471855 0.9960401 0.9958679 0.9970801 0.9971773 0.995993 0.9967938 0.9954535 0.99315196 0.9918799 0.99192023 0.994415 0.99130887 0.99411505 0.99161816 0.9923299 0.98984075 0.99245477 0.99258834 0.9944295 0.99400204 0.99510163 0.9945448 0.9947122 0.9957477 0.99488807 0.9955955 0.99576014 0.9960333 0.9962556 0.996264 0.9950676 0.99443096 0.99427176 0.99307376 0.993793 0.9938172 0.99159503 0.9950583 0.99479955 0.9959766 0.9948698 0.9961622 0.99446666 0.9930356 0.99456656 0.9956194 0.9953561 0.9968837 0.9968101 0.9950607 0.99476767 0.9960067 0.996322 0.99624866 0.9944683 0.99427426 0.9910189 0.99364936 0.99542195 0.9938726 0.9949125 0.9953771 0.993624 0.9957643 0.99580103 0.9926481 0.9906 0.9893704 0.9869117 0.99685514 0.99702007 0.9974924 0.99508315 0.994375 0.9942093 0.99577063 0.9931623 0.9949123 0.9941217 0.9950017 0.9949697 0.99586725 0.9964127 0.99528635 0.99625826 0.99595374 0.9943296 0.99478734 0.9954947 0.9941002 0.9951671 0.9953702 0.99493575 0.9938698 0.9971745 0.9965137 0.9963093 0.9970199 0.9953395 0.9925766 0.9899875 0.9971316 0.997678 0.9972347 0.99746764 0.9948396 0.99454737 0.9940964 0.9955351 0.9954339 0.99648213 0.99590933 0.99636805 0.99502176 0.99722934 0.9951801 0.9958072 0.9969902 0.99588615 0.99603796 0.9953841 0.9960656 0.9960133 0.9937803 0.99128824 0.99275094 0.99631876 0.99536264 0.9931284 0.9956055 0.99551046 0.99465805 0.99511814 0.99529123 0.9939273 0.9947903 0.99208325 0.991236 0.9938824 0.9962461 0.99497414 0.9967288 0.99597865 0.99540573 0.99357206 0.9951988 0.9865916 0.99161 0.99700624 0.9955861 0.9927322 0.9948114 0.99522465 0.9887899 0.99393326 0.996263 0.99213815 0.984582 0.9906748 0.992252 0.99430245 0.99473953 0.992753 0.9934193 0.986603 0.99561816 0.996421 0.9962936 0.9921518 0.98794067 0.9933701 0.99346596 0.9948909 0.9935487 0.98973405 0.9927892 0.99213886 0.9915411 0.98882306 0.9925585 0.9946699 0.9941329 0.9918461 0.9893205 0.9966722 0.99637985 0.9970882 0.9964939 0.9977487 0.9948586 0.9953513 0.99339724 0.9950879 0.9950857 0.9966689 0.9963003 0.99243647 0.9913777 0.9957963 0.99509025 0.9920903 0.9885024 0.9921158 0.9922378 0.99062294 0.99300116 0.994114 0.9943381 0.99621844 0.99261487 0.99517715 0.99537736 0.9963948 0.99501157 0.99357986 0.9927952 0.9931031 0.9920463 0.9921747 0.99299127 0.9921911 0.9928654 0.9913831 0.9927691 0.9932358 0.9935538 0.9941853 0.9954974 0.99612063 0.99462533 0.99605405 0.99384516 0.99618804 0.99629587 0.9964832 0.9966314 0.9969624 0.996814 0.99738115 0.9973283 0.99624765 0.9966742 0.99721575 0.99658406 0.99688166 0.9966435 0.9935704 0.9925468 0.99120474 0.9960046 0.99389136 0.993531 0.9971856 0.9980681 0.9983828 0.99840766 0.99810827 0.99881244 0.9977784 0.99555135 0.99893403 0.9997217 1.0000002 0.9981613 0.99878967 0.9976555 0.99676996 0.9975916 0.99840397 0.9977216 0.99792045 0.9962591 0.99645114 0.9963083 0.99041784 0.99659616 0.9953032 0.99700737 0.99590456 0.99610656 0.99546957 0.9922445 0.9930709 0.99379873 0.994665 0.99527085 0.9964247 0.9963404 0.99491274 0.9959549 0.99632746 0.99577165 0.99561846 0.995847 0.99213725 0.9965568 0.9918969 0.99243486 0.9959346 0.99365985 0.9897609 0.9908095 0.99215144 0.99575984 0.9926763 0.99687815 0.99501157 0.99648744 0.9966169 0.99448514 0.99389625 0.99317956 0.99327624 0.99613863 0.99605566 0.9956457 0.9928742 0.9933399 0.994251 0.99550307 0.99440163 0.9949238 0.9954219 0.99536747 0.99594605 0.9943019 0.99368423 0.99526584 0.994842 0.99312276 0.9921592 0.99136454 0.99511576 0.99567103 0.9960583 0.99680215 0.996929 0.9949423 0.99445474 0.9962163 0.9909818 0.98891485 0.9890771 0.99609715 0.9948995 0.9955483 0.9961348 0.996707 0.99416685 0.99518144 0.99531525 0.9965527 0.9960352 0.9934055 0.9937137 0.99523723 0.9956213 0.99471325 0.99545944 0.9951103 0.9941214 0.994613 0.99439615 0.99525297 0.9954492 0.9956045 0.99472755 0.99338377 0.99460477 0.99256897 0.9960295 0.99533045 0.9938799 0.99512833 0.99444914 0.993479 0.9942835 0.99609596 0.99686474 0.99639386 0.9959689 0.99574226 0.99225545 0.99649066 0.99510896 0.99671626 0.99598837 0.99413025 0.9957791 0.99741924 0.99685603 0.9961555 0.9968476 0.9963653 0.99519163 0.99617094 0.9964644 0.9909181 0.9941739 0.99659586 0.99435383 0.99288124 0.9967463 0.9967868 0.9954338 0.9965998 0.99651396 0.99536026 0.997255 0.996333 0.9974414 0.9962541 0.9950621 0.99244267 0.99424034 0.99480015 0.9946781 0.99339 0.99204975 0.99133736 0.9925869 0.9941435 0.99584323 0.99605286 0.9954088 0.99424285 0.9959527 0.9959468 0.99191606 0.99210966 0.9921881 0.9935896 0.9949934 0.9946804 0.9939655 0.9962396 0.99159384 0.9904854 0.9864224 0.9929071 0.9936341 0.9934096 0.9931522 0.9919506 0.9961805 0.99384636 0.9911842 0.9932147 0.9933851 0.9933903 0.9929339 0.9900927 0.9893924 0.9919449 0.9919833 0.9946268 0.98959345 0.9882388 0.98893565
RankovicxSvetolik_SRP18993SvetolikRSeoskaUciteljica-L2_4 0.99205714 0.9950638 0.9953864 0.9926387 0.99410886 0.99101835 0.98961574 0.9855924 0.9938258 0.9953984 0.9952168 0.9961374 0.9939836 0.993553 0.99609953 0.9966232 0.99666184 0.9972445 0.9969849 0.99504334 0.99303126 0.9944841 0.9941615 0.99601984 0.99563944 0.9945905 0.99537665 0.993961 0.9961341 0.994834 0.99576914 0.9954478 0.99481666 0.98970467 0.9871448 0.9954077 0.9957167 0.9944905 0.9961776 0.99713624 0.99610114 0.99421775 0.9948051 0.9957658 0.99619174 0.9967183 0.99662215 0.99568254 0.9954923 0.9936396 0.9932471 0.9908755 0.99006486 0.9923103 0.98937774 0.99716985 0.99631 0.99314946 0.99580437 0.9951356 0.9947475 0.9973011 0.99524796 0.9941517 0.99243903 0.9940716 0.9925622 0.99079365 0.99097574 0.99369746 0.99376893 0.992127 0.99023134 0.9923594 0.99170226 0.99331725 0.9922812 0.990472 0.99337065 0.9935653 0.9913664 0.99280125 0.99495363 0.99123573 0.99051565 0.9915719 0.99145365 0.9931184 0.9937065 0.9919538 0.99236286 0.99310935 0.9902616 0.98911715 0.98880833 0.9902008 0.98662853 0.98943365 0.98729426 0.9876992 0.986856 0.9895407 0.98887825 0.9891474 0.9887013 0.9909518 0.98938096 0.98948604 0.9914154 0.9893842 0.99048436 0.99088097 0.9911807 0.9919919 0.9917513 0.99001294 0.9913066 0.99064034 0.9896997 0.99062234 0.9907453 0.9876618 0.99323773 0.9928982 0.99394053 0.9931145 0.9934393 0.9934876 0.99312353 0.9934636 0.99498236 0.9948777 0.9951271 0.994789 0.99316764 0.9948902 0.9964632 0.99631095 0.99604976 0.99047244 0.98981994 0.98571706 0.98891205 0.99221236 0.98975945 0.99084187 0.9927015 0.9913398 0.9926927 0.9928493 0.99411535 0.9903971 0.9879296 0.9868108 0.9949103 0.9956591 0.9963536 0.99147093 0.99016136 0.98995113 0.99213374 0.9886432 0.9917805 0.99032784 0.99131596 0.9910708 0.9935355 0.99331766 0.99235505 0.99241376 0.9923025 0.98997736 0.99071544 0.99134797 0.9898824 0.9911092 0.9936254 0.9932578 0.9925799 0.99548817 0.99379575 0.9943028 0.9950285 0.9910327 0.9869887 0.98324555 0.9952495 0.9949639 0.9933783 0.9947388 0.9931358 0.9921339 0.9913765 0.9932581 0.99301237 0.99490714 0.9939874 0.9943749 0.9923078 0.99400455 0.9912843 0.9914276 0.993697 0.9928611 0.9939572 0.99062544 0.99191767 0.9910004 0.98906994 0.9869597 0.9882019 0.9914912 0.9947592 0.9930377 0.9947133 0.99431384 0.9944269 0.9943284 0.9937917 0.9941412 0.99453425 0.9903533 0.9898923 0.99251604 0.99453294 0.993595 0.9926218 0.99423474 0.9933044 0.99178207 0.99346906 0.9897944 0.99361205 0.99454015 0.99287015 0.9901915 0.99159276 0.9910547 0.98603904 0.9912228 0.99288434 0.9874331 0.97884345 0.9857801 0.98774356 0.9909741 0.991418 0.99275553 0.9926104 0.98490363 0.99366176 0.9941517 0.99517035 0.9902148 0.9873184 0.9911697 0.99170905 0.993256 0.9921897 0.9874375 0.99079025 0.989464 0.9871702 0.9853179 0.9884373 0.9903015 0.9898028 0.9876783 0.9847587 0.9940276 0.993575 0.99484396 0.99520355 0.9950747 0.9918126 0.99261886 0.99320126 0.9949155 0.9938257 0.99530387 0.99468654 0.99172664 0.9914401 0.9938325 0.9944483 0.9906501 0.986167 0.99138373 0.99110126 0.9891151 0.9932718 0.9925448 0.9936742 0.9946252 0.99092424 0.9926003 0.9925928 0.99456716 0.99223304 0.9902116 0.9897466 0.9892371 0.9871175 0.9888349 0.9886236 0.9882226 0.98860115 0.9870339 0.9924215 0.9926165 0.9910043 0.9909103 0.99268776 0.99394536 0.9928864 0.99366814 0.9907742 0.99312115 0.9953645 0.9956468 0.9939534 0.99481165 0.99406826 0.994587 0.9951786 0.99323756 0.9941346 0.99626285 0.99418133 0.9955178 0.99561876 0.99289644 0.99217844 0.99096864 0.9914805 0.989078 0.98816085 0.99626684 0.99654824 0.99655694 0.9962741 0.9966358 0.9982321 0.99641144 0.99709815 0.99773157 0.9979079 0.9981613 1.0 0.9985254 0.998494 0.99797237 0.9989323 0.9986829 0.99749017 0.99776715 0.99774945 0.997535 0.99746895 0.98684806 0.994302 0.993707 0.99558234 0.9942595 0.99444485 0.9951193 0.98939127 0.9895089 0.9904439 0.9919625 0.99291444 0.99524647 0.9943515 0.9926387 0.9945234 0.9950237 0.99378633 0.993801 0.99526954 0.98954254 0.99572283 0.98936975 0.98995966 0.9934047 0.990522 0.9864353 0.98830485 0.98924375 0.9951145 0.99207443 0.9967401 0.99424255 0.9958824 0.9957914 0.9897917 0.9888936 0.9878964 0.9886224 0.9930636 0.9942711 0.9953077 0.9910987 0.9932107 0.9942733 0.99587953 0.9937942 0.995282 0.99592555 0.99580836 0.9937781 0.99075824 0.9894031 0.99314404 0.99035615 0.98860466 0.9876621 0.9857672 0.99082977 0.9925847 0.99245614 0.9941222 0.99374866 0.9928597 0.9920635 0.99283266 0.989051 0.98579186 0.9861388 0.99203223 0.9907697 0.9917458 0.99262893 0.9941322 0.9914832 0.9923809 0.9916179 0.9937855 0.99226975 0.99127924 0.9916719 0.9922211 0.99279404 0.99113494 0.992091 0.99090344 0.9888901 0.99225754 0.9917779 0.99273556 0.99336934 0.99252576 0.99279386 0.99108094 0.99232805 0.9907834 0.9931078 0.9926393 0.99125093 0.9922837 0.99226743 0.99167985 0.9905193 0.99364454 0.99520093 0.99461395 0.9926521 0.9940733 0.98923767 0.9948726 0.9928606 0.9939921 0.9921355 0.99188834 0.992694 0.9959021 0.99390906 0.99285424 0.9951171 0.99426687 0.9934372 0.9939055 0.99502605 0.9877385 0.9904836 0.9943883 0.9911526 0.9920446 0.9938412 0.9936335 0.9913101 0.99266905 0.9924164 0.99123585 0.9939078 0.99231744 0.9943493 0.9952141 0.9950857 0.9929755 0.99449515 0.99381334 0.9942164 0.9938139 0.9930696 0.9892829 0.99129945 0.9920495 0.9932468 0.99238974 0.99195945 0.9919892 0.993296 0.9934861 0.9901626 0.9899914 0.99001503 0.99088144 0.99162537 0.99145496 0.9897524 0.9923878 0.9869124 0.9858227 0.9805072 0.99063146 0.99044883 0.9897591 0.98974776 0.98794955 0.9937755 0.9920097 0.9890261 0.9898067 0.99198574 0.99115986 0.98911935 0.98612976 0.98594856 0.9887669 0.9887378 0.99250823 0.990263 0.9900403 0.99020416
RankovicxSvetolik_SRP18993SvetolikRSeoskaUciteljica-L2_5 0.99223405 0.99369425 0.9952596 0.994712 0.995432 0.9893398 0.988168 0.98456794 0.99361646 0.99574244 0.9959827 0.9955505 0.9951267 0.9949854 0.9959222 0.99731314 0.9971357 0.9968281 0.9960731 0.9955952 0.99490386 0.99624753 0.99190325 0.9947165 0.9948972 0.99555445 0.9957088 0.9956691 0.9960209 0.9962793 0.9973139 0.9953058 0.9961318 0.99136394 0.98977804 0.99351937 0.99358946 0.9943332 0.9948222 0.9964394 0.9963623 0.99534464 0.99437577 0.9972273 0.9942923 0.9945439 0.9969343 0.99666566 0.9957136 0.99549395 0.9940882 0.9924421 0.9926142 0.99322736 0.9908311 0.9963133 0.994754 0.99070406 0.9946 0.9952168 0.99503076 0.9961076 0.9940062 0.99315745 0.98921335 0.99102056 0.9934555 0.99075115 0.99196297 0.9927143 0.9931872 0.98957866 0.98971885 0.9931857 0.99191964 0.99425113 0.9900103 0.9889877 0.9932745 0.9932634 0.99018896 0.9936307 0.9944639 0.9930907 0.992469 0.99309003 0.9937092 0.99441516 0.99510646 0.99318004 0.9935966 0.9959216 0.99032927 0.9895603 0.9893229 0.9913981 0.98804605 0.9908723 0.9883075 0.98982704 0.9873214 0.99057436 0.99052197 0.9914281 0.9920051 0.99172306 0.99283934 0.99250937 0.993056 0.99184364 0.9926376 0.99330884 0.9935359 0.9940641 0.9932609 0.9931816 0.9912281 0.9902689 0.989192 0.99025285 0.9903677 0.9880084 0.9927313 0.9922482 0.9934085 0.99173176 0.9943465 0.9915873 0.98993045 0.9915668 0.99338317 0.9928893 0.9945295 0.99446166 0.99224186 0.99634856 0.99608016 0.9958128 0.99570227 0.9917183 0.9921437 0.9886206 0.9910844 0.9920752 0.99023575 0.99187815 0.991678 0.9895268 0.99225694 0.9924736 0.9906753 0.98739684 0.9862907 0.9835675 0.9952849 0.99603534 0.997325 0.99416125 0.9931638 0.9922934 0.9949211 0.99179626 0.994817 0.9929616 0.9938854 0.9948097 0.9959559 0.9952615 0.9940912 0.9944244 0.9950039 0.99406266 0.99336576 0.99463207 0.99386215 0.9948934 0.99482226 0.99566066 0.9948203 0.9956838 0.99536085 0.9965076 0.9971349 0.9938402 0.9905212 0.98779374 0.99542785 0.99607795 0.9948505 0.995922 0.99443793 0.99290085 0.9941578 0.99467397 0.99522895 0.9950707 0.99356 0.99310493 0.99136645 0.99490184 0.99243355 0.9931426 0.99462754 0.9940032 0.9931967 0.99231 0.9940002 0.9932513 0.99061346 0.98817253 0.9898995 0.994041 0.99452 0.99169433 0.99431574 0.99536026 0.9935745 0.994837 0.9947943 0.9929783 0.99398607 0.9921672 0.99161804 0.99387884 0.995667 0.9944242 0.9950727 0.9945882 0.9940814 0.9918184 0.9946135 0.98368746 0.98890847 0.99482834 0.99294186 0.9887143 0.9914483 0.99298626 0.98384464 0.9908864 0.99433905 0.9914596 0.98382103 0.9893247 0.99054086 0.9907055 0.99192345 0.9904299 0.99061096 0.9817381 0.99316615 0.9943102 0.99410284 0.9886799 0.98401356 0.9898492 0.9903945 0.99252343 0.99031633 0.9862218 0.98923063 0.9885392 0.98803186 0.9845028 0.98831 0.990982 0.99090195 0.98852915 0.9856693 0.99502915 0.99464273 0.9952521 0.99430937 0.9958683 0.99140376 0.99272203 0.9907231 0.99303705 0.99322563 0.994887 0.9943352 0.9898902 0.98844385 0.99429065 0.9936119 0.9895216 0.98520386 0.98910177 0.9893295 0.9881239 0.9907467 0.99152315 0.9919746 0.9943859 0.98887855 0.99170023 0.9921609 0.9931154 0.99182767 0.9896707 0.9891053 0.99059874 0.9902047 0.9903001 0.99137 0.9908258 0.99139524 0.98956764 0.99058324 0.9916823 0.9904778 0.990244 0.99284506 0.9931996 0.9911376 0.9932509 0.9898114 0.9930164 0.9937593 0.99441266 0.99496776 0.99499345 0.9950651 0.99562895 0.99674505 0.995546 0.99573964 0.9962209 0.994921 0.99552035 0.9953319 0.993094 0.992919 0.9918754 0.9939746 0.99229294 0.9913167 0.9950635 0.9971204 0.997138 0.9970011 0.99813914 0.99852955 0.9985503 0.99841696 0.99743664 0.9987752 0.99878967 0.9985254 0.99999994 0.9990785 0.9988319 0.99747354 0.9984351 0.99718845 0.99840426 0.99641275 0.9971592 0.99746454 0.991459 0.9936181 0.9920245 0.9951909 0.9936379 0.9935318 0.9927561 0.98787326 0.98868275 0.9897808 0.9911711 0.9924297 0.9942683 0.9948005 0.9947848 0.9940679 0.99476445 0.9938887 0.99506146 0.99558586 0.9928255 0.99544275 0.99262327 0.99293244 0.9947537 0.9936688 0.9904657 0.9917561 0.99249053 0.99390596 0.99397194 0.9964298 0.99583423 0.99537945 0.99557376 0.99344647 0.99217093 0.9913423 0.992358 0.99553204 0.9956287 0.99337184 0.98876 0.98983747 0.9911848 0.99343616 0.9911717 0.9922027 0.9936758 0.9932874 0.9944416 0.9929844 0.9919759 0.9929527 0.9926093 0.99026966 0.98892057 0.98875064 0.99289894 0.99356323 0.9938069 0.9943232 0.9947144 0.9916105 0.99142945 0.9931811 0.9878661 0.98529744 0.9855204 0.9945104 0.99208885 0.9927289 0.99394333 0.99492514 0.9918208 0.9924996 0.9924325 0.994319 0.9946625 0.9902267 0.99033856 0.99233603 0.9934659 0.99200827 0.99367505 0.9910737 0.9898909 0.9915538 0.99195164 0.99270207 0.99244314 0.9929525 0.99155766 0.9903159 0.992018 0.9887267 0.99447805 0.99380463 0.99176943 0.99265575 0.9919404 0.98998857 0.99112874 0.9947287 0.9944907 0.9935565 0.9929522 0.9930383 0.9882127 0.9943431 0.9921441 0.99407417 0.99331266 0.9908986 0.9935157 0.9957833 0.9946091 0.9940078 0.9949567 0.9950222 0.9926786 0.9937738 0.9945366 0.98745364 0.9913765 0.9949214 0.99152416 0.99000794 0.9939386 0.99492997 0.9939873 0.9941791 0.99428177 0.99360865 0.9952225 0.99420744 0.9956321 0.9965759 0.9959955 0.9945409 0.99565285 0.99652123 0.99631906 0.9951956 0.9943863 0.9870089 0.9887821 0.9906567 0.9930147 0.9936602 0.9921313 0.9906516 0.9935172 0.9932624 0.9878134 0.9876927 0.98799795 0.98955137 0.99151886 0.99146414 0.9904163 0.9950433 0.9917808 0.99050903 0.9866113 0.9934864 0.9934432 0.9931794 0.99292755 0.9923279 0.996783 0.99565583 0.9936398 0.9940247 0.9959621 0.9951163 0.9935833 0.9921193 0.99155354 0.9937936 0.99347323 0.9960507 0.98817223 0.9880275 0.9885099
RankovicxSvetolik_SRP18993SvetolikRSeoskaUciteljica-L2_6 0.9916444 0.9928033 0.99448735 0.99330074 0.9938538 0.9887382 0.98805344 0.98480636 0.9910057 0.99336386 0.99363744 0.9936697 0.9920859 0.99169296 0.99377394 0.99547493 0.9958303 0.99580747 0.99475807 0.9928962 0.99163616 0.9934136 0.9904355 0.99335366 0.99345416 0.99361575 0.99404883 0.9936561 0.9939307 0.99368805 0.99540824 0.99316925 0.9937292 0.9895025 0.98771 0.992991 0.99341583 0.9937363 0.99373835 0.99529046 0.99482745 0.99308425 0.99335194 0.9960778 0.99451834 0.994148 0.9955048 0.9949846 0.9934788 0.99317175 0.991519 0.9894952 0.9899046 0.991829 0.9890067 0.996207 0.9950158 0.9922049 0.9950961 0.99383724 0.9939327 0.9963385 0.99288595 0.9923178 0.9896064 0.9915007 0.99153316 0.9885891 0.9895983 0.9908277 0.99172264 0.9882498 0.9879796 0.9903974 0.9894267 0.99147785 0.98796684 0.9869695 0.99158716 0.9906841 0.9881093 0.99268395 0.9939647 0.99079466 0.9907 0.99086607 0.9911183 0.99241656 0.9926278 0.9920456 0.9919729 0.9933749 0.98862284 0.98690724 0.98656 0.9889894 0.98607314 0.9884825 0.98602873 0.9874321 0.98508346 0.9878504 0.98722076 0.9879878 0.98839086 0.9898133 0.9896687 0.98910475 0.9899941 0.9885962 0.9893722 0.99028397 0.99097884 0.9915347 0.9909974 0.9905142 0.98880464 0.98742455 0.98616827 0.9875096 0.98765016 0.98488986 0.9899771 0.98904395 0.9906142 0.9892976 0.99135196 0.9891206 0.98918515 0.98979485 0.99159455 0.9912418 0.9922902 0.99225074 0.990041 0.9953535 0.9961442 0.99579173 0.99508077 0.99077356 0.9903176 0.98712415 0.98972905 0.9902577 0.98707056 0.9884361 0.9905224 0.9883571 0.99081063 0.99044216 0.99137145 0.98707706 0.98539174 0.9836364 0.99325764 0.9941925 0.99554104 0.99248165 0.99139667 0.99010557 0.9931566 0.98911196 0.99308777 0.9910571 0.9918471 0.9923423 0.9943869 0.9927158 0.9922349 0.99180233 0.9926397 0.9910432 0.9897357 0.99172276 0.99093837 0.99222386 0.99261343 0.99317384 0.9924372 0.99369633 0.99252343 0.99370795 0.99437845 0.9907587 0.98664707 0.9830844 0.9936068 0.99421674 0.992115 0.9946532 0.9919499 0.9894745 0.990811 0.9917109 0.99236983 0.99234134 0.9909025 0.99157697 0.99035513 0.9930891 0.99134064 0.99084675 0.9928279 0.9926319 0.9925571 0.99095637 0.99282205 0.9907452 0.98943925 0.9874427 0.9890438 0.99198246 0.99245214 0.98976296 0.99232846 0.9931758 0.9915478 0.9932195 0.99241626 0.9914539 0.992794 0.9906029 0.9901253 0.9920524 0.9941382 0.99327683 0.9925708 0.9929879 0.99271786 0.99050164 0.9930467 0.9841655 0.98913026 0.99315953 0.99218863 0.98844904 0.9905937 0.99142015 0.98310715 0.99078315 0.99211216 0.9883985 0.9795008 0.98620445 0.9876232 0.98980147 0.990596 0.9902384 0.9890866 0.9807305 0.9923636 0.9930577 0.9936449 0.9879864 0.98282266 0.9885781 0.9883041 0.9916865 0.98909897 0.9837866 0.9871873 0.9864782 0.98572546 0.98234105 0.9865063 0.9881832 0.9880783 0.98598087 0.98348266 0.992783 0.9916431 0.9935227 0.9924265 0.99385273 0.9897227 0.9904759 0.9900181 0.9916754 0.9920013 0.9931743 0.9930771 0.98878694 0.98757386 0.99228865 0.99266815 0.98828316 0.98358095 0.9877971 0.9875176 0.9856295 0.99014467 0.9897096 0.99080557 0.99286574 0.98802483 0.9907387 0.99107516 0.9914337 0.9902142 0.9880443 0.9875992 0.9871385 0.98563415 0.9864147 0.98725295 0.98667395 0.9871717 0.98539287 0.989371 0.9908033 0.989316 0.98780495 0.9899448 0.9911762 0.98994315 0.9911178 0.9881909 0.9908661 0.99202824 0.9928776 0.9927339 0.99313325 0.9927392 0.99367505 0.99499404 0.993441 0.9941652 0.9942987 0.99223703 0.9930341 0.99287784 0.9935462 0.9932917 0.9927988 0.9913669 0.9887486 0.9881842 0.9932586 0.9946619 0.9946363 0.9948342 0.99607307 0.99737614 0.9969608 0.99824226 0.99613535 0.99779975 0.9976555 0.998494 0.9990785 1.0000001 0.9993145 0.996861 0.99821025 0.99643594 0.9978981 0.99680525 0.9976732 0.99820083 0.9887022 0.9912961 0.99013597 0.9930729 0.99135834 0.99142575 0.9915862 0.98611414 0.98684055 0.98755574 0.9894035 0.99128515 0.99333906 0.99299836 0.99256164 0.9924451 0.99299324 0.99179333 0.99315256 0.9938662 0.9903405 0.9941967 0.9899608 0.99030155 0.9924402 0.9909834 0.98713726 0.9890243 0.9895431 0.9927424 0.9927172 0.99576867 0.9941915 0.99416095 0.99471974 0.9902421 0.988016 0.9870891 0.9883439 0.993106 0.99405026 0.99279445 0.987901 0.98925364 0.98994243 0.99245924 0.9897642 0.9914372 0.9928588 0.99253756 0.9916261 0.9901686 0.98918986 0.99124455 0.98914385 0.9874427 0.9859575 0.9852542 0.99025255 0.9913847 0.9911402 0.9923972 0.9921003 0.99020565 0.98957604 0.9909156 0.98713636 0.98358124 0.9837474 0.99164116 0.9895496 0.99067914 0.99148947 0.99296826 0.9897117 0.9902324 0.9901186 0.9925594 0.9919791 0.9886316 0.98765045 0.98998946 0.9914216 0.989926 0.9914586 0.9886501 0.9874674 0.9885958 0.98866767 0.9896618 0.98991984 0.9899073 0.9890263 0.9865959 0.9883685 0.98617744 0.9920287 0.9910432 0.9894279 0.99047303 0.99021673 0.98835856 0.9882324 0.9925848 0.9932771 0.9917798 0.99101746 0.99142736 0.9866509 0.99206024 0.9898809 0.99173903 0.9911496 0.98967797 0.99089223 0.99361044 0.99161273 0.99143255 0.9929518 0.99267185 0.9911607 0.9920352 0.99329823 0.98609436 0.98944914 0.9937284 0.9892503 0.98824894 0.99192595 0.9925225 0.99073464 0.99129444 0.9917463 0.99098706 0.9924962 0.99223095 0.99338436 0.99527085 0.9953251 0.9945178 0.9953634 0.9950611 0.99540216 0.9947721 0.9950415 0.9855725 0.9872811 0.9890967 0.99121976 0.99153644 0.9901471 0.98915946 0.9921618 0.9915474 0.9862286 0.9865267 0.98638564 0.987749 0.9891764 0.988721 0.98785925 0.9922536 0.9881118 0.98674536 0.981976 0.9903536 0.9903696 0.98994637 0.98954904 0.98889613 0.99475175 0.99354416 0.9915346 0.9912537 0.9941903 0.9925782 0.9902663 0.98927736 0.98817694 0.99074614 0.9902991 0.99386525 0.9883528 0.98909456 0.988533
RankovicxSvetolik_SRP18993SvetolikRSeoskaUciteljica-L2_7 0.99095446 0.99142754 0.9936689 0.9932119 0.99363226 0.9863276 0.98562837 0.9817141 0.9902253 0.9933111 0.99322325 0.99264646 0.9918637 0.9916106 0.99325603 0.99573326 0.99561 0.99544305 0.9939758 0.9923309 0.9918716 0.99333984 0.9892587 0.99260443 0.99280244 0.9935889 0.99353904 0.99411964 0.99342555 0.9937133 0.9952536 0.9923662 0.99339086 0.99063325 0.9891392 0.9923929 0.9931712 0.99397403 0.9931177 0.9948179 0.99464357 0.9933043 0.992686 0.9966148 0.9937758 0.9935051 0.9953481 0.9947696 0.99335694 0.9931747 0.99027205 0.9882308 0.9884563 0.99008596 0.986699 0.9953403 0.9939397 0.9911639 0.9945028 0.9928443 0.9926636 0.9958195 0.99184346 0.9912511 0.9877846 0.9897676 0.98997325 0.9866359 0.9878511 0.98951876 0.98959255 0.98597366 0.985551 0.9888459 0.9876091 0.9904559 0.9859851 0.98483837 0.9898319 0.9894416 0.9859031 0.99149865 0.99255913 0.9906351 0.99051625 0.99045324 0.99109757 0.9918497 0.9922995 0.991163 0.9910919 0.99356836 0.98657835 0.98526704 0.98509955 0.9872561 0.9842239 0.98727375 0.984126 0.9860361 0.9832153 0.98650426 0.9860712 0.98720205 0.98823905 0.9883014 0.98952997 0.98872447 0.9888859 0.98773074 0.98857415 0.9897881 0.990161 0.9907771 0.98988515 0.9901227 0.98705876 0.98609024 0.98437846 0.98587173 0.98603755 0.98303044 0.98850584 0.9879756 0.9898085 0.98772 0.99058795 0.9877367 0.9871136 0.9882973 0.9905191 0.9898685 0.9914829 0.99142087 0.9885295 0.99553317 0.995342 0.9947269 0.9947129 0.99000263 0.99014175 0.9868683 0.98920083 0.98893094 0.98586065 0.9872958 0.98797566 0.98572636 0.9885937 0.9884142 0.9892354 0.9840983 0.9819209 0.98022634 0.99208635 0.9934418 0.9949425 0.99242765 0.99102956 0.98885125 0.9926431 0.9878956 0.99260074 0.98965025 0.99082476 0.9920248 0.99390626 0.99197555 0.99097794 0.9907652 0.9916866 0.99103117 0.9895137 0.99176186 0.9913743 0.99240965 0.99166995 0.99303305 0.9926227 0.99293077 0.99205333 0.99398685 0.9948029 0.990572 0.98702633 0.98344845 0.99291885 0.9934677 0.9913406 0.99393207 0.9918753 0.9887638 0.9910983 0.9911591 0.99243337 0.9916199 0.9896304 0.989704 0.9880321 0.99150693 0.98927456 0.98944855 0.99154127 0.99121344 0.9905431 0.98914087 0.99151045 0.98934126 0.9876468 0.9855614 0.9875045 0.99117494 0.9920588 0.9888715 0.99151754 0.99348384 0.99095416 0.99335235 0.99240786 0.99049425 0.99194056 0.9899005 0.989363 0.9915702 0.9932085 0.99203223 0.99214655 0.9918744 0.9914293 0.98871917 0.99239314 0.982045 0.987434 0.99184775 0.9904488 0.9861428 0.9887674 0.98974425 0.98041165 0.9891628 0.99132556 0.98874223 0.97994304 0.9862519 0.9871801 0.98789626 0.9887947 0.988665 0.98706216 0.97751045 0.99094564 0.99215263 0.992492 0.98563665 0.979839 0.98610365 0.9864503 0.9901121 0.9867269 0.9813131 0.98509806 0.9841878 0.9834584 0.97950625 0.98417896 0.98633724 0.9863434 0.98393 0.9809177 0.9918104 0.99062556 0.9923428 0.9906777 0.9926928 0.9872927 0.9887078 0.98815113 0.99033874 0.99124026 0.99238807 0.9921554 0.9867626 0.98533016 0.99102455 0.9920586 0.98583543 0.9804915 0.9855019 0.98542094 0.9832218 0.98832434 0.9878597 0.9890767 0.9914881 0.98524266 0.98821336 0.98882324 0.98967844 0.9882832 0.985331 0.98462796 0.98624563 0.9852243 0.9854158 0.9869803 0.9866335 0.98694754 0.9845454 0.9887891 0.9904146 0.98809767 0.9863255 0.9890941 0.99006754 0.988259 0.99023855 0.9860872 0.989397 0.99063045 0.9915581 0.9919777 0.9922282 0.9918986 0.99306065 0.9951149 0.993631 0.99414885 0.99331397 0.99117416 0.99212027 0.9920587 0.99291646 0.9933509 0.99281883 0.99126935 0.9889566 0.98835766 0.99173075 0.9940231 0.9939865 0.9938605 0.99586487 0.99696237 0.9971183 0.99883944 0.99501956 0.99705553 0.99676996 0.99797237 0.9988319 0.9993145 1.0000002 0.9962706 0.99726546 0.99501896 0.9970348 0.99539256 0.9964194 0.9973612 0.9896511 0.9901327 0.98849356 0.99231577 0.99021816 0.990193 0.99042994 0.98415893 0.9852052 0.985982 0.98781914 0.990176 0.9925324 0.9922585 0.99254054 0.9914607 0.9922197 0.99098766 0.9932506 0.9941178 0.99116147 0.9935855 0.9908808 0.990917 0.99201787 0.991569 0.9884626 0.99012125 0.9903226 0.9916042 0.9935006 0.9950001 0.9947794 0.9933731 0.99384594 0.99060386 0.9877752 0.9868615 0.9883124 0.99286216 0.99442303 0.992215 0.98599565 0.98801416 0.98882836 0.9920099 0.98858285 0.9903973 0.99233073 0.9918555 0.9909186 0.98892087 0.9879976 0.9901614 0.9884378 0.98546404 0.9837469 0.98365915 0.9889042 0.98982483 0.9896474 0.99061483 0.99075705 0.9876826 0.98707557 0.9887423 0.9839041 0.9802701 0.98032767 0.9911765 0.9878804 0.9890549 0.9901363 0.9917213 0.9878969 0.9885286 0.9882783 0.99145424 0.9917179 0.9865969 0.9861325 0.98844653 0.98985016 0.9880779 0.9904251 0.9870436 0.9857351 0.9875704 0.9886678 0.9890651 0.98907393 0.9893896 0.98753387 0.9854709 0.98754275 0.98429626 0.9908239 0.98945534 0.9872612 0.9883245 0.9880647 0.9863241 0.98651755 0.9911717 0.9917376 0.9904356 0.98917794 0.9896358 0.9837066 0.9906533 0.9877812 0.9908563 0.9900046 0.9874784 0.98943347 0.9931203 0.9905968 0.9900511 0.9917332 0.9917199 0.9895806 0.9905105 0.9919233 0.9834159 0.987432 0.9925471 0.9869803 0.9858689 0.99084437 0.9918809 0.9906009 0.99049175 0.9908576 0.9904013 0.9919254 0.9912625 0.99289197 0.9949376 0.9948208 0.9942492 0.99472576 0.9952635 0.9950868 0.9944108 0.9944288 0.98270226 0.9850367 0.98709226 0.98981094 0.99060464 0.9885775 0.9873188 0.9906791 0.9902384 0.98372895 0.98385733 0.984056 0.98560303 0.98765045 0.9874597 0.9863929 0.9919099 0.9885967 0.98767906 0.98286253 0.9913084 0.9906227 0.9905956 0.9900327 0.9897502 0.9948962 0.9938906 0.9925548 0.99151725 0.99504375 0.99332815 0.9908926 0.9903206 0.9893858 0.9916351 0.99098456 0.9940779 0.98611814 0.9873498 0.9869617
RankovicxSvetolik_SRP19000SvetolikRPoruseniIdeali-L2_1 0.9935246 0.99644303 0.99594516 0.9923696 0.9941851 0.99278367 0.9906764 0.98671687 0.9950361 0.99639726 0.9960546 0.99716455 0.99468046 0.99450207 0.9974471 0.99695194 0.997104 0.99778694 0.9978853 0.99635714 0.99410087 0.9952793 0.99584264 0.99681556 0.99682707 0.9951511 0.99638414 0.99378896 0.9971001 0.99533224 0.9959475 0.9966513 0.9953746 0.9902672 0.9876101 0.9967278 0.99683833 0.9950091 0.99704874 0.9968264 0.9962132 0.994609 0.9952863 0.99513686 0.99652696 0.9973069 0.9964102 0.99584645 0.9961135 0.99437803 0.9944861 0.99259984 0.9911276 0.9931586 0.9900639 0.997862 0.99721944 0.9939493 0.9962047 0.9963263 0.9959422 0.99731475 0.9972198 0.9960811 0.9941716 0.99559283 0.99384123 0.99288416 0.99228287 0.9946041 0.99543214 0.9943529 0.99182963 0.99365604 0.99338746 0.99445355 0.99454397 0.99271846 0.99452865 0.99478734 0.9928111 0.99253696 0.9948656 0.99116665 0.9897742 0.99155927 0.9912785 0.9928186 0.993749 0.99154246 0.99234504 0.99408215 0.9920386 0.99112535 0.99073493 0.9916374 0.98820156 0.990233 0.9890644 0.98909634 0.9887087 0.9914018 0.99094594 0.9901819 0.98945665 0.9925314 0.9901731 0.99057823 0.9927102 0.9905607 0.9915195 0.99121 0.9917596 0.992735 0.9922222 0.99044985 0.9932643 0.99196774 0.9915976 0.99222094 0.99227935 0.98966044 0.9952769 0.9949662 0.9949834 0.9950288 0.99480677 0.99541175 0.9949503 0.99515116 0.9962421 0.9961959 0.9960762 0.9958276 0.99502695 0.9954749 0.9965685 0.99669904 0.9965847 0.9899709 0.9892904 0.98478746 0.9882028 0.9935876 0.9918852 0.9924584 0.99397916 0.9929466 0.9938155 0.9939699 0.9952916 0.9917182 0.9893439 0.98790294 0.9961284 0.9963652 0.9969115 0.99162745 0.9901202 0.99066705 0.9927991 0.98962164 0.9918576 0.99072886 0.9920574 0.9920276 0.9943523 0.9946922 0.9936797 0.9937183 0.993482 0.9906373 0.99227756 0.9921427 0.99029005 0.991475 0.99511194 0.9940591 0.9933423 0.9967692 0.9951399 0.9951777 0.99536973 0.9913707 0.9881935 0.9847206 0.9963104 0.9954059 0.9941192 0.9952947 0.99469733 0.9941205 0.99243784 0.9949185 0.9940327 0.99627626 0.9956504 0.9957716 0.9934759 0.99505293 0.9917073 0.99175346 0.9938857 0.992489 0.9946885 0.9907691 0.9913953 0.9913239 0.9891199 0.9866125 0.9877455 0.9912177 0.9960324 0.9952981 0.99658376 0.9951247 0.996224 0.99531704 0.9947346 0.9961138 0.9959989 0.9913274 0.9908728 0.99366903 0.99551094 0.9943962 0.9931628 0.9957008 0.994433 0.99344945 0.9945742 0.9922806 0.9950168 0.99552125 0.99360484 0.9915749 0.9926523 0.99135107 0.9882808 0.9918321 0.99404734 0.98792934 0.9797971 0.98668516 0.98890793 0.9921682 0.9925605 0.994314 0.99474835 0.9873895 0.99442106 0.99488086 0.99548197 0.9918236 0.99038094 0.9929706 0.99439174 0.99501055 0.99435353 0.9900796 0.9929815 0.9915748 0.9885939 0.9879562 0.990206 0.99217224 0.991583 0.9893147 0.986324 0.99513805 0.99485254 0.9955528 0.99629706 0.9955243 0.9929317 0.99382246 0.99503595 0.9965339 0.99412143 0.9961246 0.9952133 0.99359024 0.9936942 0.99527496 0.9954631 0.9923354 0.98822504 0.9933756 0.99327797 0.99101907 0.9951844 0.9943905 0.99537337 0.9959507 0.99247825 0.99365115 0.9934974 0.99583495 0.9938181 0.99167794 0.99109626 0.990598 0.9883926 0.9904596 0.9895787 0.98909014 0.9894245 0.9883993 0.9945209 0.9937754 0.9923682 0.9928647 0.9943371 0.9952179 0.9943006 0.994884 0.9924789 0.99425054 0.9971351 0.99730814 0.995412 0.99617404 0.9953106 0.995137 0.99512744 0.9928405 0.99399596 0.9972831 0.9956791 0.9969612 0.99705887 0.9924713 0.9910834 0.9899706 0.99149436 0.9893185 0.9879567 0.9978092 0.9974791 0.99717903 0.9968435 0.997218 0.99853444 0.9963025 0.99589473 0.99828017 0.99724835 0.9975916 0.9989323 0.99747354 0.996861 0.9962706 0.99999994 0.9988125 0.99818236 0.9978721 0.9981041 0.99741197 0.99715567 0.9863264 0.9945358 0.99435276 0.99562305 0.9943807 0.99465954 0.9953574 0.9906358 0.990435 0.9915668 0.99322784 0.993535 0.99552727 0.99594927 0.993625 0.9958832 0.99664587 0.9953818 0.99441946 0.99632 0.98990667 0.99692434 0.9903359 0.9909517 0.99479836 0.99147385 0.9871261 0.9890505 0.9902187 0.9969567 0.9923167 0.9975318 0.9947205 0.9970784 0.99675304 0.990378 0.9901703 0.9891208 0.989812 0.99372977 0.99413604 0.99529886 0.99279207 0.99403965 0.9953837 0.9962095 0.995036 0.99616915 0.9967021 0.99633664 0.9949364 0.9916162 0.9902288 0.9939822 0.9911332 0.9901502 0.9892136 0.9870204 0.9916204 0.9936049 0.9933224 0.99529636 0.99450123 0.9934134 0.9934198 0.99348533 0.99029875 0.9874759 0.9875479 0.99234897 0.99188507 0.9926299 0.99360925 0.9950887 0.99264467 0.99330485 0.99243456 0.9948783 0.9926714 0.9934649 0.9934653 0.99335015 0.9939246 0.9924742 0.9928202 0.99138534 0.9889037 0.99373966 0.99247724 0.99432874 0.99450654 0.99348164 0.9944677 0.992882 0.99392027 0.9929249 0.9946959 0.9939277 0.99316436 0.99396276 0.994194 0.9938533 0.99229 0.9948427 0.9960941 0.9954488 0.9938593 0.9958884 0.9912278 0.99626267 0.9948074 0.994815 0.9931156 0.99362403 0.9944814 0.99691325 0.99524 0.99374086 0.9963722 0.99586976 0.9953331 0.9953449 0.9964357 0.9896156 0.99183655 0.99513453 0.9928515 0.99429154 0.99463564 0.99460703 0.9919792 0.9934283 0.9932302 0.99207896 0.9944685 0.99304676 0.99471635 0.9954971 0.9950894 0.99262094 0.9945464 0.9937452 0.99414057 0.9940047 0.9922277 0.9911078 0.9930474 0.9935314 0.9942704 0.9929804 0.993138 0.9936105 0.9942752 0.9942125 0.99275637 0.9916376 0.99215764 0.9922036 0.9926499 0.9927577 0.9908212 0.99294543 0.9876223 0.986029 0.98084587 0.9909434 0.9909666 0.9900931 0.990215 0.9879674 0.99413013 0.99207985 0.98848015 0.9902086 0.9916403 0.99121916 0.9894192 0.985901 0.9856303 0.9885409 0.98892194 0.99278146 0.99190974 0.99096984 0.9915998
RankovicxSvetolik_SRP19000SvetolikRPoruseniIdeali-L2_2 0.99435514 0.9960974 0.9966094 0.99404836 0.99510515 0.9929242 0.9912237 0.9887129 0.9939962 0.99564266 0.99573696 0.99632674 0.99429023 0.994016 0.99663126 0.99661946 0.997298 0.9976562 0.997244 0.9954964 0.9935268 0.9950972 0.9936027 0.9952848 0.99542797 0.9945932 0.99579144 0.99373305 0.996108 0.9948944 0.9960822 0.9954556 0.9951124 0.99066556 0.9885819 0.9958188 0.9956604 0.9951359 0.99632645 0.99659073 0.9962061 0.9945869 0.995366 0.9960339 0.9964338 0.9962803 0.9965217 0.99626297 0.99539524 0.9949002 0.9943606 0.99280286 0.99254674 0.9946958 0.9920237 0.9978393 0.99711376 0.9938695 0.9965054 0.9961983 0.9962684 0.997062 0.9962666 0.9957429 0.99326664 0.9947309 0.99467176 0.9927764 0.9929721 0.99382293 0.9954971 0.992855 0.9920714 0.99364114 0.9932548 0.9943855 0.99281585 0.99199265 0.99493873 0.9937605 0.99220705 0.99431795 0.9958182 0.99204993 0.991301 0.99226516 0.9921351 0.99372774 0.99416 0.99325234 0.9936027 0.9949984 0.9927335 0.99094915 0.9906414 0.9926199 0.9893077 0.9910104 0.98996997 0.9905853 0.9890431 0.9915593 0.99113494 0.99060416 0.9902688 0.993423 0.99146783 0.99134314 0.9930268 0.9912341 0.99183375 0.99204224 0.99292946 0.99369323 0.9931765 0.991943 0.99308 0.9909139 0.9904366 0.99125737 0.9912243 0.9890486 0.99419713 0.9931211 0.99363554 0.99338865 0.9944074 0.9933526 0.9936256 0.99385273 0.9948967 0.9948665 0.9951246 0.9951219 0.99404186 0.99637103 0.9973531 0.9976796 0.9969596 0.99162 0.99076456 0.9868581 0.9898718 0.9933868 0.9909436 0.9918324 0.99444246 0.9924346 0.9940837 0.9938133 0.99502575 0.99140346 0.9900438 0.98787117 0.9962334 0.99648386 0.9970971 0.99325883 0.9921137 0.9922366 0.99462134 0.9914043 0.99370503 0.99265814 0.99372053 0.9936832 0.99577856 0.99522305 0.9951154 0.99464643 0.9951056 0.9920901 0.99244267 0.9931672 0.9915006 0.99299556 0.99569446 0.9952382 0.99413294 0.99652964 0.99509335 0.99541277 0.99554896 0.9921433 0.98855495 0.98533547 0.996172 0.99620336 0.99469453 0.9964061 0.99446005 0.99323565 0.99258935 0.99471605 0.9942588 0.99528253 0.99473345 0.9952422 0.99365526 0.9958432 0.9936132 0.99311996 0.99486446 0.99395144 0.99531555 0.9927399 0.993658 0.9927181 0.9913295 0.98878515 0.9900326 0.9929075 0.99557585 0.9940418 0.9957902 0.99483114 0.9951373 0.9952775 0.9945019 0.995476 0.9959173 0.9929771 0.99245816 0.9944936 0.9964983 0.9958427 0.9943485 0.9960975 0.99590576 0.9943563 0.9955252 0.9888233 0.9925714 0.99612087 0.9950864 0.992087 0.993534 0.9937962 0.98819023 0.99356365 0.9949005 0.9892371 0.9807854 0.9878681 0.9897436 0.99294245 0.9936645 0.99386525 0.9933709 0.98585546 0.99457943 0.9948157 0.9955065 0.99150723 0.9890578 0.9928184 0.9932145 0.99502265 0.9935146 0.98839563 0.9916965 0.99084586 0.9897157 0.987967 0.9906881 0.9923823 0.992014 0.9897925 0.98747754 0.99571836 0.9948391 0.9961963 0.99602723 0.9962312 0.99347305 0.99413633 0.993915 0.99507755 0.99386877 0.99555355 0.99523175 0.9929726 0.9922804 0.9954096 0.99511606 0.9922281 0.9882221 0.9921052 0.99194956 0.9899959 0.9940504 0.9937009 0.99456114 0.9957877 0.9923917 0.9942518 0.99447095 0.99519885 0.99398696 0.99225616 0.9919042 0.9901891 0.9882904 0.989741 0.98933625 0.988788 0.98924506 0.98811126 0.99303335 0.99372 0.9926303 0.9918285 0.9934042 0.99453986 0.9937659 0.994486 0.99243593 0.9942645 0.99619794 0.9968168 0.99591017 0.99639773 0.99560237 0.99555373 0.9956145 0.99369884 0.99479556 0.9966655 0.9953704 0.9960941 0.9959674 0.99415183 0.9928135 0.9921298 0.99254 0.9898517 0.9888736 0.9969206 0.99699414 0.99679166 0.9968813 0.99748987 0.9985255 0.99718285 0.9968212 0.9983726 0.9983165 0.99840397 0.9986829 0.9984351 0.99821025 0.99726546 0.9988125 0.9999998 0.99895674 0.9991713 0.9986514 0.9988898 0.9985938 0.98811686 0.9938353 0.9932106 0.9949178 0.9934296 0.99373007 0.9938109 0.99042183 0.99022573 0.9911945 0.99293005 0.99370086 0.99521375 0.9962083 0.99451613 0.99547565 0.99623764 0.9950467 0.99483585 0.9958818 0.99121344 0.9967834 0.99136955 0.99190396 0.99509907 0.9924971 0.9880816 0.99032927 0.99095666 0.9963422 0.9932826 0.9976009 0.9950819 0.99683005 0.996963 0.99140453 0.99049497 0.9895681 0.9905181 0.99459726 0.994886 0.9944846 0.9918286 0.992139 0.9933593 0.99467885 0.99314666 0.9944507 0.9952526 0.9949786 0.99495053 0.9932938 0.99197114 0.9942217 0.9919455 0.99179447 0.9903896 0.98896664 0.9928204 0.99422085 0.9938396 0.99562067 0.9947135 0.9933253 0.9933611 0.9938843 0.9907813 0.9879302 0.98788 0.99334025 0.9926851 0.99354714 0.994409 0.9955534 0.9930049 0.993304 0.9930972 0.9951762 0.99321777 0.9925481 0.99161315 0.9928418 0.99405813 0.99254394 0.99293864 0.9914221 0.98966444 0.9922012 0.9909922 0.9931601 0.9930523 0.9924994 0.9929222 0.9908005 0.9920987 0.9909403 0.99460435 0.99397266 0.99283886 0.9937853 0.9936425 0.9925311 0.9917933 0.9955064 0.99603504 0.99470305 0.99429774 0.9953186 0.991325 0.9957051 0.9939786 0.9943764 0.9937325 0.9938387 0.99486417 0.99620533 0.99486417 0.9943285 0.99602413 0.9956757 0.99489146 0.9953065 0.9962606 0.9902849 0.9927898 0.99583447 0.9932404 0.99304616 0.9946575 0.9950951 0.99268895 0.9939975 0.9943201 0.993552 0.99478734 0.9944265 0.99525595 0.99653816 0.9962623 0.99438524 0.99602586 0.9949968 0.9957283 0.99528825 0.99454564 0.99014455 0.9913739 0.9926962 0.9939266 0.9932709 0.9931624 0.9928669 0.99459773 0.99400735 0.9912478 0.9910294 0.99100757 0.9914871 0.9921449 0.9920832 0.99081004 0.9939936 0.9892107 0.9869857 0.9822504 0.9910566 0.9915954 0.9909325 0.9907138 0.9891496 0.9950509 0.9931777 0.9898513 0.9911811 0.9929561 0.99207795 0.9903369 0.9879613 0.9870777 0.9899881 0.98996615 0.9937252 0.9922925 0.9919977 0.9921145
RankovicxSvetolik_SRP19000SvetolikRPoruseniIdeali-L2_3 0.99403596 0.99607456 0.99622184 0.9930033 0.9942119 0.99452823 0.99265945 0.99046236 0.99459213 0.9958398 0.996113 0.99711454 0.99453515 0.9942453 0.99758136 0.99635494 0.997626 0.9979932 0.9979363 0.9961788 0.99400234 0.99547637 0.9944132 0.99531007 0.9954239 0.9939109 0.9958418 0.99269706 0.9963676 0.9951986 0.99583995 0.99629116 0.99562174 0.99020505 0.9878673 0.9962982 0.9958817 0.99485457 0.9959991 0.99611 0.9956856 0.9939007 0.995214 0.9946495 0.99557555 0.9962051 0.995943 0.9958349 0.99568343 0.9947641 0.99557954 0.9944219 0.993731 0.9949204 0.9932586 0.99725014 0.9967356 0.9931514 0.99542135 0.99653935 0.9965955 0.9962639 0.9964402 0.9958076 0.993864 0.9951843 0.9950306 0.9941028 0.99398637 0.99429494 0.9963374 0.99397624 0.9937303 0.9950712 0.9949683 0.9953672 0.9947771 0.9943575 0.99597615 0.9947714 0.99439955 0.99393255 0.99558043 0.99140394 0.9895656 0.9919106 0.9916189 0.9933521 0.9939858 0.99253756 0.99344224 0.9952903 0.99454683 0.9937952 0.9932804 0.9945572 0.99123394 0.9924619 0.99224913 0.9923989 0.9919843 0.9941767 0.99369127 0.99170995 0.99041444 0.994111 0.9912191 0.9915487 0.9939227 0.9919976 0.9925313 0.99206793 0.9929375 0.9939738 0.9933767 0.991648 0.9948628 0.99255633 0.9926881 0.9930819 0.99320996 0.9916279 0.99619263 0.99472034 0.9947331 0.9950446 0.99560606 0.994783 0.995217 0.99548376 0.99587184 0.99589056 0.99569684 0.9958433 0.9959082 0.9956857 0.99691147 0.9972577 0.9962845 0.9897552 0.9890227 0.98468065 0.98799103 0.9945387 0.9927335 0.99338156 0.9955931 0.99415046 0.9951803 0.9951779 0.9954312 0.9934941 0.9925532 0.990209 0.9966083 0.99680334 0.99692607 0.99263966 0.9919958 0.9928889 0.9943776 0.9922637 0.9937344 0.9933597 0.994169 0.9935809 0.9954124 0.9960012 0.99598056 0.99573064 0.99602693 0.99220556 0.9928316 0.99264663 0.99077785 0.992152 0.9969732 0.99575686 0.9944453 0.9972084 0.99569046 0.9953363 0.9952486 0.9914011 0.9886018 0.98563975 0.99683124 0.9964756 0.9953818 0.99649864 0.9953719 0.99493545 0.99320626 0.9960595 0.9948505 0.9963657 0.9962377 0.99631447 0.9947122 0.99633557 0.99372244 0.9936143 0.9949476 0.9939415 0.995653 0.99268365 0.99301016 0.9928057 0.991345 0.9891027 0.98995095 0.9925761 0.99587005 0.99516606 0.99620223 0.99409366 0.9953925 0.99442834 0.9942392 0.9961721 0.996145 0.9931518 0.99278045 0.9945097 0.99700296 0.99656034 0.99419993 0.99690306 0.9966843 0.9958143 0.99568915 0.9896653 0.9924619 0.9965419 0.9954649 0.99320334 0.99407816 0.99429816 0.99029243 0.99358666 0.99509317 0.9885991 0.98071826 0.9876002 0.98982316 0.9936255 0.9943923 0.994519 0.99471647 0.9882078 0.9945434 0.99464905 0.995457 0.9929393 0.99169326 0.9942454 0.99515975 0.9960124 0.995297 0.99087787 0.99349374 0.99285424 0.991922 0.9912509 0.99267316 0.99418306 0.9940496 0.9920996 0.9900774 0.9965189 0.9959957 0.9966018 0.9966396 0.9962884 0.99478817 0.9956758 0.99454105 0.99542075 0.9925463 0.99506843 0.9947513 0.99422306 0.9936052 0.9957808 0.9942958 0.9933739 0.9902115 0.9936559 0.993561 0.99176824 0.9946339 0.9950646 0.99501574 0.996234 0.99395764 0.99537075 0.9952659 0.99610645 0.99539423 0.9941414 0.9936693 0.99163234 0.9897192 0.99143773 0.9904537 0.9898484 0.9902869 0.9898741 0.99409914 0.9941252 0.99405503 0.99306166 0.9942315 0.9951017 0.9945494 0.9949184 0.99403346 0.99507344 0.9970051 0.9976572 0.99645483 0.9966853 0.9963692 0.9947274 0.9942213 0.992112 0.99331635 0.9970016 0.9959948 0.99654466 0.99653655 0.9919016 0.98997045 0.98942655 0.991755 0.9893537 0.9878401 0.9978713 0.99724245 0.99713147 0.9972638 0.9971949 0.997994 0.9962313 0.99502075 0.9982325 0.997303 0.9977216 0.99749017 0.99718845 0.99643594 0.99501896 0.99818236 0.99895674 1.0000001 0.9991545 0.9988661 0.9986616 0.99767447 0.9865833 0.9941542 0.99400103 0.9948324 0.9937948 0.9941916 0.9940395 0.9915317 0.9909393 0.9921547 0.9939115 0.99380267 0.9950338 0.9970854 0.99475586 0.99641144 0.99699473 0.99587137 0.9945262 0.99553156 0.9907913 0.9971974 0.9911427 0.99191856 0.9959015 0.9924562 0.98766124 0.99002826 0.99095696 0.9971992 0.9924499 0.99759 0.99464077 0.9971772 0.9973674 0.991318 0.99131656 0.9903828 0.9911962 0.99462926 0.9932861 0.9941541 0.99318004 0.99254465 0.994158 0.99442106 0.9940085 0.99465704 0.9953078 0.9948613 0.9962338 0.9953418 0.9938941 0.99533397 0.99306583 0.9941653 0.9932903 0.9915606 0.993479 0.99480355 0.99453855 0.9965756 0.99537605 0.9946187 0.99489427 0.9949312 0.99223256 0.9900291 0.9902082 0.9930865 0.99355423 0.9939683 0.9952667 0.9958314 0.9942434 0.9942146 0.9939453 0.99516076 0.99293727 0.9942128 0.99278605 0.9933333 0.99468094 0.99380857 0.99349713 0.991838 0.9900379 0.9930559 0.9909772 0.99375767 0.9934658 0.99280584 0.9941496 0.99219155 0.9932092 0.99272126 0.99551463 0.9953246 0.99444926 0.9951074 0.99501324 0.9938352 0.9931076 0.9964911 0.99666786 0.99537426 0.9951794 0.9960816 0.9933938 0.99643713 0.995665 0.99468964 0.9942252 0.99512446 0.9961351 0.99647456 0.99571854 0.9951747 0.9968548 0.99632955 0.9962131 0.9963405 0.9969045 0.99224395 0.9941667 0.9956888 0.9948274 0.994944 0.9952847 0.99561906 0.992656 0.9945362 0.9950689 0.99429345 0.9950367 0.99488217 0.99538 0.99550074 0.9956911 0.9938481 0.9951932 0.99416435 0.994908 0.9945077 0.9931224 0.99161214 0.9921763 0.99320596 0.99402124 0.9928851 0.99334025 0.99321747 0.99457425 0.9938438 0.9929588 0.99215674 0.9923746 0.9925325 0.9927564 0.9928995 0.99139404 0.99412566 0.98946065 0.98644376 0.9821169 0.99089384 0.9921134 0.99094415 0.99108326 0.98891455 0.9946215 0.9926651 0.9887142 0.9910212 0.99167573 0.9913686 0.98989046 0.9868611 0.9861892 0.9890963 0.98966986 0.99332863 0.9941259 0.9932729 0.99388623
RankovicxSvetolik_SRP19000SvetolikRPoruseniIdeali-L2_4 0.993516 0.99482054 0.9958346 0.9935886 0.9944594 0.99244934 0.99084496 0.98870444 0.99364406 0.9956007 0.99591845 0.99608904 0.9946033 0.99436307 0.9967701 0.9968014 0.9977447 0.997803 0.99709266 0.9955542 0.99424785 0.9957094 0.9925627 0.9946244 0.9949241 0.99458474 0.9957637 0.99412215 0.9962699 0.9958109 0.9968896 0.9957478 0.99608135 0.9908959 0.98916507 0.9951108 0.99495435 0.9950532 0.9950047 0.99562836 0.9955772 0.99403805 0.994406 0.99576426 0.99493575 0.99514467 0.995898 0.995781 0.9951561 0.99489796 0.99429315 0.99306726 0.992913 0.9944687 0.9926633 0.99695617 0.9960329 0.9926998 0.99560285 0.9958423 0.9959969 0.9963637 0.99537385 0.9948528 0.99206436 0.9936143 0.994155 0.9923348 0.99292064 0.9926242 0.99465024 0.9916993 0.9916878 0.99363637 0.99300134 0.9943815 0.9920289 0.99153274 0.9943586 0.9931835 0.99190366 0.99377185 0.9950481 0.9916589 0.9901736 0.99195045 0.9921682 0.9934737 0.9939729 0.9924499 0.9928541 0.9959476 0.992498 0.9914101 0.99090296 0.99286807 0.9895079 0.99110144 0.9900208 0.9910568 0.98939747 0.9922656 0.9919224 0.9908197 0.9905343 0.9923373 0.9914032 0.99117494 0.9924728 0.9909936 0.9915236 0.9917451 0.99260724 0.99333066 0.9926435 0.9918791 0.99265015 0.9901903 0.9901084 0.99088156 0.99092406 0.98943454 0.9941175 0.992729 0.9932036 0.9927236 0.994658 0.9926183 0.99275184 0.99332875 0.9944076 0.99418414 0.99469256 0.9947614 0.99408484 0.99651664 0.9968937 0.99702203 0.9963409 0.9902254 0.9896209 0.9856311 0.9884208 0.99292904 0.9907424 0.9916725 0.9936657 0.9916028 0.9935944 0.9933708 0.9934109 0.9907251 0.98989093 0.9874268 0.99537563 0.9960396 0.9968959 0.99309826 0.9922927 0.9931544 0.99516946 0.9925465 0.9950343 0.99386555 0.99459785 0.9943088 0.99598557 0.99554205 0.9956108 0.9950143 0.9957915 0.99311644 0.99251443 0.9932852 0.99201393 0.9931526 0.9962762 0.99608594 0.994868 0.9961127 0.9950838 0.99580854 0.9958652 0.9918071 0.9886571 0.9858438 0.99573445 0.9960561 0.99463147 0.9963817 0.99520636 0.99373263 0.9936756 0.99551076 0.9952013 0.99545896 0.9944615 0.9944057 0.9930153 0.9956038 0.99326324 0.9931251 0.9946663 0.993837 0.99434376 0.9924281 0.993532 0.9925831 0.99127084 0.9891111 0.9902041 0.99309313 0.9950623 0.9934777 0.99532986 0.99442875 0.9944381 0.9945149 0.9942441 0.9948768 0.9953572 0.99295175 0.99270856 0.9945259 0.99663293 0.99583364 0.99455875 0.996056 0.99578285 0.9942177 0.99526095 0.9867185 0.9905396 0.9952485 0.9938408 0.9906362 0.99202657 0.99356204 0.9866706 0.9922368 0.9942419 0.98959386 0.9821544 0.988228 0.99002993 0.99200255 0.9926192 0.9928394 0.9926247 0.9849063 0.9940499 0.9943914 0.994899 0.99108034 0.98809516 0.9918855 0.9926491 0.99445236 0.99277925 0.98801494 0.99106663 0.9904444 0.98970383 0.9877137 0.99023145 0.99215835 0.9921252 0.9899324 0.9876733 0.99572307 0.99507856 0.99564826 0.99520457 0.9958055 0.99307686 0.99407613 0.9925365 0.9935762 0.9916029 0.9941453 0.9937719 0.99198323 0.9909667 0.9945157 0.9935022 0.99151576 0.9877696 0.9910073 0.9910704 0.9895834 0.992501 0.99272245 0.99327487 0.99487585 0.9913997 0.9934685 0.9939698 0.9942874 0.9934774 0.9918999 0.99155176 0.99056506 0.9892768 0.9902468 0.9903076 0.98964655 0.99019235 0.98907346 0.99216837 0.9927704 0.9919983 0.99068666 0.99265647 0.9934285 0.9923755 0.9934624 0.9914965 0.9933777 0.99527115 0.9957477 0.9957235 0.99569196 0.99566406 0.9943197 0.9948205 0.9929819 0.9939688 0.99615896 0.9949081 0.99561256 0.9954463 0.99243486 0.99120355 0.9908952 0.9923232 0.990169 0.9887347 0.99616235 0.9968041 0.99655217 0.9966277 0.9975231 0.9981026 0.99724 0.9969716 0.9975128 0.9978051 0.99792045 0.99776715 0.99840426 0.9978981 0.9970348 0.9978721 0.9991713 0.9991545 0.99999964 0.99858266 0.99902534 0.99857783 0.9888883 0.9925449 0.99172956 0.993614 0.99209845 0.99248713 0.9922867 0.9895135 0.98950714 0.99039775 0.99226147 0.992956 0.9943161 0.99612445 0.99521947 0.9951693 0.99593663 0.99477154 0.9949335 0.99559385 0.9921079 0.99654925 0.99236506 0.9927925 0.99538136 0.9933844 0.98908615 0.9913424 0.99188423 0.99576646 0.993698 0.9972837 0.9956196 0.9965019 0.9968678 0.9918857 0.9909846 0.990122 0.99130887 0.99465954 0.99401385 0.9929135 0.9904378 0.9903182 0.991825 0.99329287 0.99167085 0.9927512 0.99409425 0.9934881 0.9951464 0.99472684 0.9935176 0.99431163 0.992358 0.9926683 0.99152154 0.990688 0.9929404 0.9938923 0.993605 0.99521506 0.9944912 0.99263453 0.9928564 0.99361205 0.9901779 0.9875781 0.9876394 0.993239 0.9924602 0.99298614 0.9944574 0.99520564 0.9927759 0.99295664 0.99276525 0.9945395 0.99346155 0.9921173 0.99073744 0.9920763 0.9939202 0.99280405 0.9934556 0.9903773 0.98882174 0.991345 0.9901858 0.992486 0.9919405 0.9918845 0.9922149 0.99006766 0.9914651 0.9900069 0.994644 0.9941939 0.9925949 0.9933979 0.99325776 0.991477 0.99123734 0.9959117 0.995672 0.99402416 0.99389356 0.99457014 0.99062717 0.99514747 0.9935484 0.993782 0.99363464 0.9934579 0.99483114 0.995636 0.99481374 0.99438053 0.99596566 0.9954744 0.9944135 0.9949174 0.9956942 0.9898257 0.99273026 0.9950036 0.9928658 0.9922107 0.99385405 0.9949454 0.9924897 0.99366677 0.99414474 0.9939669 0.99440056 0.9942268 0.9949296 0.9958568 0.9958463 0.99470514 0.9956262 0.995501 0.99592096 0.99512446 0.99426407 0.9889903 0.989801 0.9913137 0.9929189 0.9924359 0.99198556 0.991398 0.9937195 0.9930314 0.98996866 0.98950183 0.98976797 0.99045366 0.9914326 0.9914792 0.9902408 0.9943927 0.9908048 0.9882367 0.98415715 0.99184877 0.99262536 0.9918589 0.9916674 0.9904199 0.9957152 0.9942914 0.9913063 0.99248356 0.99409664 0.99322444 0.9915105 0.98960996 0.9888376 0.99140865 0.9914949 0.9946996 0.9917457 0.9917638 0.9921734
RankovicxSvetolik_SRP19000SvetolikRPoruseniIdeali-L2_5 0.9932305 0.9952856 0.9957042 0.99151057 0.993028 0.9938451 0.99274695 0.99064785 0.9920866 0.9938682 0.9937508 0.9953112 0.9919408 0.9913765 0.99580413 0.99481136 0.99642426 0.9973437 0.996804 0.99348545 0.9909676 0.9928478 0.99331206 0.99429196 0.99449944 0.9925779 0.9945613 0.99112695 0.99529827 0.99337673 0.99468136 0.99499923 0.99383825 0.9878812 0.9852847 0.9961587 0.9960146 0.9946443 0.9951403 0.99481785 0.9942661 0.9919258 0.99405664 0.9934383 0.99625915 0.9960234 0.99452627 0.9938421 0.99347144 0.99229413 0.9924776 0.9908111 0.9903552 0.99370146 0.9913669 0.99721175 0.99682474 0.9953497 0.9964772 0.99544865 0.9957071 0.9967881 0.9955952 0.9952546 0.99491847 0.996174 0.99299914 0.9920051 0.9914025 0.99184793 0.99436176 0.9927844 0.9915024 0.9920626 0.9921522 0.99260587 0.99312526 0.99278986 0.9940617 0.992162 0.9924601 0.99201554 0.99445796 0.9884175 0.9869077 0.988956 0.98846734 0.99075156 0.9913264 0.99063575 0.99071914 0.99252903 0.99232286 0.9910955 0.9904081 0.9915318 0.9884397 0.98919976 0.9893614 0.9894583 0.98946387 0.99125797 0.98999757 0.9873036 0.9861149 0.9905979 0.98733544 0.9873329 0.98998845 0.987649 0.9883232 0.98821306 0.98943037 0.9906373 0.99007297 0.9880535 0.99153864 0.9888463 0.9889718 0.98963124 0.99005646 0.9877295 0.9936537 0.99165577 0.9918515 0.99248487 0.99267495 0.9927459 0.9942191 0.9931959 0.99396837 0.9940542 0.99320054 0.9933224 0.99331534 0.99471766 0.9966573 0.99703 0.9957349 0.9882817 0.98657256 0.9824166 0.985783 0.9921584 0.9890197 0.9895665 0.99377704 0.99209297 0.9931803 0.9925385 0.99607354 0.99274004 0.9911882 0.98981285 0.9942792 0.9947653 0.9949709 0.9898798 0.98910594 0.9899679 0.99188924 0.9886428 0.99150836 0.9906641 0.99136764 0.99037117 0.99347633 0.99272794 0.99380094 0.9919709 0.9927946 0.98855436 0.9888967 0.98911625 0.98722184 0.9889697 0.9945308 0.99339366 0.99217105 0.9948473 0.992696 0.99273187 0.99260384 0.98807365 0.9839165 0.9800424 0.9944541 0.9938935 0.99195117 0.99449307 0.99286276 0.99156594 0.9898527 0.9931676 0.9919188 0.99361134 0.99348056 0.99457115 0.99287987 0.9941983 0.9920733 0.9907129 0.99287117 0.99253523 0.9943854 0.9900405 0.99103665 0.98925483 0.98930067 0.9874637 0.9881448 0.98951644 0.99455696 0.99419355 0.9949907 0.9925537 0.99432814 0.9935583 0.9924624 0.99569774 0.9958295 0.9922641 0.99215615 0.99359626 0.99559724 0.9957227 0.9913964 0.99524987 0.99523073 0.9944132 0.9943612 0.9911152 0.9933048 0.99413276 0.99363106 0.99126744 0.9917031 0.9919853 0.98807806 0.9922855 0.99232626 0.9849807 0.97575843 0.9837571 0.98622495 0.99155706 0.99195933 0.99470264 0.9936474 0.98659974 0.99347293 0.99308527 0.9949248 0.99210924 0.99065566 0.9926279 0.99323815 0.9952656 0.99397707 0.98884916 0.99159545 0.99089825 0.9892801 0.9886266 0.9899502 0.9907038 0.990799 0.98929876 0.9873119 0.9937973 0.9928955 0.9944934 0.9948676 0.99380994 0.9922601 0.99294174 0.9941134 0.9944362 0.9913208 0.99349904 0.9932274 0.9936275 0.99310553 0.993985 0.9936764 0.99259156 0.9886362 0.992401 0.9918886 0.99005127 0.9944507 0.99323016 0.99419487 0.9947589 0.9927329 0.993819 0.99378407 0.99422514 0.99350655 0.9919151 0.9918686 0.9883829 0.984904 0.98805743 0.98631275 0.9859474 0.98591685 0.98577785 0.99234396 0.992496 0.991583 0.9898495 0.99107146 0.9926623 0.9924425 0.9922323 0.9913026 0.9922504 0.99519444 0.9961635 0.9940747 0.99458253 0.99392164 0.9922319 0.9924083 0.98979956 0.9914275 0.99525875 0.9931606 0.99426705 0.9942721 0.9921767 0.99028504 0.99020326 0.9886139 0.98550457 0.9841292 0.9961388 0.99496114 0.99474907 0.9950295 0.9953616 0.9967733 0.9944733 0.99514854 0.99678946 0.99601257 0.9962591 0.99774945 0.99641275 0.99680525 0.99539256 0.9981041 0.9986514 0.9988661 0.99858266 0.9999998 0.99924093 0.9984645 0.9838502 0.99155825 0.9916557 0.9927904 0.9913375 0.9919463 0.99294347 0.9895431 0.98853433 0.9895171 0.99179345 0.99232554 0.9939422 0.9947962 0.99201226 0.9941148 0.9948714 0.993251 0.99223727 0.9937051 0.98773986 0.9955807 0.98798394 0.98885137 0.99315995 0.9894023 0.9841582 0.9871797 0.9877232 0.99575925 0.99066806 0.99638146 0.99268687 0.99565315 0.9959409 0.987202 0.9865741 0.98560137 0.98667467 0.99141324 0.9918376 0.9929813 0.99133915 0.9913861 0.9929201 0.99365085 0.9922774 0.99403125 0.9947171 0.99413717 0.99347216 0.9922956 0.99060476 0.9930806 0.9890879 0.9906578 0.9895901 0.9874636 0.9903896 0.9926214 0.9915242 0.9943454 0.992339 0.99269843 0.992795 0.992132 0.9916062 0.9882674 0.98831236 0.9899004 0.99042857 0.9911944 0.99234414 0.99363995 0.99208546 0.9919846 0.99134445 0.9933223 0.9898489 0.99252915 0.99019957 0.9909407 0.9921856 0.9911596 0.9909721 0.9887147 0.9863963 0.9900737 0.9878644 0.991001 0.99091876 0.98976207 0.99183214 0.98904884 0.990208 0.9903635 0.9924425 0.99223787 0.99179715 0.9920726 0.99284464 0.9918411 0.98983663 0.9942657 0.99549496 0.99363893 0.99287 0.9946393 0.99138653 0.9948065 0.99330974 0.992144 0.9918476 0.9939401 0.9935994 0.99419206 0.99282765 0.9927447 0.995055 0.99433213 0.99461484 0.99476576 0.99558264 0.9902186 0.99171096 0.9944087 0.99231815 0.99330676 0.9923879 0.9927676 0.98907936 0.9912553 0.99198145 0.9914526 0.99204814 0.99229515 0.992691 0.9939355 0.9946089 0.9937029 0.9945664 0.9924782 0.9936856 0.99377507 0.9930877 0.98974377 0.9906516 0.9915456 0.99215543 0.99021935 0.9908008 0.9915393 0.99292946 0.9921552 0.9908832 0.99034554 0.9904942 0.9902167 0.99000025 0.98998606 0.9884274 0.99029833 0.9850235 0.9820671 0.9768755 0.9875638 0.9883658 0.9870337 0.987087 0.9847832 0.9920642 0.9901406 0.9861834 0.98784304 0.9894916 0.98850834 0.9862242 0.98316455 0.98234874 0.98555887 0.98605365 0.9908042 0.9941451 0.994543 0.99438995
RankovicxSvetolik_SRP19000SvetolikRPoruseniIdeali-L2_6 0.9932113 0.994208 0.9953758 0.99245316 0.9934041 0.9923018 0.9912275 0.98932225 0.9910617 0.9934881 0.9934638 0.99430764 0.99165076 0.9910941 0.99532574 0.995177 0.99684614 0.9972116 0.99632645 0.9928796 0.9909097 0.992888 0.9910197 0.99302626 0.99319875 0.9922044 0.99388516 0.9914871 0.9946461 0.9933692 0.99487686 0.9938396 0.9938309 0.98910046 0.98709834 0.99514496 0.99506885 0.99477315 0.9940274 0.99451137 0.9941512 0.99172765 0.9933848 0.994211 0.9954592 0.9948541 0.9945274 0.9938351 0.9928412 0.99236447 0.9916175 0.98995626 0.9900274 0.9930984 0.9906894 0.9968626 0.99630105 0.99454963 0.99641865 0.9948791 0.9952368 0.99656904 0.99427104 0.9941071 0.9931768 0.9945922 0.99232197 0.99019307 0.9905493 0.9905406 0.9933623 0.9905052 0.9904393 0.9914752 0.99117017 0.9921675 0.9911003 0.99080133 0.9933517 0.99094373 0.99106854 0.992361 0.99426436 0.98836094 0.987651 0.98906016 0.9889049 0.9908479 0.9913136 0.990658 0.99069554 0.9933278 0.99144757 0.98979104 0.98918086 0.9910286 0.98769677 0.98886836 0.988281 0.989052 0.98823106 0.99055225 0.989403 0.9871597 0.9865288 0.9903204 0.98797166 0.9876097 0.98980796 0.9877016 0.98824406 0.9886967 0.9897683 0.99088657 0.99016035 0.98881054 0.9904529 0.9875073 0.9872402 0.9881256 0.9884037 0.9861572 0.99215984 0.9901983 0.9907408 0.99077 0.9921183 0.99071044 0.99227756 0.9917847 0.99285793 0.99273956 0.9924315 0.99267036 0.992156 0.995954 0.9970595 0.99718374 0.9958183 0.988196 0.98694205 0.9829458 0.98616767 0.9907207 0.98752755 0.9884855 0.99247867 0.9904128 0.99199337 0.99150896 0.99471843 0.9909625 0.98985046 0.9879291 0.99396914 0.99459 0.9951393 0.991122 0.9903241 0.99014574 0.9926029 0.9892098 0.9922376 0.9912305 0.99187464 0.99123013 0.99415004 0.9929831 0.9936565 0.9922828 0.99346423 0.98963207 0.98916173 0.9899819 0.988548 0.9902944 0.99440837 0.9940615 0.9928217 0.9942941 0.99228656 0.99299216 0.992817 0.98837 0.98414767 0.98050994 0.99414676 0.99419737 0.99195963 0.9946429 0.992699 0.99079996 0.99026895 0.99284136 0.9923475 0.99300444 0.9925058 0.9932285 0.99165124 0.99365544 0.9916367 0.9906785 0.9925847 0.99263424 0.9935443 0.9899113 0.9911798 0.989277 0.9887681 0.9867471 0.98785925 0.9899094 0.99409705 0.9928492 0.9940087 0.9925059 0.9931586 0.99345875 0.9923897 0.9946084 0.995124 0.9925934 0.99252 0.9936602 0.99554664 0.9956424 0.99162537 0.99488443 0.9951611 0.9936714 0.99443364 0.9875076 0.9906416 0.99372876 0.99318683 0.98986864 0.99096745 0.99189115 0.9857008 0.99154365 0.9920933 0.9856598 0.9764006 0.9839621 0.98604023 0.99031436 0.9912744 0.99284106 0.9914091 0.98352265 0.99245626 0.99227065 0.9939909 0.98993367 0.98760134 0.99081874 0.99105364 0.9936959 0.9918829 0.98594177 0.98915046 0.98852944 0.9881969 0.986482 0.988548 0.9896692 0.98975015 0.9878766 0.98592114 0.9935987 0.992464 0.9942487 0.9939041 0.9937837 0.9914213 0.99201465 0.992006 0.9925312 0.9903764 0.99251753 0.99256927 0.99139225 0.99059016 0.99306035 0.9926316 0.9905123 0.9863708 0.990036 0.9894613 0.98791426 0.9921257 0.99150455 0.99227595 0.99348474 0.9906759 0.99228096 0.9925722 0.9927534 0.99197674 0.9902935 0.9902752 0.9872647 0.9847246 0.98685616 0.98603934 0.98566294 0.98591644 0.9850883 0.9911905 0.9923164 0.9910709 0.98840916 0.9900056 0.9915579 0.9912785 0.99151355 0.9896482 0.99144757 0.9937803 0.99502236 0.9937675 0.9939931 0.9934598 0.9923891 0.9929529 0.9906141 0.99204135 0.99464345 0.9926025 0.9935172 0.99348646 0.9929267 0.99149394 0.99151784 0.988857 0.98580813 0.9844482 0.9948797 0.99452746 0.9944912 0.9948215 0.9955401 0.99666935 0.9953481 0.9961354 0.9963786 0.996413 0.99645114 0.997535 0.9971592 0.9976732 0.9964194 0.99741197 0.9988898 0.9986616 0.99902534 0.99924093 1.0000001 0.99892586 0.9854401 0.99060863 0.9901662 0.9922634 0.99061227 0.9909758 0.9914202 0.9876991 0.9870107 0.9881251 0.9904215 0.99141806 0.99311155 0.99448574 0.99270654 0.99353987 0.99417305 0.99253553 0.99258935 0.9937708 0.98925936 0.9951957 0.9893841 0.98984635 0.99294305 0.9902737 0.9854703 0.9884602 0.98875797 0.99459654 0.9919912 0.9962094 0.993377 0.9949548 0.9956375 0.98824716 0.98678976 0.9859153 0.98733175 0.992182 0.99221545 0.99204665 0.9894737 0.98951316 0.9910164 0.9924673 0.9904747 0.99213564 0.99342734 0.9929465 0.99298507 0.99245405 0.9907935 0.9926483 0.9892949 0.9903683 0.98908436 0.98739386 0.9900332 0.9920053 0.9914145 0.9934776 0.992022 0.9915317 0.9914971 0.9914069 0.98972917 0.9862902 0.9863989 0.9902381 0.98980254 0.9906518 0.99184215 0.993097 0.99115413 0.9911171 0.99089223 0.9927454 0.99020946 0.9905718 0.98823553 0.9898052 0.99161434 0.99030524 0.9905746 0.9875562 0.9858498 0.9884033 0.9866717 0.98954445 0.9894371 0.9886601 0.98983186 0.9869852 0.9884086 0.9878377 0.9920612 0.9919374 0.9907709 0.9914325 0.99169445 0.98986894 0.98845804 0.99365014 0.9943402 0.9922961 0.99179244 0.993151 0.989269 0.9933485 0.9916642 0.9911466 0.9909372 0.9920911 0.992576 0.9935639 0.99203837 0.99196047 0.99392945 0.9935895 0.99311095 0.9934302 0.99459666 0.9885856 0.99102277 0.9938116 0.99130887 0.9914812 0.9920365 0.99266756 0.98950964 0.99109143 0.9918054 0.9914811 0.9918516 0.99211323 0.99267656 0.9945779 0.99529666 0.9945578 0.9952815 0.9936234 0.99481183 0.9947239 0.99462396 0.9873738 0.9883249 0.9896642 0.9909545 0.9898528 0.98986655 0.98974997 0.99206334 0.99101657 0.9883865 0.988173 0.9880074 0.9882711 0.98859644 0.9885717 0.9869686 0.9908452 0.98643196 0.9832616 0.9783856 0.9883281 0.98912835 0.9881025 0.9879806 0.9862508 0.9927954 0.99143434 0.9880357 0.98877066 0.9913164 0.98980427 0.9874059 0.98553306 0.9844579 0.9874829 0.9875262 0.99183834 0.99319565 0.9939276 0.9936942
RankovicxSvetolik_SRP19000SvetolikRPoruseniIdeali-L2_7 0.99185145 0.99315214 0.9946878 0.99154377 0.9924526 0.99101216 0.99023324 0.98797935 0.9914539 0.99347246 0.99355143 0.99401146 0.9916095 0.99119836 0.99438846 0.9947389 0.9960754 0.9962168 0.99523246 0.9923615 0.9911015 0.99270636 0.9904425 0.99270624 0.9931104 0.9930678 0.9938916 0.9922708 0.99445003 0.9935868 0.9952995 0.99384147 0.99378645 0.9888739 0.98687315 0.99469864 0.9944662 0.99484164 0.9938924 0.99393094 0.994045 0.9919306 0.9928941 0.99450904 0.9950771 0.99417627 0.99431026 0.99378395 0.9926704 0.9923643 0.991087 0.9893838 0.9897055 0.9928745 0.99031264 0.99625945 0.99541664 0.99411786 0.9955482 0.9942895 0.9945685 0.9961117 0.99417156 0.99399084 0.99185836 0.99347365 0.9920193 0.9900995 0.99030197 0.98975396 0.9921147 0.9901374 0.9894005 0.99062467 0.9902926 0.991774 0.98976165 0.9894682 0.99236125 0.9901203 0.9893384 0.99170154 0.99330837 0.9892258 0.98803186 0.98915535 0.9890017 0.9906717 0.9912677 0.9905251 0.9904748 0.9933967 0.99043053 0.9886234 0.9883725 0.98983645 0.9869621 0.98810095 0.98775923 0.9888194 0.9872028 0.98913467 0.9881806 0.98689526 0.98638386 0.9895761 0.9881064 0.9875986 0.98910534 0.9872352 0.98785514 0.9880978 0.9896163 0.9902695 0.9898822 0.98861516 0.9896706 0.9868331 0.9860636 0.9871001 0.98781157 0.9856765 0.99109167 0.989372 0.98988354 0.9895365 0.99127036 0.9898793 0.99066395 0.99006975 0.9912484 0.9914844 0.9914759 0.9914197 0.99055785 0.9957102 0.99633694 0.99639386 0.9954005 0.9886087 0.9872565 0.9833734 0.9863044 0.9905037 0.9872061 0.9879184 0.9914169 0.98894864 0.991123 0.9905729 0.9934346 0.9889728 0.98722786 0.9853796 0.9933825 0.99418914 0.9952192 0.99060416 0.9893751 0.99104667 0.9935926 0.990144 0.99337447 0.99183816 0.99266 0.9919795 0.99490315 0.9930654 0.9940207 0.99211407 0.9935048 0.9907076 0.98964226 0.9908488 0.98983526 0.9910107 0.99404013 0.9938743 0.99229175 0.9935353 0.99192554 0.99312603 0.9929271 0.9886534 0.9849556 0.9812404 0.99392974 0.9937468 0.9915441 0.994572 0.99279463 0.9902731 0.9907019 0.99267477 0.9921151 0.99216795 0.9914987 0.99220467 0.99063396 0.99310255 0.9912789 0.98995125 0.99208146 0.99148035 0.9927628 0.99017966 0.9915657 0.9890975 0.9891612 0.98731977 0.9882155 0.9902105 0.9932547 0.99164 0.9933812 0.9925948 0.99252015 0.9932267 0.9923214 0.9934769 0.9944456 0.9918557 0.9916757 0.9930738 0.994932 0.9949394 0.99197966 0.99414396 0.9942289 0.9929081 0.9941922 0.98666954 0.9896338 0.99265724 0.99253607 0.9886029 0.99002767 0.9912927 0.9848763 0.9910084 0.9917798 0.9870963 0.9784218 0.9852127 0.9870133 0.9895786 0.99026114 0.9923005 0.9906812 0.98221856 0.99262744 0.9923767 0.99352396 0.98960984 0.98627603 0.990063 0.9903339 0.9930977 0.99060154 0.98534703 0.988427 0.9880577 0.98716545 0.98490167 0.98759186 0.9885632 0.98878753 0.9873346 0.98515296 0.99222964 0.9911472 0.99271995 0.9924479 0.9926065 0.9899156 0.9907398 0.991582 0.9918101 0.9902752 0.99273866 0.9922693 0.9910284 0.98977154 0.9925165 0.99277383 0.9898405 0.9857155 0.9891946 0.989003 0.9869214 0.99173117 0.9905276 0.9921611 0.99292207 0.98980427 0.9915428 0.9917293 0.99163485 0.9914473 0.98933184 0.9889776 0.9880882 0.9852538 0.9874016 0.98680794 0.9863028 0.98651737 0.985808 0.9893806 0.9902596 0.98909533 0.9880179 0.9896559 0.9909979 0.99021137 0.99091035 0.98902375 0.99039346 0.99305224 0.9942446 0.9937657 0.9938808 0.9937206 0.9921761 0.99306846 0.99086106 0.99236244 0.99397975 0.99188113 0.9929619 0.9927838 0.9925134 0.9913673 0.9913952 0.98952824 0.98673654 0.9852795 0.9937009 0.9940252 0.99373144 0.99375457 0.995269 0.99664545 0.99555504 0.996894 0.99578047 0.9963455 0.9963083 0.99746895 0.99746454 0.99820083 0.9973612 0.99715567 0.9985938 0.99767447 0.99857783 0.9984645 0.99892586 1.0 0.9870144 0.98995304 0.9892115 0.991432 0.98943716 0.9900391 0.9906858 0.98739034 0.9868665 0.9875976 0.99001116 0.99164194 0.9931534 0.99350464 0.9923515 0.99254936 0.9933692 0.9917282 0.99231243 0.9933007 0.98938084 0.99456215 0.9893876 0.9900375 0.9926859 0.9902008 0.9859419 0.9886538 0.9888714 0.9938257 0.99186593 0.99587667 0.99353355 0.9943294 0.99487585 0.9887154 0.9869764 0.9859978 0.9875631 0.99251837 0.9930836 0.99158484 0.9884437 0.988568 0.98979574 0.9916591 0.9894093 0.9914292 0.99273884 0.99217474 0.9920783 0.9912188 0.9902427 0.99205524 0.98892796 0.98963916 0.98817784 0.98695993 0.99018866 0.9918147 0.990879 0.99297154 0.99139553 0.9900859 0.9904207 0.99030495 0.98887223 0.9852952 0.98514336 0.99035686 0.9894209 0.9903569 0.99148947 0.9927307 0.9907454 0.99087054 0.9903573 0.9930199 0.99085844 0.9901519 0.9878042 0.9896862 0.9915077 0.98989797 0.99102706 0.98758394 0.985447 0.98793113 0.9869464 0.9896349 0.9888567 0.98848784 0.98917395 0.98617536 0.98773104 0.9865534 0.9925319 0.9913416 0.99018353 0.9907697 0.9911746 0.9891841 0.9878644 0.9935892 0.99367166 0.991507 0.9912446 0.99277043 0.98807436 0.9928119 0.9906999 0.991156 0.99102616 0.99178165 0.99204844 0.9928564 0.99180067 0.9916049 0.9937554 0.9933354 0.99249923 0.992736 0.9937223 0.98783517 0.9895859 0.99358845 0.9898922 0.9897924 0.9908623 0.99169475 0.98889697 0.9903647 0.99119914 0.9908218 0.9911777 0.99154985 0.99210125 0.9942756 0.9945426 0.99400175 0.99487513 0.9938476 0.99443346 0.9941338 0.9942221 0.98651063 0.98778147 0.9895788 0.99105555 0.9900839 0.9898974 0.98955727 0.9918719 0.9910351 0.98785514 0.98761725 0.9878577 0.9879634 0.98875964 0.9889665 0.9877133 0.9912321 0.98715174 0.9849292 0.9800103 0.98910624 0.98947114 0.9884054 0.9883115 0.98716307 0.99398184 0.99273705 0.9900145 0.99048287 0.9927539 0.99123347 0.98866564 0.98694956 0.9860159 0.98872435 0.98883164 0.9930514 0.991616 0.9922421 0.9922599
RogicxDusxan_SRP18921DusanRSrbinHrvatica-L2_1 0.9866028 0.98644316 0.99029356 0.99270654 0.9920703 0.9817227 0.9803192 0.9747011 0.9893819 0.99113137 0.9920474 0.98842883 0.9930296 0.9937139 0.98921734 0.9919835 0.9893825 0.9882258 0.9866725 0.9908405 0.99332964 0.9931192 0.9821414 0.9855477 0.98701775 0.9916419 0.9891242 0.9927293 0.9900874 0.99254745 0.99204874 0.98792017 0.99203855 0.989857 0.98950636 0.98368883 0.98257434 0.98706734 0.98739135 0.9883308 0.99102414 0.9934551 0.9883719 0.99340355 0.984223 0.9847747 0.9912611 0.9922161 0.9911688 0.99469966 0.990124 0.9891112 0.9913908 0.98857987 0.986289 0.9870695 0.98469263 0.97841334 0.9847268 0.98951983 0.98886615 0.98592544 0.986506 0.9858528 0.97848964 0.9792292 0.989552 0.985655 0.9891857 0.98536104 0.98470116 0.979274 0.9852596 0.99055535 0.98818123 0.99270654 0.98216283 0.98263216 0.9883997 0.98855346 0.9836394 0.98826057 0.98633504 0.9930457 0.9919628 0.99241114 0.99469876 0.9924893 0.99380803 0.9895313 0.98993576 0.9941137 0.9849523 0.9838867 0.9849807 0.98684394 0.98505455 0.98818374 0.9847345 0.98921156 0.9831809 0.9860747 0.9869387 0.99058986 0.9937563 0.98594576 0.992512 0.991984 0.9886925 0.9900614 0.9899667 0.99168956 0.9912469 0.9909885 0.9894105 0.9923002 0.98500276 0.9835286 0.9808559 0.9822599 0.9840683 0.9830867 0.98671585 0.9868936 0.98821783 0.98443943 0.9910795 0.9842509 0.9790013 0.9821441 0.9848973 0.9841268 0.9888259 0.9885886 0.9857946 0.9911746 0.98736775 0.9871779 0.98973477 0.9890211 0.9913801 0.98886573 0.9896125 0.9872932 0.98597157 0.9884274 0.9824448 0.9801222 0.98544914 0.9856057 0.9766964 0.97356826 0.97240293 0.96787846 0.98902595 0.98951936 0.9912352 0.99398404 0.99406856 0.9917397 0.994684 0.9914625 0.9937235 0.9903908 0.9923661 0.9948154 0.9939246 0.9930254 0.9909647 0.9915687 0.9930826 0.9963855 0.99470127 0.9961998 0.9970184 0.99673647 0.9909136 0.99293077 0.9930402 0.9900583 0.9920192 0.9945162 0.9936858 0.9944685 0.9921438 0.99145645 0.990186 0.99273443 0.99203205 0.9923664 0.9929101 0.9897037 0.9947795 0.9917118 0.99410903 0.989556 0.986783 0.9848022 0.9835169 0.9893041 0.98737013 0.99040467 0.990566 0.9894452 0.98584574 0.9872996 0.98886836 0.9895197 0.9854759 0.9825679 0.98554325 0.99218965 0.9903384 0.98538405 0.9898791 0.9943274 0.98937464 0.9927414 0.99447155 0.98704076 0.98924595 0.9905259 0.98967886 0.99199873 0.992136 0.9899061 0.99470425 0.98973715 0.9896609 0.9856905 0.9914558 0.96724254 0.97451615 0.9877174 0.9860246 0.9778676 0.98287797 0.9879689 0.9725098 0.9821362 0.99067914 0.9942028 0.99009204 0.99058604 0.9899819 0.9818827 0.98430574 0.9828103 0.98108494 0.9703083 0.9874387 0.9892778 0.9871805 0.98145163 0.97336483 0.98207855 0.98322254 0.98505914 0.98063993 0.97855604 0.9809591 0.9815937 0.98443335 0.97722137 0.98324937 0.98601854 0.986603 0.9846519 0.98095685 0.9893263 0.98999816 0.988492 0.986498 0.9908257 0.9837836 0.98633444 0.9819617 0.9848081 0.9861833 0.989223 0.9891504 0.9816787 0.9789829 0.9893646 0.9881763 0.9808451 0.97653687 0.979059 0.98120356 0.98029274 0.98158634 0.9840739 0.9848349 0.9872736 0.98027575 0.9838461 0.9841264 0.98466355 0.9858751 0.982566 0.98177683 0.99111134 0.9928366 0.9905851 0.99368393 0.99437755 0.99391866 0.9919045 0.98126525 0.98316246 0.9826444 0.9847027 0.9888835 0.98671615 0.98361427 0.9883615 0.9825717 0.9865564 0.9858527 0.9863643 0.9926996 0.9910136 0.9923575 0.9919877 0.99331737 0.99358386 0.9933918 0.9898981 0.989434 0.9895212 0.9894881 0.9883174 0.9906217 0.98872864 0.9952337 0.9962248 0.99465847 0.9856767 0.99071425 0.9911315 0.9906082 0.9929502 0.99109316 0.9939818 0.98953176 0.9892013 0.9915525 0.99041784 0.98684806 0.991459 0.9887022 0.9896511 0.9863264 0.98811686 0.9865833 0.9888883 0.9838502 0.9854401 0.9870144 1.0000006 0.9865957 0.98292196 0.9886272 0.98520726 0.9858631 0.9830666 0.98160976 0.983242 0.98502153 0.9863375 0.9889118 0.98907554 0.98956865 0.99353915 0.98812973 0.98890525 0.9893334 0.9932034 0.9914724 0.9948397 0.98932815 0.9938008 0.9945083 0.9925815 0.99487096 0.99581516 0.9944513 0.99572504 0.98575574 0.9919238 0.9889976 0.99332345 0.98816216 0.9879651 0.9960856 0.99339944 0.9937975 0.9949194 0.9946892 0.994087 0.98254156 0.97866935 0.97950095 0.9803078 0.98381805 0.98140407 0.98187286 0.98508096 0.98331195 0.98960835 0.98856497 0.98863536 0.98859465 0.99156827 0.9869188 0.98571193 0.98848575 0.9916644 0.9907703 0.9915739 0.98937356 0.99092984 0.9826684 0.98466516 0.9862193 0.9794182 0.97849214 0.97790796 0.9949006 0.9887445 0.9889746 0.9907344 0.9901305 0.9885819 0.9890827 0.9894593 0.99067754 0.9954537 0.9832355 0.9832585 0.9874425 0.989203 0.9879209 0.9924683 0.98641145 0.9856591 0.98496443 0.9882625 0.98787755 0.985654 0.98944306 0.9836893 0.98309433 0.9860882 0.97861606 0.992172 0.99020904 0.9865674 0.98724926 0.9858559 0.9825435 0.9872359 0.99068516 0.9881363 0.9876799 0.98715216 0.9861717 0.9783935 0.98697805 0.98391414 0.9896881 0.9898026 0.98359597 0.9891609 0.99084455 0.9912906 0.99038947 0.98934996 0.9916189 0.98684245 0.9879368 0.9869241 0.98241466 0.9857233 0.99020624 0.9850379 0.98053706 0.98697144 0.9896579 0.9918789 0.9900456 0.99042827 0.9915171 0.9905811 0.9894788 0.991033 0.9900066 0.9866656 0.9856228 0.98615307 0.9924529 0.98931694 0.98639953 0.98406255 0.97739506 0.97988516 0.98382586 0.988333 0.9914076 0.98789746 0.9845815 0.988473 0.98827493 0.9784676 0.9784517 0.9794238 0.9824911 0.98701173 0.9877097 0.98742974 0.9935814 0.9967295 0.99689084 0.99611163 0.99537647 0.9951604 0.99555516 0.99508977 0.9968325 0.99577296 0.9960335 0.9971887 0.9966486 0.9958962 0.9965491 0.9976648 0.996737 0.9969043 0.9968563 0.9969961 0.9963453 0.97768146 0.9774169 0.9807701
SavicxBozxa_SRP19031BozaSDveSestre-L2_1 0.98985755 0.99525815 0.99401885 0.9918148 0.99318945 0.9923424 0.9897741 0.9853156 0.9957982 0.99457073 0.9953997 0.9963307 0.9949346 0.9949397 0.9951486 0.9937251 0.99247265 0.9931219 0.9948216 0.9962224 0.9930391 0.9940983 0.994723 0.9947901 0.9936768 0.9918847 0.99320954 0.9907816 0.99382335 0.99252087 0.9922236 0.9940453 0.99257535 0.98551327 0.98249906 0.99204654 0.9912421 0.98880875 0.99642664 0.99744755 0.99651694 0.9954881 0.9959515 0.99344605 0.99316347 0.9949723 0.9962403 0.9963935 0.9970946 0.9947831 0.99695647 0.99558425 0.99431384 0.99353534 0.9923799 0.9933987 0.9927151 0.98563313 0.9896392 0.99417293 0.9933609 0.9919515 0.99478763 0.9933737 0.98975503 0.99073017 0.99534005 0.99501073 0.9954897 0.9981628 0.995802 0.99511266 0.99481267 0.99663293 0.9962621 0.99603194 0.99445915 0.9931515 0.9957671 0.9975525 0.9944865 0.99323714 0.9946098 0.9954167 0.9940117 0.99626774 0.99532986 0.9964626 0.9970355 0.9949551 0.99643576 0.9913438 0.9929847 0.9922862 0.99236757 0.9942035 0.9914522 0.99481624 0.99224484 0.99172574 0.99017435 0.9919848 0.9924852 0.9953839 0.9940037 0.9955236 0.9928242 0.99413943 0.9964361 0.9953975 0.9961769 0.9957102 0.995194 0.99535805 0.99603903 0.99381757 0.99623966 0.9972695 0.9962865 0.99653065 0.99669945 0.9945246 0.99607384 0.9966975 0.99776745 0.9970665 0.99613 0.99674726 0.9945446 0.9965226 0.996777 0.99687064 0.9976586 0.99768746 0.99639183 0.98957795 0.99280494 0.99324507 0.9939397 0.9932461 0.99312395 0.9895332 0.9925639 0.9957464 0.9953698 0.9960792 0.99557424 0.9957692 0.99655706 0.99734396 0.99166936 0.99213004 0.9903166 0.9887278 0.99668455 0.9960729 0.9955168 0.9930392 0.9923109 0.9932276 0.9932295 0.99200445 0.9916357 0.9923778 0.99323 0.9914198 0.99207795 0.9950265 0.992853 0.99523914 0.99335873 0.9913168 0.9943573 0.9934388 0.991057 0.99236804 0.99279654 0.9906803 0.9897404 0.9960679 0.995087 0.993227 0.9940175 0.99475706 0.9921111 0.98967814 0.9963318 0.9960067 0.99647343 0.99491274 0.9926532 0.99458414 0.9916612 0.99439275 0.99307424 0.99617404 0.99652743 0.99745715 0.9959868 0.99659747 0.9940765 0.99600893 0.99666107 0.9950659 0.99627876 0.9944104 0.9934174 0.99561775 0.99183476 0.9890908 0.99048513 0.99482954 0.99423456 0.99304885 0.99480766 0.9933422 0.9941402 0.9929354 0.9943509 0.99264866 0.9929114 0.9882751 0.98710763 0.99064493 0.9930854 0.9920815 0.99509513 0.9947526 0.9930961 0.9924918 0.992656 0.98742145 0.99170625 0.9957107 0.9947477 0.993283 0.9948968 0.9930558 0.990696 0.9918221 0.99504983 0.9894616 0.9821787 0.988511 0.9906376 0.9937851 0.9942851 0.9929543 0.9954454 0.9906401 0.9952076 0.9961302 0.99578154 0.99340063 0.9911112 0.99557203 0.9953903 0.9940002 0.9950038 0.993132 0.9957192 0.99491036 0.99334264 0.99160075 0.9946875 0.9964911 0.9955561 0.9934156 0.99110496 0.99526596 0.9958788 0.9962212 0.99734455 0.9973692 0.99633086 0.99641573 0.9944953 0.9961878 0.9958238 0.99731326 0.99689865 0.99360824 0.9932341 0.99572134 0.99434507 0.99296206 0.9907521 0.9943103 0.9943539 0.9927968 0.99366456 0.9956091 0.99514675 0.99586344 0.9937986 0.9950826 0.9943576 0.9972216 0.9951252 0.99448013 0.9935667 0.9939654 0.9923475 0.9927864 0.99266577 0.99185044 0.99252945 0.9914166 0.9922273 0.9916499 0.993029 0.9963831 0.99666905 0.9973393 0.9961144 0.9972235 0.99582535 0.99757075 0.9965109 0.99583006 0.9952677 0.99626136 0.9956392 0.9962529 0.9944324 0.9936851 0.9938764 0.9962122 0.9963084 0.99623704 0.9966244 0.9896262 0.9882267 0.9858245 0.9947801 0.9930084 0.99300086 0.99702173 0.99674153 0.99704576 0.9968693 0.99498105 0.9959026 0.9933477 0.9889778 0.9969874 0.99591446 0.99659616 0.994302 0.9936181 0.9912961 0.9901327 0.9945358 0.9938353 0.9941542 0.9925449 0.99155825 0.99060863 0.98995304 0.9865957 0.99999964 0.99913263 0.9988593 0.99896055 0.9992055 0.99811405 0.9950717 0.9955352 0.9968217 0.99672353 0.9961427 0.9970159 0.9947343 0.9919671 0.99611485 0.99533683 0.9958595 0.99360496 0.9934073 0.98854786 0.9946333 0.9873931 0.9885359 0.99402976 0.9899527 0.9860193 0.9860509 0.9888405 0.99521995 0.9878605 0.99445426 0.9912447 0.9948958 0.99486405 0.99257654 0.9937127 0.9930584 0.99198043 0.9940486 0.99316955 0.99595356 0.995164 0.99570096 0.9965252 0.9960207 0.9969113 0.99582046 0.99513113 0.9958196 0.9954671 0.99239326 0.9913404 0.994775 0.9947665 0.99271864 0.9923878 0.99079764 0.99508667 0.9959597 0.9966481 0.9970588 0.997645 0.99684966 0.99608654 0.9971548 0.9918275 0.991458 0.99155366 0.9957103 0.996026 0.99614483 0.99624646 0.9963196 0.9949883 0.99648565 0.9964853 0.9962985 0.99528766 0.9952726 0.996947 0.9974986 0.9964964 0.99593455 0.995669 0.99772936 0.99658394 0.9977144 0.99717885 0.9970867 0.99809736 0.99764985 0.99744064 0.9966561 0.99693906 0.9963784 0.99532324 0.9952979 0.9945439 0.99524015 0.99504757 0.99582905 0.9966009 0.9953371 0.996635 0.9978607 0.9968034 0.99620926 0.9937109 0.9970451 0.99677944 0.9979316 0.9957258 0.99448705 0.99567413 0.99745166 0.9972557 0.99611676 0.99682236 0.99567 0.9955537 0.9958649 0.99557626 0.9921049 0.99398905 0.9953624 0.9948444 0.9943144 0.99791443 0.9959834 0.9951278 0.99674606 0.9960174 0.9938453 0.99699944 0.99522525 0.9968 0.9925226 0.99094 0.986207 0.9891867 0.98996663 0.9893763 0.9880353 0.98541254 0.99467653 0.9958055 0.996467 0.9969417 0.9967113 0.9970388 0.99632215 0.99616635 0.99699783 0.9950976 0.99543875 0.99524796 0.9966526 0.9972811 0.996892 0.9961562 0.99419427 0.98818755 0.9875579 0.98352283 0.9899286 0.9911435 0.99063075 0.9908291 0.98885167 0.9922577 0.98893076 0.9855764 0.9893826 0.9873595 0.9884728 0.9896239 0.98434967 0.98448455 0.9869419 0.98746926 0.99021214 0.98822314 0.9846601 0.9861668
SavicxBozxa_SRP19031BozaSDveSestre-L2_2 0.98975366 0.9954542 0.99326026 0.9896634 0.99154854 0.993166 0.99034286 0.986338 0.9943071 0.99292886 0.9939264 0.99575204 0.99294126 0.99304014 0.99441123 0.9923098 0.9915108 0.992532 0.9946282 0.9952317 0.9913588 0.9924858 0.9952588 0.994545 0.99322146 0.9902376 0.99241227 0.9886176 0.9925578 0.99047995 0.99027085 0.9931046 0.99077344 0.98366886 0.9800929 0.99220085 0.99157083 0.98795384 0.9965005 0.9967982 0.9954781 0.99404436 0.99584246 0.99182874 0.99350077 0.9955768 0.9952563 0.99518716 0.9961964 0.9931496 0.9962139 0.9950551 0.99320626 0.9928698 0.9918631 0.99308276 0.99270767 0.9859135 0.98907137 0.99342614 0.9928478 0.99146104 0.9951486 0.99384123 0.9911273 0.992041 0.9949299 0.9957114 0.99517804 0.99811316 0.9959673 0.99619067 0.9948265 0.9955978 0.9959089 0.9946662 0.9952061 0.9936593 0.99522275 0.99716616 0.9948265 0.99235284 0.994306 0.9934174 0.99140954 0.99446505 0.9930647 0.9947727 0.99514174 0.99372995 0.9951868 0.9894396 0.9928602 0.9921025 0.99195886 0.9934037 0.9910032 0.9938662 0.9918225 0.9904702 0.9901785 0.9916256 0.991687 0.9940584 0.9920302 0.99494785 0.9907203 0.9922751 0.99530244 0.99384654 0.9946754 0.9936829 0.9936959 0.9940773 0.9947584 0.99196166 0.9964381 0.9971983 0.9969306 0.99682885 0.99698645 0.99481887 0.9961009 0.9964107 0.9971964 0.99743116 0.9950317 0.9969425 0.99633723 0.9974548 0.99715364 0.9974568 0.9971958 0.99722004 0.99665153 0.9881251 0.9924246 0.9929832 0.9932348 0.9917772 0.99095553 0.9869467 0.99036 0.9956909 0.9950805 0.9953525 0.99649304 0.9974528 0.99697125 0.9975627 0.99359757 0.99425524 0.99247223 0.9915579 0.9960001 0.99519837 0.9943427 0.99140346 0.9905573 0.99168074 0.99133855 0.9904422 0.98981315 0.99090457 0.991474 0.9895081 0.99033964 0.9937192 0.991979 0.9939865 0.9917256 0.9885832 0.9920939 0.9909168 0.98796314 0.9894285 0.99208874 0.98908544 0.9880855 0.9957676 0.9941256 0.9914404 0.9922403 0.9923126 0.9894933 0.9867412 0.99570495 0.9947596 0.9948728 0.9939539 0.99143565 0.9936198 0.98941153 0.99328893 0.9913522 0.9954817 0.9961839 0.9977732 0.9966671 0.9961333 0.9937717 0.9950458 0.99588823 0.9939836 0.99646115 0.9936352 0.9924618 0.9946241 0.991385 0.98903835 0.9900044 0.9934583 0.9929545 0.99287605 0.99424285 0.9914699 0.99366015 0.9913804 0.99268955 0.99249226 0.9922214 0.9867114 0.98544115 0.9888938 0.9920238 0.9913138 0.9932003 0.9942267 0.99225163 0.9927135 0.9915699 0.98969257 0.9930486 0.9952023 0.9946015 0.9945533 0.9951336 0.99240804 0.9927585 0.9920833 0.99411154 0.98700124 0.97943485 0.9868049 0.9893017 0.99424005 0.994382 0.99400634 0.9962585 0.99312323 0.99486315 0.9954574 0.99547017 0.99443847 0.99361026 0.9965556 0.9962074 0.99428993 0.99637693 0.99399376 0.99666977 0.99566734 0.99298275 0.9927849 0.99502003 0.9962048 0.99515915 0.99321586 0.991078 0.9947832 0.9952316 0.99604243 0.99757314 0.9964807 0.9967866 0.99670297 0.99564284 0.99671125 0.99499035 0.9965323 0.9958781 0.9947194 0.99480724 0.9952241 0.9939514 0.99406326 0.9924318 0.9960818 0.9957054 0.9933301 0.99497586 0.99631715 0.99573934 0.99592614 0.9949913 0.9956831 0.9946759 0.99737906 0.99528134 0.99496317 0.99423456 0.99213314 0.9899845 0.9910734 0.99016917 0.9891525 0.98996824 0.9893702 0.9927405 0.9914988 0.9930956 0.99594766 0.9957981 0.9966329 0.9962683 0.99654806 0.99626267 0.99721247 0.99668276 0.99579436 0.99422747 0.9956555 0.99457365 0.9948037 0.992496 0.9911654 0.99179596 0.99533266 0.99541205 0.995384 0.9959224 0.98817235 0.9862659 0.98404616 0.9925098 0.9901375 0.9902688 0.99724895 0.9958341 0.9959993 0.9960343 0.9937345 0.9953142 0.99162674 0.9873936 0.9963497 0.99442244 0.9953032 0.993707 0.9920245 0.99013597 0.98849356 0.99435276 0.9932106 0.99400103 0.99172956 0.9916557 0.9901662 0.9892115 0.98292196 0.99913263 0.9999998 0.9981677 0.99872845 0.9991726 0.9984911 0.9948908 0.99498504 0.99612087 0.9962723 0.99527955 0.9963275 0.994427 0.99063647 0.9963244 0.99526244 0.99586415 0.992504 0.99247056 0.98635745 0.99455583 0.9852417 0.9865664 0.9930445 0.98789304 0.9831331 0.983594 0.9864639 0.9958587 0.9864166 0.9945804 0.9900025 0.99527776 0.9951186 0.9899024 0.9912743 0.9905018 0.9894955 0.9920696 0.99083537 0.9960728 0.9965167 0.9968932 0.9974842 0.99616945 0.9978234 0.9965312 0.9954556 0.9960572 0.9945868 0.99132586 0.9901398 0.9940548 0.99295574 0.9918643 0.991642 0.98936164 0.994069 0.99501324 0.9954345 0.9967 0.9966269 0.9971586 0.99636334 0.9969011 0.9930466 0.9924383 0.99277675 0.9937208 0.9956847 0.99607253 0.9956723 0.9960315 0.9945574 0.9956265 0.9953898 0.99528015 0.99301875 0.99608046 0.99687123 0.99676704 0.9961827 0.9956823 0.9946296 0.99699754 0.9956893 0.99733204 0.9957887 0.99612844 0.9977641 0.99657017 0.9975362 0.99623716 0.99621975 0.99728644 0.9944712 0.9945069 0.9945715 0.9953661 0.9955512 0.9967309 0.99621415 0.99474704 0.99671966 0.9977495 0.9968429 0.9964541 0.99511737 0.9966583 0.9971675 0.9969046 0.994946 0.9951471 0.9949866 0.9966951 0.99611837 0.9950085 0.99617743 0.9945554 0.99584776 0.99563515 0.99568456 0.99309385 0.9938317 0.994612 0.9949758 0.99532086 0.99730617 0.99493885 0.9932789 0.99558616 0.99482936 0.99240106 0.99556255 0.99416834 0.99534875 0.9911334 0.9900709 0.98557174 0.98856455 0.9883698 0.9882452 0.9872027 0.9846549 0.99624693 0.9968426 0.99681723 0.9964573 0.99542737 0.9964154 0.99656636 0.9957415 0.99643785 0.99651414 0.9966455 0.9962139 0.9970138 0.9967212 0.9960089 0.99534273 0.99205 0.9852203 0.98415655 0.9796585 0.9875062 0.9889275 0.98802835 0.98824644 0.9856931 0.9899789 0.9863091 0.98218834 0.98656285 0.9843634 0.98550326 0.9865036 0.9807982 0.9809175 0.98362875 0.98431385 0.98766416 0.9893142 0.9855235 0.98653865
SavicxBozxa_SRP19031BozaSDveSestre-L2_3 0.9915349 0.9953458 0.9949675 0.99370015 0.99502397 0.9917118 0.98960805 0.98441803 0.9953066 0.9956119 0.9960112 0.99647856 0.9954563 0.9954733 0.99628294 0.9958178 0.99462855 0.9950321 0.9959968 0.99679416 0.9944558 0.9955208 0.9948492 0.99556816 0.994755 0.9935365 0.9946573 0.99269885 0.99521947 0.9942174 0.99404067 0.9950057 0.9941205 0.989248 0.9865903 0.99364424 0.9930379 0.991607 0.9970582 0.99790055 0.99747366 0.9968661 0.99688584 0.99542856 0.99476385 0.9960861 0.9976361 0.9972055 0.9976021 0.99578863 0.9964468 0.994805 0.99392205 0.9930925 0.9909741 0.9948963 0.9938559 0.98805904 0.9920131 0.9956245 0.9947035 0.99402595 0.99530363 0.9941283 0.99087214 0.99163795 0.9952523 0.9942242 0.9947646 0.99705833 0.99501014 0.993193 0.9936385 0.9961754 0.99557966 0.99615633 0.99390525 0.99267334 0.9955441 0.99708384 0.9940213 0.9940301 0.9951189 0.9948349 0.9940085 0.9957269 0.9953981 0.99610823 0.9970785 0.9948645 0.99612516 0.9932156 0.9926457 0.9924601 0.9922681 0.99375075 0.99087846 0.9943576 0.9915053 0.99149656 0.990311 0.99275166 0.99287283 0.99470574 0.99444115 0.99465775 0.9934721 0.99430025 0.99614006 0.9948645 0.9955537 0.99546236 0.9951312 0.99579257 0.9954322 0.99429375 0.9948168 0.9955852 0.9944366 0.99477124 0.9952968 0.9923816 0.9961244 0.9963555 0.99734765 0.9962783 0.996536 0.9959598 0.9940361 0.9958315 0.99677855 0.99647236 0.9974541 0.9974857 0.99560505 0.9926188 0.99479884 0.9949615 0.9957419 0.99258417 0.99308825 0.98925 0.9923268 0.9946117 0.99399143 0.99534154 0.99420446 0.99435407 0.99527574 0.99600214 0.991894 0.99065083 0.9888718 0.98694927 0.9968228 0.9964767 0.99626046 0.9945452 0.9938797 0.9919267 0.99314713 0.9910101 0.9914207 0.9913473 0.9924277 0.99243736 0.9932682 0.9954591 0.99303734 0.99476343 0.9935362 0.99191254 0.9945802 0.99391466 0.9918834 0.9936005 0.9935764 0.992604 0.99228203 0.99653286 0.99581826 0.9946988 0.99511236 0.9951633 0.9917344 0.98898095 0.9967778 0.9966076 0.99614924 0.99527895 0.99411964 0.9949748 0.99331915 0.9953178 0.9947413 0.9967826 0.9965863 0.99649525 0.99458015 0.9961378 0.99333584 0.99563396 0.9963208 0.9953288 0.99568355 0.9927017 0.9926622 0.994595 0.99018455 0.98714006 0.98913276 0.9944223 0.99541277 0.9940034 0.99571717 0.9952706 0.9951238 0.99490374 0.9959616 0.99398446 0.9945012 0.99081284 0.9897068 0.99272174 0.9946147 0.99369633 0.99509317 0.9957098 0.99418014 0.9933232 0.99475086 0.9868851 0.99120796 0.99550736 0.9942909 0.9916228 0.99397707 0.99250984 0.9883119 0.99071324 0.9952215 0.9897015 0.9817319 0.9880254 0.9897176 0.9921479 0.9935992 0.99279267 0.9940331 0.9874422 0.9940677 0.99526495 0.9953629 0.99187005 0.98950857 0.99414927 0.99444646 0.99387795 0.9939608 0.99164057 0.99382216 0.9929971 0.9920055 0.9896984 0.9928343 0.99491507 0.99422014 0.9921496 0.9892499 0.9956636 0.9961299 0.9966713 0.99703705 0.99725693 0.9946232 0.99564916 0.99383986 0.9961428 0.99603784 0.9972795 0.9966753 0.9928366 0.99235517 0.9962168 0.99489486 0.99207544 0.9889125 0.9932648 0.99329025 0.99159384 0.9935768 0.99517393 0.99463487 0.99607295 0.99241054 0.993994 0.99346477 0.9962652 0.9944602 0.99270976 0.9921215 0.99284875 0.9917692 0.992409 0.9921951 0.99175483 0.992269 0.9910586 0.992758 0.9928443 0.9929055 0.99485344 0.99649245 0.996514 0.9948976 0.9967782 0.9937445 0.9966739 0.9961946 0.99633133 0.9959355 0.99679756 0.9958879 0.99703777 0.99621147 0.9950152 0.99509645 0.9965818 0.9962226 0.9965075 0.9968901 0.9918957 0.9912392 0.9889617 0.9945609 0.99294865 0.99255073 0.9967948 0.9972168 0.99774605 0.99764097 0.9965329 0.9970124 0.9953595 0.9916023 0.9974582 0.9966108 0.99700737 0.99558234 0.9951909 0.9930729 0.99231577 0.99562305 0.9949178 0.9948324 0.993614 0.9927904 0.9922634 0.991432 0.9886272 0.9988593 0.9981677 1.0000004 0.99899995 0.9989509 0.9975481 0.99231493 0.99255013 0.99450874 0.9949262 0.9948924 0.9965383 0.9956367 0.9938247 0.99661875 0.99608064 0.9964019 0.995293 0.99537367 0.9913195 0.99584585 0.9902127 0.99119437 0.9952337 0.992141 0.98918825 0.9891869 0.991464 0.9956591 0.9911762 0.99581444 0.9936322 0.9958628 0.9958343 0.9933198 0.99347436 0.99290526 0.9926088 0.99500823 0.9948294 0.995698 0.9938221 0.99496704 0.9962177 0.9962951 0.99640924 0.99595034 0.9960213 0.99601597 0.9957737 0.9925555 0.99097335 0.9944693 0.9946245 0.9916349 0.99096316 0.9897543 0.9942498 0.9957183 0.99655807 0.9964869 0.9972361 0.99538267 0.9950557 0.99580264 0.990556 0.9895961 0.9897743 0.99565536 0.9948298 0.99536777 0.9955663 0.9960489 0.9947187 0.99578434 0.99551946 0.9960174 0.9953793 0.9940866 0.9949979 0.9960791 0.99569315 0.99463713 0.9951179 0.9957598 0.9943826 0.9959902 0.9958558 0.99568105 0.9966632 0.9963752 0.9955486 0.9949893 0.995924 0.9940366 0.99548745 0.9956218 0.9946787 0.99496806 0.9948463 0.99434215 0.99554056 0.99469113 0.99631184 0.9971635 0.99569863 0.9951649 0.9918126 0.9962996 0.99545974 0.9966719 0.99453056 0.99283516 0.9948823 0.9978338 0.9965764 0.9951853 0.99609953 0.996143 0.9952965 0.9956177 0.99562085 0.9909948 0.9933927 0.9957781 0.99418586 0.9935085 0.9970156 0.9958281 0.9954508 0.99631196 0.9957098 0.9940408 0.99668616 0.9948871 0.99663365 0.9945379 0.9932411 0.98962253 0.9918216 0.99272573 0.99192905 0.9910761 0.988564 0.9919469 0.9938332 0.994629 0.9957588 0.99591506 0.9955594 0.9947037 0.9952123 0.99573743 0.9928726 0.99282634 0.99277914 0.99423474 0.995269 0.99510795 0.9938979 0.99379766 0.9892507 0.9882461 0.98411596 0.99187875 0.99231166 0.9918486 0.9918158 0.99015224 0.9932011 0.99100035 0.9879989 0.9905687 0.9895506 0.9902304 0.99093413 0.98661405 0.9866428 0.9887629 0.98918617 0.99194753 0.9891048 0.98656076 0.9880104
SavicxBozxa_SRP19031BozaSDveSestre-L2_4 0.98905104 0.994349 0.9931089 0.99106306 0.9924955 0.9910659 0.988928 0.98392844 0.9938891 0.99335974 0.9940879 0.9953986 0.99370867 0.9937624 0.9948638 0.99360925 0.99271315 0.9931595 0.9947904 0.9953345 0.9921514 0.9934246 0.99355346 0.99391276 0.9928 0.9906122 0.9922805 0.98964685 0.99286914 0.99174696 0.99157375 0.99298686 0.9918569 0.98492557 0.982019 0.99165606 0.99115944 0.9887625 0.99579746 0.99709743 0.9961392 0.9947125 0.9953525 0.9930947 0.99287283 0.99478245 0.9959133 0.9957453 0.9964676 0.99356526 0.9957558 0.99426496 0.992972 0.99188024 0.9904825 0.9932625 0.99250793 0.9856106 0.98962116 0.9938965 0.9932838 0.99211204 0.9939796 0.99261254 0.9898851 0.9907992 0.9941693 0.993859 0.99423844 0.99729955 0.9949636 0.9937578 0.99349314 0.99573463 0.9953197 0.9951203 0.9936821 0.992286 0.9948296 0.9971081 0.9943276 0.9920855 0.9936212 0.99295497 0.9917822 0.9943872 0.99357754 0.9948689 0.9955095 0.9933475 0.99500155 0.99066484 0.9916998 0.9921308 0.9920708 0.99310493 0.99054986 0.99398404 0.9910475 0.9902959 0.98980767 0.992111 0.99225616 0.9942944 0.99306446 0.99397016 0.9918355 0.99308544 0.9959297 0.9945167 0.9953581 0.9948299 0.9940624 0.9947537 0.99480736 0.9929427 0.9953149 0.9964959 0.9960885 0.9963893 0.99641997 0.99375486 0.99539477 0.9960183 0.9970435 0.9965366 0.99560857 0.99582744 0.9940341 0.9962705 0.99671584 0.9965328 0.996895 0.9971474 0.99573386 0.9896407 0.9926048 0.9929774 0.9932118 0.99123883 0.9915122 0.98764914 0.9909738 0.9936729 0.99352884 0.9948352 0.99451005 0.9949781 0.995461 0.99663305 0.99149525 0.9913849 0.99001414 0.98827285 0.99616957 0.9953742 0.99528676 0.9923036 0.99181545 0.99078774 0.9912863 0.9900723 0.9898468 0.99038714 0.9911053 0.9903952 0.9908147 0.99397004 0.9914169 0.99400544 0.99200135 0.9896832 0.9927932 0.9918989 0.9894695 0.9911346 0.99181 0.9901422 0.98935926 0.9955297 0.9945193 0.99252284 0.99348027 0.9931646 0.9902375 0.98771757 0.99571025 0.995229 0.995473 0.99403715 0.99172413 0.9936768 0.990849 0.993741 0.99259514 0.9958726 0.9960821 0.996333 0.9947183 0.99553764 0.9926771 0.9949069 0.99542874 0.99441093 0.995143 0.99270844 0.9922238 0.99456507 0.9900148 0.9872633 0.98887587 0.99357796 0.99318945 0.99208486 0.9938034 0.9924558 0.99304336 0.9921869 0.99353814 0.99179834 0.99215126 0.9877714 0.9867136 0.9899192 0.9926243 0.9916214 0.9934256 0.9941142 0.99242496 0.9921076 0.9923189 0.9860777 0.9907201 0.9949527 0.99372244 0.99213326 0.9941418 0.9921118 0.98894143 0.99055755 0.9940264 0.98783576 0.979931 0.98672855 0.9889 0.9923639 0.99357367 0.9916396 0.99429685 0.98952764 0.9937072 0.9949026 0.9944703 0.9920253 0.9898696 0.99444294 0.99411285 0.993023 0.99418163 0.9920563 0.9942421 0.9933877 0.9918036 0.9899826 0.99290425 0.9951655 0.9941459 0.9922682 0.98977077 0.99485946 0.9954992 0.995997 0.9968556 0.99660057 0.99540865 0.995543 0.9935135 0.9953351 0.99466604 0.99597377 0.9951935 0.9926141 0.99231637 0.995026 0.99323744 0.9920589 0.9899327 0.99375856 0.9935235 0.9921963 0.99255663 0.9950583 0.9939766 0.9952149 0.9923681 0.9937297 0.99334437 0.9961766 0.9938575 0.9930716 0.99241114 0.9918406 0.99072146 0.99130815 0.99065787 0.990118 0.9909873 0.9898607 0.99185306 0.99148667 0.9924954 0.99476045 0.99556893 0.99592316 0.9948011 0.9959893 0.9940876 0.996789 0.99531317 0.995087 0.9940153 0.9951512 0.99434924 0.9952566 0.9936518 0.9928486 0.9928538 0.9955237 0.99540913 0.99550885 0.9959547 0.98877615 0.987549 0.98520136 0.9930998 0.99110717 0.99102604 0.9964096 0.99648005 0.9968096 0.99696505 0.99489033 0.99567616 0.99333626 0.9892723 0.9962627 0.99524367 0.99590456 0.9942595 0.9936379 0.99135834 0.99021816 0.9943807 0.9934296 0.9937948 0.99209845 0.9913375 0.99061227 0.98943716 0.98520726 0.99896055 0.99872845 0.99899995 1.0 0.9995727 0.9979794 0.9923195 0.99298054 0.994566 0.99450564 0.9939237 0.9953524 0.99409413 0.99131817 0.9956261 0.9946342 0.9951024 0.99288654 0.9929537 0.98786885 0.99387366 0.9868344 0.9877743 0.99311924 0.98914397 0.9853149 0.9853951 0.9882292 0.9944803 0.9877586 0.9941793 0.9908008 0.9944396 0.9947375 0.99105924 0.9922341 0.9915287 0.9906903 0.9929719 0.99129534 0.9953536 0.9939042 0.99490726 0.9960717 0.9957129 0.9964515 0.99497616 0.99464947 0.9952368 0.99466145 0.9914391 0.9898963 0.99303985 0.9933004 0.99068683 0.9902274 0.9887451 0.99366254 0.99479276 0.9958139 0.995833 0.9969512 0.9961819 0.99544233 0.99659795 0.991005 0.9903387 0.99082476 0.99424976 0.99471205 0.99504673 0.99518055 0.995376 0.9937699 0.99499345 0.99508756 0.9949762 0.99385357 0.9940644 0.99553615 0.99611944 0.9957685 0.99508095 0.9945122 0.9957784 0.99498487 0.99587834 0.99537444 0.99520594 0.9967323 0.99612045 0.995896 0.99542284 0.9957574 0.99487346 0.99443877 0.99511045 0.9944814 0.9951584 0.9948178 0.9948682 0.99560714 0.99390876 0.99542904 0.9967309 0.99549186 0.9948558 0.9928013 0.995925 0.99587053 0.9962422 0.9936448 0.9925464 0.9940353 0.9966485 0.99581695 0.9946508 0.9953046 0.99456865 0.99435276 0.9947967 0.99496496 0.9909865 0.99344295 0.9945072 0.99465793 0.9938685 0.9970614 0.99530697 0.994362 0.99588037 0.9949783 0.9926239 0.9962377 0.99412465 0.99587035 0.9920685 0.9909873 0.9868393 0.9895408 0.9899515 0.9894764 0.9885115 0.9858807 0.99285614 0.99430895 0.99466926 0.99523735 0.9951153 0.99519527 0.994415 0.99468446 0.9952734 0.99332553 0.9933789 0.9930204 0.99454045 0.99513745 0.9944472 0.9936623 0.99250674 0.98675287 0.9855379 0.9815636 0.9889334 0.9898585 0.98929334 0.9894484 0.9874664 0.991061 0.9881594 0.98468775 0.98808813 0.9868568 0.98751855 0.9884412 0.98373157 0.9837778 0.9862953 0.9865647 0.98939073 0.98804545 0.98469865 0.9858835
SavicxBozxa_SRP19031BozaSDveSestre-L2_5 0.9896002 0.9951313 0.99388456 0.9912137 0.9926456 0.99255395 0.9902886 0.9853808 0.9947459 0.99384165 0.9947168 0.996086 0.994338 0.99430627 0.99521756 0.99381995 0.9927654 0.99345815 0.99510145 0.9956582 0.99254924 0.99361837 0.99438864 0.9943645 0.9931916 0.991039 0.99267644 0.98985296 0.99339646 0.9920642 0.991747 0.99351305 0.9921935 0.98481953 0.98169315 0.9921236 0.9915218 0.9888572 0.9963722 0.9973195 0.9963572 0.9949564 0.99592197 0.99312764 0.9933331 0.9954658 0.9960499 0.99593234 0.99688995 0.99406654 0.99636465 0.99484915 0.993602 0.99277306 0.99152064 0.99350244 0.99294806 0.9860633 0.9898102 0.9941844 0.99355257 0.9922472 0.9945448 0.99324214 0.9907627 0.99156547 0.99464446 0.99474716 0.99500215 0.99791795 0.995377 0.9949941 0.9948198 0.99647456 0.9962409 0.9958517 0.99469346 0.99347365 0.9956983 0.997717 0.9952302 0.99239194 0.9940678 0.9937904 0.9922232 0.99520916 0.99423295 0.99564195 0.9961109 0.99389786 0.9954303 0.99068683 0.9925903 0.99253786 0.9926468 0.9936782 0.99126905 0.99457747 0.9919885 0.99122036 0.990568 0.9924019 0.9923712 0.9946426 0.9931689 0.99419826 0.99164695 0.99301165 0.9956888 0.99446553 0.99536365 0.99475425 0.99417955 0.9947554 0.9950869 0.9928588 0.99577045 0.99687165 0.99630326 0.99655634 0.996876 0.99438787 0.9960989 0.99661416 0.99767107 0.9972911 0.99604857 0.9967761 0.9951608 0.9969627 0.99724865 0.9972457 0.9975136 0.99767494 0.99656624 0.9895651 0.9927882 0.99325395 0.99366045 0.9920766 0.9919617 0.98805195 0.99137753 0.9949124 0.99430764 0.9952723 0.9954647 0.99611855 0.9963976 0.99731 0.99241996 0.99252415 0.9906573 0.9894274 0.9963017 0.995546 0.99524593 0.99260443 0.9921922 0.99195546 0.9921466 0.9908688 0.99068344 0.9912106 0.99195975 0.9904971 0.9911745 0.9942773 0.9920942 0.9944592 0.99251676 0.9901228 0.99321556 0.99233574 0.9898762 0.9913156 0.9923253 0.9902815 0.9893622 0.9958477 0.9947032 0.9926248 0.9934274 0.9932634 0.9904576 0.9879377 0.99607754 0.9956238 0.9958098 0.9946523 0.9922662 0.9940809 0.9910413 0.99406564 0.99275047 0.996089 0.99640286 0.99712265 0.99575853 0.996076 0.99346375 0.99538493 0.99610674 0.9948697 0.99595445 0.9933813 0.99275726 0.99487686 0.9910146 0.98849076 0.9899223 0.99413806 0.993686 0.99278206 0.9943862 0.9927339 0.99381787 0.99258655 0.99406517 0.9925254 0.9929091 0.98815286 0.987085 0.9902662 0.9931025 0.99212253 0.9939971 0.9947099 0.99298114 0.99274385 0.99263793 0.987649 0.9919645 0.9952101 0.99442464 0.9929112 0.99446213 0.99256384 0.9901613 0.99137086 0.99426496 0.98816836 0.9804298 0.9871586 0.989389 0.9930138 0.99382186 0.9932035 0.9954365 0.99108946 0.9949982 0.99579686 0.99557006 0.99364394 0.9915447 0.9955393 0.995224 0.99393284 0.99516034 0.9930888 0.99538755 0.9946362 0.9928742 0.9912901 0.9942005 0.9959144 0.994929 0.9932528 0.9908635 0.994989 0.9956194 0.9961046 0.9973221 0.99684495 0.9961309 0.99612 0.99475956 0.9961013 0.9949386 0.9965761 0.9959041 0.99383694 0.9937024 0.9953988 0.99415255 0.99307495 0.99090165 0.9948035 0.9946035 0.9927822 0.9937106 0.9957988 0.9951587 0.99561274 0.99381775 0.99493855 0.99429274 0.99702054 0.994943 0.99425566 0.9934911 0.99301016 0.991314 0.99211377 0.991449 0.9910017 0.9915777 0.9906654 0.992252 0.99164945 0.99297655 0.995548 0.9960481 0.99653184 0.99577755 0.9966379 0.99524295 0.9972878 0.99613583 0.99559253 0.9947473 0.9959016 0.99517137 0.9953464 0.99365777 0.992678 0.9930475 0.9958359 0.9955688 0.99571437 0.9962168 0.9891248 0.98785573 0.9855244 0.9937703 0.9917461 0.9917293 0.9969079 0.996534 0.9969212 0.9970522 0.99489003 0.99597704 0.99316776 0.988956 0.99654496 0.99547046 0.99610656 0.99444485 0.9935318 0.99142575 0.990193 0.99465954 0.99373007 0.9941916 0.99248713 0.9919463 0.9909758 0.9900391 0.9858631 0.9992055 0.9991726 0.9989509 0.9995727 1.0000002 0.99865836 0.9940978 0.9945535 0.995906 0.9960305 0.99545175 0.99658144 0.9945402 0.991598 0.9962037 0.99509436 0.99564475 0.9933015 0.9932314 0.9880504 0.9945203 0.98687655 0.98797274 0.9936739 0.98932254 0.98550314 0.9855428 0.9883931 0.99513125 0.9877399 0.9945887 0.9911587 0.9949811 0.9952201 0.9914524 0.992493 0.99195325 0.99106216 0.9932931 0.9918087 0.9959391 0.99510044 0.99600285 0.99692374 0.99646866 0.99732214 0.9960501 0.9956449 0.99604166 0.99483645 0.99163955 0.990333 0.9940672 0.9936062 0.99148273 0.9911809 0.9894912 0.9944131 0.99548745 0.99627024 0.996561 0.9972054 0.9968085 0.99611926 0.9968757 0.9921857 0.99139905 0.9919033 0.99478126 0.9953667 0.99575776 0.9957875 0.9958873 0.9946866 0.9959425 0.9958257 0.9957895 0.99451697 0.9953109 0.9962002 0.99665195 0.99644774 0.9959032 0.9954199 0.99661905 0.9955725 0.99658966 0.99606824 0.9960087 0.99752533 0.9968272 0.9968533 0.9959061 0.9961798 0.9957727 0.9949943 0.9953434 0.99489504 0.9955536 0.9955693 0.99603885 0.99618316 0.994797 0.9965101 0.9977589 0.99623585 0.99588835 0.993761 0.99662846 0.9965043 0.9970045 0.9945568 0.99400675 0.9948988 0.9970125 0.9964916 0.9953722 0.99621356 0.99515134 0.99544674 0.9956653 0.9956286 0.9922905 0.99391913 0.995141 0.9951706 0.994707 0.99736917 0.9954771 0.9942578 0.996179 0.99529195 0.99314785 0.9964112 0.9944784 0.99614626 0.9916709 0.99037325 0.9863198 0.9889388 0.98953885 0.9889789 0.98778653 0.98514 0.9943312 0.9956859 0.99600816 0.9963037 0.9958271 0.9961036 0.995714 0.99560976 0.9963728 0.9946197 0.9947368 0.9944256 0.9957989 0.99624044 0.9955348 0.99482507 0.9927211 0.986984 0.98597765 0.9819931 0.98915696 0.9902419 0.9895602 0.9897667 0.9877368 0.9913454 0.98824215 0.984919 0.98843145 0.9868044 0.9876741 0.9887019 0.98360246 0.9838197 0.98625237 0.986675 0.98956156 0.98871785 0.9855022 0.98679376
SavicxBozxa_SRP19031BozaSDveSestre-L2_6 0.98991096 0.99585354 0.99463177 0.99034107 0.9916569 0.9937781 0.99213195 0.98741925 0.99419206 0.99312145 0.9935649 0.99564576 0.992775 0.992514 0.9944013 0.9926779 0.9917214 0.99334383 0.99477524 0.99417377 0.99020547 0.99151725 0.99539673 0.994524 0.99349445 0.9906152 0.9921729 0.9886657 0.99284416 0.99052316 0.99062616 0.9928715 0.9906415 0.98302716 0.97956276 0.9925987 0.9925043 0.988554 0.99608827 0.9967457 0.99519855 0.99324596 0.99522513 0.99178433 0.99381864 0.9958805 0.9947002 0.9944655 0.99565065 0.9926809 0.9950303 0.9932839 0.9918099 0.99257874 0.9907916 0.9944845 0.9945764 0.9886743 0.9913706 0.99409896 0.9934547 0.99333715 0.99522245 0.99393433 0.99285054 0.99363494 0.99350655 0.9938271 0.99332035 0.997906 0.9948334 0.9964561 0.99447453 0.9949266 0.9952376 0.99440277 0.9951335 0.99368685 0.99562776 0.99693877 0.9949088 0.99183244 0.99440813 0.9929737 0.9913012 0.99420714 0.9925568 0.9948027 0.9947109 0.9937534 0.9945914 0.98855203 0.9921931 0.99162626 0.99151343 0.9928702 0.99079853 0.9935164 0.9912445 0.99023485 0.989783 0.99104667 0.9905292 0.9915936 0.9899182 0.9931562 0.98931164 0.99063206 0.9935022 0.99219745 0.9928375 0.9927876 0.99233454 0.9927573 0.9937952 0.9906394 0.99440044 0.9956186 0.9948474 0.9954515 0.99586934 0.9929827 0.9953193 0.9956858 0.9971009 0.9973623 0.9950127 0.99734056 0.99621874 0.99703413 0.9973452 0.9975463 0.99709773 0.9971249 0.9961767 0.9882397 0.99255574 0.9932869 0.99374604 0.99236274 0.9912128 0.9877077 0.99075234 0.9949646 0.99306834 0.99331754 0.99553365 0.9962411 0.9963983 0.9966927 0.9942261 0.99394095 0.9911587 0.99139166 0.99499184 0.99434274 0.994029 0.9906465 0.9902426 0.9906746 0.99096406 0.98844874 0.98928356 0.9895098 0.99046165 0.98825365 0.99022377 0.9925426 0.9911977 0.99263424 0.9908648 0.9877678 0.99095696 0.9903751 0.98776805 0.9891805 0.9905377 0.9877516 0.98672587 0.99477327 0.9924166 0.99044716 0.9914427 0.9911403 0.9877738 0.9844058 0.99516565 0.99442 0.9941465 0.9942706 0.9910204 0.9923084 0.9886578 0.99241245 0.9907275 0.9948624 0.99518174 0.9970839 0.99612486 0.9953765 0.99314857 0.99341345 0.9951901 0.9941347 0.99642134 0.9926614 0.99238324 0.99286515 0.9911213 0.98920304 0.9904255 0.9926203 0.993478 0.9929733 0.9941091 0.99204576 0.9940905 0.9927297 0.9927578 0.9928866 0.99330515 0.9872797 0.986517 0.9897302 0.9919612 0.99135095 0.992401 0.99391097 0.99241143 0.99228156 0.99190766 0.99127865 0.9949923 0.99419296 0.99414015 0.9934858 0.9941611 0.99157035 0.9908247 0.9923083 0.9927866 0.98589176 0.9770472 0.98495394 0.98772705 0.99335104 0.99291754 0.995139 0.9967388 0.9929922 0.99651355 0.99677885 0.99704134 0.99525225 0.99259466 0.9957322 0.9956692 0.9951054 0.99591184 0.9933614 0.99593055 0.99524546 0.9915569 0.99079317 0.99385643 0.994676 0.9938387 0.99234843 0.990268 0.993817 0.9938397 0.995056 0.99638635 0.995417 0.9949617 0.99469644 0.9962977 0.9969279 0.9953865 0.9968047 0.9963429 0.995087 0.9954319 0.99469966 0.99572253 0.99393713 0.9910267 0.9954855 0.995136 0.99256104 0.99522376 0.99587023 0.9963813 0.9958519 0.9947253 0.9951077 0.99464285 0.997428 0.99509424 0.99419314 0.9931671 0.9916771 0.98791176 0.99018484 0.9888174 0.9884409 0.98861915 0.9878885 0.99341536 0.9922527 0.9934667 0.99502134 0.9947531 0.9962496 0.9962588 0.9958672 0.99533397 0.9964417 0.9959606 0.99558103 0.99351716 0.99519265 0.99412215 0.99439996 0.9930193 0.9919108 0.99286443 0.99533457 0.9940943 0.9948643 0.9955291 0.9902831 0.988604 0.9866496 0.99231344 0.9895599 0.98986334 0.9968038 0.99552816 0.9956245 0.99578583 0.99375755 0.9956005 0.9916931 0.988371 0.9959616 0.9948733 0.99546957 0.9951193 0.9927561 0.9915862 0.99042994 0.9953574 0.9938109 0.9940395 0.9922867 0.99294347 0.9914202 0.9906858 0.9830666 0.99811405 0.9984911 0.9975481 0.9979794 0.99865836 0.99999976 0.995087 0.9954256 0.9958993 0.9964532 0.99634176 0.9974635 0.9936735 0.9897016 0.99538195 0.9944178 0.99430025 0.9917928 0.9927117 0.9853598 0.9942712 0.98466176 0.98552155 0.9920213 0.98720765 0.98232543 0.98306185 0.9856825 0.99511445 0.9858754 0.9939612 0.989662 0.99447674 0.9947203 0.988757 0.98951113 0.98887354 0.9875305 0.99098283 0.9912983 0.9968364 0.9962428 0.9976195 0.99793696 0.99782825 0.9978748 0.9975861 0.9969126 0.99771506 0.9936353 0.9897327 0.98885566 0.9939368 0.99100363 0.98969215 0.98969984 0.98702013 0.9921956 0.99469733 0.9946547 0.9958647 0.9955801 0.99677175 0.9955913 0.99564 0.9931898 0.9912863 0.99128264 0.99231327 0.99339724 0.9941926 0.99377394 0.9947031 0.9937866 0.99544716 0.99489385 0.9953619 0.99272674 0.99564344 0.99646276 0.9962752 0.9954971 0.99501246 0.9944646 0.9953334 0.9939905 0.9957566 0.99513733 0.99527293 0.99720526 0.99584323 0.9965501 0.99455845 0.99467945 0.9957524 0.9935789 0.99338406 0.9936516 0.9943832 0.99541485 0.9968473 0.9947551 0.9937516 0.9967978 0.99769604 0.9958248 0.99652886 0.9940574 0.9964967 0.99638665 0.9964755 0.99431854 0.99466306 0.99382496 0.99630785 0.99515724 0.9944925 0.99595726 0.99463075 0.99601597 0.99612635 0.99651563 0.9922645 0.99353844 0.99532604 0.99425626 0.9953073 0.9966021 0.9944826 0.9918415 0.99424714 0.9937274 0.99146277 0.99498254 0.993508 0.9950928 0.9907157 0.9893088 0.9851899 0.98805976 0.9875546 0.9875675 0.98679805 0.98413783 0.99448717 0.996462 0.9962784 0.99614066 0.99484026 0.99547166 0.9962118 0.99543333 0.99641 0.9946725 0.99478984 0.9946611 0.9955366 0.9953783 0.9941484 0.9937706 0.990096 0.9833763 0.98260546 0.9774781 0.9861759 0.9871967 0.9865383 0.986601 0.9843427 0.98954743 0.9855803 0.98210084 0.9857767 0.98457676 0.9849429 0.9855469 0.97986495 0.9799272 0.9827716 0.98333603 0.9873012 0.98949736 0.9868025 0.98748446
SekulicxIsidora_SRP19190IsidoraSDjakon-L2_1 0.986136 0.9937022 0.9919519 0.98681504 0.9878537 0.99379563 0.9911075 0.98839307 0.9940284 0.9903057 0.99136513 0.99332345 0.9907006 0.9903903 0.99076337 0.98767424 0.9864861 0.98811877 0.989996 0.9915936 0.9873233 0.9882287 0.9919811 0.990225 0.9892607 0.9866432 0.9881969 0.9845351 0.98974526 0.9873494 0.9870601 0.9904178 0.9878042 0.9772075 0.97348917 0.9881191 0.98676676 0.98261225 0.99276847 0.9923254 0.99125344 0.9898335 0.9918844 0.9869342 0.98895115 0.9911267 0.9902061 0.99109787 0.99245995 0.99040276 0.99414957 0.99319834 0.9920665 0.9923184 0.99223506 0.9890343 0.9896972 0.9819492 0.98480934 0.9897473 0.9892139 0.98641896 0.99165934 0.99082005 0.9879328 0.9886524 0.99295205 0.9937742 0.99352455 0.99627346 0.99393636 0.9966069 0.9963556 0.9949159 0.9954639 0.99374026 0.99437946 0.9943931 0.99527895 0.9952144 0.9941283 0.9882889 0.9905531 0.9932017 0.9901747 0.9936875 0.9911786 0.9935658 0.9935542 0.9922742 0.9930173 0.98529285 0.99287444 0.9899755 0.99095213 0.9930302 0.9914502 0.99305725 0.99273676 0.99181485 0.9892697 0.9886955 0.98903465 0.99167144 0.9887337 0.9925115 0.98761517 0.98926544 0.99212795 0.9913396 0.9919406 0.99108815 0.9914102 0.9908492 0.99318486 0.9886971 0.9945934 0.9948019 0.99341923 0.99382186 0.9945419 0.99359286 0.993767 0.99387723 0.9948264 0.99550337 0.9926546 0.9957268 0.9932904 0.9940876 0.99321336 0.9942265 0.99428385 0.99430996 0.9947203 0.98263645 0.98696756 0.98858666 0.9889123 0.9919536 0.9897485 0.98697513 0.9894569 0.9951351 0.99353504 0.99280256 0.9959475 0.99598265 0.9966454 0.99652594 0.9907973 0.99311036 0.9898974 0.9897807 0.99324375 0.9923285 0.9907956 0.9878989 0.98775804 0.99352014 0.99148583 0.99058545 0.9897376 0.9910366 0.9919555 0.98702174 0.9884536 0.9913733 0.99132574 0.9927409 0.99119794 0.98763144 0.9908947 0.98996896 0.9872788 0.9875732 0.9894596 0.9849143 0.9830754 0.9923476 0.99030125 0.9876545 0.9881002 0.9900709 0.9881979 0.98592395 0.9927634 0.9927031 0.9936151 0.9925816 0.9886509 0.99117 0.9860612 0.9903966 0.98746943 0.9918459 0.99315846 0.9964021 0.99637276 0.9949615 0.99374104 0.99338645 0.99448204 0.99234664 0.9956169 0.99399567 0.9921546 0.9928561 0.9928288 0.99094355 0.99136025 0.99202126 0.9913671 0.99108815 0.99216163 0.9884704 0.99220866 0.9891457 0.9900716 0.9904976 0.99046266 0.9845837 0.9836153 0.9868429 0.98981607 0.9894998 0.99182415 0.9918684 0.9912192 0.9913055 0.9887251 0.9880739 0.9913377 0.99253994 0.99326485 0.99303836 0.9928762 0.99111533 0.9925897 0.9918124 0.9915236 0.98561525 0.9786241 0.9852283 0.9887429 0.9935006 0.9917179 0.99411976 0.99591094 0.993949 0.9960482 0.9954927 0.9952353 0.99564284 0.99394536 0.99636763 0.9958523 0.9937699 0.9950925 0.99353874 0.9968365 0.99656665 0.9949378 0.99502313 0.997001 0.996433 0.99587226 0.99460024 0.9937691 0.991175 0.99100745 0.9916675 0.99450886 0.99325234 0.99517214 0.99365085 0.994437 0.9935357 0.991546 0.9940903 0.9940408 0.99453086 0.99475485 0.9925749 0.9925883 0.99322563 0.9917743 0.9936253 0.99406636 0.99147075 0.9928105 0.9942848 0.994922 0.99264586 0.9957549 0.99539036 0.99464387 0.9962058 0.9952618 0.99584275 0.9946079 0.9935603 0.9890598 0.99106175 0.9897285 0.9891884 0.98907757 0.98912746 0.9884002 0.98675096 0.9905695 0.9955937 0.9934828 0.9950454 0.995325 0.9943292 0.99632686 0.99489963 0.99418914 0.99307555 0.99246943 0.99347895 0.99335927 0.9913349 0.9886765 0.98796225 0.98951495 0.9924478 0.99222 0.9924842 0.9926138 0.98529875 0.98256606 0.9806224 0.9917698 0.9893231 0.9899221 0.99458766 0.99231136 0.9921917 0.9920416 0.9895108 0.99143714 0.98713 0.98180467 0.9927922 0.9916332 0.9922445 0.98939127 0.98787326 0.98611414 0.98415893 0.9906358 0.99042183 0.9915317 0.9895135 0.9895431 0.9876991 0.98739034 0.98160976 0.9950717 0.9948908 0.99231493 0.9923195 0.9940978 0.995087 0.9999999 0.9990449 0.99909174 0.9989374 0.99782807 0.9968406 0.99110454 0.98630023 0.99234223 0.9914791 0.99188113 0.9879247 0.9877387 0.98095345 0.9906954 0.9801416 0.98173386 0.98974985 0.9835525 0.97844374 0.97873294 0.9821524 0.9924766 0.9797588 0.9899157 0.9849412 0.9903141 0.9905695 0.98826313 0.98989034 0.9896023 0.98729956 0.9897975 0.9885714 0.9929999 0.9953779 0.9941535 0.9943177 0.9931042 0.9947687 0.9940003 0.99243575 0.9934286 0.9914863 0.9893064 0.9891785 0.9935932 0.9911739 0.9923402 0.99255645 0.99013144 0.99361277 0.9948102 0.9941441 0.99584454 0.9942775 0.99617076 0.995486 0.9954633 0.9936586 0.993326 0.9931324 0.99241036 0.9947859 0.99445325 0.9943244 0.9937778 0.99405515 0.9958577 0.9959804 0.9948847 0.9922574 0.9954073 0.9963339 0.9963333 0.9946154 0.99498487 0.994152 0.9968061 0.995185 0.9961177 0.9944854 0.9959297 0.9960248 0.99533284 0.99655175 0.994334 0.99362785 0.9956633 0.9925695 0.9916599 0.99189454 0.9929218 0.9933799 0.9964131 0.9946859 0.99421155 0.9953584 0.9965357 0.9957641 0.9963513 0.99479187 0.99595326 0.99581766 0.9967034 0.994981 0.99652743 0.99487555 0.99359095 0.99499166 0.99506533 0.9958631 0.99343425 0.9950785 0.995014 0.9942408 0.9940324 0.99333495 0.99334306 0.9943011 0.9946232 0.9951628 0.9926859 0.990009 0.993787 0.9933354 0.9916907 0.99372745 0.9929452 0.99372536 0.98582387 0.9835077 0.9783772 0.9820366 0.98201865 0.9816693 0.97976786 0.9769131 0.9965688 0.9974425 0.99794036 0.9971512 0.9952501 0.99705917 0.99745744 0.996073 0.99734616 0.9963396 0.9968852 0.99726593 0.99780196 0.99743026 0.99655354 0.9966905 0.9899694 0.9824442 0.98224217 0.97819215 0.9832419 0.98568434 0.98474234 0.9850595 0.98283744 0.98806566 0.9828522 0.9792331 0.9844358 0.9808419 0.9825118 0.98414797 0.97718227 0.97738564 0.9802438 0.98129004 0.9848827 0.9873995 0.9833864 0.98537135
SekulicxIsidora_SRP19190IsidoraSDjakon-L2_2 0.98651445 0.99372035 0.9920482 0.98814476 0.9886199 0.992754 0.9899438 0.98727345 0.99430615 0.99047166 0.9918497 0.993365 0.99160707 0.9913159 0.9906136 0.9880126 0.98641574 0.98787856 0.98955876 0.99212205 0.98802245 0.9890821 0.9920879 0.990586 0.98977715 0.98771554 0.98860824 0.98575914 0.98949176 0.9875144 0.98731923 0.99001354 0.987888 0.9772787 0.9740027 0.98680854 0.9859413 0.981969 0.99243766 0.9928838 0.9915539 0.9904855 0.99191976 0.9878232 0.9880338 0.9906956 0.9904907 0.99193585 0.9931041 0.99117833 0.99478996 0.99389714 0.99278325 0.9926823 0.9923665 0.98894316 0.9896319 0.98044366 0.9845273 0.98947257 0.9890927 0.9862136 0.9912544 0.99021506 0.9865017 0.98752683 0.9928981 0.99321586 0.9935797 0.9970747 0.9939625 0.996007 0.9957053 0.9949404 0.9952358 0.9938475 0.99306965 0.9927728 0.99515325 0.9957744 0.99321157 0.9889178 0.99092513 0.9947568 0.9923007 0.9952038 0.9930003 0.9952413 0.99464655 0.99356925 0.9942401 0.98580563 0.99193776 0.9894879 0.99046296 0.99321616 0.9919041 0.9939675 0.99247825 0.9918829 0.9884361 0.9884966 0.9891883 0.9927725 0.99038327 0.9932822 0.9896049 0.9911798 0.99322855 0.9931913 0.9936435 0.99325836 0.9930419 0.9920633 0.9944229 0.9907146 0.99465805 0.995512 0.9941042 0.9948377 0.9949986 0.99424934 0.99314106 0.9938206 0.99537474 0.99569887 0.9931881 0.9954577 0.9924121 0.99418324 0.9936819 0.9943002 0.9949799 0.9950382 0.9949386 0.9823848 0.9865466 0.9881106 0.9886152 0.99399686 0.9924819 0.99023694 0.99226534 0.995497 0.99406713 0.99340236 0.995801 0.9957084 0.99693435 0.99672556 0.9891981 0.99168754 0.98874944 0.9883333 0.9928437 0.9918922 0.9910363 0.9891467 0.98913187 0.9940101 0.9924087 0.99122906 0.99057454 0.9914217 0.99251205 0.98817635 0.98876977 0.9916857 0.9910753 0.99323547 0.9912721 0.98882586 0.99156034 0.9912941 0.98885953 0.9890095 0.98882437 0.9847452 0.98312426 0.99252784 0.9909023 0.98844945 0.9894442 0.99175185 0.9902815 0.9884684 0.99254847 0.99296194 0.99437785 0.993513 0.98862636 0.9908663 0.98665524 0.9902627 0.9881299 0.992185 0.992869 0.99615926 0.99683464 0.99566215 0.99455214 0.99415094 0.9953457 0.993388 0.9958755 0.9955242 0.9939559 0.9947529 0.99411577 0.9924392 0.99327433 0.99398565 0.99051553 0.98955774 0.9914769 0.98883325 0.9913542 0.9891619 0.99012667 0.98898995 0.98949194 0.9838825 0.98274446 0.9864645 0.9893094 0.9882834 0.9930775 0.9913746 0.9905063 0.9898796 0.98830056 0.98670423 0.991313 0.99282616 0.9928688 0.9928947 0.99322647 0.99185973 0.9912061 0.9923244 0.99188375 0.9873055 0.98070943 0.9870756 0.99025404 0.9940751 0.99198204 0.99300456 0.99529004 0.99380535 0.99695885 0.99696434 0.9959365 0.9956006 0.9917665 0.99568784 0.99486965 0.99348336 0.9943144 0.9926333 0.9961439 0.9959347 0.9940746 0.993154 0.9965874 0.9966857 0.99589217 0.9940588 0.99318016 0.99158233 0.99160963 0.9921672 0.994176 0.9941339 0.99513066 0.99332696 0.9937102 0.99326813 0.99220246 0.9942464 0.99441683 0.9932974 0.9934657 0.99239033 0.99292564 0.99238753 0.9907653 0.99272704 0.99329287 0.99050313 0.9916857 0.9936239 0.9944038 0.99287224 0.99466115 0.9951558 0.99500304 0.99630356 0.99509704 0.99567777 0.99411887 0.99379724 0.9900886 0.9907949 0.9907974 0.99008787 0.9901764 0.989394 0.9888164 0.9871975 0.9911137 0.9953423 0.9934645 0.99507535 0.9952016 0.99428797 0.99624956 0.99529696 0.9937227 0.9922744 0.9924671 0.9935828 0.9936012 0.99247706 0.990089 0.9901545 0.9913864 0.992867 0.99284613 0.99286115 0.99292564 0.98587435 0.9834358 0.9816139 0.9938815 0.99160457 0.9926625 0.9942841 0.9930621 0.99285305 0.9929515 0.9903214 0.99208397 0.9882721 0.98233825 0.9927638 0.99268115 0.9930709 0.9895089 0.98868275 0.98684055 0.9852052 0.990435 0.99022573 0.9909393 0.98950714 0.98853433 0.9870107 0.9868665 0.983242 0.9955352 0.99498504 0.99255013 0.99298054 0.9945535 0.9954256 0.9990449 1.0 0.99926245 0.9989362 0.9982246 0.9972048 0.9909931 0.98690313 0.99220693 0.99139136 0.9918877 0.98844874 0.98816663 0.98183215 0.99046147 0.981178 0.98240566 0.98995775 0.98492444 0.97974277 0.9797091 0.9831334 0.9919167 0.98015046 0.9896541 0.98554987 0.9904334 0.99075145 0.9896105 0.9911769 0.9908811 0.9882089 0.990216 0.98938483 0.9934956 0.9952468 0.9943069 0.99399596 0.99363923 0.99473536 0.99364746 0.9924887 0.9936689 0.99185765 0.9895408 0.99001306 0.99396145 0.99182147 0.99187815 0.99225885 0.99034417 0.99398226 0.99460065 0.9943396 0.99557734 0.9947663 0.99590915 0.9948287 0.9959954 0.99268246 0.99214077 0.9917519 0.9934644 0.9952047 0.99487615 0.9944193 0.9940972 0.9930041 0.99519444 0.995837 0.9954406 0.9938599 0.9952154 0.9967199 0.9969832 0.99546844 0.99600226 0.9952143 0.997233 0.9966524 0.9964099 0.9955675 0.9963728 0.99695027 0.99675393 0.9968083 0.9946351 0.9941478 0.9956466 0.9926694 0.99153554 0.9913176 0.99297214 0.99321413 0.9962932 0.99515617 0.9943323 0.9956102 0.99675214 0.99623567 0.9962912 0.99441504 0.9958048 0.9956235 0.9974493 0.99589425 0.99590147 0.9947391 0.9940289 0.99536234 0.99580187 0.99599487 0.9933366 0.9946306 0.9951946 0.99456424 0.993385 0.9939368 0.99380946 0.994344 0.99370706 0.9959503 0.9938918 0.99145746 0.99462444 0.99410605 0.9923833 0.994863 0.9939625 0.99480385 0.98650026 0.98361236 0.97844297 0.9820645 0.98284566 0.9823137 0.9801076 0.97687787 0.99602044 0.996992 0.9976312 0.99735886 0.9965151 0.99744564 0.99758977 0.99661297 0.99780816 0.9954056 0.99610704 0.99640274 0.9977635 0.99786544 0.9961933 0.9972557 0.9911334 0.98416555 0.984304 0.98057765 0.98395026 0.98632145 0.9860559 0.98595595 0.98434705 0.98899543 0.98343015 0.9803996 0.98548007 0.98226213 0.9837471 0.9856558 0.97944725 0.9792669 0.98216933 0.98270035 0.9856702 0.9850085 0.98119175 0.98280853
SekulicxIsidora_SRP19190IsidoraSDjakon-L2_3 0.98786914 0.9945725 0.99306774 0.9897277 0.99056184 0.99326575 0.9904159 0.9867767 0.995306 0.99220675 0.993369 0.9946042 0.99304295 0.9928572 0.9924406 0.99001294 0.9883455 0.98950875 0.991108 0.99402875 0.9903255 0.99104804 0.99316674 0.9920077 0.99115086 0.98913443 0.9903135 0.9875062 0.9915128 0.9896721 0.98921406 0.9919847 0.9900394 0.98013407 0.976754 0.988782 0.98773694 0.9842062 0.9939669 0.9941742 0.9933668 0.99236554 0.99334943 0.9895653 0.9896838 0.9921445 0.9924386 0.9935729 0.99465877 0.9926423 0.9959285 0.9948765 0.99372613 0.9928672 0.9923687 0.9900341 0.99029475 0.9817973 0.98570406 0.9911698 0.99050033 0.98765963 0.9924271 0.99128556 0.98782843 0.9885899 0.9941351 0.99433583 0.9946063 0.9975855 0.9949651 0.9959837 0.9964299 0.99642956 0.9964573 0.99539536 0.99433935 0.994083 0.9959015 0.99682665 0.9944809 0.98975205 0.9914781 0.9951289 0.9930152 0.9957105 0.99392915 0.9956048 0.9958216 0.99369675 0.99478596 0.9878821 0.9932861 0.99116766 0.99204147 0.9943103 0.99254924 0.9948752 0.99356246 0.99304724 0.9901501 0.99035263 0.9910701 0.9942398 0.9920356 0.9945297 0.99085057 0.99243844 0.99477994 0.99437046 0.994866 0.9942122 0.9938235 0.99334234 0.99501526 0.9918009 0.9958515 0.99658126 0.9951252 0.99554247 0.9959351 0.9949291 0.9948288 0.99538016 0.9966244 0.99662316 0.99458957 0.99642295 0.9931217 0.99513716 0.9946555 0.9951656 0.99597096 0.99613744 0.9959047 0.9847875 0.98825496 0.98958296 0.9902506 0.9934602 0.99257743 0.9898003 0.9921633 0.9959662 0.99520105 0.9949244 0.9958527 0.99601203 0.9970246 0.99730104 0.9896816 0.99189305 0.9890913 0.988161 0.9946005 0.9938568 0.99274284 0.99071324 0.9906425 0.9945368 0.9932003 0.99222195 0.99132925 0.99230826 0.99345136 0.989831 0.9903992 0.99347806 0.9922221 0.99466556 0.9928492 0.99044585 0.9934773 0.9927843 0.990349 0.9907147 0.99075323 0.9871118 0.9857538 0.9940143 0.99270785 0.990414 0.9909812 0.9932845 0.991822 0.9899119 0.9941431 0.99430734 0.9955121 0.9939238 0.99057144 0.99294823 0.9888914 0.9922348 0.99011326 0.99380934 0.99454224 0.99687576 0.99667525 0.99614215 0.9942636 0.99512446 0.99576104 0.9938682 0.9960165 0.9950351 0.9933924 0.9950434 0.9930287 0.9907937 0.9918525 0.9940785 0.9926596 0.991947 0.9932534 0.9906977 0.99326694 0.9908903 0.99217486 0.9910061 0.9912185 0.9859494 0.98481506 0.9883841 0.9911013 0.9901759 0.99391925 0.99295384 0.99188375 0.9913352 0.99002916 0.98691624 0.99110895 0.9941579 0.993878 0.99313384 0.9939541 0.99220574 0.9915336 0.9919017 0.99336714 0.98853296 0.98211396 0.98807585 0.9910059 0.9939954 0.9928602 0.993416 0.9957275 0.99302465 0.99636495 0.99668014 0.9958519 0.99503726 0.992569 0.99623406 0.99581224 0.99403393 0.99487287 0.99357533 0.99670774 0.99630225 0.99524385 0.99426425 0.9970653 0.997556 0.99685127 0.99497706 0.9937658 0.99287 0.99304366 0.99334055 0.9955344 0.995207 0.99572325 0.9945681 0.99406075 0.994328 0.9932201 0.9953244 0.9954174 0.9938327 0.9938776 0.9939547 0.9933428 0.9926567 0.99091065 0.993224 0.9937779 0.99139076 0.9925149 0.99462134 0.99483234 0.9936782 0.99474585 0.9952405 0.9946289 0.99668884 0.99549675 0.99566406 0.9942693 0.99493194 0.99181485 0.99250317 0.9922988 0.9917843 0.99184644 0.99110526 0.98991257 0.98861235 0.9918269 0.9966123 0.99525976 0.99622643 0.9958476 0.9956309 0.9966257 0.9962387 0.9949251 0.9938923 0.99388814 0.9947964 0.99464035 0.99378586 0.991385 0.9910998 0.99203664 0.9942806 0.9943871 0.9944047 0.9945772 0.98673147 0.9846808 0.9825688 0.9943095 0.99251944 0.9930742 0.99541146 0.9942611 0.99429214 0.99411875 0.99172044 0.99302787 0.9897388 0.98398304 0.99403983 0.9932909 0.99379873 0.9904439 0.9897808 0.98755574 0.985982 0.9915668 0.9911945 0.9921547 0.99039775 0.9895171 0.9881251 0.9875976 0.98502153 0.9968217 0.99612087 0.99450874 0.994566 0.995906 0.9958993 0.99909174 0.99926245 1.0000004 0.99944377 0.9983048 0.9976891 0.9925575 0.9888875 0.9938395 0.99294454 0.99370176 0.99028426 0.9900073 0.9842098 0.9920091 0.98335737 0.9847727 0.9917613 0.9866318 0.98216796 0.98193824 0.9854225 0.9932196 0.9824551 0.9911738 0.9874564 0.99164313 0.9918537 0.99150246 0.99307626 0.9928367 0.9906038 0.99246466 0.990816 0.99413925 0.9955732 0.99470186 0.9949564 0.99417984 0.995684 0.9944866 0.99341214 0.99423915 0.9934594 0.9909817 0.99084663 0.99477696 0.9934987 0.9930989 0.99325156 0.9915342 0.99488235 0.99564666 0.9957377 0.99662185 0.9959807 0.9963936 0.9957427 0.99655294 0.9926409 0.99256 0.9923868 0.99480027 0.9960372 0.9954681 0.9955825 0.99498916 0.9944522 0.9963166 0.9967276 0.99592185 0.9947405 0.9955361 0.99716294 0.9975416 0.9959134 0.99639344 0.99580026 0.9978793 0.9968904 0.99773717 0.99690175 0.9976457 0.99777573 0.9976616 0.9976871 0.9961777 0.99583584 0.9964964 0.9940961 0.993289 0.99294186 0.99400896 0.9939868 0.99655586 0.99622285 0.99529684 0.9960527 0.99748015 0.9965606 0.9965379 0.994412 0.9966862 0.99632066 0.9981965 0.9959351 0.99586827 0.99584115 0.9955697 0.9965301 0.99638593 0.9968381 0.99483436 0.99545145 0.9957741 0.9950404 0.9938337 0.9944553 0.994622 0.99525833 0.99468714 0.99704224 0.9949203 0.9932008 0.9959001 0.9953186 0.9937029 0.9960299 0.9947956 0.99600655 0.9882885 0.9858611 0.9806629 0.9841278 0.98503673 0.9842724 0.9822922 0.97911483 0.9960634 0.9972764 0.9980063 0.99782854 0.9971257 0.9980001 0.9977357 0.9969527 0.9981156 0.9960357 0.9964435 0.9968269 0.99813217 0.9984338 0.99743336 0.99765694 0.992708 0.98614264 0.98614436 0.98254865 0.98676413 0.98884416 0.9882721 0.98849976 0.9866517 0.9905949 0.9858927 0.9827317 0.9874449 0.98415095 0.9859385 0.98767376 0.9814572 0.9815531 0.9842632 0.9850065 0.9877889 0.98681384 0.98280084 0.98499346
SekulicxIsidora_SRP19190IsidoraSDjakon-L2_4 0.9904656 0.9961361 0.99489146 0.99128836 0.9920206 0.995166 0.99248576 0.9891567 0.9958288 0.99342316 0.99449897 0.9957332 0.99391276 0.9937285 0.99394876 0.9916308 0.99047405 0.99170774 0.9929727 0.9948668 0.99146444 0.99240124 0.9942409 0.9930916 0.9925709 0.9906305 0.99187183 0.9886881 0.9929374 0.99096954 0.99066293 0.99311846 0.99145293 0.9826296 0.9794755 0.9909682 0.9900232 0.9867777 0.99506676 0.99484444 0.99426657 0.9933093 0.99469805 0.99100024 0.99154836 0.99375147 0.9934862 0.9945047 0.99540454 0.9940006 0.99662596 0.99558085 0.99467224 0.9945726 0.9935818 0.99228275 0.99268913 0.98530394 0.9886979 0.99326205 0.9927701 0.99013674 0.9943565 0.9934643 0.9905468 0.9913187 0.9953909 0.99550354 0.9956639 0.99766505 0.9958965 0.99679774 0.9974622 0.99705684 0.9974022 0.9963526 0.9956844 0.9955529 0.99724245 0.9973172 0.9956479 0.99149305 0.9932573 0.9955219 0.99329054 0.9960435 0.9944243 0.99606156 0.9961897 0.9945836 0.995371 0.9897454 0.9949067 0.9927728 0.9934268 0.9955092 0.9937657 0.99558556 0.99468005 0.9944382 0.9919569 0.99220705 0.9924906 0.9944404 0.9924732 0.9951311 0.991572 0.9929713 0.9950079 0.99453306 0.99486756 0.99447745 0.9945008 0.9942751 0.99553 0.9925571 0.9963042 0.99629974 0.9949579 0.99549013 0.9961247 0.99500644 0.9959398 0.9959666 0.99698985 0.9973115 0.9955847 0.99710476 0.994772 0.9961255 0.9957469 0.99625945 0.9968115 0.9968927 0.9969553 0.98732847 0.9905846 0.9918175 0.9923499 0.9941511 0.9931377 0.9901635 0.9925658 0.99685776 0.9954162 0.99515 0.99667215 0.9967788 0.99767274 0.99758637 0.9918873 0.99321693 0.99047494 0.9896712 0.9953532 0.99454725 0.9935913 0.99207675 0.99205875 0.99507266 0.99434537 0.99283314 0.992392 0.993069 0.9943131 0.99105096 0.99207455 0.99459296 0.99389833 0.9954584 0.9941308 0.99139535 0.99411505 0.9934413 0.9910701 0.9917016 0.99268025 0.9891275 0.98786515 0.9951672 0.9936105 0.99165267 0.99188364 0.993504 0.9914675 0.98945856 0.995364 0.9954922 0.9960478 0.995543 0.9922284 0.9937574 0.9900757 0.99346584 0.9915502 0.99471426 0.9952874 0.99763715 0.9975556 0.9970785 0.99539155 0.99560565 0.9966353 0.9949304 0.9972743 0.99527144 0.9939635 0.9949884 0.99358475 0.9914001 0.9926203 0.99451077 0.99414176 0.99352324 0.9948602 0.992206 0.99474126 0.99270236 0.9935483 0.99324405 0.9935044 0.9885402 0.9876163 0.99065596 0.9929575 0.992273 0.9948139 0.99456906 0.9937654 0.99314326 0.99208933 0.9889757 0.99262655 0.99491894 0.99494344 0.9939186 0.99450415 0.99328554 0.9920721 0.99303305 0.99414647 0.9888578 0.9818338 0.98812 0.9909854 0.9945304 0.99362427 0.9955322 0.9967413 0.99362135 0.9974661 0.9974843 0.9971683 0.9964698 0.9939056 0.99710155 0.99699897 0.9958168 0.99614406 0.99415517 0.9972045 0.9969603 0.9957635 0.99489534 0.9975868 0.99775463 0.9973362 0.9956102 0.9943482 0.9941824 0.9941225 0.99467784 0.9963702 0.9960169 0.9962999 0.9954909 0.99577165 0.9958054 0.994076 0.9963896 0.9965947 0.9955106 0.99547553 0.9952595 0.99515975 0.99416083 0.9922117 0.99463814 0.99517405 0.9923145 0.99456304 0.9959615 0.9964905 0.9952739 0.99619555 0.99656695 0.9959565 0.9976152 0.9968863 0.99675506 0.99549216 0.9953096 0.9919511 0.9930281 0.9925296 0.99213624 0.9920217 0.99163646 0.99207115 0.9909346 0.9936757 0.99680465 0.9958836 0.9971141 0.9970747 0.99663526 0.9973969 0.9970229 0.9961693 0.9954892 0.9955163 0.9963265 0.99618906 0.9946028 0.9925232 0.99188817 0.99319243 0.99551606 0.99528205 0.99537474 0.9956781 0.9892019 0.9870361 0.9853991 0.9947375 0.9927048 0.9929614 0.99641573 0.99515706 0.9950697 0.9951315 0.99312115 0.9945615 0.99129355 0.98593843 0.9952048 0.9943064 0.994665 0.9919625 0.9911711 0.9894035 0.98781914 0.99322784 0.99293005 0.9939115 0.99226147 0.99179345 0.9904215 0.99001116 0.9863375 0.99672353 0.9962723 0.9949262 0.99450564 0.9960305 0.9964532 0.9989374 0.9989362 0.99944377 0.99999994 0.99919087 0.9986166 0.9942583 0.9906859 0.9951699 0.99458444 0.99498785 0.9919527 0.9918306 0.98620534 0.9939041 0.9855783 0.98686117 0.993391 0.98854524 0.98400944 0.9843712 0.9872678 0.9948042 0.984835 0.9929524 0.98950636 0.99346477 0.9937557 0.99213505 0.9931768 0.9929695 0.991268 0.9933413 0.9920843 0.9945114 0.99618757 0.99535716 0.995552 0.99499613 0.99610585 0.9953554 0.9946619 0.99520016 0.99442804 0.99226546 0.99185544 0.9960427 0.9939268 0.9940501 0.99414825 0.9921173 0.99563354 0.99660766 0.99640703 0.9975643 0.99649113 0.9968343 0.9965429 0.99665254 0.99403596 0.9933218 0.9930876 0.9953198 0.99648875 0.99629354 0.996271 0.9960529 0.99561024 0.99701726 0.99726975 0.9969902 0.9952662 0.9966889 0.99702364 0.99754465 0.99666727 0.99685043 0.99633807 0.9973529 0.9961868 0.9973157 0.99621075 0.99747604 0.99762404 0.99742997 0.99773246 0.99557024 0.9956131 0.9964547 0.9951153 0.99410665 0.9938693 0.9948787 0.995267 0.99738574 0.99665344 0.9963857 0.99736977 0.99814236 0.9973427 0.99769866 0.99532986 0.9973567 0.99703735 0.9981631 0.9967223 0.9970461 0.9967501 0.99643344 0.99709356 0.9970551 0.997802 0.99617475 0.9971865 0.99715126 0.9965817 0.9951381 0.99552447 0.99610925 0.99610597 0.99589366 0.99718523 0.995618 0.9934075 0.99594116 0.9958735 0.994565 0.99615884 0.99557734 0.9963183 0.9900685 0.9878071 0.98337746 0.9865139 0.98711735 0.98660785 0.9849125 0.98182476 0.99638265 0.99744755 0.9982255 0.9982298 0.9973265 0.9981842 0.9983697 0.9977279 0.99839526 0.9965814 0.99668247 0.99711514 0.9980307 0.9982238 0.9973042 0.99743277 0.9930209 0.9871744 0.986575 0.9828576 0.9876454 0.9897524 0.98913467 0.9892146 0.98730403 0.99172056 0.98741096 0.9843142 0.98870295 0.98583823 0.9871999 0.9885419 0.9827661 0.98272294 0.9853491 0.98617715 0.9892784 0.98958856 0.9863663 0.98818475
SekulicxIsidora_SRP19190IsidoraSDjakon-L2_5 0.99146223 0.9962067 0.9961145 0.99306035 0.9932765 0.99500394 0.9929929 0.98964065 0.9955118 0.99347854 0.99448365 0.99525875 0.9938788 0.9937042 0.9937753 0.992296 0.9910508 0.9922707 0.99300426 0.99417 0.99127644 0.99237585 0.9932601 0.9926833 0.99238557 0.9912391 0.99186325 0.9896406 0.9928648 0.9911808 0.99120927 0.9925244 0.99150825 0.98415816 0.98141503 0.9914128 0.99061775 0.9882983 0.99537134 0.9953026 0.9949694 0.9942167 0.9953919 0.9927337 0.992559 0.9940921 0.99418586 0.9951506 0.9955287 0.99493307 0.996036 0.9948552 0.99465024 0.9953173 0.9936913 0.993201 0.99356 0.9870042 0.9903891 0.9937479 0.99331754 0.99130446 0.99450016 0.9939349 0.990948 0.9916573 0.9955421 0.99478966 0.99544835 0.9969115 0.9949384 0.9956594 0.9968411 0.99643344 0.9966738 0.99621624 0.9945154 0.9946924 0.9973031 0.9966359 0.9947275 0.9923167 0.99379706 0.9965498 0.99468255 0.9967435 0.9952714 0.9967611 0.9967251 0.996022 0.9960699 0.9904891 0.99429506 0.9919728 0.99278057 0.9947585 0.9937608 0.99541867 0.9941976 0.9947093 0.99151134 0.9916802 0.9916181 0.9938085 0.9925599 0.9945146 0.99197274 0.9929429 0.99422467 0.9941371 0.994314 0.9946992 0.9947005 0.99431914 0.99544805 0.99313486 0.99511665 0.99488163 0.9929618 0.99394333 0.9949992 0.993531 0.99474347 0.9945661 0.99609846 0.99594116 0.9951376 0.99589306 0.99374247 0.99482644 0.9949631 0.9954027 0.9963108 0.99632376 0.9958456 0.98879844 0.99170446 0.99268675 0.9935156 0.99575895 0.9946229 0.99230015 0.99427503 0.9967537 0.9942588 0.9941074 0.9957708 0.99544233 0.99721825 0.99665153 0.9919714 0.99210364 0.989041 0.9883822 0.99490476 0.994356 0.9937834 0.9935901 0.99351054 0.99564 0.9957141 0.9931306 0.9936995 0.9935492 0.9949664 0.9919406 0.9934064 0.99466026 0.9943847 0.9950929 0.99434215 0.9924797 0.99423915 0.9942654 0.99248344 0.9931238 0.9926748 0.9897402 0.9885891 0.99499416 0.9932643 0.9920877 0.9923419 0.994116 0.99133927 0.98907596 0.99551046 0.99594617 0.9958614 0.9965657 0.9926944 0.99285656 0.99055475 0.9932327 0.9920567 0.9941247 0.99422866 0.9969101 0.99709165 0.99700254 0.9959962 0.99551594 0.9969683 0.99587876 0.9975277 0.9955019 0.9948122 0.9946345 0.99412966 0.99230397 0.9937805 0.99517 0.99447304 0.9932338 0.99496245 0.99344325 0.9948566 0.99419147 0.99459827 0.9934735 0.9943989 0.9901595 0.9892814 0.9919921 0.99354434 0.9932127 0.99564886 0.9948928 0.99444914 0.9932469 0.9933187 0.9880542 0.9922506 0.9943223 0.99495226 0.99308544 0.9939934 0.99369544 0.9904718 0.9936332 0.9941559 0.9898896 0.98210454 0.9884924 0.99089754 0.9939121 0.9931247 0.99611473 0.9957334 0.9916222 0.99811774 0.9980948 0.998051 0.9963182 0.9918842 0.9962355 0.99585164 0.99589336 0.9951178 0.9923345 0.9957539 0.9958004 0.99515814 0.9930286 0.99665916 0.9964783 0.99627906 0.9947954 0.99341226 0.99371815 0.99335635 0.9946486 0.995479 0.9959628 0.99517953 0.9944893 0.9955366 0.9954408 0.99457955 0.99661934 0.9972872 0.99515057 0.9947383 0.99519503 0.99630684 0.9935745 0.9909042 0.99351346 0.9941238 0.99114937 0.9943623 0.995111 0.9963337 0.99533474 0.9954796 0.99599284 0.995656 0.99675465 0.99655026 0.99579823 0.9946748 0.99513817 0.9913115 0.99248797 0.9923678 0.99225074 0.9917688 0.9910937 0.99178004 0.9912201 0.9935511 0.99551886 0.99493974 0.9964996 0.9964396 0.9962616 0.99630123 0.9963319 0.995368 0.9950579 0.99596536 0.99656457 0.99649316 0.9952558 0.9939172 0.9934091 0.9948863 0.9953003 0.99450505 0.994698 0.9951011 0.99184275 0.9903088 0.9890181 0.99572897 0.9934343 0.9939371 0.9954949 0.9948895 0.9948096 0.99500215 0.9937347 0.99523515 0.9925244 0.9878145 0.9952954 0.9953193 0.99527085 0.99291444 0.9924297 0.99128515 0.990176 0.993535 0.99370086 0.99380267 0.992956 0.99232554 0.99141806 0.99164194 0.9889118 0.9961427 0.99527955 0.9948924 0.9939237 0.99545175 0.99634176 0.99782807 0.9982246 0.9983048 0.99919087 1.0000002 0.99924076 0.99418575 0.9913315 0.9947418 0.99430585 0.99437755 0.9926833 0.9924077 0.9877432 0.99407727 0.9869214 0.98801684 0.993656 0.98988855 0.98581487 0.98631394 0.9886508 0.99447745 0.98671335 0.99334526 0.99067944 0.9934801 0.993954 0.9928565 0.9926395 0.99259585 0.9910979 0.99382126 0.99384725 0.99454737 0.99517125 0.994897 0.9946676 0.9951632 0.9950585 0.9949565 0.9949256 0.9953389 0.9940455 0.9918465 0.99174976 0.9961182 0.99360204 0.99321 0.9931748 0.9915392 0.9955661 0.9967294 0.9961578 0.9971455 0.99605054 0.99585253 0.99563175 0.9955475 0.9935992 0.9922816 0.99152875 0.9956882 0.9958295 0.9959564 0.9956869 0.9958359 0.9953755 0.9967863 0.99715936 0.9976214 0.9960959 0.9961466 0.99583894 0.9972477 0.9966302 0.9965799 0.99688727 0.9966039 0.9955427 0.9957411 0.99537647 0.9964685 0.9966219 0.9968223 0.9963009 0.9934813 0.9940098 0.9943855 0.9950016 0.9935464 0.99303764 0.9940342 0.99475175 0.996402 0.99551094 0.99624205 0.99744666 0.9976869 0.9968941 0.9972718 0.993859 0.9965718 0.9956902 0.99782276 0.9969828 0.9964911 0.99601835 0.99626553 0.99648625 0.9969505 0.99741936 0.99621487 0.9969333 0.9970414 0.99660486 0.99455917 0.9949856 0.9967495 0.99493587 0.9943673 0.9964931 0.99540854 0.9933231 0.99544847 0.9957105 0.9946873 0.99582946 0.9956475 0.9962916 0.9909786 0.9886114 0.98491144 0.9875269 0.9884461 0.98781306 0.9861064 0.9835363 0.99465466 0.996025 0.99744904 0.9981529 0.99767387 0.99796176 0.9979523 0.99799204 0.9983965 0.99475294 0.99534273 0.99568063 0.9967829 0.99745405 0.99630904 0.99683875 0.99304324 0.98809135 0.9876741 0.98383486 0.98838973 0.9901432 0.9897346 0.9895566 0.98829705 0.9927394 0.988652 0.98647344 0.9897816 0.98774076 0.9884712 0.98962027 0.9846489 0.98430026 0.9867299 0.9873268 0.99051905 0.9896535 0.98745334 0.98893124
SekulicxIsidora_SRP19190IsidoraSDjakon-L2_6 0.9926428 0.9969428 0.9967 0.9938425 0.9944689 0.9946623 0.9927405 0.9887928 0.9959004 0.99487716 0.99547136 0.99625444 0.9947264 0.9944549 0.9951255 0.9943045 0.9930742 0.9941855 0.9946516 0.995538 0.99272376 0.9938377 0.99520206 0.995161 0.9946707 0.99334884 0.99404126 0.9919578 0.99466467 0.9928693 0.99301726 0.9942008 0.99302775 0.98686755 0.9839527 0.99354774 0.9932866 0.9908724 0.9967849 0.9968877 0.9963823 0.9955098 0.99641436 0.99450964 0.99464864 0.9961151 0.99593997 0.9963201 0.99673176 0.9953926 0.99616367 0.99454033 0.9939552 0.9948109 0.9926697 0.99475956 0.99482614 0.9890181 0.9922297 0.9947772 0.9942667 0.9935448 0.9955226 0.9947024 0.9921502 0.9929692 0.9952269 0.99429405 0.994733 0.9973066 0.99535906 0.99569124 0.9959535 0.9961377 0.9962294 0.99626637 0.99474883 0.99415827 0.9968611 0.9968717 0.9945055 0.99327946 0.9949742 0.99628067 0.99505043 0.99658704 0.9954755 0.9968569 0.9970199 0.9958417 0.9961047 0.99166673 0.99405545 0.992101 0.9925165 0.9943329 0.99258363 0.9948765 0.9930631 0.99348605 0.99108875 0.99200493 0.99179775 0.99356467 0.9926224 0.99469656 0.99237525 0.9931169 0.99459237 0.9939573 0.9943071 0.9947292 0.99479735 0.99475217 0.9954739 0.9933925 0.99492 0.99498606 0.9931597 0.9940692 0.9948883 0.9929165 0.99533755 0.99530095 0.99692386 0.9964452 0.9957153 0.99653536 0.99474347 0.9958036 0.9963016 0.99650425 0.9971825 0.99716854 0.996199 0.9909636 0.9937865 0.9944604 0.995248 0.9953851 0.99465925 0.9916937 0.9938842 0.9965063 0.99408805 0.9941454 0.9955847 0.99549246 0.99687535 0.9965511 0.99340117 0.9926285 0.9894695 0.9890294 0.9957793 0.99558026 0.9950747 0.9940373 0.9937173 0.99466157 0.9952307 0.9923315 0.9936032 0.9930613 0.99437904 0.99204344 0.99382526 0.9949571 0.994236 0.9949928 0.99413055 0.99229664 0.9941624 0.99432725 0.99253803 0.9933976 0.993423 0.9910854 0.99038565 0.995891 0.9941474 0.9934149 0.9937001 0.9944358 0.99152637 0.9887737 0.99632883 0.9964876 0.9959238 0.9967643 0.9937478 0.9935094 0.99152917 0.99397194 0.99317205 0.99527085 0.9950288 0.99720037 0.99672973 0.99694514 0.9952454 0.9953342 0.9969935 0.995845 0.9975489 0.9947367 0.9944874 0.9944431 0.9931074 0.9910544 0.99271154 0.99495316 0.9953964 0.9942648 0.9957674 0.994581 0.9957605 0.9951435 0.9953319 0.9944165 0.9950736 0.99053705 0.9897661 0.99257237 0.99428356 0.993751 0.9954812 0.99544597 0.99460846 0.993422 0.99405175 0.9900038 0.9939594 0.9952276 0.9951632 0.9933821 0.9942929 0.9933293 0.99018145 0.99356955 0.9946146 0.9898952 0.98196197 0.98843473 0.990903 0.9940968 0.9934899 0.9962364 0.99593616 0.991065 0.99784815 0.9980602 0.9983349 0.99558175 0.9917959 0.99580604 0.99583125 0.99609417 0.9952839 0.9922702 0.9954372 0.9950816 0.99364644 0.99180853 0.9954737 0.9957342 0.9954538 0.99373573 0.99178416 0.99452555 0.9942285 0.9955681 0.99628145 0.9965345 0.9949192 0.9948055 0.996141 0.9965971 0.99595946 0.99752873 0.9978626 0.9953021 0.99500436 0.9959239 0.99700296 0.9937347 0.9904467 0.9940122 0.9944565 0.9913887 0.99527335 0.9955684 0.9967222 0.9961053 0.9950265 0.995827 0.99536127 0.9971513 0.99611354 0.9948743 0.993774 0.9943977 0.99089384 0.99220896 0.9920787 0.99190515 0.99162686 0.9906949 0.99316293 0.9928537 0.9938738 0.9953653 0.99541724 0.9968682 0.9965357 0.9966487 0.99579716 0.99633473 0.99624044 0.9961057 0.9961971 0.99716246 0.9967507 0.996083 0.9952574 0.99437153 0.99568284 0.9964534 0.99524015 0.9958255 0.9962147 0.9928151 0.9917108 0.9903132 0.99550545 0.9933415 0.9935173 0.9964206 0.9960527 0.9959921 0.99601054 0.995114 0.99670076 0.9940672 0.990596 0.9963984 0.9963428 0.9964247 0.99524647 0.9942683 0.99333906 0.9925324 0.99552727 0.99521375 0.9950338 0.9943161 0.9939422 0.99311155 0.9931534 0.98907554 0.9970159 0.9963275 0.9965383 0.9953524 0.99658144 0.9974635 0.9968406 0.9972048 0.9976891 0.9986166 0.99924076 0.99999994 0.9951805 0.992675 0.99608296 0.9955651 0.99554586 0.9942247 0.99446195 0.98930925 0.99568355 0.9884585 0.98945165 0.99453205 0.9909884 0.9869871 0.98760813 0.98981005 0.99579275 0.9889986 0.99521786 0.99270165 0.9952969 0.995583 0.99303216 0.9926178 0.9922418 0.9913049 0.9944164 0.9951774 0.996362 0.9956876 0.99621385 0.9962782 0.9970272 0.99652743 0.9966725 0.9968294 0.9971323 0.9948417 0.99205095 0.9915298 0.9963121 0.99358934 0.9924083 0.99217236 0.9904248 0.9951383 0.9964386 0.9961199 0.99718505 0.99643373 0.99601114 0.99556154 0.995565 0.99314386 0.9914361 0.99087346 0.995866 0.9955886 0.99584186 0.99570906 0.99637544 0.9952519 0.9965897 0.99644876 0.99751216 0.99610287 0.9957795 0.9958235 0.99692756 0.9964141 0.99574363 0.9963744 0.9962405 0.9949625 0.99625754 0.996103 0.9967545 0.99721605 0.9970268 0.996525 0.9939715 0.99472696 0.99469954 0.99506265 0.993825 0.9930594 0.99405026 0.994757 0.99617004 0.9952092 0.9962002 0.9978279 0.99808925 0.9966351 0.99728614 0.9932942 0.9969173 0.9958533 0.9979439 0.9963427 0.9959391 0.9959404 0.9973939 0.99663305 0.9964689 0.9977061 0.9965484 0.99698263 0.99705684 0.9970895 0.99353904 0.99460393 0.997045 0.99467665 0.99469733 0.99707884 0.99593586 0.9940415 0.9956667 0.99574524 0.994627 0.9963363 0.9956756 0.9969009 0.99282295 0.99097925 0.98757285 0.9898693 0.99048346 0.989971 0.9887714 0.9863686 0.9943062 0.99619097 0.99714935 0.9978449 0.99738574 0.99741906 0.9975245 0.9977119 0.9982004 0.9946551 0.99498177 0.9952531 0.9964284 0.99702024 0.99615175 0.9960405 0.9933678 0.9883338 0.98794866 0.9835619 0.9899136 0.9911304 0.9906976 0.99047625 0.989061 0.99349606 0.9899425 0.98751664 0.9902799 0.98904 0.98961574 0.99011624 0.9853546 0.9851573 0.98758787 0.98812884 0.9913848 0.99054176 0.98873323 0.98995095
SremacStevan_SRP18941StevanSPopViraPopSpira-L2_1 0.99579537 0.99653345 0.9965279 0.9945726 0.995332 0.9940165 0.9915136 0.9888178 0.9945097 0.9958422 0.9964614 0.9965797 0.99534553 0.9956225 0.99754155 0.9963681 0.9966258 0.99720025 0.997226 0.99685353 0.9950578 0.9961351 0.99398386 0.99406195 0.9945165 0.9933653 0.99495214 0.991972 0.994888 0.994185 0.99408984 0.99460375 0.9945024 0.9933905 0.9915502 0.99587363 0.9953405 0.9945253 0.9964793 0.9959936 0.99626493 0.9961348 0.9965938 0.99559337 0.9948183 0.99590135 0.99648666 0.9969949 0.9969389 0.9973552 0.9972147 0.99678147 0.9960595 0.99505246 0.993182 0.996709 0.99625635 0.99128276 0.9942914 0.99719584 0.996993 0.99503124 0.99724525 0.99651253 0.99296755 0.99380547 0.9961597 0.9952929 0.9955833 0.99561614 0.99612314 0.9925729 0.99407977 0.99602216 0.9957914 0.9964845 0.9946632 0.9943156 0.99655867 0.99589574 0.99431 0.99561214 0.9962051 0.99413764 0.9919916 0.9946586 0.9946676 0.9952883 0.9958216 0.9943501 0.99572927 0.997096 0.9955614 0.9948778 0.9946794 0.99589086 0.99307394 0.99471277 0.99355006 0.99443775 0.9932834 0.9957957 0.99589086 0.99502206 0.99476635 0.99617326 0.9947146 0.9950218 0.9961353 0.9952761 0.9952438 0.9949248 0.9956537 0.996781 0.99545735 0.99519366 0.99623996 0.99435806 0.9940711 0.9944166 0.994575 0.9931168 0.9968493 0.9956924 0.9959515 0.99555045 0.99710786 0.99487036 0.995371 0.99635917 0.99652016 0.9962463 0.99707514 0.9972442 0.9967642 0.99585915 0.9964184 0.99711335 0.9972974 0.99146956 0.99168015 0.9875089 0.9902628 0.9961479 0.99502623 0.99557525 0.99526364 0.9944957 0.9953921 0.99532115 0.9934131 0.99142975 0.99085945 0.9880517 0.9969287 0.9967152 0.99638164 0.99564266 0.9954541 0.9933719 0.99537325 0.99290824 0.9935305 0.9930465 0.99439424 0.99533767 0.9959234 0.99759334 0.9968913 0.99731237 0.99712074 0.99400055 0.995538 0.9950751 0.9930067 0.99451154 0.99750924 0.9964269 0.9960134 0.99821687 0.9972576 0.99652374 0.99590033 0.9940083 0.9926625 0.99041414 0.99841416 0.9982079 0.99732196 0.99796057 0.99738485 0.9964904 0.99540734 0.99732965 0.9970616 0.99719155 0.9968791 0.99613535 0.9944954 0.99663883 0.9937808 0.99508065 0.99572 0.9939004 0.9955545 0.9926342 0.99263376 0.99378675 0.9913311 0.9884418 0.9898928 0.9941582 0.9967292 0.9958208 0.997549 0.9960954 0.9964334 0.9960725 0.9962844 0.9968555 0.99687636 0.9947297 0.99394524 0.9959055 0.9978402 0.9965222 0.99628377 0.9975516 0.99691415 0.9958081 0.9966146 0.9865383 0.9901266 0.9975755 0.99623615 0.9937326 0.99510455 0.9952156 0.9907387 0.99372005 0.99725103 0.99139076 0.9842172 0.9902498 0.9918497 0.9943686 0.9954623 0.99441147 0.9936631 0.98732406 0.9943707 0.9951253 0.9951762 0.99263114 0.9908591 0.994097 0.99552524 0.9963981 0.9949342 0.9907662 0.9932953 0.9929336 0.99257463 0.9913563 0.99364644 0.9954025 0.99520814 0.9929071 0.9903628 0.9987893 0.9980321 0.9981694 0.99682695 0.99745685 0.9951884 0.99712515 0.9942541 0.9957717 0.9934639 0.9958464 0.99558204 0.9937504 0.99268836 0.99674636 0.9948867 0.99252194 0.98977035 0.9933056 0.9936804 0.990919 0.9946058 0.99570876 0.9949661 0.9969052 0.9933762 0.9952519 0.99497825 0.9961656 0.9959408 0.994138 0.99327374 0.992759 0.9918375 0.9922736 0.99201417 0.99161094 0.99198383 0.9915589 0.9962806 0.99633116 0.99635816 0.99512815 0.9967376 0.99667346 0.99589896 0.997267 0.9952269 0.9967404 0.99717385 0.997941 0.9981149 0.998083 0.9976322 0.99646086 0.99552965 0.9937103 0.99463296 0.99690056 0.99710643 0.9969356 0.99712634 0.9926237 0.99109274 0.99019885 0.9944774 0.9925306 0.99122405 0.99714494 0.9970823 0.99707717 0.99726295 0.99716145 0.9972508 0.9960816 0.9922263 0.9973796 0.99611354 0.9963404 0.9943515 0.9948005 0.99299836 0.9922585 0.99594927 0.9962083 0.9970854 0.99612445 0.9947962 0.99448574 0.99350464 0.98956865 0.9947343 0.994427 0.9956367 0.99409413 0.9945402 0.9936735 0.99110454 0.9909931 0.9925575 0.9942583 0.99418575 0.9951805 1.0000002 0.99801785 0.99881685 0.99935174 0.9989638 0.99804056 0.9982114 0.99505717 0.99909896 0.99542916 0.996021 0.9987343 0.9965713 0.99269676 0.99418634 0.995336 0.99837077 0.9951337 0.9981671 0.99670255 0.998528 0.99846256 0.9946509 0.99421203 0.99349236 0.9942461 0.99614215 0.99427164 0.9940354 0.99369884 0.9930248 0.9942691 0.9943586 0.9946568 0.9945004 0.99541205 0.99461615 0.9971796 0.995763 0.9943259 0.99579644 0.9952385 0.9950189 0.99368924 0.99291617 0.99499935 0.9956806 0.9958068 0.99728405 0.9964129 0.99357015 0.99475217 0.9948299 0.99077094 0.9895078 0.98953474 0.99518335 0.9951166 0.99564874 0.99670947 0.99689025 0.9950384 0.99479544 0.9947742 0.99590737 0.9946715 0.9944216 0.9927145 0.9938001 0.9952074 0.9943439 0.9943181 0.9928436 0.9914196 0.9934629 0.99233776 0.99441254 0.994013 0.9941533 0.99389035 0.9921676 0.9937942 0.99250865 0.9967142 0.99587953 0.9948055 0.99585 0.9956544 0.99421924 0.9945821 0.99661136 0.99687284 0.99606645 0.99601656 0.9958955 0.9931856 0.99585193 0.9956064 0.99542546 0.995455 0.99480325 0.997073 0.99791324 0.99668765 0.9953583 0.99668515 0.99734163 0.9973393 0.99693173 0.99708986 0.9929499 0.9951799 0.9965618 0.99512035 0.9942386 0.99640787 0.9971068 0.9953616 0.99614424 0.9968151 0.99642915 0.9964199 0.99633545 0.99658203 0.99553573 0.9947097 0.9925689 0.9937958 0.9944733 0.99411213 0.9933429 0.9910454 0.9907548 0.991482 0.99276584 0.9943076 0.9941302 0.9939938 0.99348694 0.9946829 0.9938986 0.9924317 0.9912169 0.99170583 0.992186 0.9930214 0.99344313 0.992179 0.9953724 0.9927809 0.98975676 0.98611206 0.9932602 0.99451745 0.9938842 0.99370015 0.9919657 0.9952868 0.99313205 0.9897173 0.9924799 0.99174154 0.9921982 0.9922804 0.98920393 0.9882232 0.9904796 0.99135125 0.99381137 0.9931669 0.99184334 0.9929539
SremacStevan_SRP18941StevanSPopViraPopSpira-L2_10 0.9943601 0.99330205 0.9946565 0.9945717 0.99505347 0.98951656 0.9869326 0.9837651 0.99311 0.9957986 0.9966151 0.9949189 0.9958916 0.9964146 0.99596465 0.9967069 0.99639595 0.9958464 0.99513495 0.9966334 0.9968714 0.9974078 0.9908374 0.9930054 0.9936707 0.99475896 0.9952701 0.99467236 0.9948325 0.9955743 0.99545467 0.99387974 0.995671 0.99538845 0.9944604 0.99302095 0.99248415 0.9939568 0.9939453 0.9940706 0.99541014 0.9960976 0.99438685 0.9961678 0.9921905 0.99305207 0.99590594 0.99621505 0.9956693 0.9975309 0.99520355 0.99472183 0.9949664 0.9932516 0.99100786 0.99477315 0.99349105 0.9884941 0.9928625 0.99600506 0.99562395 0.9938689 0.99506783 0.9944523 0.98931503 0.9902122 0.99469256 0.99261004 0.9942313 0.99190545 0.9924927 0.98757577 0.9904485 0.9940829 0.99290484 0.9953542 0.9903364 0.989583 0.99344707 0.9934426 0.9901825 0.9954419 0.9946695 0.9936788 0.991951 0.9937394 0.99517465 0.9943927 0.9953185 0.99266005 0.9937169 0.9986958 0.9922065 0.99172086 0.9912154 0.9933747 0.99002826 0.9924193 0.9898952 0.992232 0.9896441 0.9937801 0.9942712 0.99402386 0.9957131 0.99341506 0.995021 0.99479437 0.99398357 0.9938039 0.9935417 0.9942616 0.9947847 0.99556863 0.9936016 0.9954476 0.9923292 0.9902139 0.98978436 0.9903739 0.99074554 0.9894692 0.9940351 0.99306303 0.99364024 0.9917871 0.9960971 0.9913565 0.9906472 0.9926246 0.9938408 0.9931425 0.995227 0.9951556 0.99395436 0.99654233 0.9953029 0.9953829 0.99635935 0.98986554 0.99125624 0.98702246 0.9892722 0.9931144 0.9921048 0.99361295 0.99042124 0.9894313 0.9915341 0.99142414 0.988144 0.98564047 0.9854896 0.9815937 0.9944922 0.99497855 0.9956902 0.99645925 0.99602884 0.9931327 0.995943 0.99335504 0.9946504 0.9932638 0.9947406 0.9969141 0.99678594 0.99735874 0.99594945 0.99642223 0.99674666 0.9959614 0.9958851 0.9961675 0.99496543 0.99612844 0.99705213 0.99777174 0.9979959 0.99629045 0.99657154 0.9975801 0.99669987 0.9949697 0.99256676 0.9910331 0.9961483 0.9969617 0.9955524 0.9965449 0.9972148 0.9951714 0.9967114 0.99670297 0.99776787 0.9957373 0.9939367 0.99234426 0.99075496 0.9945979 0.9916656 0.9941989 0.99442744 0.99283254 0.9922001 0.99089366 0.99154466 0.9930352 0.9891883 0.9859728 0.9881025 0.99429965 0.99479145 0.99289787 0.99565244 0.99623466 0.9946089 0.9954021 0.99614763 0.99420285 0.99486125 0.99379915 0.9931357 0.99528056 0.9964179 0.9946154 0.99598414 0.99578834 0.99465674 0.992601 0.9955058 0.9801351 0.9849717 0.99436456 0.99226457 0.9879034 0.9904244 0.9926244 0.98364985 0.98900306 0.9950992 0.9921064 0.9866718 0.9903593 0.99100965 0.989776 0.9915254 0.99027175 0.9893577 0.9809444 0.99163926 0.9931154 0.9925244 0.9881537 0.98461837 0.9895439 0.9913862 0.9923748 0.9902189 0.98627746 0.98887104 0.9885011 0.98864484 0.9854911 0.98902524 0.99179006 0.9918265 0.98903763 0.9858542 0.9970332 0.99705595 0.99606085 0.99404496 0.996069 0.99148834 0.9944522 0.98981667 0.9924446 0.9911449 0.99381304 0.9934093 0.9892099 0.987597 0.9946762 0.9924987 0.98858047 0.985179 0.9885579 0.98939085 0.9873553 0.9904672 0.9916323 0.99138886 0.99425566 0.9880872 0.9911885 0.9911519 0.9922717 0.9920861 0.98973924 0.98926854 0.9912331 0.99254334 0.99129474 0.99277806 0.9921949 0.99302804 0.99152416 0.9926202 0.99340045 0.99204403 0.9910142 0.99464047 0.99368966 0.9918935 0.99509513 0.9907625 0.9938241 0.99386525 0.9943613 0.9968581 0.9962167 0.99612623 0.9955931 0.99601114 0.9945773 0.9948077 0.9950265 0.99532884 0.9953467 0.99551845 0.9917887 0.99160635 0.99063414 0.99475414 0.99412775 0.9923017 0.99395525 0.9962132 0.9961767 0.9959745 0.9973832 0.9964336 0.99717563 0.993431 0.99541533 0.99511534 0.99491274 0.9926387 0.9947848 0.99256164 0.99254054 0.993625 0.99451613 0.99475586 0.99521947 0.99201226 0.99270654 0.9923515 0.99353915 0.9919671 0.99063647 0.9938247 0.99131817 0.991598 0.9897016 0.98630023 0.98690313 0.9888875 0.9906859 0.9913315 0.992675 0.99801785 1.0 0.9971129 0.9977442 0.99756896 0.99916124 0.9985113 0.9986465 0.9980092 0.99872947 0.99896574 0.99811876 0.998517 0.9962422 0.9973803 0.9978386 0.99552566 0.99748886 0.9970563 0.9985721 0.9971822 0.996998 0.99619174 0.9949573 0.9944705 0.9961525 0.99674916 0.99501324 0.9902495 0.98841935 0.98851293 0.98983586 0.9912351 0.99032897 0.99039394 0.9926228 0.991252 0.9959056 0.994987 0.9936047 0.99408066 0.994861 0.9929695 0.9915884 0.9922108 0.9935067 0.9937704 0.99452615 0.99457455 0.99518824 0.989418 0.9910872 0.9919619 0.9861655 0.98510253 0.98473823 0.9950934 0.9927341 0.9932838 0.9947194 0.99481434 0.99273866 0.9925155 0.99238044 0.99411213 0.99547625 0.99058497 0.9892761 0.99135447 0.99368453 0.99231446 0.9939233 0.9897373 0.98861897 0.9905349 0.99069256 0.9918804 0.9908756 0.9922298 0.9900482 0.98883736 0.9911695 0.9875515 0.9958414 0.9949 0.99258435 0.99332744 0.99297714 0.989988 0.99223477 0.99514544 0.99438965 0.9933897 0.9932534 0.9923655 0.9876561 0.9929011 0.99170834 0.9933046 0.99342763 0.99057525 0.9945548 0.9964272 0.99528426 0.9937001 0.9945784 0.995761 0.99385804 0.9938675 0.99388325 0.98852473 0.9919564 0.9943648 0.9914234 0.9893704 0.99304473 0.9948662 0.9946726 0.9939671 0.9944849 0.99484795 0.9943733 0.9938335 0.9948583 0.9961025 0.9948819 0.9936898 0.9942138 0.9969828 0.9958536 0.99442464 0.9922357 0.98522484 0.98636866 0.9883906 0.9910621 0.9923432 0.99066335 0.98928523 0.99161154 0.9908605 0.98710877 0.9860342 0.986582 0.98816085 0.9903044 0.9908719 0.98976845 0.9958742 0.99646586 0.99370664 0.99104416 0.99605715 0.99677205 0.9967063 0.99605983 0.9956921 0.99637264 0.9960234 0.99381155 0.9951527 0.99494886 0.995208 0.99531275 0.9937984 0.99316937 0.99451184 0.99499005 0.9959975 0.9884209 0.9878175 0.98951507
SremacStevan_SRP18941StevanSPopViraPopSpira-L2_11 0.9940439 0.9964994 0.99561656 0.99262017 0.9940517 0.99389994 0.99101615 0.98775846 0.994892 0.99570644 0.9965068 0.9970892 0.9952074 0.9955217 0.99708784 0.99602425 0.99578124 0.9964439 0.9971897 0.99709314 0.9948575 0.9956749 0.99501395 0.99522376 0.9948343 0.99299276 0.9950236 0.9919752 0.9948621 0.9938265 0.993593 0.9948347 0.9942321 0.99192303 0.9894905 0.9957559 0.9953315 0.99365544 0.99741477 0.99680054 0.9970061 0.9962856 0.997095 0.9952167 0.9953796 0.9969603 0.99702096 0.9969558 0.99745864 0.9963241 0.99708223 0.996117 0.9949195 0.9940584 0.9925258 0.99606335 0.9956697 0.9904475 0.993212 0.99652433 0.99608463 0.99469656 0.9975375 0.99654424 0.9937125 0.9943658 0.99593204 0.99581754 0.99596965 0.99665296 0.99612236 0.99387866 0.99456686 0.99610776 0.9958677 0.99625784 0.99548084 0.99425954 0.99629563 0.9968407 0.9949101 0.99532104 0.99630165 0.9940078 0.9916758 0.99492204 0.9946712 0.9953411 0.995933 0.993942 0.9955144 0.99550015 0.9948708 0.99410045 0.9938649 0.9950253 0.9919649 0.99437934 0.9924555 0.9927559 0.9922102 0.9948022 0.994808 0.9950417 0.9944194 0.9957515 0.99325687 0.9939553 0.99577767 0.99474615 0.9949104 0.9943999 0.99500436 0.996063 0.99509555 0.9942375 0.9964965 0.995458 0.99540216 0.99549156 0.9957521 0.99404037 0.99696183 0.9962441 0.99676555 0.9963837 0.9968014 0.9959207 0.996776 0.9976787 0.9976975 0.99764746 0.9978856 0.997832 0.9976086 0.994126 0.99601513 0.9964562 0.9969171 0.99098957 0.9909827 0.9863742 0.98950976 0.9963042 0.9952619 0.99558675 0.9952645 0.9957642 0.9957126 0.99582434 0.9940498 0.9927859 0.9914144 0.9896443 0.9968741 0.99695444 0.99641126 0.9948436 0.99440527 0.99355894 0.9946277 0.9930125 0.993333 0.9934051 0.9942225 0.99393463 0.99475604 0.9971672 0.995736 0.9968428 0.9956796 0.9928355 0.99475753 0.9941234 0.99186444 0.99309456 0.9966701 0.99497247 0.99468625 0.9979226 0.9966737 0.9955916 0.9951262 0.9935413 0.9916046 0.9890703 0.9982865 0.9976354 0.9965644 0.99690247 0.9965569 0.99641925 0.9943126 0.9968505 0.9962126 0.99739826 0.99717546 0.99694484 0.9952305 0.9963815 0.9933242 0.9953417 0.9959264 0.9938817 0.9957613 0.9924876 0.9919878 0.99379104 0.9907298 0.9881003 0.9893146 0.9940491 0.995891 0.99575126 0.9971784 0.99515045 0.9963355 0.99494255 0.99594563 0.9959787 0.9959033 0.9920044 0.9911665 0.9936934 0.996218 0.99498606 0.99539214 0.9971082 0.99531925 0.994801 0.99498963 0.98819953 0.991561 0.9968605 0.99560404 0.9940467 0.99472517 0.99369687 0.9912662 0.99265814 0.9960684 0.99007136 0.98325807 0.98916364 0.991057 0.9940203 0.99473876 0.9947562 0.9948397 0.9896004 0.99480146 0.9954978 0.99570554 0.9933902 0.9922923 0.99502707 0.9961314 0.9956045 0.9956845 0.9918897 0.99462354 0.9939414 0.9922601 0.99164766 0.9939642 0.99540585 0.9948585 0.9926285 0.9898455 0.9978189 0.9976983 0.99771327 0.99766326 0.9973444 0.9960438 0.9976166 0.995232 0.9964704 0.9938171 0.99627036 0.9957708 0.9941422 0.99382246 0.99621564 0.9945857 0.9931436 0.99059963 0.9947498 0.99473333 0.99176455 0.99532855 0.9959966 0.99549747 0.9965297 0.99387836 0.99544466 0.994583 0.9968128 0.9954778 0.9942502 0.9936337 0.99245065 0.9915461 0.9919513 0.991763 0.99111974 0.99182224 0.99103236 0.996032 0.99543405 0.9955586 0.9957423 0.9970833 0.99714935 0.99677056 0.9980358 0.99583054 0.99721944 0.99754435 0.9975298 0.9972026 0.9976421 0.9968765 0.99593437 0.99476504 0.9928385 0.99375474 0.99658567 0.99662757 0.9967222 0.9972076 0.9910004 0.9896145 0.9883713 0.9938285 0.992014 0.9908099 0.99748886 0.9969535 0.9969172 0.99686825 0.99631286 0.9970057 0.99500924 0.9912955 0.997274 0.9955292 0.9959549 0.9945234 0.9940679 0.9924451 0.9914607 0.9958832 0.99547565 0.99641144 0.9951693 0.9941148 0.99353987 0.99254936 0.98812973 0.99611485 0.9963244 0.99661875 0.9956261 0.9962037 0.99538195 0.99234223 0.99220693 0.9938395 0.9951699 0.9947418 0.99608296 0.99881685 0.9971129 0.9999998 0.9992407 0.99936426 0.9978862 0.997831 0.99416214 0.99903667 0.9935856 0.9944945 0.9978701 0.99476725 0.99089533 0.9922128 0.9938404 0.9986215 0.9941399 0.99844295 0.99634093 0.9987796 0.9986784 0.9937475 0.9936583 0.99290997 0.99353224 0.9956482 0.99340653 0.99513346 0.99496865 0.9952457 0.9960739 0.9956154 0.996475 0.99591213 0.99630165 0.9956529 0.9966673 0.9945722 0.9930092 0.9957523 0.99471265 0.994086 0.993095 0.9917379 0.99468994 0.9953825 0.9957692 0.99718285 0.9969445 0.99477774 0.9954679 0.9955134 0.9913872 0.9903327 0.9905591 0.99486977 0.9952225 0.9956839 0.99650306 0.9967447 0.9951881 0.9953225 0.9949852 0.9959786 0.99481463 0.9953569 0.9942204 0.9948264 0.9961033 0.99516165 0.99515045 0.9940561 0.99248576 0.9948638 0.9936757 0.9949667 0.99521434 0.9948623 0.9950469 0.9933193 0.99463725 0.9940224 0.99640894 0.9959111 0.99485314 0.9959313 0.9961219 0.99537134 0.9952785 0.9964112 0.9973336 0.9973684 0.99640954 0.9962324 0.99344033 0.9960036 0.99607456 0.996256 0.9949928 0.9949319 0.9964603 0.99841046 0.99697584 0.99519646 0.9967941 0.996528 0.99718034 0.99631387 0.9965313 0.99289805 0.99449027 0.99581 0.9949066 0.9948883 0.99654233 0.9960331 0.9943632 0.99558365 0.99574834 0.9948499 0.9958546 0.9951098 0.9960974 0.99444705 0.99380815 0.99100435 0.9925084 0.9933453 0.9927953 0.99186754 0.9897803 0.99266225 0.99344593 0.9941196 0.9949614 0.99444175 0.99442357 0.9943857 0.9948206 0.9947064 0.9939101 0.9931055 0.99316746 0.9938898 0.9943473 0.9945493 0.99311864 0.9947264 0.9913155 0.9889818 0.9849798 0.9929275 0.99418956 0.993333 0.99321 0.99128324 0.9939736 0.9919615 0.98840755 0.9912782 0.9901058 0.9908463 0.99113643 0.98721546 0.98686415 0.9889696 0.98989886 0.9923999 0.99270403 0.990616 0.9918957
SremacStevan_SRP18941StevanSPopViraPopSpira-L2_2 0.9951405 0.99677956 0.9962088 0.9935168 0.994825 0.9939395 0.99105823 0.987858 0.9952608 0.99642134 0.99699825 0.99732083 0.99579144 0.99613744 0.9977621 0.9966736 0.996651 0.99724567 0.9976636 0.9975013 0.99554884 0.9964303 0.99528706 0.99540174 0.99560666 0.99411607 0.99572104 0.99274933 0.9956378 0.9946281 0.99445313 0.9954557 0.9949713 0.99323136 0.99115574 0.9961382 0.9957247 0.99453026 0.9970684 0.9964156 0.9964954 0.99623173 0.9966054 0.9954244 0.9951895 0.99654984 0.9967099 0.99694955 0.99729156 0.99699295 0.99712145 0.9963867 0.9952588 0.99466515 0.992665 0.99685633 0.9963769 0.99152434 0.9944193 0.9972996 0.99687666 0.9954714 0.998014 0.99695325 0.9936569 0.99449575 0.9961645 0.99568427 0.99575883 0.99611676 0.99649227 0.9935627 0.9939999 0.99594337 0.9956969 0.99641216 0.99553466 0.9944368 0.9963758 0.99652135 0.99450547 0.9955599 0.99653006 0.99407476 0.9917065 0.99458826 0.9946284 0.9951718 0.99597085 0.9938827 0.9953453 0.9967308 0.9951281 0.9942915 0.99393773 0.9953619 0.9921169 0.9941031 0.9926109 0.9931551 0.9923342 0.99511033 0.9952164 0.9948769 0.9945487 0.9959729 0.9940008 0.99449736 0.9958194 0.9947824 0.99488455 0.99444395 0.995229 0.99626863 0.9951103 0.99445367 0.9961835 0.9947486 0.9946211 0.99480265 0.9948773 0.9933194 0.9971572 0.9963889 0.9965488 0.99612164 0.9971381 0.9957962 0.9961481 0.9969773 0.99732363 0.9971987 0.9977666 0.9976082 0.9972662 0.9954397 0.9964663 0.9970342 0.9974714 0.9910437 0.99123055 0.9867091 0.9897524 0.99616385 0.99528575 0.9957552 0.99514604 0.9949499 0.9953747 0.9953406 0.99374604 0.9918815 0.9906995 0.98844004 0.9969125 0.9968072 0.99654406 0.99495125 0.9943035 0.9930945 0.99484617 0.9926033 0.99326503 0.9929063 0.99418163 0.994767 0.9954731 0.99741423 0.9964037 0.99688125 0.99623305 0.9934432 0.9953296 0.99452215 0.9923556 0.9937066 0.99751747 0.9961163 0.99590486 0.9983672 0.99735355 0.9966507 0.99603975 0.99389535 0.99205077 0.9896488 0.9984084 0.99778265 0.996869 0.9973836 0.99720407 0.9967462 0.99518853 0.9972934 0.99686015 0.99765223 0.9972484 0.9966555 0.9948194 0.9964746 0.9932769 0.9948958 0.9958345 0.99360245 0.99553704 0.9922244 0.992009 0.99361175 0.9906453 0.9878671 0.98915607 0.99386734 0.99658155 0.9961226 0.9979371 0.9961857 0.9969803 0.9958918 0.99636185 0.9968793 0.99665445 0.99334586 0.992617 0.9950619 0.99702275 0.99554926 0.99589145 0.9972552 0.9959363 0.9949399 0.9957896 0.9884306 0.99162304 0.9971345 0.9954098 0.9934449 0.99440795 0.9940048 0.99059296 0.9927361 0.99657947 0.9906529 0.9839289 0.98959017 0.9913509 0.99386346 0.9947333 0.9946138 0.9945252 0.98839957 0.9945715 0.9953425 0.9954359 0.9928323 0.99164504 0.9943559 0.9960436 0.9960883 0.9953936 0.99153435 0.9940826 0.99338377 0.99174684 0.9911773 0.99333775 0.9951403 0.9947969 0.992252 0.98937726 0.99836534 0.9980529 0.9978854 0.9973749 0.9974653 0.9954519 0.9972244 0.9949053 0.99668884 0.9939854 0.99642813 0.99590176 0.9940561 0.99351627 0.9966842 0.9950354 0.9929909 0.99017286 0.9942731 0.9945232 0.99192965 0.9954754 0.9960099 0.9955748 0.99709594 0.99368036 0.99542725 0.9948337 0.9967368 0.9957609 0.9940723 0.99340534 0.9925178 0.99182373 0.9922489 0.9921012 0.9914714 0.9920759 0.99134505 0.99674374 0.996086 0.9958166 0.99552745 0.9973646 0.99728096 0.9964986 0.9978544 0.99552166 0.9970188 0.9978798 0.99810874 0.99780786 0.997986 0.9973703 0.99637777 0.9954352 0.99348706 0.9944057 0.99725705 0.9973092 0.99749905 0.99779075 0.9919263 0.99035084 0.9893414 0.9943075 0.99258006 0.99117106 0.99774593 0.99748904 0.997286 0.9972628 0.9971154 0.9975173 0.99584794 0.99231815 0.9977604 0.996061 0.99632746 0.9950237 0.99476445 0.99299324 0.9922197 0.99664587 0.99623764 0.99699473 0.99593663 0.9948714 0.99417305 0.9933692 0.98890525 0.99533683 0.99526244 0.99608064 0.9946342 0.99509436 0.9944178 0.9914791 0.99139136 0.99294454 0.99458444 0.99430585 0.9955651 0.99935174 0.9977442 0.9992407 1.0000002 0.9992919 0.99814326 0.99854106 0.99474686 0.9993355 0.9949455 0.9956891 0.99849135 0.99598867 0.99218714 0.99365824 0.99493086 0.9987477 0.9949074 0.998505 0.9968314 0.99892336 0.9985598 0.9940441 0.9939896 0.99320066 0.99397314 0.9958412 0.9942397 0.99450594 0.9941157 0.99413836 0.9953488 0.9951974 0.995584 0.99539346 0.99606323 0.99534595 0.9971556 0.9950142 0.9934306 0.99581325 0.9948806 0.99431443 0.99318916 0.9919632 0.99463856 0.99553084 0.99569017 0.99723697 0.9966693 0.99400324 0.9949242 0.995006 0.99078643 0.9895614 0.9895551 0.99489623 0.9949858 0.99548054 0.9964832 0.9967764 0.9950756 0.99508476 0.99471843 0.99586314 0.99469453 0.9948038 0.9938189 0.99425197 0.99540246 0.9944056 0.9944789 0.99320674 0.991488 0.99453145 0.9932076 0.99507 0.99480444 0.994647 0.99479914 0.9932351 0.9946809 0.993598 0.9966894 0.9959864 0.9948616 0.9959332 0.99586105 0.9948334 0.99502915 0.99656284 0.99727076 0.99683005 0.99619603 0.99627626 0.9931742 0.99632174 0.99607676 0.9959591 0.9952425 0.9949745 0.9969573 0.99851173 0.9972067 0.99533415 0.99708307 0.99737 0.99736124 0.99675715 0.9970494 0.9926032 0.994583 0.9962163 0.99490494 0.9948039 0.99612397 0.996372 0.99458635 0.9955121 0.99587333 0.99520737 0.99589074 0.99529004 0.9960487 0.9956736 0.9948692 0.9921634 0.99372226 0.9944384 0.9941002 0.9933428 0.9909024 0.9918145 0.9925576 0.9934319 0.9946276 0.9942516 0.9941963 0.9941276 0.99473554 0.9942934 0.99345744 0.9922843 0.9926362 0.9931856 0.9937788 0.99416083 0.99261546 0.9953536 0.9923073 0.98973846 0.9858203 0.99350244 0.9944961 0.9939018 0.99366534 0.99173564 0.9949128 0.9929558 0.9892959 0.9921299 0.9913323 0.9919816 0.9919816 0.988462 0.9878818 0.9901199 0.9909711 0.993453 0.9928463 0.9910482 0.9922556
SremacStevan_SRP18941StevanSPopViraPopSpira-L2_3 0.9945808 0.996549 0.99541044 0.9932297 0.99461114 0.99305964 0.98985374 0.98664844 0.994904 0.9957843 0.996641 0.99678236 0.9955707 0.99605584 0.9968178 0.99588144 0.995355 0.9959118 0.99643123 0.99741286 0.9956616 0.9963302 0.99464786 0.9948324 0.9947998 0.9934571 0.99512506 0.9923016 0.99483013 0.99392956 0.9935411 0.9946969 0.994265 0.992476 0.99015707 0.9950004 0.9945245 0.9932387 0.99733216 0.9963025 0.9968564 0.99694234 0.9971596 0.99551445 0.9949211 0.9963613 0.9970311 0.99728745 0.99756813 0.997 0.9973651 0.9967696 0.99564296 0.994463 0.99276894 0.99557364 0.9949445 0.98926395 0.9925327 0.99631596 0.99594116 0.9939992 0.9974853 0.99664074 0.99256694 0.99334276 0.9965667 0.99622947 0.9964699 0.9963882 0.99589276 0.99310386 0.9941139 0.9960855 0.9957579 0.99635464 0.99482626 0.9938141 0.99588794 0.9966857 0.9940828 0.9954617 0.9959612 0.9947564 0.99233454 0.995167 0.99529314 0.9954907 0.9962634 0.99410784 0.99565226 0.99613345 0.9946931 0.9938419 0.9937912 0.99502426 0.99194753 0.9944018 0.9925443 0.9931055 0.99202466 0.9947976 0.9951256 0.99575144 0.99561626 0.9960795 0.9946191 0.99526834 0.99627715 0.99550265 0.99566126 0.9950895 0.99575835 0.99679697 0.9953621 0.9952653 0.99646366 0.9952466 0.99517846 0.99522775 0.99538296 0.9939591 0.99682415 0.99615276 0.99643856 0.9960041 0.99675447 0.99542004 0.99568367 0.99691325 0.99690723 0.9967287 0.99761814 0.99753755 0.99714166 0.9941398 0.9953897 0.9959421 0.9966096 0.99166274 0.9919237 0.9874012 0.99024796 0.9963244 0.99561554 0.996109 0.9948908 0.9951676 0.99537176 0.9954491 0.9924981 0.99108684 0.9900036 0.98765075 0.99659467 0.99659336 0.99610335 0.9952089 0.9947536 0.9935901 0.99493426 0.993231 0.99338496 0.99321175 0.99431086 0.9948738 0.99507356 0.99746704 0.99599874 0.99703324 0.9959663 0.9936274 0.99554706 0.9950067 0.99269795 0.99391776 0.99684185 0.9954761 0.9954326 0.9979541 0.99730504 0.9963283 0.99573696 0.9948321 0.99301577 0.99094 0.9980094 0.9976725 0.9968753 0.9969861 0.99668586 0.9966026 0.9949041 0.997016 0.99659157 0.99734914 0.9968214 0.99649155 0.9948598 0.9966813 0.99362445 0.99582124 0.99611324 0.99374396 0.9954634 0.9928793 0.99242795 0.99457604 0.991182 0.9881726 0.98959553 0.9946192 0.99587566 0.995406 0.9972343 0.9955792 0.996334 0.99510664 0.9961724 0.9958033 0.99555206 0.99209917 0.9911598 0.9939274 0.9963132 0.9946067 0.99598163 0.9967471 0.99505925 0.99450105 0.9950549 0.9868341 0.9903926 0.9968592 0.9952972 0.9934249 0.9946091 0.99385726 0.9907178 0.99227965 0.9967035 0.9912344 0.98499954 0.99054134 0.9921125 0.99410105 0.9948814 0.99412906 0.9940549 0.98872113 0.99421734 0.9952067 0.99492073 0.992772 0.99163556 0.994719 0.99588436 0.9953845 0.9950295 0.9915014 0.9943728 0.9935662 0.99226654 0.9912921 0.993696 0.99559474 0.9950161 0.9925257 0.98972476 0.99805516 0.99800855 0.99780214 0.9976166 0.9976869 0.9957881 0.99766815 0.99468714 0.9962783 0.9938874 0.99631107 0.99566996 0.9936241 0.9930235 0.99647444 0.9945706 0.9926754 0.9904375 0.9940815 0.9944043 0.9912695 0.9950229 0.99578017 0.9952563 0.9966309 0.9931341 0.9951392 0.99436563 0.996244 0.99544364 0.99395525 0.9932494 0.99283373 0.99254197 0.9924259 0.99260885 0.99202275 0.9926347 0.9918766 0.9957364 0.995209 0.99516827 0.99558294 0.99739 0.9970636 0.99629116 0.99804795 0.99553704 0.99710584 0.9975508 0.9974064 0.9977687 0.9979953 0.9972501 0.9965648 0.9952892 0.99346596 0.994171 0.99658936 0.9972125 0.99705344 0.99739134 0.9910015 0.98972714 0.9883519 0.9947493 0.9931802 0.9920304 0.9971553 0.99709916 0.9970144 0.9969313 0.9965845 0.996927 0.99534553 0.99115056 0.99722445 0.99547935 0.99577165 0.99378633 0.9938887 0.99179333 0.99098766 0.9953818 0.9950467 0.99587137 0.99477154 0.993251 0.99253553 0.9917282 0.9893334 0.9958595 0.99586415 0.9964019 0.9951024 0.99564475 0.99430025 0.99188113 0.9918877 0.99370176 0.99498785 0.99437755 0.99554586 0.9989638 0.99756896 0.99936426 0.9992919 0.9999999 0.9984451 0.997942 0.9948878 0.9988428 0.9944179 0.9953395 0.99829996 0.9956841 0.99206597 0.9931565 0.9947432 0.9981793 0.9943812 0.9979783 0.9965466 0.99864507 0.9982713 0.9946971 0.99468476 0.9939745 0.9946812 0.99610746 0.9939384 0.9940583 0.9939597 0.9941084 0.9949766 0.99448895 0.99557513 0.99497974 0.99539983 0.99441934 0.9968103 0.9948988 0.99327064 0.99558645 0.99543923 0.9943252 0.9931799 0.99237096 0.9953366 0.9953365 0.9957941 0.99718446 0.99697864 0.9937928 0.99496007 0.99524486 0.99059683 0.98982185 0.9900075 0.99566084 0.99581003 0.9962237 0.9970857 0.9971822 0.99499494 0.9948603 0.99463195 0.99615735 0.99539757 0.9951258 0.99408776 0.9948892 0.9961877 0.99517435 0.9952117 0.99416965 0.9925455 0.99509656 0.9940582 0.99540365 0.9952488 0.9953527 0.9949487 0.99359643 0.9951765 0.9938352 0.99657404 0.9957394 0.9945613 0.99563754 0.995565 0.9948876 0.9957251 0.99665797 0.9970024 0.99702305 0.9964617 0.9960163 0.99305075 0.9959466 0.9957372 0.99629253 0.9956475 0.9948302 0.99679804 0.9984182 0.99721843 0.99545693 0.9967873 0.9966806 0.9969359 0.9962313 0.9961482 0.99274904 0.99444646 0.995862 0.99473816 0.99422294 0.9964542 0.9964656 0.99531484 0.99608576 0.99631095 0.995809 0.99626493 0.99573195 0.9964149 0.9949976 0.99388254 0.9913456 0.99284995 0.99407893 0.9932457 0.9921286 0.9896355 0.992293 0.99295443 0.9939117 0.9950893 0.9948916 0.99468803 0.9944609 0.9950209 0.99476844 0.9937845 0.99273485 0.9930641 0.993786 0.99459964 0.9949597 0.99366206 0.9955154 0.9925771 0.9904649 0.98689365 0.99373186 0.9949438 0.9942453 0.99401045 0.99217474 0.9945564 0.9926801 0.9893069 0.99231577 0.9907183 0.99183416 0.992265 0.98847556 0.9881196 0.9901171 0.9910754 0.9931558 0.99140286 0.9893812 0.9908253
SremacStevan_SRP18941StevanSPopViraPopSpira-L2_4 0.9945427 0.9944742 0.9952024 0.99472123 0.99547946 0.98995143 0.9872744 0.98377615 0.9934091 0.99593604 0.99665433 0.9953368 0.9959142 0.9963912 0.99591297 0.9969723 0.99607253 0.9959943 0.9955143 0.9966612 0.9963947 0.9970484 0.9916868 0.9937052 0.99389476 0.9944016 0.9950125 0.9944914 0.9946608 0.9949493 0.994835 0.99357504 0.99501693 0.99497133 0.99366105 0.99384373 0.99350214 0.99422884 0.99575734 0.995706 0.9968081 0.9973187 0.99614275 0.9972126 0.99412 0.9948976 0.99719274 0.997157 0.9967301 0.99779487 0.9954952 0.99462104 0.99462 0.9934034 0.99105185 0.9955615 0.9944117 0.9894183 0.9935472 0.9961624 0.99559224 0.9947527 0.9958588 0.9952995 0.99030566 0.99128884 0.9950225 0.9931015 0.9946779 0.9936299 0.9928053 0.98860306 0.99119663 0.9943027 0.9931722 0.99546754 0.99104154 0.9899484 0.99397844 0.9944134 0.9908381 0.99634266 0.99593157 0.9949107 0.99318385 0.9952607 0.99635386 0.9956485 0.99631613 0.9940411 0.9949869 0.99767065 0.99241084 0.9911456 0.9910212 0.99324715 0.98994136 0.99307597 0.98976874 0.99181443 0.9892456 0.99320006 0.99350435 0.9945171 0.9961458 0.99353445 0.99483037 0.99467045 0.99402565 0.99391663 0.993946 0.9946842 0.9951722 0.9960312 0.9942875 0.9956054 0.99271643 0.9914558 0.99053836 0.9911405 0.99158126 0.9897297 0.9941493 0.9935205 0.9945856 0.9926679 0.9960272 0.99227786 0.9920837 0.9937844 0.9949087 0.9942802 0.99631417 0.9961068 0.9945189 0.9960817 0.99586356 0.9960542 0.9972603 0.9916539 0.9924519 0.98827815 0.990656 0.9938421 0.99233985 0.9936914 0.99127454 0.9907935 0.9923586 0.9921962 0.9895867 0.98662215 0.9855455 0.9829241 0.99486697 0.9955484 0.9957534 0.9969058 0.9963443 0.99296236 0.9955728 0.992607 0.99427867 0.99294895 0.9942045 0.9959147 0.9961795 0.9970152 0.995438 0.9960372 0.9957827 0.9950002 0.995374 0.99586135 0.9944052 0.9956498 0.99626476 0.99674296 0.9971335 0.9965116 0.99636495 0.99715585 0.9964708 0.99525917 0.99254215 0.9906034 0.9968059 0.9974408 0.9958724 0.9968618 0.9967213 0.99488854 0.9958662 0.99622726 0.997351 0.9959659 0.99427915 0.9934354 0.99179566 0.99494886 0.99231577 0.99502134 0.99540764 0.9936453 0.99325365 0.9914614 0.9921529 0.9934478 0.989945 0.98677605 0.988907 0.99500823 0.99505514 0.99325997 0.996076 0.9965546 0.9950822 0.9958663 0.99657136 0.9943718 0.9950342 0.992962 0.992136 0.99462 0.9961873 0.99424595 0.9961977 0.9959135 0.99430025 0.99252844 0.99528813 0.98189443 0.9869041 0.9947373 0.99295187 0.9890862 0.9912955 0.99264264 0.9848014 0.98982424 0.9952711 0.99190974 0.9856841 0.9901318 0.9908656 0.9906531 0.99193627 0.99171734 0.9901896 0.982345 0.9925946 0.9939675 0.99382913 0.98927283 0.9856647 0.99071205 0.9919731 0.99292886 0.99097675 0.9867327 0.9899448 0.9892535 0.98896 0.98580337 0.9898514 0.99221754 0.9918817 0.9891945 0.9858654 0.99722046 0.9970212 0.99661285 0.9950883 0.9967235 0.9925818 0.9951582 0.9913098 0.99355966 0.99262977 0.99500763 0.9945879 0.9901004 0.9887825 0.9948492 0.99359405 0.98924184 0.9858767 0.9897334 0.99027526 0.9876265 0.99179107 0.99233353 0.9925089 0.99471885 0.9890669 0.99207914 0.99188006 0.9933721 0.99252963 0.9902412 0.9897831 0.99115753 0.9919868 0.99078244 0.99241084 0.9918859 0.9926084 0.99091274 0.9935503 0.99435925 0.99287826 0.9921354 0.99543357 0.9949086 0.9934442 0.99648523 0.99161005 0.9948988 0.99472594 0.99494076 0.9969297 0.9966563 0.9962295 0.99625087 0.99655515 0.9949842 0.9952849 0.9952938 0.9953862 0.995548 0.99587 0.99270874 0.9926474 0.9915179 0.99542725 0.9942566 0.9930598 0.9944854 0.9963476 0.99645334 0.9961858 0.99724495 0.9969734 0.99698186 0.9935236 0.99612594 0.9958189 0.99561846 0.993801 0.99506146 0.99315256 0.9932506 0.99441946 0.99483585 0.9945262 0.9949335 0.99223727 0.99258935 0.99231243 0.9932034 0.99360496 0.992504 0.995293 0.99288654 0.9933015 0.9917928 0.9879247 0.98844874 0.99028426 0.9919527 0.9926833 0.9942247 0.99804056 0.99916124 0.9978862 0.99814326 0.9984451 1.0000001 0.99891496 0.99827945 0.9985704 0.9977035 0.9979512 0.99793583 0.99782884 0.9954774 0.9964985 0.9972218 0.9962063 0.99743223 0.99770457 0.9987055 0.99780285 0.9976926 0.9960571 0.9943815 0.9939534 0.99544346 0.9965361 0.9954346 0.9921457 0.9898351 0.9909741 0.99172026 0.9930287 0.9922273 0.99226445 0.99398834 0.99277854 0.9955029 0.9939661 0.9924352 0.9943035 0.99473876 0.99206483 0.9906127 0.99096644 0.99401253 0.99403167 0.9947413 0.994964 0.99583876 0.99058175 0.99170476 0.9925625 0.98692584 0.9855163 0.9855119 0.995644 0.9934506 0.9943098 0.99530345 0.99553764 0.99319583 0.99313176 0.99290305 0.9948359 0.99580395 0.9913728 0.990258 0.9923069 0.9942429 0.99279886 0.9944182 0.99143314 0.9900012 0.9917622 0.99217314 0.9926319 0.99234676 0.99330044 0.9910384 0.98961383 0.9919127 0.9887376 0.99544585 0.99451125 0.9921131 0.9931386 0.99314356 0.99111617 0.9928561 0.9950686 0.9952314 0.9948169 0.9938693 0.9930937 0.9882116 0.9933325 0.99202144 0.9943661 0.9941033 0.99138886 0.994439 0.9973459 0.99558365 0.9936955 0.99484175 0.99557203 0.99442154 0.99409467 0.994202 0.9889748 0.99209625 0.99492246 0.9915309 0.98999006 0.9940952 0.9951451 0.9949036 0.9945449 0.99477637 0.9949668 0.9949819 0.99421144 0.9954783 0.99594647 0.9944924 0.99323 0.993766 0.99638283 0.9951003 0.9936312 0.99168557 0.9868848 0.9882014 0.98995095 0.99247706 0.9933799 0.99181885 0.990806 0.99270076 0.99235666 0.9884861 0.9878465 0.98807037 0.9897176 0.99164283 0.9921525 0.99087745 0.99552363 0.9950131 0.9931417 0.9898377 0.99578136 0.9963841 0.9964518 0.995623 0.99500877 0.9958051 0.99507475 0.9930127 0.9943239 0.99397165 0.9943436 0.99464345 0.9924182 0.9919914 0.993365 0.9938261 0.99509186 0.9888015 0.98814154 0.9895529
SremacStevan_SRP18941StevanSPopViraPopSpira-L2_5 0.99525267 0.9952088 0.99601823 0.99485207 0.9957659 0.99080664 0.9882901 0.98388076 0.9941279 0.9969428 0.99694425 0.99615705 0.9960274 0.9963364 0.9972047 0.99783134 0.99706674 0.997389 0.9968029 0.9970584 0.99634755 0.99691045 0.99389434 0.99531627 0.9958323 0.9955823 0.9962628 0.99495476 0.995954 0.9955994 0.995564 0.99492705 0.99558884 0.9956537 0.9941642 0.99540335 0.99551976 0.9955117 0.9958064 0.99574596 0.9963298 0.9964761 0.99533653 0.99654627 0.99444944 0.99548984 0.99676746 0.99670136 0.99666685 0.9971335 0.9952506 0.9939483 0.99331945 0.9924946 0.989302 0.9967357 0.9957402 0.9914334 0.9950848 0.9969332 0.99621236 0.9961658 0.9965427 0.9954245 0.99172455 0.9926821 0.9938499 0.9920603 0.9927214 0.99376535 0.99366236 0.9899228 0.9906939 0.9940366 0.99313134 0.9953605 0.9923299 0.99080575 0.99417233 0.99461865 0.99127376 0.9950452 0.9954808 0.99343395 0.9923033 0.9938041 0.9947448 0.99457896 0.9954402 0.9926213 0.9938828 0.9975429 0.9923261 0.9916201 0.9911316 0.99294555 0.989215 0.9920465 0.98933333 0.99095684 0.98922426 0.9932305 0.99341273 0.99286497 0.9941405 0.9937101 0.99395853 0.99389154 0.99391407 0.99311733 0.9931396 0.9937699 0.9940942 0.99519384 0.9935524 0.9941284 0.9926572 0.99145293 0.9906038 0.99114656 0.9913664 0.98913664 0.9950455 0.9946326 0.9953363 0.9937905 0.9965795 0.9937721 0.992873 0.99440527 0.9958913 0.99522346 0.99667406 0.99652493 0.99487585 0.9970299 0.9963249 0.99656 0.99771065 0.9902779 0.99141276 0.9868254 0.98952234 0.9936389 0.99240696 0.99347144 0.9912793 0.9907063 0.99207217 0.9921401 0.99097055 0.9873605 0.98593324 0.9834199 0.9954711 0.9959068 0.9964214 0.99559367 0.9948294 0.99113435 0.9943385 0.99062496 0.99264246 0.99094725 0.99273527 0.99488 0.995801 0.9966286 0.99473816 0.9954444 0.9953199 0.9938999 0.9950533 0.9951249 0.99367386 0.994998 0.9961226 0.9964132 0.99684745 0.9971367 0.9965768 0.9973654 0.9966472 0.9941339 0.9922236 0.9896943 0.99708956 0.99703956 0.9955064 0.99649847 0.9972634 0.99539447 0.99600667 0.99647576 0.9974189 0.99671805 0.99512506 0.9935831 0.99137396 0.9943924 0.9906731 0.99287796 0.99408686 0.99221224 0.9929662 0.98976237 0.99063 0.9917948 0.9879452 0.9847906 0.98687905 0.99293625 0.9963338 0.99478734 0.99693584 0.99736404 0.9963328 0.9968949 0.9967124 0.99579376 0.99610907 0.99352473 0.9929342 0.9954987 0.9965324 0.99448603 0.995209 0.99613214 0.99463445 0.9926025 0.99561507 0.98546046 0.98963165 0.99563026 0.99332446 0.989769 0.99179995 0.9919159 0.9854709 0.9902369 0.99543 0.9910798 0.9843849 0.98915225 0.990304 0.9908559 0.99213827 0.99210846 0.99139965 0.9829575 0.9928401 0.9942365 0.994068 0.98909384 0.98647094 0.9902719 0.99274355 0.9938009 0.99171764 0.9876568 0.990023 0.9893238 0.987638 0.98563725 0.9890995 0.9916882 0.9914477 0.98861444 0.9850582 0.9971783 0.99669445 0.99629974 0.9949292 0.9961014 0.99143755 0.9941149 0.9922399 0.99492764 0.99363446 0.9956921 0.99507767 0.9907907 0.9899597 0.9954527 0.99469954 0.989641 0.9852194 0.99051625 0.9909967 0.98828214 0.9928333 0.99321616 0.99331 0.9953486 0.9895263 0.9918903 0.9916605 0.99416757 0.9927289 0.9898803 0.9889662 0.9907191 0.9908398 0.9907913 0.9915022 0.9912228 0.9916894 0.99010533 0.99553335 0.99580526 0.9936565 0.99259704 0.99572825 0.99527156 0.993767 0.99618006 0.9917212 0.9945669 0.99565303 0.9962522 0.99664116 0.9968231 0.9960418 0.99633336 0.9967937 0.99499387 0.9954386 0.99660903 0.9960797 0.9967071 0.99699277 0.99338704 0.9930537 0.99187434 0.99430245 0.9932156 0.9915795 0.99562216 0.9969195 0.9968854 0.9965253 0.99758035 0.9974944 0.9970908 0.9943638 0.9966116 0.99586886 0.995847 0.99526954 0.99558586 0.9938662 0.9941178 0.99632 0.9958818 0.99553156 0.99559385 0.9937051 0.9937708 0.9933007 0.9914724 0.9934073 0.99247056 0.99537367 0.9929537 0.9932314 0.9927117 0.9877387 0.98816663 0.9900073 0.9918306 0.9924077 0.99446195 0.9982114 0.9985113 0.997831 0.99854106 0.997942 0.99891496 0.99999994 0.9968711 0.9989537 0.9972176 0.9973502 0.9979599 0.9974004 0.9947243 0.9958574 0.9966149 0.99693674 0.9971372 0.997957 0.99844885 0.9981997 0.99772775 0.9948652 0.993668 0.99294055 0.9942358 0.9960982 0.99588317 0.993472 0.9909381 0.9920524 0.9933671 0.99469495 0.99350137 0.9939505 0.995678 0.9946977 0.9959149 0.9931153 0.99159825 0.99416757 0.99345 0.9910255 0.98970157 0.989191 0.99234945 0.99367034 0.99414325 0.9948012 0.99509585 0.99064696 0.991516 0.9919992 0.98664564 0.9847838 0.98460406 0.9943935 0.99206686 0.9928926 0.99408996 0.99495506 0.9926216 0.9928422 0.9921602 0.9943009 0.9946524 0.9913126 0.99082047 0.9918335 0.99321395 0.99164015 0.99309814 0.9902782 0.98858154 0.99210745 0.99238 0.9932278 0.9930133 0.99325067 0.99171513 0.9905443 0.9925546 0.9895927 0.9954725 0.9944868 0.99250466 0.9935488 0.9934932 0.9917432 0.9923714 0.994503 0.9951646 0.9946524 0.99317116 0.99368536 0.9883716 0.9940983 0.99278015 0.9941954 0.99297386 0.9910726 0.99458206 0.99782526 0.99549353 0.9931959 0.9951143 0.9964085 0.99501085 0.9947573 0.9954451 0.9884674 0.9920546 0.9952751 0.9918181 0.9914473 0.9944202 0.9954706 0.9945408 0.99408525 0.9942827 0.99402803 0.9950327 0.99370784 0.9954654 0.99655986 0.9954137 0.9932743 0.9943996 0.99612427 0.99529284 0.9945805 0.9922112 0.98674303 0.9889423 0.99006724 0.9921222 0.99278545 0.99151754 0.9909846 0.9924081 0.9921064 0.98882174 0.9875148 0.98815644 0.98921394 0.9908602 0.9914323 0.9895356 0.99481285 0.99350226 0.991461 0.98748314 0.99522555 0.99521625 0.9952062 0.9946256 0.9936228 0.9956909 0.9947061 0.99209726 0.99336994 0.9939322 0.99401504 0.9936119 0.99115235 0.99070823 0.9924892 0.99296063 0.9948654 0.989846 0.9891144 0.99042267
SremacStevan_SRP18941StevanSPopViraPopSpira-L2_6 0.99136406 0.9890476 0.9914647 0.9930281 0.9931094 0.984185 0.98158294 0.9777759 0.9897531 0.993564 0.99435437 0.9913147 0.9938098 0.9945258 0.9928607 0.995196 0.9941685 0.9930497 0.991918 0.99372095 0.9954196 0.99560946 0.9861559 0.9894664 0.9901874 0.9928392 0.9925589 0.99376595 0.99187165 0.9937531 0.9934075 0.9902684 0.9934524 0.9961707 0.99596024 0.98976153 0.9893132 0.99257505 0.9910419 0.9913899 0.9935155 0.99504143 0.9919549 0.9956102 0.9892424 0.9897248 0.994204 0.9943172 0.99336743 0.99604803 0.9917758 0.9910802 0.99194455 0.9896161 0.9869809 0.9915378 0.98962057 0.9848086 0.98996085 0.99298126 0.9923353 0.99097097 0.9912312 0.9908029 0.9843526 0.985263 0.9912139 0.98809075 0.9907813 0.9876934 0.9874225 0.98136526 0.98595303 0.99071664 0.988959 0.9926049 0.98514676 0.98454845 0.98960626 0.9896104 0.9854122 0.99350023 0.9917606 0.99224776 0.99073035 0.99222183 0.9945139 0.9925747 0.9937111 0.9905683 0.99163985 0.9976619 0.9881157 0.98746055 0.9873126 0.9896106 0.9859498 0.9894577 0.9856806 0.98916405 0.98550105 0.99027246 0.99086446 0.9918271 0.9948485 0.98971 0.9936259 0.9929705 0.9907769 0.9911966 0.9909287 0.9922706 0.99264145 0.9935564 0.99078375 0.99404246 0.98781914 0.98584586 0.9846162 0.9852472 0.986066 0.9846004 0.98986715 0.98909414 0.990103 0.98697937 0.9931836 0.9864883 0.98543143 0.98788834 0.9897198 0.9887355 0.9919476 0.99177325 0.98949707 0.99568 0.99322665 0.9927835 0.99453104 0.98732877 0.989612 0.9853594 0.9872873 0.98906654 0.98792803 0.989908 0.9848878 0.98392045 0.98662984 0.986575 0.98285 0.97920334 0.9787715 0.9746409 0.9909956 0.99197066 0.9928859 0.99589235 0.9953748 0.9906477 0.99424195 0.99123406 0.993034 0.99094415 0.99240243 0.99553 0.99515945 0.99522275 0.9931515 0.9936386 0.9944289 0.9953855 0.994347 0.99517655 0.99472046 0.99576926 0.99455744 0.99656725 0.9972459 0.9930347 0.9940556 0.9961833 0.9950127 0.9937085 0.9911244 0.98968816 0.99369675 0.9949168 0.9930209 0.994132 0.9954721 0.99231505 0.9959385 0.99437374 0.99664295 0.9926916 0.9901689 0.9878775 0.985823 0.9908154 0.98788667 0.99167573 0.99161875 0.99016285 0.9878854 0.9870674 0.98838603 0.989933 0.9851644 0.98164827 0.9844746 0.9923774 0.9919447 0.9890265 0.99253994 0.99488854 0.9912694 0.9936232 0.9948202 0.9906543 0.9918229 0.9919397 0.99123275 0.9931934 0.993888 0.9917798 0.9942882 0.99277526 0.9915662 0.98870164 0.9934802 0.9730425 0.97874844 0.9905726 0.9883985 0.9823999 0.98589945 0.9890568 0.9771242 0.9842936 0.9923228 0.9915634 0.9864515 0.98884547 0.9884318 0.9845876 0.98724854 0.98564094 0.983514 0.9733296 0.98734784 0.98924685 0.98860216 0.9825954 0.977828 0.9842701 0.9862514 0.98766124 0.98439986 0.9802589 0.9830537 0.9828747 0.98426366 0.9795542 0.9841575 0.98726726 0.98737895 0.9844777 0.98055565 0.9938313 0.99396217 0.9927499 0.98993343 0.9930584 0.9869467 0.9905961 0.9847352 0.9879873 0.98786795 0.9907493 0.99040467 0.9837936 0.9816863 0.991109 0.98912287 0.9830824 0.97915345 0.9830528 0.98407185 0.98198986 0.9855583 0.98689216 0.98671263 0.9902402 0.9823773 0.98619926 0.9861442 0.98748183 0.98740274 0.98424935 0.98388016 0.98821974 0.9908841 0.98831093 0.9911886 0.9907656 0.9915634 0.9892959 0.9886471 0.9904425 0.98833966 0.9865836 0.99145854 0.9898829 0.98749006 0.9921748 0.98559856 0.98996234 0.98980284 0.9904647 0.99461794 0.99344003 0.9935862 0.9935547 0.99480987 0.9935667 0.99337435 0.9914658 0.99177 0.9917321 0.99199766 0.9900692 0.9910636 0.9900611 0.99334425 0.99326485 0.99122965 0.9893467 0.99299407 0.9932595 0.9928073 0.9951871 0.9937546 0.9957359 0.992147 0.9922564 0.9927011 0.99213725 0.98954254 0.9928255 0.9903405 0.99116147 0.98990667 0.99121344 0.9907913 0.9921079 0.98773986 0.98925936 0.98938084 0.9948397 0.98854786 0.98635745 0.9913195 0.98786885 0.9880504 0.9853598 0.98095345 0.98183215 0.9842098 0.98620534 0.9877432 0.98930925 0.99505717 0.9986465 0.99416214 0.99474686 0.9948878 0.99827945 0.9968711 0.99999976 0.99545455 0.9990945 0.9991111 0.9962133 0.9984306 0.9977203 0.99844575 0.99842346 0.9915463 0.9979688 0.9944025 0.9981606 0.9942439 0.9941385 0.9958115 0.9931618 0.9929011 0.9952967 0.995433 0.9941587 0.98644763 0.98312634 0.9840668 0.98521626 0.9875022 0.98581153 0.98601377 0.98904157 0.98722017 0.9928125 0.9921334 0.99080354 0.99088544 0.9929716 0.989328 0.9876178 0.98931265 0.9907584 0.990324 0.9916118 0.9906066 0.9922445 0.9842757 0.9861535 0.9872905 0.98027307 0.97910935 0.9788302 0.99355656 0.9891626 0.98996246 0.9915237 0.9914651 0.9892795 0.98898226 0.9888514 0.9910412 0.9941113 0.9855928 0.9840502 0.98715127 0.99006337 0.9882295 0.9913006 0.98591685 0.9848264 0.9861648 0.98759884 0.9878658 0.98668575 0.98874146 0.98480177 0.9839171 0.98700744 0.98154676 0.992952 0.9916624 0.9881702 0.9890313 0.988374 0.984427 0.9880113 0.99165064 0.9904552 0.98946196 0.98903906 0.98754 0.9812634 0.9882683 0.98631185 0.989707 0.9900264 0.985348 0.99057674 0.9935822 0.9921312 0.9899265 0.9904135 0.9924842 0.9895533 0.9895074 0.9893685 0.9833897 0.98742616 0.9910031 0.9864939 0.9835132 0.9891851 0.9914858 0.9925798 0.99084306 0.99142045 0.992253 0.9911911 0.99054027 0.99182034 0.9942693 0.9927321 0.9921158 0.9919022 0.99639 0.99431735 0.99255574 0.9905857 0.978938 0.98049265 0.98321885 0.98705757 0.9894173 0.9866184 0.9843636 0.9875241 0.9867899 0.9811443 0.9803205 0.98076916 0.983022 0.98621446 0.9872983 0.9858143 0.9940978 0.9967319 0.9945202 0.99229145 0.9962672 0.99644774 0.99687546 0.9959187 0.9963851 0.9950705 0.9958601 0.9949296 0.99488413 0.9950543 0.9952332 0.99551916 0.9950313 0.9945679 0.9950185 0.9953341 0.9953541 0.9837048 0.98367643 0.9856586
SremacStevan_SRP18941StevanSPopViraPopSpira-L2_7 0.99570745 0.9966352 0.99673945 0.9939108 0.99515426 0.9939434 0.991549 0.9883588 0.99486446 0.99678165 0.9971662 0.997243 0.995743 0.995824 0.9976916 0.9972647 0.9972512 0.99783236 0.99781334 0.99712527 0.9955542 0.99643815 0.9949792 0.9956468 0.99576294 0.994635 0.9962101 0.9936511 0.9957924 0.9949317 0.9949719 0.995434 0.9952214 0.9939184 0.9918433 0.9967022 0.9964428 0.99550855 0.9970165 0.9964832 0.9967912 0.9960876 0.99669117 0.9960216 0.9959907 0.9969094 0.9969721 0.99684167 0.99691457 0.99693537 0.9964324 0.995383 0.99457276 0.99435556 0.99211746 0.99746245 0.9968798 0.99296623 0.9954116 0.9973772 0.99695706 0.99645716 0.9977566 0.99701613 0.99394166 0.99483097 0.9953045 0.9945023 0.99468404 0.9952516 0.9956032 0.9927216 0.99350494 0.99529946 0.99496937 0.9960214 0.9946069 0.9935035 0.9959403 0.99559116 0.9937146 0.99629486 0.9971249 0.9937484 0.99173343 0.9943695 0.9945082 0.9951055 0.99559027 0.9938538 0.9950482 0.99675727 0.99498874 0.9937119 0.9933038 0.99489963 0.99164015 0.9936702 0.9920577 0.99280614 0.9919274 0.99478966 0.9945388 0.99376285 0.993648 0.99513066 0.9932483 0.9935278 0.9945763 0.993464 0.9936813 0.99354804 0.9945633 0.9956225 0.9946015 0.99391454 0.99498236 0.99337274 0.9928213 0.9930929 0.9935179 0.99165195 0.9964237 0.99546564 0.99587154 0.99520683 0.99669385 0.99503237 0.99580425 0.9962462 0.99674976 0.9965905 0.9971586 0.997015 0.99638855 0.9961702 0.9970809 0.99754065 0.9979506 0.99101686 0.99086034 0.98630166 0.9893543 0.99583185 0.9941355 0.99468255 0.9944277 0.99404067 0.99464357 0.99436945 0.9944127 0.9917996 0.9904409 0.9885802 0.996523 0.9968689 0.9964902 0.99536157 0.99471486 0.9930007 0.9949872 0.992246 0.9936366 0.99302787 0.9941757 0.9946589 0.9960076 0.9971208 0.9963863 0.9964891 0.996175 0.9933846 0.99461436 0.9944481 0.9924756 0.9937995 0.99727196 0.9964149 0.9962589 0.9977937 0.9965772 0.99640584 0.9957489 0.99336255 0.9911704 0.98837775 0.9981315 0.99776083 0.9961353 0.9973627 0.9970973 0.9958279 0.994851 0.9967446 0.99661124 0.9969481 0.9963551 0.99603 0.9941374 0.9959113 0.9930075 0.99436927 0.99540955 0.99346435 0.99519837 0.9918618 0.9921328 0.99295396 0.9905836 0.98780066 0.9891176 0.99373066 0.9963094 0.99571997 0.99730694 0.99602365 0.9964519 0.9959819 0.9959589 0.99664843 0.99669594 0.99350095 0.9928536 0.995009 0.9971699 0.9959034 0.9954129 0.9973355 0.9960397 0.99510664 0.99617285 0.98848647 0.9916482 0.99659395 0.9953171 0.99286574 0.9938274 0.9936204 0.9898609 0.9925813 0.99585307 0.99008703 0.9829606 0.9888439 0.99047 0.993259 0.99397486 0.9949151 0.9938872 0.98709106 0.99447817 0.9950104 0.9955988 0.99244255 0.9908312 0.9936585 0.9952676 0.9959496 0.9947438 0.99045587 0.99300385 0.9924699 0.9907732 0.98976284 0.9923817 0.9938786 0.9936195 0.9913343 0.98844206 0.9979003 0.99729973 0.9974127 0.99653965 0.996769 0.9943272 0.9963579 0.99487805 0.9963003 0.9939025 0.996429 0.99587953 0.9937711 0.9931103 0.99635607 0.99536645 0.992619 0.98920697 0.99356973 0.99368787 0.99064827 0.99534965 0.9952814 0.99545527 0.99664986 0.9931212 0.9949481 0.9942977 0.9961875 0.99524736 0.99314034 0.9924293 0.9917737 0.9907775 0.99140024 0.9914105 0.9908206 0.9913198 0.99059737 0.99646986 0.9963425 0.9954015 0.9946016 0.9964639 0.99668497 0.9960636 0.9973626 0.9946374 0.99627763 0.99719423 0.9976769 0.9974458 0.99770087 0.99697256 0.99614036 0.99582076 0.9935606 0.99451697 0.99688953 0.99642974 0.9969134 0.9972009 0.99306864 0.9918146 0.99088585 0.99372596 0.99187356 0.9904934 0.9970953 0.99701047 0.9970767 0.9969005 0.99728733 0.99781835 0.996325 0.99355614 0.99758846 0.9962916 0.9965568 0.99572283 0.99544275 0.9941967 0.9935855 0.99692434 0.9967834 0.9971974 0.99654925 0.9955807 0.9951957 0.99456215 0.98932815 0.9946333 0.99455583 0.99584585 0.99387366 0.9945203 0.9942712 0.9906954 0.99046147 0.9920091 0.9939041 0.99407727 0.99568355 0.99909896 0.9980092 0.99903667 0.9993355 0.9988428 0.9985704 0.9989537 0.99545455 0.9999997 0.9954685 0.99602824 0.9981112 0.9959459 0.9922382 0.99397594 0.99482906 0.9984454 0.9957863 0.9988709 0.9975649 0.9990301 0.99881047 0.994123 0.9932363 0.99248266 0.9936359 0.9959915 0.9949264 0.9948511 0.99373674 0.9940267 0.9950715 0.9953514 0.99520445 0.9955058 0.99655086 0.99566746 0.9965516 0.99446887 0.9930924 0.9957389 0.9941201 0.993503 0.9923913 0.99112594 0.99389654 0.9951004 0.9951557 0.996673 0.99612355 0.99339914 0.99426675 0.9939742 0.9904847 0.9887488 0.98873276 0.994436 0.99392635 0.99474716 0.99565876 0.9962811 0.99471873 0.9946568 0.9940392 0.9955565 0.9943539 0.9940313 0.99234074 0.9932066 0.9947774 0.9935187 0.99409235 0.9922943 0.9903583 0.99334174 0.99235487 0.99393797 0.9939159 0.9935814 0.99353874 0.99155843 0.99318373 0.9920519 0.99625635 0.99528635 0.9941638 0.9950177 0.99534225 0.9941361 0.99386907 0.99610144 0.9969385 0.9961813 0.9952469 0.9956824 0.9919853 0.995473 0.9949736 0.9951872 0.9946701 0.994351 0.99600786 0.99802303 0.9962495 0.99446285 0.99639446 0.99674046 0.9969879 0.99622613 0.9966667 0.99192 0.993828 0.99615204 0.99376893 0.9938982 0.9954946 0.99583936 0.9939764 0.9948808 0.9952852 0.9948095 0.9952621 0.99480736 0.9958097 0.9959755 0.99524355 0.99340117 0.9944543 0.99504846 0.9947332 0.99415046 0.992221 0.990436 0.9916093 0.9925498 0.993833 0.993361 0.99313545 0.99311084 0.9939937 0.9935946 0.9922435 0.99121094 0.99158084 0.9920379 0.9927808 0.9933233 0.9916255 0.9947833 0.99200416 0.98956436 0.98520017 0.9937472 0.9946908 0.9941678 0.99382657 0.9919591 0.9950151 0.9933634 0.9899754 0.9922181 0.9918987 0.9922376 0.9918366 0.9885589 0.98800033 0.9901624 0.9910546 0.9937259 0.9931345 0.9920287 0.9929917
SremacStevan_SRP18941StevanSPopViraPopSpira-L2_8 0.9918946 0.989063 0.99153996 0.99298894 0.99284244 0.9843485 0.9818224 0.9779031 0.9900464 0.99405336 0.994469 0.9915253 0.9940213 0.9946903 0.99362236 0.99543345 0.99474907 0.99368334 0.99234164 0.9940472 0.9957133 0.99592286 0.98638433 0.9892567 0.9905114 0.9929572 0.9926009 0.993339 0.9922017 0.9940186 0.9937518 0.99068344 0.9938184 0.9960828 0.9961235 0.98979187 0.9893489 0.9925895 0.98988676 0.9904094 0.99232644 0.9937545 0.9904908 0.99441224 0.9881035 0.98879886 0.99291897 0.9934943 0.9926486 0.9960222 0.99184465 0.99139106 0.9918163 0.98916006 0.9862672 0.99181145 0.99009705 0.98528844 0.9904789 0.99348927 0.9928188 0.99109554 0.9913368 0.99065727 0.98429096 0.9853011 0.9907516 0.9876209 0.9899031 0.9872271 0.98797536 0.98158765 0.98540837 0.9905026 0.9887845 0.9926251 0.98532796 0.98466456 0.9894882 0.9893875 0.98523706 0.9929334 0.99134415 0.99109346 0.9894303 0.9910362 0.9933076 0.9916168 0.99265844 0.9893369 0.9905978 0.9982742 0.9883734 0.9880729 0.9877552 0.9899637 0.98632675 0.9890406 0.9859571 0.9893445 0.9858716 0.99099386 0.99175197 0.99131197 0.9941601 0.9898354 0.9936454 0.99295855 0.99073195 0.991044 0.9906463 0.9917472 0.9922264 0.9930895 0.99045694 0.9933817 0.9878058 0.98562926 0.9845957 0.98520327 0.9857131 0.9843953 0.9902499 0.9895278 0.9900832 0.98727477 0.9935875 0.98677796 0.985076 0.9878508 0.98982567 0.988706 0.9918594 0.99171394 0.9896724 0.99599963 0.9925975 0.99248385 0.9941424 0.98620975 0.98864675 0.9842843 0.98636425 0.9889803 0.9882454 0.9901919 0.9848816 0.9832985 0.98629844 0.9863356 0.9825552 0.9787121 0.978659 0.9739023 0.9908952 0.9915829 0.9927989 0.99518716 0.99462867 0.9894949 0.99362576 0.9900587 0.99193704 0.98964334 0.99165297 0.99547374 0.99493563 0.99506766 0.9930283 0.99364424 0.99455047 0.9948647 0.99410105 0.9947324 0.99411315 0.9951962 0.9947424 0.99676824 0.99740356 0.99336904 0.9943797 0.9964834 0.995307 0.99269986 0.99113816 0.9898805 0.99346834 0.9944868 0.9929869 0.9940343 0.9958064 0.99264055 0.9962245 0.99457103 0.99679554 0.9930459 0.9904004 0.98732275 0.9852185 0.9905621 0.9870146 0.99023414 0.9905256 0.9889432 0.98711795 0.98635197 0.9877182 0.9892338 0.9846209 0.98095304 0.9837563 0.9913921 0.992181 0.98927623 0.99255806 0.994907 0.9914478 0.9938319 0.9942155 0.99105144 0.9920952 0.9924027 0.99184865 0.99375224 0.9942491 0.991866 0.9938628 0.9928977 0.9917617 0.9887833 0.9936323 0.9736657 0.979164 0.99095774 0.9880519 0.9823284 0.9858603 0.98902434 0.9771316 0.9845712 0.9923898 0.9908597 0.9857302 0.98825866 0.9881665 0.9848427 0.98721474 0.98504996 0.9835598 0.9730086 0.9871459 0.98907554 0.9881134 0.9821496 0.9774373 0.9834364 0.9863411 0.9880889 0.9844302 0.9804 0.98269933 0.9825022 0.9833662 0.9791937 0.9835115 0.98708236 0.9873291 0.9842032 0.9802655 0.994312 0.99419624 0.9926094 0.9892571 0.99259776 0.98609996 0.9899584 0.984341 0.98794675 0.9871206 0.9902736 0.9897594 0.98365706 0.9815585 0.99124014 0.9891305 0.9828307 0.9785424 0.98268694 0.9839266 0.98204917 0.98529065 0.9868533 0.98655576 0.99044526 0.98208773 0.9858781 0.98622763 0.98752064 0.9875044 0.9840873 0.98337436 0.9880486 0.99067533 0.9884597 0.99092203 0.99053603 0.99129903 0.98930484 0.9897395 0.99105936 0.98879194 0.98673683 0.9915988 0.98990214 0.987272 0.99162537 0.98549795 0.9897136 0.9898626 0.9908246 0.9944385 0.99321985 0.9934929 0.9930296 0.99436843 0.9930622 0.99290967 0.9918185 0.9921036 0.99219203 0.99237055 0.9898096 0.99041504 0.9895536 0.99279195 0.9927143 0.9904701 0.9897419 0.9934583 0.99352264 0.993094 0.9955592 0.993792 0.9958961 0.9920234 0.99207747 0.99237937 0.9918969 0.98936975 0.99262327 0.9899608 0.9908808 0.9903359 0.99136955 0.9911427 0.99236506 0.98798394 0.9893841 0.9893876 0.9938008 0.9873931 0.9852417 0.9902127 0.9868344 0.98687655 0.98466176 0.9801416 0.981178 0.98335737 0.9855783 0.9869214 0.9884585 0.99542916 0.99872947 0.9935856 0.9949455 0.9944179 0.9977035 0.9972176 0.9990945 0.9954685 0.9999999 0.9994695 0.99639034 0.9987779 0.99772114 0.9986838 0.99844617 0.99178517 0.9977195 0.99416155 0.9979114 0.9941446 0.9937805 0.9953918 0.9931908 0.99277604 0.9950934 0.99502236 0.9935418 0.98578465 0.98283565 0.9830929 0.984733 0.98717403 0.98526746 0.98566896 0.9888411 0.98707926 0.992952 0.9919014 0.9905883 0.99039817 0.99222124 0.9890898 0.98743147 0.9888523 0.9899498 0.9900169 0.99118364 0.9903374 0.9917116 0.9836663 0.9857135 0.9868494 0.9796033 0.97831 0.9778764 0.99253 0.9883108 0.9890127 0.9909305 0.9909049 0.98867035 0.9883668 0.98808223 0.9904771 0.9931023 0.98514414 0.98397475 0.9864434 0.9891063 0.9874405 0.990081 0.98478687 0.9835639 0.98577046 0.98691994 0.9878647 0.9863635 0.9883757 0.98476136 0.98408926 0.98703414 0.98151827 0.9930831 0.99183935 0.9885774 0.9895115 0.98870707 0.98459756 0.9878682 0.9912022 0.98992276 0.98854995 0.9883797 0.9874001 0.9812931 0.988326 0.98657846 0.9891137 0.9895489 0.9850622 0.99059314 0.99331695 0.99187726 0.98959124 0.99038285 0.99299145 0.98975784 0.9898605 0.9900789 0.9830772 0.9877589 0.9910487 0.98679596 0.9840407 0.9890168 0.99202514 0.9924004 0.9905947 0.9912913 0.99208784 0.99118763 0.99052656 0.9917269 0.99447876 0.9927777 0.9920946 0.9921917 0.99616826 0.9944629 0.9930105 0.9905374 0.9779911 0.9797817 0.98241895 0.98625153 0.9884915 0.9858203 0.9837168 0.9869541 0.9859526 0.98062354 0.9791881 0.98013014 0.98200715 0.9851819 0.98624897 0.9847168 0.9939682 0.99665964 0.9937679 0.991493 0.99581075 0.9959464 0.9965167 0.9955689 0.99574614 0.9951869 0.9956677 0.9943484 0.9946716 0.99512076 0.99515164 0.9951421 0.99483514 0.9941305 0.9949527 0.99522287 0.9953552 0.98374486 0.9837011 0.98578835
SremacStevan_SRP18941StevanSPopViraPopSpira-L2_9 0.9920044 0.9899274 0.99212676 0.99298906 0.99326044 0.98559684 0.98312557 0.97897655 0.9914268 0.9949043 0.9954126 0.99277043 0.99489146 0.9955125 0.99442977 0.99577886 0.9951159 0.99416226 0.9930713 0.99486023 0.9964986 0.99648273 0.9877615 0.99017704 0.9914666 0.99373543 0.993492 0.9938573 0.9931134 0.99477154 0.99422115 0.9919623 0.99453825 0.9965314 0.99616534 0.990869 0.99018043 0.99334604 0.9911279 0.9910176 0.9931387 0.99474216 0.9915439 0.99479884 0.9891432 0.9898973 0.9937948 0.9943794 0.99370956 0.99670756 0.993173 0.9926195 0.9930048 0.99006456 0.98761636 0.991979 0.99017316 0.98562807 0.99025893 0.9939189 0.99326015 0.9911435 0.9922719 0.9915136 0.98521715 0.986033 0.9917942 0.9893266 0.9912476 0.9879982 0.989045 0.9830471 0.9866817 0.99172163 0.9900952 0.9937388 0.98686826 0.9864912 0.9905156 0.99048346 0.98668027 0.99300754 0.9914272 0.99189043 0.98975813 0.9915983 0.9937367 0.99210215 0.99354845 0.9897882 0.9913136 0.9985762 0.9892955 0.9893497 0.9892038 0.9906255 0.98710597 0.98963875 0.9872318 0.9903667 0.9872428 0.9918141 0.99252015 0.9923812 0.9947356 0.9907215 0.9939667 0.9935831 0.9917518 0.9918505 0.99152654 0.9920764 0.9927519 0.99368274 0.9909968 0.9935217 0.9892397 0.9869455 0.98605096 0.9863682 0.9872659 0.9860927 0.9915894 0.9907182 0.990846 0.98823315 0.9940895 0.98797566 0.9862149 0.9885049 0.9901857 0.98942995 0.9923351 0.9920976 0.9905814 0.9961586 0.99301183 0.9928799 0.9945591 0.9865608 0.9888747 0.984375 0.9865896 0.9904715 0.9899224 0.9916122 0.98613155 0.9847182 0.9874724 0.98758024 0.9835127 0.98003066 0.9797092 0.9750186 0.99200255 0.9926727 0.9936308 0.9952043 0.9947476 0.9907807 0.99443364 0.9913228 0.9928863 0.990697 0.99263906 0.99606794 0.9956223 0.99591017 0.9939577 0.994325 0.99528027 0.9955675 0.9950511 0.99533886 0.99465936 0.9955422 0.9958942 0.9975172 0.99807423 0.99437225 0.99547774 0.99714756 0.9958577 0.9935006 0.9920701 0.99059963 0.9943747 0.9950683 0.9937303 0.9945199 0.9968283 0.99401474 0.9971164 0.9956988 0.9974195 0.9938943 0.99175537 0.98860115 0.9862096 0.9914172 0.9877639 0.9910376 0.99117565 0.98932344 0.9880072 0.98707783 0.9881493 0.98984116 0.98540497 0.98206705 0.9843606 0.99178356 0.9930961 0.9906091 0.993614 0.9956571 0.99246436 0.99436545 0.9952365 0.9920313 0.9929878 0.9930002 0.99233305 0.9942899 0.9952442 0.9930681 0.99472535 0.993813 0.9927168 0.99010026 0.9944739 0.97528225 0.98010325 0.99198854 0.9892829 0.9836037 0.98699355 0.98986757 0.97922635 0.9854658 0.9934982 0.9918023 0.9870354 0.98943067 0.9893855 0.98593885 0.98852885 0.9863032 0.9849739 0.9747105 0.98784643 0.9896233 0.98872644 0.98356444 0.9796268 0.98505247 0.98795813 0.98914045 0.98580384 0.9824478 0.984383 0.9843069 0.9851817 0.98141134 0.98507506 0.9882568 0.988645 0.9858286 0.9818447 0.99463695 0.9948985 0.99318206 0.9904766 0.99326587 0.98732203 0.99128854 0.9858627 0.98921335 0.98796415 0.9913206 0.9906211 0.98528177 0.98328173 0.99238986 0.98994285 0.98435205 0.9802655 0.9844531 0.9857084 0.98380053 0.98696697 0.98831177 0.9879314 0.99142516 0.9838444 0.98730624 0.9869946 0.98850995 0.9889667 0.98555285 0.9848382 0.98995405 0.9921168 0.9904929 0.9924182 0.992225 0.99263513 0.9911413 0.9900073 0.9909557 0.9891661 0.9881808 0.9927536 0.9907761 0.9881946 0.9924485 0.98694295 0.99038726 0.99123645 0.99211395 0.99557155 0.9942795 0.9945304 0.9936503 0.9945611 0.9930456 0.9930709 0.992602 0.9929209 0.9930474 0.9931857 0.9897442 0.99031913 0.9892493 0.9932784 0.99340963 0.99085695 0.990726 0.9940138 0.9941311 0.9936456 0.9959327 0.9941651 0.9960208 0.99218667 0.99302316 0.99289054 0.99243486 0.98995966 0.99293244 0.99030155 0.990917 0.9909517 0.99190396 0.99191856 0.9927925 0.98885137 0.98984635 0.9900375 0.9945083 0.9885359 0.9865664 0.99119437 0.9877743 0.98797274 0.98552155 0.98173386 0.98240566 0.9847727 0.98686117 0.98801684 0.98945165 0.996021 0.99896574 0.9944945 0.9956891 0.9953395 0.9979512 0.9973502 0.9991111 0.99602824 0.9994695 0.9999997 0.99743307 0.9989435 0.99812573 0.99885476 0.9988837 0.9927631 0.99772716 0.9948147 0.9981048 0.9948286 0.9942441 0.9958697 0.99410474 0.99361706 0.99592286 0.9959683 0.9943611 0.9864607 0.98396975 0.9840631 0.98574334 0.9875432 0.98639673 0.986814 0.98956037 0.9875319 0.9939925 0.9927507 0.9914727 0.9914488 0.9932753 0.99051285 0.9889383 0.9901525 0.9912407 0.9911512 0.9921159 0.9917103 0.9925767 0.9847134 0.9871484 0.9878582 0.98121834 0.980229 0.9798254 0.99349976 0.98955464 0.9900302 0.9921832 0.9920038 0.99018323 0.9897231 0.9893517 0.991655 0.99401593 0.98691016 0.98538303 0.9877421 0.9901448 0.98859185 0.99119073 0.9862399 0.9846933 0.9870805 0.9880227 0.98923624 0.98742455 0.9894317 0.98626757 0.98562425 0.98860455 0.9831333 0.9942879 0.9929209 0.99002165 0.990594 0.989782 0.98580974 0.9893226 0.99249244 0.99096364 0.9896899 0.9895584 0.988673 0.9828569 0.9896033 0.9878814 0.99027205 0.99053645 0.9866334 0.9920238 0.99411434 0.9931178 0.99082017 0.9914825 0.9938984 0.9909204 0.9908388 0.99053353 0.9846741 0.98824805 0.9917383 0.98772013 0.9851967 0.98959583 0.99232304 0.9928494 0.99143344 0.9921634 0.99294233 0.99177325 0.9912618 0.992208 0.9946292 0.99310297 0.9922869 0.9923543 0.9963051 0.9943781 0.9929648 0.99054533 0.9800293 0.98163176 0.98434806 0.9878613 0.9896696 0.9873456 0.9853576 0.9882308 0.9873909 0.98267794 0.98125076 0.98230004 0.9838762 0.986896 0.9882825 0.98656565 0.9948902 0.99712855 0.99449694 0.9922925 0.99679136 0.99698704 0.996978 0.9964274 0.9963033 0.9958637 0.9963999 0.9949422 0.99547434 0.9952137 0.99583256 0.995732 0.99476117 0.99428874 0.99504316 0.9957883 0.9960653 0.9847514 0.9844737 0.98687816
SremacStevan_SRP18950StevanSIvakovaSlava-L2_1 0.99380785 0.99473745 0.99533546 0.9943832 0.9949668 0.9917812 0.98924696 0.98563516 0.9954161 0.99649113 0.99715906 0.99651 0.9965022 0.9968803 0.9973284 0.9967254 0.99623483 0.9964191 0.99638027 0.9971012 0.99661475 0.9970573 0.9933586 0.9936938 0.99454826 0.99457616 0.9952999 0.9933837 0.99535334 0.9954618 0.9949241 0.99512726 0.99545157 0.9951259 0.9935261 0.99481595 0.9940411 0.99459666 0.995713 0.99501973 0.9960368 0.9969603 0.99579 0.99589795 0.9932519 0.99466383 0.996422 0.9972334 0.99732155 0.9979486 0.99734855 0.9966743 0.99620116 0.9941175 0.99241495 0.9948169 0.99376214 0.98852897 0.9921349 0.9962584 0.99578387 0.9931632 0.9959586 0.9948729 0.99005973 0.99076277 0.9954434 0.9945 0.9949918 0.9941798 0.9945966 0.99076563 0.99260724 0.9959178 0.99507904 0.99689084 0.9932056 0.9931246 0.9954966 0.9955167 0.9928464 0.99443686 0.9942887 0.994822 0.9922565 0.99474216 0.9954283 0.99520224 0.9962517 0.9935496 0.9954139 0.9979832 0.9937714 0.99391127 0.99402696 0.9946039 0.9916186 0.9937594 0.9924824 0.993903 0.9920902 0.9949846 0.9953803 0.9956292 0.9958088 0.99530864 0.9954635 0.9959799 0.99605286 0.9956586 0.99564683 0.99496824 0.9956237 0.9965124 0.99479645 0.99529004 0.9953326 0.99370426 0.9931519 0.9931777 0.9938515 0.9927828 0.9963532 0.99547374 0.9954051 0.9943567 0.9969419 0.99392873 0.992823 0.9943583 0.99499685 0.994719 0.99638295 0.99637693 0.9956262 0.99586695 0.9951035 0.99552387 0.99649334 0.99074084 0.9919886 0.9876204 0.99023205 0.9957502 0.99536407 0.9959338 0.9931191 0.992269 0.9938211 0.9940721 0.9899677 0.9881388 0.9873011 0.98364407 0.996227 0.9962206 0.9962899 0.9956881 0.99556446 0.9939382 0.9959368 0.9938366 0.9943874 0.9932803 0.9947943 0.9962759 0.99627364 0.99795806 0.99657696 0.99715984 0.99721754 0.9959016 0.996921 0.99639916 0.9949933 0.9959331 0.99780655 0.9972733 0.9970408 0.9979817 0.9980442 0.99779123 0.996932 0.99519616 0.99449223 0.9925157 0.9980919 0.9978898 0.9973684 0.99742424 0.9983996 0.997346 0.99747896 0.99811214 0.9982645 0.997349 0.9965966 0.994673 0.99272406 0.99589163 0.99236333 0.9943944 0.9949829 0.9927326 0.99370855 0.9915937 0.99168396 0.99343526 0.9900014 0.98711216 0.9886486 0.9940168 0.9965973 0.9951943 0.99714655 0.99702615 0.99606305 0.99618995 0.99718857 0.995707 0.9960334 0.9942736 0.99352366 0.99572253 0.9977629 0.99604297 0.99718106 0.9970456 0.99617714 0.99451894 0.99645174 0.983985 0.9876707 0.99680847 0.9948974 0.99140114 0.99348724 0.99412274 0.98827684 0.99165803 0.9973049 0.99341404 0.98776174 0.99197847 0.9930039 0.99255806 0.99434125 0.9922004 0.991864 0.984485 0.99301964 0.99416524 0.9935482 0.9906182 0.9883294 0.9920705 0.99428624 0.99465626 0.9927829 0.9897116 0.9917141 0.9915661 0.9915481 0.9896481 0.99213934 0.99442893 0.99436104 0.99215424 0.9888335 0.99754167 0.9975398 0.9967462 0.99545693 0.9967328 0.9934746 0.9960668 0.9925734 0.99464834 0.9925633 0.99544305 0.9949105 0.9921241 0.9908628 0.9962419 0.9940649 0.99095607 0.98768747 0.99176604 0.99259734 0.99007976 0.9931414 0.99448365 0.99369466 0.9959277 0.99148774 0.9936712 0.9929045 0.99451816 0.9948601 0.99252313 0.99137616 0.9942237 0.9941918 0.9941532 0.99442595 0.994339 0.99439406 0.9937424 0.99431974 0.99419916 0.9943414 0.9944141 0.99681455 0.99563295 0.993889 0.9963759 0.9936879 0.9952979 0.9965895 0.99707437 0.99859124 0.9981336 0.99810916 0.9965311 0.9959729 0.9943402 0.99503326 0.9964147 0.9966849 0.9965483 0.9967019 0.99139786 0.9908204 0.98970443 0.99556476 0.9947722 0.9927811 0.9958279 0.99688524 0.9969418 0.9968615 0.997171 0.996713 0.9963878 0.99216855 0.99680483 0.99588 0.9959346 0.9934047 0.9947537 0.9924402 0.99201787 0.99479836 0.99509907 0.9959015 0.99538136 0.99315995 0.99294305 0.9926859 0.9925815 0.99402976 0.9930445 0.9952337 0.99311924 0.9936739 0.9920213 0.98974985 0.98995775 0.9917613 0.993391 0.993656 0.99453205 0.9987343 0.99811876 0.9978701 0.99849135 0.99829996 0.99793583 0.9979599 0.9962133 0.9981112 0.99639034 0.99743307 1.0000004 0.9981195 0.9959266 0.9964399 0.9976292 0.9970698 0.9960708 0.9973471 0.99742794 0.99777174 0.997215 0.9962593 0.99576414 0.9951686 0.9961659 0.99727094 0.995661 0.9923514 0.99164236 0.9911691 0.99264723 0.99288195 0.993203 0.9931947 0.9942698 0.9928902 0.99696606 0.9952811 0.9942175 0.9950854 0.9956797 0.99451196 0.9934036 0.9933466 0.9952891 0.9952953 0.99565345 0.9965641 0.9961549 0.99156725 0.9932831 0.9936254 0.9885276 0.9876976 0.9876568 0.9960573 0.9945058 0.9947625 0.9963274 0.9961211 0.99470186 0.99448466 0.9942976 0.99583304 0.99598277 0.9933787 0.9919193 0.99316883 0.9946274 0.993561 0.99472475 0.99265254 0.9910237 0.99306536 0.9928133 0.99459475 0.99343854 0.99434024 0.9931949 0.99210316 0.99415135 0.9910492 0.9971607 0.9959714 0.99433696 0.9951375 0.9945068 0.9924044 0.99440545 0.99628377 0.99572164 0.99503696 0.99491316 0.99457794 0.9908798 0.994904 0.9941972 0.99507284 0.99488807 0.9931391 0.9966082 0.99762434 0.9969835 0.99509686 0.9960401 0.9972162 0.9961225 0.9958042 0.99539596 0.99133104 0.9934181 0.9957227 0.99360967 0.9921028 0.99503815 0.9962832 0.9954687 0.9956858 0.99633276 0.9963748 0.9959828 0.9956156 0.9960066 0.9952506 0.9939628 0.9917331 0.99280876 0.9949945 0.99374336 0.9925705 0.9900572 0.98906636 0.990093 0.99191386 0.9940544 0.9945978 0.9938067 0.9926753 0.99412894 0.9935139 0.9909008 0.9896107 0.99049467 0.9911652 0.9929772 0.9939403 0.9923994 0.99657524 0.99521554 0.9929722 0.9901358 0.99570954 0.99646246 0.9957246 0.99572027 0.99439406 0.996454 0.99511904 0.99261594 0.99474657 0.9934794 0.99458 0.9947953 0.9917593 0.9913847 0.99294704 0.9940234 0.99554276 0.98995066 0.98858994 0.99071455
SremacStevan_SRP18950StevanSIvakovaSlava-L2_2 0.9932895 0.99138874 0.99347985 0.9950446 0.994843 0.9869949 0.98457426 0.98100424 0.99187744 0.9947263 0.99538743 0.99296045 0.99502397 0.995677 0.99464905 0.99574655 0.99482465 0.9943801 0.9933102 0.99492013 0.99590755 0.9963842 0.9888673 0.99064887 0.9921157 0.9940524 0.9937086 0.99368685 0.99306667 0.99436927 0.99406964 0.99192905 0.9941204 0.9963181 0.996104 0.99104476 0.9907023 0.9933104 0.9920976 0.9923549 0.9939321 0.995946 0.99302596 0.9958443 0.9899359 0.99076504 0.9946054 0.9956435 0.9948612 0.99752206 0.99432683 0.99404526 0.9945251 0.9919938 0.98949605 0.99279743 0.991221 0.9858619 0.99104273 0.9944787 0.9940491 0.99149066 0.9927488 0.99199736 0.9855453 0.98642695 0.9929394 0.99023366 0.9920653 0.98991716 0.990258 0.9844828 0.9878327 0.99254555 0.99115795 0.99424624 0.9873525 0.98734784 0.99187315 0.9916808 0.9875172 0.9936215 0.99233335 0.9938264 0.99215853 0.9934701 0.9953398 0.9940392 0.99493897 0.9923554 0.99356216 0.9984347 0.9899332 0.9901199 0.9898972 0.9917771 0.9887449 0.99134624 0.9886108 0.9916172 0.9880968 0.99237835 0.9930992 0.993332 0.9957409 0.9922162 0.99574107 0.99537057 0.9933101 0.99384874 0.99336267 0.9942072 0.9944692 0.995191 0.9926408 0.99547505 0.99051404 0.98856366 0.98767173 0.9882704 0.9887639 0.98774105 0.9921141 0.9913142 0.9919273 0.9896198 0.9949527 0.9889892 0.98720425 0.98980546 0.9915201 0.9904667 0.993546 0.99364805 0.9916498 0.9960328 0.99355876 0.993583 0.99521554 0.9896195 0.99195194 0.98825175 0.98985946 0.9918648 0.99109954 0.99244136 0.9878738 0.986406 0.9894365 0.98924357 0.9843287 0.98129714 0.98131853 0.9767785 0.992789 0.9930768 0.9940952 0.9962502 0.9961219 0.99166805 0.9953263 0.9918947 0.9935942 0.99123114 0.9931236 0.9965671 0.995889 0.9962452 0.9946098 0.994863 0.9956547 0.99614394 0.9957169 0.99621016 0.99553764 0.99664634 0.9955211 0.99682003 0.9973161 0.99511683 0.9961197 0.9974436 0.9964724 0.9949631 0.9938467 0.99249387 0.9949564 0.9958833 0.9949545 0.9960199 0.9970699 0.9942786 0.9973177 0.9960375 0.9979744 0.9946068 0.992454 0.9899299 0.9883403 0.9932314 0.99004865 0.99243414 0.99291885 0.9913649 0.99008775 0.989258 0.99041504 0.99167037 0.9877311 0.98471344 0.987224 0.99343127 0.99403656 0.9912813 0.99448067 0.9966311 0.99321127 0.9955639 0.99606997 0.99263155 0.99369216 0.9940093 0.9933658 0.99535745 0.99589753 0.9936548 0.9963324 0.9945175 0.99375594 0.9907991 0.99523926 0.97642523 0.9818167 0.9933616 0.9908788 0.98579305 0.98913944 0.9920616 0.98074985 0.9880555 0.99501556 0.9935183 0.9879712 0.99111927 0.9912371 0.9883454 0.99061 0.98765016 0.9863852 0.9771396 0.9899536 0.99186206 0.9906368 0.9856875 0.98067063 0.9865469 0.9891137 0.9909486 0.9873185 0.98368955 0.9858548 0.9859535 0.9868568 0.9828514 0.9870602 0.9901803 0.9904879 0.98756397 0.9839369 0.99564755 0.9954976 0.994423 0.99127877 0.99470025 0.9887418 0.99218506 0.987218 0.9904029 0.9899319 0.99240226 0.9922873 0.98664266 0.98445934 0.99347675 0.9915395 0.9859983 0.9818993 0.9856655 0.9868962 0.9848513 0.9879625 0.9897426 0.98909223 0.9929543 0.98530114 0.9888682 0.9890581 0.98994035 0.99052453 0.98736113 0.9863955 0.9907796 0.99238527 0.99072826 0.99281025 0.9926656 0.99282205 0.99114996 0.9912347 0.9923802 0.9911579 0.9890322 0.99319386 0.9915671 0.98908806 0.9929752 0.9883274 0.99156076 0.9919101 0.99276036 0.99636984 0.9954115 0.99559236 0.99515235 0.99595356 0.995 0.9950056 0.9937567 0.9941816 0.9938532 0.993885 0.99133015 0.9917573 0.9910085 0.9952479 0.99489933 0.9929784 0.9915693 0.9947474 0.9947573 0.99478626 0.99648476 0.9949187 0.99649394 0.99219704 0.9937945 0.9942136 0.99365985 0.990522 0.9936688 0.9909834 0.991569 0.99147385 0.9924971 0.9924562 0.9933844 0.9894023 0.9902737 0.9902008 0.99487096 0.9899527 0.98789304 0.992141 0.98914397 0.98932254 0.98720765 0.9835525 0.98492444 0.9866318 0.98854524 0.98988855 0.9909884 0.9965713 0.998517 0.99476725 0.99598867 0.9956841 0.99782884 0.9974004 0.9984306 0.9959459 0.9987779 0.9989435 0.9981195 0.99999976 0.9985108 0.9989862 0.9992112 0.99344605 0.9975783 0.99500376 0.9979602 0.9954642 0.99511313 0.99644625 0.99465495 0.9942079 0.9958135 0.9960178 0.99550825 0.98814386 0.9859193 0.9856548 0.9871047 0.9890902 0.98779225 0.9880414 0.9907145 0.988974 0.9947606 0.9937628 0.9928997 0.9923908 0.99414647 0.99134517 0.98979104 0.9912313 0.9926567 0.99235123 0.9930051 0.99272144 0.99351275 0.986223 0.9882094 0.98945343 0.9829819 0.9818372 0.98126864 0.9948714 0.9912655 0.9917116 0.9933384 0.99343413 0.99085075 0.9905689 0.990739 0.9930373 0.99513924 0.98840743 0.98682123 0.98937285 0.9915719 0.9903231 0.99253184 0.9880427 0.9871702 0.9883272 0.98942137 0.99053246 0.98923063 0.9912717 0.9878148 0.9868792 0.98975825 0.98482245 0.994331 0.9929935 0.99023646 0.9910548 0.99034053 0.9870125 0.9905054 0.99346906 0.9924279 0.99108267 0.99144113 0.99028456 0.9850715 0.9908753 0.9893283 0.99180394 0.9925829 0.98819923 0.9933048 0.99509 0.9939931 0.9923816 0.99257994 0.99484605 0.9920833 0.99260944 0.9923524 0.9864347 0.9905589 0.99352413 0.98947847 0.9862894 0.9916191 0.99440396 0.9947827 0.9931837 0.9941268 0.99492276 0.9937031 0.9936745 0.994054 0.9952087 0.993294 0.9922265 0.9924511 0.9961298 0.99442416 0.9929256 0.9901599 0.9820337 0.9834917 0.98616 0.989827 0.99195415 0.98947954 0.9875284 0.99056953 0.98954135 0.98399574 0.98288715 0.98377734 0.9855482 0.9884332 0.98921853 0.9883036 0.99534243 0.9970479 0.99457717 0.99243385 0.9959657 0.9961977 0.9965191 0.9956866 0.9958409 0.9962363 0.9957968 0.99449277 0.99547505 0.9951297 0.99557126 0.9960377 0.9949508 0.9940674 0.99503076 0.99554926 0.9959798 0.98501176 0.98480725 0.9866526
SremacStevan_SRP18950StevanSIvakovaSlava-L2_3 0.98819095 0.9860498 0.9892089 0.99207664 0.9917159 0.98107374 0.97859466 0.9732833 0.98939794 0.9925822 0.9930378 0.989536 0.99324465 0.9940343 0.99159455 0.993629 0.99190634 0.990847 0.98952675 0.9920889 0.99470985 0.9943748 0.9840599 0.9865374 0.988151 0.99152654 0.99029505 0.9918871 0.99035496 0.99282044 0.9918097 0.9889213 0.9922388 0.9960388 0.99627066 0.9870827 0.98637354 0.9906739 0.98819375 0.9883095 0.9909617 0.993919 0.9891331 0.9934716 0.9852711 0.98635226 0.9916622 0.99274266 0.9921814 0.99541163 0.9909804 0.9902469 0.9911409 0.9867228 0.9840794 0.9881486 0.98588634 0.9804104 0.9862152 0.9906916 0.98972964 0.9870325 0.9880117 0.9870249 0.9795631 0.98021936 0.988637 0.9854101 0.9878638 0.9851324 0.9850307 0.9782614 0.983328 0.9896129 0.98735076 0.99183464 0.9827579 0.98287994 0.9877039 0.9882444 0.98328525 0.9893296 0.9872023 0.9911462 0.9893426 0.99059474 0.99323857 0.9908275 0.9924751 0.9879568 0.9897724 0.99649423 0.9851982 0.98602504 0.98631847 0.98728174 0.98405766 0.98759526 0.9843377 0.98809284 0.9839715 0.98869747 0.9896945 0.9910546 0.9942659 0.9874316 0.99305713 0.99278826 0.98976344 0.99057674 0.99026746 0.991042 0.9910313 0.9918098 0.98883635 0.9923335 0.98609 0.98446745 0.98271346 0.98333406 0.98447967 0.9833318 0.9885605 0.98832035 0.9886211 0.9851633 0.9920003 0.9847241 0.98132277 0.98459935 0.98699653 0.9859227 0.9899978 0.98987913 0.9871876 0.99371356 0.98930544 0.9889463 0.9916086 0.98521566 0.9887641 0.98462975 0.98628736 0.98738295 0.98736745 0.9893395 0.98174876 0.9802691 0.9838747 0.9844099 0.9776948 0.9739977 0.97341746 0.9683933 0.9892451 0.9897053 0.9908557 0.99412185 0.99407834 0.98824275 0.99220943 0.98891664 0.990473 0.98746645 0.98970973 0.9940282 0.99282527 0.9935242 0.99060553 0.9915228 0.99268115 0.9946761 0.9941828 0.9945346 0.9946293 0.99525046 0.99260145 0.99494714 0.995919 0.9918476 0.9939126 0.99593925 0.9945406 0.99281037 0.9923083 0.9911153 0.99194133 0.9929569 0.99212456 0.99216574 0.995332 0.99226254 0.99677193 0.9938315 0.9965671 0.99183935 0.9892379 0.9847975 0.98247486 0.9884528 0.98456085 0.98853344 0.9888797 0.98696333 0.98451334 0.9838822 0.985231 0.98747647 0.98184395 0.9783365 0.98147327 0.9897865 0.99133 0.98756766 0.9910733 0.99495506 0.98975605 0.9930777 0.99453306 0.9886935 0.99009085 0.9911174 0.99040735 0.9925908 0.9930828 0.9903747 0.9938059 0.99107695 0.99012667 0.98652446 0.9924352 0.9693942 0.97520816 0.9891284 0.9859647 0.9791645 0.98360145 0.9870162 0.9739156 0.98164463 0.99162316 0.9920927 0.9876466 0.9888628 0.98815966 0.98193234 0.9854435 0.98196054 0.980522 0.96924204 0.98462915 0.98699504 0.9853574 0.97938645 0.9739562 0.98073673 0.9840143 0.98536503 0.98124176 0.97830075 0.9801232 0.98034537 0.9826569 0.9774465 0.98218113 0.9858168 0.98618406 0.98344344 0.97879666 0.9915851 0.99194574 0.98975706 0.98657686 0.9907124 0.98344886 0.9876306 0.9816098 0.9855234 0.98553216 0.9887053 0.98827726 0.9810394 0.97874504 0.989644 0.9872393 0.97998756 0.9752297 0.97990817 0.98157203 0.9798218 0.98250026 0.98494625 0.98409736 0.9880431 0.9795929 0.98325735 0.98313034 0.9848048 0.9856278 0.9816575 0.9804887 0.9888654 0.99188507 0.9894273 0.9921789 0.99251735 0.99242073 0.99050725 0.986151 0.9875738 0.9859357 0.9853383 0.9905619 0.98761714 0.9840882 0.98936814 0.98286366 0.9871067 0.98776835 0.9886299 0.9936773 0.99211186 0.9926889 0.99202293 0.9933938 0.9925527 0.9921587 0.99003315 0.9903451 0.9902297 0.99039173 0.98749375 0.9892449 0.987917 0.99308026 0.9940428 0.99146795 0.98674107 0.99122524 0.9916574 0.9912296 0.9934566 0.9912702 0.99410385 0.98922396 0.98981005 0.99058855 0.9897609 0.9864353 0.9904657 0.98713726 0.9884626 0.9871261 0.9880816 0.98766124 0.98908615 0.9841582 0.9854703 0.9859419 0.99581516 0.9860193 0.9831331 0.98918825 0.9853149 0.98550314 0.98232543 0.97844374 0.97974277 0.98216796 0.98400944 0.98581487 0.9869871 0.99269676 0.9962422 0.99089533 0.99218714 0.99206597 0.9954774 0.9947243 0.9977203 0.9922382 0.99772114 0.99812573 0.9959266 0.9985108 1.0000001 0.9988908 0.9993482 0.98888016 0.9964413 0.9913561 0.99637324 0.9913525 0.99070436 0.9956684 0.9932943 0.99319667 0.99518555 0.99457866 0.9938007 0.9830882 0.97985137 0.9802287 0.98211586 0.98444 0.98297936 0.98317206 0.9862862 0.9840452 0.99122685 0.98975074 0.9886775 0.9883323 0.9915683 0.9870327 0.98556924 0.9877985 0.98948663 0.9889169 0.9900409 0.98849154 0.99014676 0.98073024 0.9831718 0.98460317 0.9763592 0.9756209 0.975561 0.9928534 0.9870915 0.98754054 0.98982817 0.98932433 0.9873781 0.98718035 0.98724526 0.9893724 0.9932938 0.9831337 0.981986 0.9848816 0.987247 0.98570454 0.98943007 0.9842183 0.98299897 0.98426414 0.9866712 0.9869884 0.9850069 0.9879048 0.9830689 0.9830576 0.98637444 0.9790061 0.9917713 0.99033344 0.98655087 0.9872225 0.98583543 0.981619 0.986817 0.9892942 0.9874804 0.9867071 0.9863166 0.9849833 0.9782159 0.98621863 0.98404366 0.9878664 0.9878638 0.9822998 0.9889781 0.99178445 0.9908576 0.9881574 0.98822254 0.991663 0.9873873 0.987734 0.98717016 0.98108685 0.9852132 0.9892505 0.98455244 0.9807235 0.98711014 0.9902343 0.9919602 0.989682 0.9902426 0.99149466 0.99013054 0.98912966 0.99027014 0.9917246 0.9892811 0.9881355 0.98814404 0.99369043 0.9908668 0.9889859 0.9859533 0.9759411 0.9781276 0.98131025 0.9858778 0.988805 0.9855643 0.98276275 0.98610604 0.9853544 0.97832304 0.97702897 0.9782828 0.980373 0.98448336 0.9860976 0.9843621 0.99326164 0.99665505 0.99498236 0.9937113 0.9961964 0.995681 0.9960681 0.9954804 0.9960544 0.99448466 0.9952759 0.99513197 0.9949043 0.9944869 0.99538666 0.9961715 0.9952884 0.995202 0.99521524 0.9958385 0.99512804 0.97925943 0.9790823 0.9820893
SremacStevan_SRP18950StevanSIvakovaSlava-L2_4 0.9911211 0.9881439 0.990973 0.99281615 0.99257195 0.9835305 0.98123175 0.9775713 0.9891254 0.99297357 0.9933713 0.9903875 0.9930014 0.99368334 0.99264866 0.99441254 0.9936816 0.9928012 0.99137735 0.9924374 0.9945707 0.9948181 0.9850547 0.98774016 0.9893284 0.9921027 0.99155056 0.99238497 0.9910209 0.9929279 0.9923978 0.9894488 0.99256545 0.99676913 0.9970991 0.98944366 0.9890759 0.99309677 0.9896139 0.9894268 0.9918281 0.99397415 0.9904221 0.99445325 0.98801804 0.98834723 0.9925578 0.9932641 0.9921954 0.99563307 0.990989 0.99045557 0.99141943 0.9890505 0.98612946 0.9905157 0.98870397 0.98464656 0.98956686 0.9923589 0.9918406 0.98973286 0.9901407 0.9895706 0.9834077 0.98398864 0.98998946 0.98682976 0.98907983 0.98541445 0.9862347 0.97977453 0.9842004 0.98935306 0.98779595 0.991819 0.9841067 0.9843074 0.98880553 0.9880413 0.98427653 0.9914303 0.9894915 0.99055266 0.98873824 0.9900933 0.99258775 0.9906726 0.99213415 0.9889195 0.99003065 0.9975325 0.9870146 0.9873721 0.9873287 0.9883911 0.98511535 0.9877444 0.9850725 0.9888589 0.9854806 0.9901821 0.9906433 0.99008226 0.9931668 0.9884052 0.9927611 0.99218607 0.9897196 0.99018455 0.9896527 0.99079365 0.9910743 0.99222946 0.98881686 0.9924154 0.9865997 0.9839947 0.98292637 0.98344696 0.98452026 0.9833076 0.9890659 0.9878734 0.9882829 0.9854526 0.9920521 0.9850991 0.9835791 0.9859402 0.987971 0.986956 0.99032116 0.99014556 0.9881766 0.9955993 0.9918889 0.99159503 0.99355423 0.9855832 0.9883947 0.98416454 0.9859395 0.9882568 0.9871062 0.98889494 0.9831648 0.98159677 0.9848709 0.98466563 0.98120683 0.9768248 0.9766898 0.9717398 0.98961043 0.9903616 0.9914528 0.99450994 0.99420714 0.9887851 0.9931787 0.9893625 0.991567 0.9886324 0.9906478 0.9947264 0.9944346 0.99406016 0.9923662 0.9920487 0.99347115 0.9945196 0.9934523 0.993924 0.9936642 0.9947211 0.9943648 0.9965768 0.99723047 0.99248767 0.9936747 0.99588704 0.9945911 0.992164 0.9903489 0.98891354 0.9926026 0.99357885 0.9919955 0.9933958 0.9955001 0.9918002 0.9958733 0.9938838 0.9963032 0.99183226 0.9892681 0.98625565 0.9838886 0.98960125 0.986134 0.9891908 0.9896053 0.9883649 0.98621523 0.98469126 0.98630446 0.9873923 0.98321086 0.98017603 0.982856 0.9899642 0.9919008 0.9890199 0.9920602 0.9948058 0.9908057 0.99375767 0.9943625 0.9906976 0.9918888 0.9927595 0.99225765 0.99379826 0.9939561 0.9920698 0.99367946 0.9922054 0.9914794 0.9881962 0.99355376 0.97237897 0.97763926 0.9897702 0.98733306 0.9809896 0.9845608 0.9886569 0.9757052 0.9839183 0.9918275 0.9908499 0.98549044 0.9879363 0.98754156 0.9833244 0.98650825 0.98460156 0.9819964 0.9710763 0.98590076 0.98769784 0.98711663 0.9812164 0.9762806 0.9822982 0.9852856 0.98727965 0.98317575 0.9788718 0.98116916 0.9813359 0.9832438 0.9785596 0.9826143 0.98576397 0.9863666 0.98359704 0.9794872 0.99268246 0.9928905 0.99147785 0.9879952 0.9915385 0.98472285 0.9890557 0.98358804 0.98700285 0.9861329 0.98919296 0.98916274 0.98309207 0.9806849 0.9905329 0.98863596 0.9819786 0.977408 0.98170054 0.9829987 0.98103875 0.98486173 0.98600537 0.98563933 0.9896046 0.9812477 0.9849901 0.9848476 0.98587155 0.9868737 0.98316854 0.98253536 0.98790765 0.99007154 0.988277 0.99059254 0.99068993 0.99070567 0.98888636 0.988357 0.99007446 0.9879848 0.98498785 0.9901248 0.9881448 0.9854716 0.9901913 0.98397857 0.9878862 0.98887897 0.9901998 0.99441737 0.99295837 0.99325824 0.9923521 0.99376553 0.9923902 0.9925071 0.9907071 0.99078244 0.9907752 0.99101245 0.9894419 0.9904751 0.98988616 0.9922376 0.9922397 0.9896401 0.98826575 0.99190664 0.99210584 0.99183655 0.99446446 0.9925679 0.9949485 0.99124116 0.99132055 0.9916269 0.9908095 0.98830485 0.9917561 0.9890243 0.99012125 0.9890505 0.99032927 0.99002826 0.9913424 0.9871797 0.9884602 0.9886538 0.9944513 0.9860509 0.983594 0.9891869 0.9853951 0.9855428 0.98306185 0.97873294 0.9797091 0.98193824 0.9843712 0.98631394 0.98760813 0.99418634 0.9973803 0.9922128 0.99365824 0.9931565 0.9964985 0.9958574 0.99844575 0.99397594 0.9986838 0.99885476 0.9964399 0.9989862 0.9988908 1.0000002 0.9991733 0.99071485 0.99785507 0.993 0.99739236 0.9931912 0.9927207 0.99457014 0.9919528 0.9916611 0.99416655 0.99427223 0.9938923 0.98423254 0.9811231 0.98143137 0.98299414 0.98548794 0.9835946 0.9843943 0.98759174 0.9854009 0.9921672 0.9911937 0.99003017 0.9895948 0.9914291 0.98824584 0.9865374 0.9881487 0.989506 0.98908824 0.98987114 0.98924917 0.99029195 0.98169965 0.98428017 0.9850451 0.9786716 0.97721404 0.9768077 0.9921173 0.9872665 0.9878105 0.9900184 0.9899403 0.9880346 0.9872999 0.98730934 0.99035084 0.99280226 0.98458046 0.9822961 0.98517895 0.98803246 0.98639745 0.989449 0.9835056 0.9821268 0.98396707 0.98534095 0.98669314 0.9848808 0.98717237 0.98333704 0.9824757 0.98598546 0.97990954 0.9917408 0.9903593 0.9869199 0.98761076 0.986805 0.9825697 0.98650163 0.99056184 0.9890582 0.98739386 0.9873205 0.9864059 0.980073 0.9870814 0.9848335 0.9879494 0.9886318 0.9841675 0.98997843 0.99227786 0.9908941 0.98893857 0.9891424 0.9920845 0.9887627 0.9889852 0.9885841 0.9824887 0.9863469 0.99030656 0.98535043 0.98228914 0.98719305 0.9905063 0.9912013 0.98926866 0.9903881 0.99173194 0.9897796 0.9897353 0.99027646 0.9935755 0.9918314 0.9916073 0.99106973 0.9952678 0.9933712 0.9919616 0.9894638 0.9768734 0.97849786 0.9816419 0.9858944 0.9880758 0.98525816 0.9832391 0.98666024 0.9854378 0.97935355 0.9782163 0.9791454 0.98093647 0.9842322 0.9856143 0.98406047 0.99298763 0.99613845 0.9934001 0.9913977 0.99533963 0.9951919 0.9954064 0.99463636 0.99491435 0.9943272 0.9950732 0.9942516 0.99405116 0.9943737 0.99468404 0.9945952 0.99415135 0.99354595 0.99410087 0.9946832 0.994791 0.98283917 0.9834992 0.9856775
SremacStevan_SRP18950StevanSIvakovaSlava-L2_5 0.99076176 0.9894604 0.99182606 0.99334157 0.99324834 0.9850377 0.98258257 0.97801256 0.99138606 0.9941392 0.9947008 0.99196255 0.9946489 0.99536294 0.9939959 0.99529433 0.99408484 0.993349 0.99231625 0.9942119 0.9958108 0.9958266 0.9870296 0.98916465 0.9905694 0.99285257 0.99231035 0.99298906 0.992439 0.99426764 0.99349654 0.99115765 0.9938816 0.9965365 0.9963486 0.9902898 0.98966163 0.9930466 0.9911176 0.99109924 0.9932959 0.9955083 0.99177676 0.99509907 0.98856604 0.9895262 0.9938639 0.9946961 0.994305 0.99671334 0.99317765 0.9925283 0.9930972 0.9898074 0.9873984 0.99119365 0.9893425 0.9841664 0.98922896 0.9934034 0.9926931 0.99006444 0.9912422 0.9902917 0.9840115 0.98461264 0.99151087 0.9887392 0.9909197 0.9883117 0.9884717 0.9825192 0.9868568 0.9920859 0.99029136 0.994053 0.98659617 0.98653674 0.9907201 0.9909121 0.9868943 0.99162143 0.99019384 0.9925951 0.9906042 0.99241555 0.9945232 0.99269986 0.9941898 0.99016565 0.99186516 0.9978899 0.9887643 0.9892128 0.98939884 0.9902704 0.9871878 0.99015945 0.9873402 0.9905564 0.98721915 0.9914561 0.9922924 0.99286574 0.99538755 0.9902887 0.99425364 0.99410456 0.9921858 0.9926415 0.992281 0.99286175 0.99296534 0.99387974 0.99115765 0.99389726 0.9894212 0.98755056 0.98632497 0.9869019 0.9878452 0.98672074 0.99153596 0.9909226 0.9912031 0.98849523 0.99429756 0.9880163 0.98567253 0.9884031 0.9902392 0.9894053 0.9926182 0.99252486 0.9905838 0.9956149 0.9922293 0.9920893 0.9941324 0.98719186 0.990004 0.98582006 0.9877167 0.9900251 0.98976576 0.9914667 0.98566896 0.9844278 0.98745984 0.9878694 0.98226434 0.97887164 0.97834843 0.9736928 0.9919891 0.9924403 0.9933269 0.99541247 0.9953099 0.99065685 0.9941602 0.9910964 0.9925334 0.99002993 0.99202585 0.9955649 0.994856 0.9957211 0.9933628 0.99402785 0.99482447 0.99582887 0.9956039 0.9957387 0.99543625 0.9961826 0.99516577 0.99666715 0.9972513 0.9941701 0.9955164 0.99710727 0.995767 0.9940726 0.9931371 0.99172616 0.9944539 0.99529207 0.9943686 0.99455744 0.997002 0.99438846 0.99766064 0.9958764 0.9978826 0.9941765 0.9919302 0.98831844 0.98611045 0.9912776 0.98760486 0.991073 0.9914211 0.98960936 0.98799264 0.9867202 0.9876991 0.9896511 0.9847809 0.9814518 0.9841286 0.9916621 0.99349344 0.9906603 0.993773 0.99623656 0.9924477 0.9947523 0.99611294 0.9917416 0.9928209 0.99309623 0.9924827 0.9945455 0.99525476 0.9929495 0.99526364 0.9936571 0.9926549 0.9896858 0.9944179 0.9739504 0.97923756 0.9918386 0.9890679 0.9831218 0.98680645 0.98977345 0.9782392 0.9850214 0.99371374 0.99284774 0.9879586 0.98997885 0.98985744 0.9854411 0.98843956 0.9858417 0.9844499 0.97427297 0.9878958 0.98980147 0.98860985 0.9834475 0.9788889 0.98486 0.9875919 0.9888086 0.98537046 0.9820933 0.9840667 0.98415464 0.985829 0.9814179 0.9855492 0.98879576 0.9890381 0.9864367 0.9822662 0.99416715 0.9944819 0.9926487 0.9900543 0.9932934 0.98718464 0.9909437 0.98537827 0.9886241 0.9877303 0.9909424 0.9906058 0.98481655 0.9827435 0.99207366 0.98961014 0.98370034 0.97967297 0.983782 0.9852255 0.9834632 0.98607653 0.98812485 0.9873864 0.9908776 0.98360664 0.9868465 0.98671323 0.98823684 0.9887578 0.98541045 0.9845127 0.99082875 0.9929795 0.99122244 0.99328387 0.9934566 0.9934937 0.991922 0.98925555 0.99030316 0.9890754 0.98821795 0.9927439 0.9904465 0.9876622 0.99207574 0.986359 0.99013865 0.99088293 0.99178153 0.99581265 0.99441135 0.99492013 0.993922 0.9947172 0.9936623 0.9936389 0.99251515 0.99272335 0.9927288 0.9929342 0.9894305 0.99047875 0.98929936 0.99427396 0.99466455 0.99216956 0.9902164 0.99367833 0.99385494 0.99357194 0.9953456 0.99357295 0.99558187 0.99111617 0.9925261 0.99278516 0.99215144 0.98924375 0.99249053 0.9895431 0.9903226 0.9902187 0.99095666 0.99095696 0.99188423 0.9877232 0.98875797 0.9888714 0.99572504 0.9888405 0.9864639 0.991464 0.9882292 0.9883931 0.9856825 0.9821524 0.9831334 0.9854225 0.9872678 0.9886508 0.98981005 0.995336 0.9978386 0.9938404 0.99493086 0.9947432 0.9972218 0.9966149 0.99842346 0.99482906 0.99844617 0.9988837 0.9976292 0.9992112 0.9993482 0.9991733 1.0 0.99219704 0.99751055 0.99416924 0.99769336 0.9941438 0.99366224 0.9963682 0.99442375 0.9941755 0.9960447 0.9959595 0.9946267 0.9861126 0.9836156 0.983865 0.98554826 0.9874993 0.9863751 0.9865004 0.9891671 0.98718613 0.99361956 0.99238104 0.991102 0.9911496 0.9934275 0.9900875 0.9885518 0.9902441 0.99186313 0.99141914 0.992441 0.9915311 0.99272114 0.9847328 0.9870042 0.9880234 0.9808539 0.9799881 0.97990805 0.99439126 0.9900098 0.9903589 0.9925107 0.99204904 0.9902713 0.9900044 0.9899873 0.9918873 0.9947765 0.9866712 0.9855188 0.9879959 0.9902672 0.9888626 0.9917995 0.9867913 0.9854944 0.98717403 0.9886622 0.9895366 0.98780364 0.9901668 0.9864338 0.9860005 0.98900694 0.9830203 0.9940908 0.99295634 0.9895746 0.9904437 0.9892584 0.9853992 0.98942673 0.99220425 0.990672 0.9899433 0.9895321 0.9885644 0.98250586 0.9893733 0.9876145 0.99055123 0.9904556 0.98621035 0.9918983 0.994262 0.9933337 0.9909657 0.99131054 0.99408287 0.9906817 0.99082756 0.9903562 0.9848588 0.9885433 0.99175704 0.9879756 0.9849462 0.989939 0.9925515 0.99338424 0.99183446 0.99247336 0.9933192 0.99229795 0.99145675 0.9924626 0.9935199 0.99148494 0.9902853 0.9904169 0.99503636 0.99272156 0.99112815 0.9883189 0.9801923 0.9819466 0.98473233 0.9886629 0.9908455 0.9882655 0.9860156 0.9889723 0.98816 0.9823773 0.98106223 0.9821059 0.98393947 0.9872651 0.9886134 0.9868768 0.9947459 0.99713075 0.9950111 0.9933153 0.9966596 0.99662554 0.99661785 0.9962329 0.9963454 0.9959421 0.99625105 0.99534494 0.9957104 0.9953102 0.996056 0.99656767 0.9953437 0.9950241 0.9955281 0.9962315 0.9961577 0.9837829 0.9833062 0.9860883
SremacStevan_SRP19071StevanSZonaZ-L2_1 0.99454474 0.99699926 0.9960109 0.99214417 0.99382824 0.9950525 0.9923044 0.9895752 0.99462163 0.99520123 0.99565154 0.996815 0.9940404 0.9942766 0.9972522 0.9953902 0.9957293 0.9967698 0.99751705 0.99670494 0.99374425 0.99488944 0.99600667 0.9957565 0.99581206 0.9929906 0.99552345 0.9915297 0.99522656 0.99337745 0.9936476 0.9954343 0.993846 0.99104726 0.98835796 0.997481 0.9969204 0.99503577 0.99787086 0.99673986 0.9966085 0.99569446 0.9971571 0.99468845 0.99662596 0.997633 0.99654263 0.99665886 0.9970968 0.99562365 0.9964992 0.9956146 0.9940541 0.99454284 0.9926427 0.99668354 0.99640656 0.9925308 0.99441093 0.99680805 0.99645525 0.99526906 0.99794286 0.9969594 0.9947449 0.99538136 0.99611664 0.99611014 0.99533516 0.99604386 0.9966697 0.9950556 0.9943804 0.9950781 0.9954613 0.9953908 0.995925 0.99480855 0.9960724 0.99604625 0.99468774 0.9940598 0.9957199 0.99276537 0.99024063 0.9932204 0.9925693 0.9939084 0.99461913 0.9932226 0.99442023 0.9946603 0.9951707 0.99451184 0.9938386 0.9944775 0.9922109 0.99329346 0.9928224 0.99246824 0.99237245 0.99458396 0.99453807 0.99349076 0.99241644 0.99564 0.9918307 0.9925003 0.99479026 0.9932668 0.99351627 0.9926635 0.9937219 0.9947492 0.99415386 0.9924456 0.99648726 0.99474347 0.99490994 0.9949004 0.9951939 0.9934912 0.9972695 0.9959396 0.9959033 0.99634874 0.99607956 0.9961001 0.9973804 0.9975901 0.99752855 0.9976052 0.99715126 0.9971934 0.99743956 0.99436724 0.9963937 0.9969975 0.99708384 0.99056184 0.989852 0.9854306 0.98863345 0.996271 0.9949027 0.99475586 0.9958979 0.99574155 0.9957965 0.9955499 0.99566114 0.9937476 0.9921956 0.99038845 0.9971189 0.99713016 0.9963097 0.9934777 0.99247694 0.9924087 0.9938246 0.9914703 0.9922614 0.99211687 0.99316555 0.9928525 0.99432933 0.9961667 0.9956451 0.9955753 0.99473983 0.9910909 0.9932446 0.9923938 0.9898391 0.99138385 0.9966479 0.99445164 0.99380875 0.9979708 0.99620557 0.9949971 0.9946038 0.99201953 0.9898695 0.9867978 0.9974936 0.99641716 0.99540365 0.9962838 0.99610054 0.9958777 0.9930689 0.9962256 0.9951103 0.9968856 0.9969381 0.997152 0.9955238 0.99640906 0.99352527 0.994089 0.99526477 0.9932628 0.996154 0.9921674 0.99159986 0.9925435 0.9907233 0.98833215 0.9891893 0.99248123 0.9960552 0.99700224 0.9977414 0.9948296 0.99676406 0.99502957 0.99523383 0.99694914 0.9965414 0.99241084 0.99156207 0.9939902 0.9965428 0.9959855 0.99459326 0.9977772 0.995803 0.99588054 0.9954077 0.9910606 0.9934379 0.9968067 0.9955198 0.99472725 0.99483424 0.99382716 0.99265444 0.9937507 0.99587274 0.9884806 0.9808483 0.98791265 0.9901424 0.9947124 0.9949186 0.99606985 0.9957938 0.99021447 0.99492025 0.99530184 0.99609995 0.9941398 0.993777 0.99565 0.9968002 0.9967712 0.9968503 0.99270886 0.99533397 0.9943913 0.9926201 0.99276406 0.9942632 0.9952736 0.9949261 0.99281126 0.9903141 0.9971813 0.99663067 0.9972247 0.9973742 0.99669987 0.99552476 0.996956 0.99591255 0.99679714 0.99365497 0.9958246 0.9955189 0.9952027 0.9947949 0.99636924 0.9948608 0.9940087 0.99129826 0.9951506 0.99520504 0.9923823 0.9963083 0.99612683 0.99596834 0.9969101 0.9950028 0.9958415 0.9952658 0.9969112 0.99589485 0.99462163 0.9941123 0.9919046 0.98976177 0.9913876 0.9903715 0.9895059 0.9900052 0.9896615 0.99598086 0.9949405 0.99493873 0.99506843 0.9959561 0.9964141 0.9960559 0.99663913 0.9954511 0.99618167 0.9978251 0.9980305 0.99690115 0.9975215 0.9965408 0.99511206 0.9939478 0.9915549 0.99287444 0.99644864 0.996165 0.99646926 0.9968326 0.9912838 0.9892858 0.988433 0.9923454 0.9899435 0.9887834 0.9981241 0.9968084 0.99643314 0.99643004 0.99598014 0.99704087 0.99449486 0.99166596 0.9973669 0.9952571 0.99575984 0.9951145 0.99390596 0.9927424 0.9916042 0.9969567 0.9963422 0.9971992 0.99576646 0.99575925 0.99459654 0.9938257 0.98575574 0.99521995 0.9958587 0.9956591 0.9944803 0.99513125 0.99511445 0.9924766 0.9919167 0.9932196 0.9948042 0.99447745 0.99579275 0.99837077 0.99552566 0.9986215 0.9987477 0.9981793 0.9962063 0.99693674 0.9915463 0.9984454 0.99178517 0.9927631 0.9970698 0.99344605 0.98888016 0.99071485 0.99219704 1.0000004 0.9934006 0.99868715 0.99538374 0.9988818 0.99859166 0.991572 0.9916117 0.9906897 0.99125105 0.99412465 0.993196 0.9950229 0.99560744 0.9949719 0.9961104 0.9955499 0.9962754 0.996279 0.9963492 0.9958951 0.9961755 0.9937993 0.9921907 0.9951588 0.9930076 0.99361587 0.9924346 0.99069065 0.9940452 0.9952178 0.9947161 0.99696285 0.9958217 0.99471384 0.9953411 0.994934 0.99217975 0.99084836 0.99064153 0.99349743 0.9948091 0.9951437 0.9959792 0.9965125 0.9949016 0.9947857 0.9943099 0.99566495 0.99306595 0.995731 0.9943882 0.99449086 0.99511963 0.9945486 0.993936 0.99338144 0.9912179 0.9947836 0.9926354 0.9950038 0.9950459 0.99425817 0.9956341 0.9935647 0.9946211 0.99485433 0.9957026 0.9953269 0.9946959 0.9953945 0.9959836 0.9955479 0.9946854 0.99629027 0.9975147 0.99685764 0.996315 0.9967697 0.9943387 0.9965376 0.99641526 0.99581623 0.99482846 0.99599653 0.9965549 0.997796 0.9962677 0.9950809 0.9970696 0.99682564 0.99760276 0.9969019 0.99728376 0.993473 0.9945937 0.9958967 0.9948835 0.99554604 0.9959829 0.99568695 0.99310035 0.9948213 0.9950688 0.9941557 0.9950741 0.99481803 0.99525553 0.99446374 0.99409074 0.9913291 0.99298865 0.99250096 0.99268216 0.99225307 0.9902479 0.99355453 0.993967 0.9946442 0.99507284 0.9937187 0.99447453 0.99499077 0.9953234 0.99478644 0.99505967 0.99414474 0.99437964 0.9943528 0.9940811 0.9942408 0.9928297 0.9936196 0.9890656 0.98629045 0.9817225 0.9908124 0.992021 0.9908463 0.99086046 0.98848903 0.9934573 0.99084425 0.98655474 0.9898162 0.9890769 0.9895684 0.98924255 0.98501444 0.9843533 0.98699224 0.988001 0.99147254 0.99392736 0.99183303 0.99288285
SremacStevan_SRP19071StevanSZonaZ-L2_2 0.992397 0.98988867 0.9920058 0.99285585 0.9933963 0.9846772 0.9822353 0.9786512 0.9888965 0.99325156 0.9935069 0.99134576 0.99217916 0.99280405 0.9935482 0.9957984 0.9954603 0.9949194 0.99353707 0.9930834 0.9940556 0.99466246 0.98717606 0.99041593 0.9911898 0.99246055 0.99297357 0.99326026 0.99235666 0.9934215 0.9936663 0.9908698 0.9932364 0.9977939 0.99743664 0.9928112 0.9928879 0.9955793 0.992572 0.99259526 0.9941197 0.9950506 0.9930931 0.9965016 0.99239296 0.9922495 0.9951006 0.99467355 0.9936007 0.9951143 0.9907331 0.9895971 0.989882 0.9889332 0.98558843 0.9935865 0.99191624 0.98898286 0.9929099 0.9935075 0.99286157 0.9934021 0.9922282 0.99170804 0.98680913 0.98775697 0.99060607 0.9873973 0.98917514 0.9871324 0.98800445 0.98177266 0.9845379 0.9888533 0.98741907 0.99095243 0.9853962 0.98448074 0.9889128 0.9886046 0.9849819 0.99271697 0.99203783 0.9898965 0.9886646 0.98994815 0.9919708 0.99072754 0.99195796 0.9895884 0.99052584 0.9970658 0.9872829 0.9866906 0.98611075 0.9876088 0.98412806 0.98720276 0.9839308 0.9867402 0.98436683 0.98924506 0.9893347 0.98912686 0.99182487 0.98882854 0.9911536 0.9904853 0.98919225 0.9888253 0.98882604 0.98980266 0.99046206 0.99186647 0.98886377 0.99167156 0.9873754 0.98487157 0.98393816 0.98462653 0.98510766 0.9829163 0.98962814 0.98831695 0.9890924 0.98661876 0.99178356 0.9862028 0.98713124 0.98861176 0.99049395 0.9894311 0.9917033 0.99153656 0.9893205 0.99752814 0.9954638 0.9947113 0.9959063 0.9860435 0.98769975 0.9831591 0.9856547 0.9883617 0.98659855 0.988302 0.98509705 0.98402524 0.9860934 0.985952 0.98599875 0.98072207 0.9799362 0.97635716 0.9914869 0.9928561 0.9935953 0.99494994 0.9937677 0.9883148 0.9926874 0.988626 0.99166703 0.9890591 0.9905164 0.9939254 0.994641 0.994093 0.9923013 0.9919971 0.9928982 0.99281466 0.9918416 0.9927933 0.9921216 0.99359983 0.99444914 0.9963681 0.9972018 0.9935935 0.993703 0.99581057 0.99468416 0.9911819 0.9883999 0.9857867 0.9937129 0.99421185 0.99161273 0.99363005 0.9954101 0.99169904 0.9947452 0.993863 0.9960861 0.992756 0.99029005 0.98778164 0.9854233 0.98991156 0.9867459 0.9894484 0.9902389 0.9890241 0.9879239 0.98530024 0.98680204 0.98738706 0.9834755 0.9804161 0.9829224 0.98977685 0.99286926 0.9907936 0.99333656 0.99511486 0.9920718 0.99427724 0.99458224 0.9921464 0.9929984 0.9923742 0.9917112 0.9935999 0.99454844 0.9929151 0.9928256 0.9935121 0.9918958 0.98936844 0.9938086 0.976676 0.9815297 0.99127597 0.988832 0.98383194 0.9865045 0.9884907 0.9783069 0.9855727 0.9920683 0.98943704 0.98260796 0.9867228 0.9866859 0.98516804 0.9878546 0.98677814 0.98370415 0.973314 0.98676085 0.9884813 0.98883724 0.9823698 0.97868603 0.9840636 0.9860407 0.98830557 0.9851681 0.9793923 0.9827658 0.98189133 0.9827915 0.97902614 0.9830087 0.9858109 0.9857338 0.9827806 0.9786108 0.9935427 0.99300134 0.9927936 0.9900284 0.9925727 0.98642343 0.9901948 0.98557895 0.9886827 0.9876866 0.9900459 0.9900758 0.98427856 0.98251975 0.9906697 0.9892018 0.9831242 0.9785486 0.9836397 0.98395175 0.98153746 0.98690057 0.9867737 0.9866815 0.99040055 0.9827193 0.9860985 0.98591906 0.98732644 0.9867783 0.98342836 0.98317295 0.9858023 0.98743355 0.98621094 0.98831826 0.9879072 0.98849845 0.9862105 0.98996645 0.9917323 0.98864174 0.9854914 0.9902668 0.9892075 0.98709446 0.99104583 0.98460436 0.9888145 0.99053967 0.99151987 0.9939806 0.9931289 0.99260485 0.9928316 0.99438846 0.99220383 0.9925415 0.9917477 0.9912804 0.9915818 0.9918763 0.9912391 0.9921661 0.99162376 0.99085116 0.9898475 0.98773694 0.99027866 0.9927942 0.992993 0.9926456 0.9951825 0.9945834 0.9959357 0.99445397 0.993278 0.99317306 0.9926763 0.99207443 0.99397194 0.9927172 0.9935006 0.9923167 0.9932826 0.9924499 0.993698 0.99066806 0.9919912 0.99186593 0.9919238 0.9878605 0.9864166 0.9911762 0.9877586 0.9877399 0.9858754 0.9797588 0.98015046 0.9824551 0.984835 0.98671335 0.9889986 0.9951337 0.99748886 0.9941399 0.9949074 0.9943812 0.99743223 0.9971372 0.9979688 0.9957863 0.9977195 0.99772716 0.9960708 0.9975783 0.9964413 0.99785507 0.99751055 0.9934006 0.9999993 0.9963917 0.9988753 0.9956543 0.9954885 0.9931892 0.98990905 0.9893391 0.9921515 0.99422646 0.99397147 0.9876551 0.98376805 0.9851149 0.9863663 0.98861945 0.9866138 0.9876339 0.9903486 0.98844314 0.99201936 0.9907215 0.98890066 0.99000764 0.9904464 0.987326 0.98521626 0.98630327 0.9888851 0.98895574 0.98959196 0.9898321 0.99076015 0.9840399 0.9853764 0.98628396 0.9801799 0.9779954 0.9779473 0.9913938 0.98761725 0.9887051 0.99037427 0.99102086 0.9881138 0.9874638 0.9871689 0.9900924 0.99160975 0.98530436 0.9833116 0.98574823 0.98870575 0.98669195 0.98934764 0.98433965 0.9825543 0.9852118 0.9859031 0.9868089 0.9860586 0.98720986 0.9845479 0.98317146 0.98632747 0.98172045 0.99153095 0.9905784 0.9872068 0.98814183 0.9876826 0.9838964 0.9862778 0.9905818 0.9903683 0.98898137 0.98806065 0.9873707 0.98123115 0.987936 0.98589426 0.9885785 0.9883431 0.985218 0.9895256 0.99360687 0.9906325 0.9882595 0.98983485 0.99184626 0.98949844 0.9891651 0.9897827 0.9826593 0.9864871 0.9906312 0.98559326 0.9838571 0.9888286 0.99091774 0.9910016 0.98962814 0.99019027 0.99096394 0.9902172 0.98966855 0.9909548 0.99483365 0.9943016 0.9942264 0.99361175 0.9963415 0.99514705 0.9942975 0.9932298 0.9793338 0.9807698 0.9831939 0.9867112 0.9881411 0.98578596 0.9842216 0.9874737 0.9863174 0.9815593 0.9806693 0.9808816 0.9823647 0.98478633 0.9859649 0.9837271 0.99255425 0.9936166 0.9909824 0.98758006 0.99501526 0.9945572 0.994391 0.9936419 0.99343383 0.99446267 0.9951866 0.99364126 0.99277693 0.99480367 0.9941016 0.9931379 0.992831 0.99204457 0.9929953 0.9932195 0.99447674 0.9859486 0.9867749 0.98801404
SremacStevan_SRP19071StevanSZonaZ-L2_3 0.99452376 0.99600476 0.995957 0.9932698 0.99477094 0.99292815 0.9905239 0.98732215 0.99403274 0.9958655 0.9963609 0.9965929 0.9946208 0.99490124 0.9971681 0.99709046 0.9972912 0.997685 0.99768037 0.9967837 0.9949953 0.9960372 0.9943707 0.9957653 0.99567825 0.9943335 0.9961074 0.99384654 0.99590313 0.99507374 0.995596 0.99561626 0.99541634 0.99370086 0.9915933 0.997041 0.9967938 0.99613535 0.99749464 0.9971453 0.99725986 0.9964005 0.9970151 0.9968121 0.9969328 0.9974392 0.99760556 0.99715877 0.9970027 0.9962126 0.99568224 0.9944092 0.99352366 0.99377453 0.9915507 0.99759245 0.9968071 0.99332726 0.9956382 0.997013 0.99664366 0.99687576 0.9973917 0.99658555 0.9937295 0.99475783 0.9954311 0.9944212 0.9945852 0.9947418 0.995596 0.9924475 0.9927525 0.994394 0.99403864 0.9951237 0.9937373 0.99234337 0.9949317 0.99501586 0.9929688 0.9952183 0.9964143 0.9929026 0.99104977 0.993467 0.99362725 0.9943197 0.99497426 0.99325657 0.9943712 0.9963405 0.99386877 0.9923972 0.99186677 0.9933339 0.99041164 0.99247134 0.9907627 0.99127865 0.9905266 0.9933201 0.9931277 0.9930593 0.99298555 0.9942314 0.9922569 0.99241865 0.9939422 0.9925153 0.99292326 0.99268985 0.9937317 0.9947625 0.99379236 0.99309707 0.9947205 0.9928668 0.9925802 0.99303794 0.99324125 0.9913028 0.9956533 0.9945936 0.99504805 0.99443066 0.99560845 0.9940745 0.9956569 0.9960393 0.99669105 0.9964621 0.9967825 0.99664974 0.99581075 0.996744 0.99784774 0.9979762 0.99796 0.9905203 0.9901732 0.98570746 0.98889613 0.994527 0.992849 0.99361277 0.99429345 0.99374866 0.99435055 0.99427885 0.9948019 0.99164945 0.9901581 0.9882375 0.9968151 0.99739647 0.99727905 0.99503666 0.9939058 0.9927271 0.9946917 0.9922246 0.9939067 0.99317867 0.9939895 0.994482 0.9958053 0.99671006 0.99591166 0.9958227 0.9954554 0.992759 0.9935896 0.99374425 0.99187064 0.9932003 0.99699515 0.99619055 0.995882 0.9976452 0.9964156 0.9963454 0.9958934 0.9926985 0.99007946 0.9869588 0.99771225 0.99722636 0.9954105 0.9967791 0.9966359 0.9953321 0.9944365 0.99642897 0.99630404 0.99679655 0.9960113 0.99554896 0.9938359 0.99554825 0.9929263 0.9939857 0.99522793 0.99340343 0.9950518 0.99183834 0.9920769 0.99264395 0.9902088 0.9876749 0.98889846 0.99333864 0.9958547 0.995338 0.99710566 0.9957171 0.99609005 0.99547553 0.9958588 0.99612373 0.9962677 0.99302185 0.9922182 0.99451405 0.996971 0.99599624 0.9949415 0.9972968 0.9955145 0.99483186 0.99569917 0.98804384 0.99139065 0.99632734 0.99475646 0.99256843 0.9934974 0.99323535 0.98923045 0.99229175 0.99545693 0.9898128 0.9824526 0.9886018 0.99030185 0.99295646 0.9937129 0.99422157 0.99321556 0.98635566 0.9939126 0.9945407 0.99524885 0.9918113 0.9901451 0.9933815 0.9941838 0.9950198 0.9942421 0.9894852 0.9924858 0.9914973 0.9902226 0.98905957 0.99173707 0.9932482 0.9927639 0.99054515 0.98758376 0.9971292 0.9964747 0.9969611 0.9966346 0.99673265 0.99439543 0.9960238 0.9941385 0.9955058 0.99316055 0.99544716 0.9950434 0.99301827 0.99230933 0.99557996 0.99416304 0.9920088 0.9888637 0.9929237 0.99285865 0.9903414 0.99459404 0.9942763 0.99447984 0.9958911 0.99250746 0.9943548 0.99385875 0.9952995 0.993998 0.99229217 0.99197173 0.9907969 0.9899497 0.9906035 0.9906629 0.9898129 0.9905968 0.9896903 0.9947022 0.9947261 0.9936686 0.9932874 0.99531436 0.99555194 0.99477077 0.996114 0.99329895 0.9952598 0.9967344 0.9970392 0.9967185 0.99699134 0.9962576 0.9955653 0.9953882 0.99300236 0.994002 0.9965054 0.9958323 0.9963118 0.9965281 0.9926413 0.99165064 0.9908184 0.99291843 0.99084485 0.98949295 0.9970217 0.9969662 0.9968671 0.99667937 0.9972195 0.99815506 0.9967745 0.9951843 0.9976803 0.9966355 0.99687815 0.9967401 0.9964298 0.99576867 0.9950001 0.9975318 0.9976009 0.99759 0.9972837 0.99638146 0.9962094 0.99587667 0.9889976 0.99445426 0.9945804 0.99581444 0.9941793 0.9945887 0.9939612 0.9899157 0.9896541 0.9911738 0.9929524 0.99334526 0.99521786 0.9981671 0.9970563 0.99844295 0.998505 0.9979783 0.99770457 0.997957 0.9944025 0.9988709 0.99416155 0.9948147 0.9973471 0.99500376 0.9913561 0.993 0.99416924 0.99868715 0.9963917 1.0 0.99780935 0.9991318 0.99907196 0.9931676 0.9920398 0.9911844 0.9925618 0.9956858 0.9944539 0.9946734 0.9930714 0.9935126 0.9945634 0.9949889 0.9947029 0.99509764 0.9959727 0.99512875 0.9956499 0.99378246 0.9920969 0.9946865 0.99310315 0.9924439 0.99095243 0.99000853 0.9938001 0.99455374 0.99451077 0.9961045 0.9957649 0.9934417 0.99390584 0.9940646 0.99025357 0.9883201 0.98856 0.99411845 0.99392134 0.9947214 0.9956839 0.9962912 0.9941008 0.9939724 0.99345106 0.9949861 0.9938552 0.993441 0.99203205 0.9930101 0.9946796 0.99345523 0.99400043 0.9921005 0.9901067 0.99301815 0.9918067 0.9933828 0.9934048 0.9931157 0.9932539 0.99130607 0.99285376 0.991652 0.9957925 0.9952922 0.9938093 0.9948024 0.9947664 0.99322236 0.9930197 0.995885 0.99659204 0.9958735 0.9949651 0.99516565 0.99144834 0.9950324 0.99443215 0.9948933 0.9937888 0.99386865 0.9952303 0.99764234 0.9956135 0.993927 0.9961703 0.99611187 0.99596846 0.9953221 0.99615145 0.9912459 0.9931195 0.9954531 0.9933058 0.993279 0.99512935 0.9951806 0.9934119 0.994408 0.9945358 0.9939141 0.99483097 0.99416965 0.9953036 0.9958758 0.9956875 0.994002 0.99502677 0.9953159 0.9951729 0.9946193 0.99348027 0.9906857 0.99155635 0.9925661 0.9937885 0.9932741 0.9929773 0.99275076 0.99410474 0.9935684 0.9921942 0.99141365 0.99136174 0.9919994 0.9925416 0.99295276 0.99120563 0.9945694 0.99128854 0.98891866 0.9845155 0.99350667 0.9941597 0.9932312 0.99304473 0.9913681 0.99546796 0.994063 0.9906633 0.99231255 0.9929172 0.9926801 0.9918371 0.9890848 0.98846775 0.9906405 0.99119866 0.99412507 0.9931398 0.99199575 0.992764
SremacStevan_SRP19071StevanSZonaZ-L2_4 0.99335206 0.99251896 0.9940453 0.99388295 0.9947569 0.98785746 0.9852529 0.98119336 0.9927476 0.99612665 0.99654245 0.99475497 0.9954431 0.9959381 0.9959168 0.9976556 0.99699795 0.99645185 0.99548894 0.99626404 0.99700236 0.9973275 0.9910288 0.9937757 0.99427724 0.9953533 0.9957399 0.9958545 0.9953201 0.9962253 0.9961637 0.9943037 0.99608684 0.9968704 0.9959009 0.99424064 0.994223 0.9958911 0.99468267 0.99478006 0.9961238 0.9966231 0.99476784 0.9973865 0.9935349 0.9943739 0.9967117 0.9965216 0.99618155 0.9969291 0.99399614 0.9927299 0.99254906 0.99119246 0.98839283 0.9951052 0.9935718 0.98958486 0.99352765 0.9953367 0.99460626 0.99480194 0.99448836 0.99365777 0.9887191 0.9899496 0.9928986 0.99067575 0.9920421 0.9910358 0.99110013 0.98648024 0.9885542 0.9924902 0.99109364 0.9941328 0.9891317 0.98791385 0.9918257 0.9924728 0.98862433 0.99418753 0.9938895 0.9929279 0.99116576 0.9929137 0.9946064 0.9936548 0.9947823 0.99154794 0.9926889 0.9981785 0.99024934 0.9897269 0.9893316 0.99090576 0.9873475 0.99058205 0.98755217 0.9898055 0.9873939 0.9918206 0.99209017 0.9923962 0.9942711 0.9912876 0.9932657 0.9929854 0.9920266 0.991683 0.99191356 0.9925208 0.99302214 0.99401766 0.9919167 0.993634 0.99075377 0.9889969 0.9881389 0.9887902 0.98925084 0.987423 0.99303687 0.9923594 0.9930665 0.99089175 0.9949181 0.9906688 0.9902877 0.99207604 0.99370927 0.9929081 0.9949492 0.9946878 0.9929359 0.9973724 0.99586606 0.9953582 0.99660015 0.9888004 0.9902522 0.985614 0.98810935 0.9918196 0.99050236 0.99192417 0.98866314 0.98790497 0.98972374 0.9898426 0.9883316 0.98445195 0.98307896 0.98013055 0.9939585 0.9952278 0.995913 0.99596655 0.9950053 0.9916956 0.9949165 0.99179417 0.99421346 0.9920639 0.99345154 0.9957308 0.9961574 0.9963827 0.99441487 0.9949039 0.9951932 0.9950273 0.99454266 0.9952662 0.9944276 0.9952368 0.99626607 0.99750906 0.997939 0.9958346 0.99607646 0.9977591 0.9969928 0.9936465 0.9915789 0.9893151 0.9958371 0.99617475 0.99432033 0.9956508 0.9971623 0.99455595 0.99654114 0.996183 0.9976672 0.9955783 0.9933125 0.991241 0.98917323 0.99301934 0.9896893 0.9923309 0.9932524 0.99151635 0.9908379 0.9889406 0.99013716 0.9911388 0.9871317 0.98417485 0.9865004 0.99297863 0.99452055 0.99268156 0.99515474 0.99636006 0.99430037 0.99535424 0.9960982 0.9935662 0.99429035 0.9924952 0.9918314 0.9942348 0.99583495 0.99397254 0.99503905 0.99529105 0.99333704 0.99129146 0.9948214 0.98095423 0.98559976 0.9935155 0.9908582 0.98655474 0.9889419 0.9905554 0.9818366 0.9877778 0.99393153 0.99160314 0.98566234 0.98943263 0.98995596 0.98820895 0.9899306 0.98968184 0.988167 0.97886956 0.99053353 0.99217397 0.992042 0.9865596 0.98295933 0.98777336 0.9899784 0.9911001 0.98874736 0.9843354 0.98741865 0.9865416 0.9862586 0.98311013 0.9870296 0.98978853 0.98963016 0.9868456 0.9828813 0.995533 0.9954508 0.9945717 0.992902 0.99481434 0.98966616 0.99279267 0.9891807 0.99189186 0.99052393 0.9933116 0.9928064 0.98797786 0.9866582 0.9932707 0.9920323 0.986834 0.9825833 0.9874871 0.9880807 0.9854348 0.98998094 0.9902357 0.9905049 0.99297 0.98657614 0.98954016 0.9892572 0.99114746 0.990222 0.9873684 0.9867085 0.9901153 0.9914608 0.99021405 0.9922447 0.99168575 0.9923449 0.9903187 0.9921646 0.99299 0.99071234 0.989577 0.99358654 0.9926871 0.9906243 0.9940112 0.9887525 0.99219525 0.99351686 0.9938322 0.99598414 0.99544615 0.9953146 0.9947536 0.99600816 0.99406147 0.9944153 0.9946924 0.9942215 0.99471086 0.9949755 0.991401 0.99190366 0.99102896 0.9936448 0.99307865 0.99109817 0.9933989 0.9957782 0.9958301 0.9952846 0.99726415 0.9969636 0.99761444 0.9955887 0.9953248 0.99529445 0.99501157 0.99424255 0.99583423 0.9941915 0.9947794 0.9947205 0.9950819 0.99464077 0.9956196 0.99268687 0.993377 0.99353355 0.99332345 0.9912447 0.9900025 0.9936322 0.9908008 0.9911587 0.989662 0.9849412 0.98554987 0.9874564 0.98950636 0.99067944 0.99270165 0.99670255 0.9985721 0.99634093 0.9968314 0.9965466 0.9987055 0.99844885 0.9981606 0.9975649 0.9979114 0.9981048 0.99742794 0.9979602 0.99637324 0.99739236 0.99769336 0.99538374 0.9988753 0.99780935 1.0000001 0.99738693 0.9971746 0.9955641 0.9934904 0.9929798 0.99509186 0.9965296 0.9955429 0.990861 0.9875938 0.98878556 0.9900009 0.99183285 0.99041414 0.9909906 0.9932857 0.991639 0.9945713 0.9929507 0.991542 0.9929903 0.9931645 0.99010277 0.9886617 0.9892279 0.99210715 0.99213916 0.992759 0.9930229 0.9939973 0.9879731 0.9891596 0.9901134 0.9840301 0.98214686 0.9821954 0.99425507 0.9910172 0.991754 0.9934402 0.9938765 0.9911636 0.9910724 0.99053115 0.9930954 0.9947408 0.98921776 0.98799103 0.9897 0.99224764 0.9905984 0.9929541 0.9885596 0.986765 0.9898807 0.9905689 0.9912787 0.9904561 0.99156344 0.9892104 0.9880453 0.9905282 0.98639256 0.99451077 0.99345493 0.9904742 0.9913018 0.9910872 0.98849 0.9904127 0.99382436 0.99337727 0.9926278 0.99138576 0.9911116 0.9852192 0.99174666 0.9899432 0.9925296 0.9917344 0.98892903 0.9927171 0.9962436 0.9941663 0.9918688 0.9935068 0.99457276 0.9926537 0.99228007 0.9927629 0.9861326 0.9895916 0.99317217 0.9892327 0.9878848 0.99207914 0.9937985 0.9935831 0.99283296 0.9930327 0.99351716 0.9934337 0.9923957 0.9940783 0.99585843 0.99483794 0.9942486 0.9942311 0.99713206 0.9957912 0.99451977 0.992698 0.98412347 0.9858119 0.9876974 0.990529 0.9915674 0.989532 0.9883543 0.99077475 0.9902892 0.98616785 0.9850606 0.98564595 0.9871368 0.9894226 0.99031323 0.9884747 0.9951726 0.9952775 0.9933993 0.9901565 0.9967956 0.99670243 0.99651676 0.9958783 0.9954381 0.9966371 0.9966829 0.99498695 0.9952245 0.9960995 0.9960748 0.9953839 0.9939234 0.9937549 0.9948678 0.9952691 0.9963796 0.9876302 0.9876724 0.9892877
SremacStevan_SRP19071StevanSZonaZ-L2_5 0.9952876 0.9966001 0.9959371 0.9930832 0.9946785 0.99323314 0.9904528 0.9879094 0.9942469 0.9958006 0.99640703 0.9968633 0.99504596 0.99531484 0.99711776 0.9964885 0.99662626 0.99725556 0.9974668 0.99704415 0.9952093 0.99622494 0.99567366 0.9962218 0.99643797 0.9947835 0.9966025 0.9935944 0.99568367 0.99453163 0.99471444 0.9954732 0.99473476 0.9931768 0.99095917 0.9965008 0.9964235 0.99526083 0.9974819 0.9967401 0.9967612 0.9964062 0.996956 0.9959937 0.99634314 0.9974477 0.9971915 0.9970434 0.9972084 0.996271 0.9963463 0.9953264 0.9943082 0.99479246 0.99250317 0.99704117 0.99634016 0.9920464 0.99479 0.9967842 0.99667645 0.9958751 0.9977399 0.99678344 0.9936878 0.9946804 0.9956129 0.9952736 0.99492484 0.99534833 0.99561995 0.9932716 0.9926561 0.9944499 0.99434376 0.9951722 0.9941691 0.9927755 0.9950874 0.9954325 0.99304223 0.99550444 0.9965124 0.9932647 0.9911571 0.9935119 0.99376357 0.99457395 0.9949707 0.99360436 0.9947149 0.9961266 0.99348235 0.9929188 0.9922125 0.99348724 0.9902036 0.9923754 0.99063545 0.99106956 0.9905163 0.99375093 0.993649 0.99315447 0.99319017 0.99478996 0.99302435 0.99336034 0.99443316 0.9933196 0.9935796 0.9932697 0.9942159 0.9952353 0.9938937 0.9936945 0.9949346 0.9932435 0.99364585 0.9937338 0.99375266 0.9920034 0.996261 0.99515486 0.9954765 0.99534804 0.9961223 0.99501514 0.9962933 0.9967115 0.99720573 0.9969448 0.9971514 0.9970566 0.9966047 0.99555737 0.9969941 0.9973212 0.9975179 0.9911071 0.990972 0.9862859 0.98920846 0.99557805 0.9939468 0.99430376 0.99475014 0.99460673 0.99492854 0.9945253 0.9945481 0.99210054 0.9911584 0.9889955 0.99623376 0.9964109 0.99645627 0.9943925 0.9935368 0.9922723 0.99423766 0.9917235 0.99312204 0.9922488 0.9932673 0.9941342 0.9951315 0.99636275 0.9955997 0.99558854 0.9949937 0.99240696 0.99365175 0.9934943 0.991362 0.99274534 0.9969446 0.9959591 0.9957187 0.99783593 0.9967907 0.99628973 0.99595386 0.99319535 0.99065113 0.98792577 0.99726963 0.9968229 0.99547905 0.99692667 0.99644035 0.9954593 0.99417776 0.9964338 0.9961284 0.9968785 0.99609315 0.996147 0.9945935 0.9962485 0.9934191 0.9942783 0.9955139 0.9934806 0.9954269 0.99227977 0.9924653 0.9934469 0.9909385 0.98839396 0.9896258 0.99368525 0.9955621 0.995372 0.997124 0.99548966 0.9962449 0.9952608 0.9955308 0.9961735 0.9960015 0.99249506 0.9917452 0.9942351 0.9965481 0.9952517 0.99517536 0.9968515 0.99521625 0.9945611 0.99535 0.98928976 0.99249524 0.9967363 0.99512625 0.9935445 0.9941607 0.99394053 0.99029183 0.9932074 0.996058 0.9900284 0.98305166 0.989289 0.9909843 0.9940974 0.99466455 0.9946515 0.99419713 0.98841316 0.99435014 0.99510884 0.99541783 0.9926978 0.9913591 0.99384654 0.9952301 0.9956188 0.9952584 0.990749 0.99350494 0.9926417 0.9902192 0.989658 0.99202013 0.99375176 0.9932785 0.990904 0.98790634 0.9976323 0.9974227 0.99754965 0.997072 0.997035 0.9946719 0.9966984 0.9951355 0.9965845 0.9940219 0.99600923 0.99530596 0.9939999 0.993322 0.99621 0.99500215 0.9933185 0.9901674 0.9944652 0.9944638 0.991337 0.99568176 0.9954512 0.9954488 0.99697596 0.993172 0.9950531 0.99444544 0.9959967 0.99481404 0.99325514 0.9926991 0.9912024 0.99029243 0.9910237 0.9908739 0.9900671 0.9907291 0.9898867 0.9956505 0.9952848 0.9944731 0.99336696 0.99540794 0.9955919 0.9949535 0.9963403 0.9942701 0.99564266 0.9975075 0.9974111 0.9970841 0.9976866 0.9967422 0.9960058 0.99546677 0.9932771 0.99430007 0.99663144 0.9963585 0.99664605 0.9968847 0.99217033 0.99088085 0.99003506 0.9934496 0.9914909 0.99014854 0.9974275 0.99726164 0.9969696 0.99700683 0.99718815 0.99796116 0.9960232 0.993612 0.9977209 0.9962244 0.99648744 0.9958824 0.99537945 0.99416095 0.9933731 0.9970784 0.99683005 0.9971772 0.9965019 0.99565315 0.9949548 0.9943294 0.98816216 0.9948958 0.99527776 0.9958628 0.9944396 0.9949811 0.99447674 0.9903141 0.9904334 0.99164313 0.99346477 0.9934801 0.9952969 0.998528 0.9971822 0.9987796 0.99892336 0.99864507 0.99780285 0.9981997 0.9942439 0.9990301 0.9941446 0.9948286 0.99777174 0.9954642 0.9913525 0.9931912 0.9941438 0.9988818 0.9956543 0.9991318 0.99738693 0.9999995 0.9993021 0.9927114 0.9922775 0.99131864 0.99253416 0.99481934 0.9944517 0.9948307 0.99402046 0.9944149 0.9953335 0.9955384 0.9955532 0.99585164 0.996586 0.99557775 0.9965097 0.9944556 0.99299854 0.9952345 0.9936165 0.99305534 0.99186605 0.9907428 0.994077 0.9944097 0.9943922 0.9964439 0.9958902 0.9933762 0.99415135 0.99442196 0.9910216 0.9891648 0.98915863 0.9942256 0.9944561 0.99524945 0.99585056 0.9967584 0.9940562 0.9937904 0.9931888 0.9955182 0.9940669 0.99457455 0.99303275 0.9934893 0.99529755 0.99387926 0.994108 0.9924154 0.9906912 0.99370664 0.992386 0.9941574 0.9944672 0.9939906 0.9942192 0.99231666 0.9939081 0.99307203 0.99565774 0.99496025 0.9938806 0.9948648 0.9951398 0.99404085 0.99386483 0.99611896 0.99725825 0.99636585 0.9957849 0.99592716 0.99283916 0.9957075 0.9952193 0.99513584 0.9946916 0.9945668 0.9959766 0.99783045 0.9961285 0.9945221 0.9963817 0.9961491 0.99652696 0.99613875 0.99651957 0.9916761 0.9936046 0.9956918 0.9937183 0.9937531 0.9953019 0.9957893 0.9938225 0.9947457 0.995057 0.9945105 0.9951953 0.9948304 0.9954808 0.99586105 0.99524516 0.9934079 0.9945226 0.99489677 0.9948357 0.9941757 0.99215126 0.9916765 0.992334 0.993006 0.9939629 0.99345195 0.9932866 0.9936298 0.9943642 0.9938788 0.9929771 0.9920963 0.9922078 0.99266964 0.993069 0.993218 0.9919188 0.9944515 0.9913172 0.98876864 0.98458314 0.9928051 0.99360114 0.9928692 0.9923937 0.99069875 0.994401 0.9926124 0.98899657 0.9915246 0.9912058 0.9915672 0.9910754 0.9877958 0.9872735 0.9894998 0.99024856 0.9929425 0.99198025 0.9910339 0.9916879
SremacStevan_SRP19071StevanSZonaZ-L2_6 0.99540293 0.9963909 0.9961881 0.99361 0.99468637 0.9938309 0.99138486 0.98928344 0.9934201 0.9951668 0.99596107 0.99643946 0.99437183 0.9945396 0.9968242 0.99638814 0.99676824 0.9973935 0.99748075 0.99633527 0.9941708 0.9956065 0.9946 0.9954599 0.9953961 0.99374473 0.9958259 0.9927559 0.99491775 0.9938637 0.9943972 0.9946078 0.99424547 0.9925423 0.9905584 0.99653447 0.99652815 0.9953218 0.99739563 0.997068 0.9970451 0.99620456 0.9975192 0.9963852 0.99668974 0.99750185 0.9973335 0.9972268 0.9970066 0.9960601 0.9959359 0.9950584 0.9944965 0.9950992 0.99294937 0.9974711 0.9970977 0.9929196 0.99559623 0.99700844 0.99703044 0.9964927 0.9974012 0.9968823 0.9940576 0.9951227 0.9956809 0.9949001 0.9950744 0.9955147 0.9955521 0.9930608 0.9934646 0.99457854 0.9946576 0.99496555 0.99380666 0.9928289 0.9955989 0.9953463 0.9934438 0.9960196 0.99708724 0.9933465 0.9915699 0.99410975 0.9940797 0.9950091 0.99512154 0.99452066 0.99539566 0.9957452 0.9943136 0.9936082 0.9928965 0.994493 0.9917339 0.99376416 0.99178743 0.992249 0.99161917 0.99456066 0.9942338 0.99331665 0.9932491 0.9950161 0.9931097 0.9932471 0.99459606 0.9935739 0.9935913 0.99376607 0.9945803 0.99571514 0.99453443 0.99430823 0.9949646 0.9932671 0.9934161 0.99388576 0.9939171 0.99200976 0.99594384 0.994593 0.9953975 0.9952567 0.9961839 0.9946133 0.9964963 0.99709725 0.99741936 0.9970577 0.99714535 0.9973492 0.9967031 0.99586207 0.9977775 0.99808323 0.9978781 0.9916718 0.9913645 0.987102 0.9899033 0.99492586 0.992875 0.9934014 0.9950904 0.9949417 0.9952837 0.99489784 0.9950388 0.9926938 0.991832 0.9901297 0.9963839 0.99659175 0.9965263 0.99524015 0.9945551 0.9926977 0.99471915 0.9921012 0.99366426 0.99299175 0.9937293 0.99429476 0.99545103 0.99645543 0.9959999 0.995883 0.99533683 0.9924695 0.99336016 0.9935134 0.9913732 0.9930997 0.99646187 0.9954121 0.99501926 0.9973067 0.9959517 0.99550515 0.99520254 0.99289465 0.99008703 0.9872963 0.99739933 0.9972495 0.99561703 0.9975327 0.9959171 0.9946389 0.993481 0.9960184 0.9958552 0.9964591 0.995783 0.9961928 0.9952084 0.99648666 0.9942391 0.9949658 0.99601537 0.99457043 0.99622977 0.99297786 0.9932688 0.9936244 0.9915665 0.9891658 0.99061644 0.99424267 0.9951593 0.99498916 0.9967192 0.99482316 0.9954474 0.9950273 0.99506724 0.9957062 0.9960043 0.99276805 0.992052 0.9941739 0.9965731 0.9955844 0.9951131 0.9973084 0.9958682 0.99526006 0.9958206 0.9884019 0.99193877 0.99631345 0.9954747 0.99375635 0.99448305 0.99457294 0.9900321 0.9934643 0.99557334 0.9894064 0.981528 0.98829556 0.9901446 0.99403226 0.9946888 0.9951387 0.99411917 0.9885538 0.9948729 0.9955353 0.9961156 0.9934676 0.99133 0.99437034 0.9950504 0.9961329 0.9953943 0.990376 0.99336475 0.9927691 0.9911654 0.98998654 0.99276555 0.994112 0.9937817 0.99161696 0.98905444 0.9976773 0.99706155 0.9977245 0.9968049 0.997132 0.9951852 0.9967063 0.99507445 0.9959133 0.99379057 0.9956607 0.99544764 0.99402755 0.99313927 0.99596 0.9948613 0.99324083 0.9905216 0.99406064 0.9938603 0.99064565 0.99517196 0.9953011 0.99522525 0.99670297 0.993549 0.9954268 0.9952202 0.9961131 0.9951696 0.9939094 0.9934535 0.99050075 0.98938453 0.98992026 0.9898595 0.98900294 0.98981285 0.98890275 0.99568766 0.995947 0.9954045 0.99309826 0.99494255 0.995641 0.9953649 0.99642944 0.9944076 0.9961052 0.9967151 0.99701846 0.9968535 0.99748933 0.9966264 0.9957476 0.9953238 0.99335843 0.99438685 0.9962725 0.9959519 0.99608874 0.9963714 0.9929392 0.991383 0.99096715 0.9933935 0.9908503 0.989926 0.996997 0.9967808 0.99659204 0.9969324 0.9969578 0.99789023 0.99612474 0.9936832 0.9975009 0.9964286 0.9966169 0.9957914 0.99557376 0.99471974 0.99384594 0.99675304 0.996963 0.9973674 0.9968678 0.9959409 0.9956375 0.99487585 0.9879651 0.99486405 0.9951186 0.9958343 0.9947375 0.9952201 0.9947203 0.9905695 0.99075145 0.9918537 0.9937557 0.993954 0.995583 0.99846256 0.996998 0.9986784 0.9985598 0.9982713 0.9976926 0.99772775 0.9941385 0.99881047 0.9937805 0.9942441 0.997215 0.99511313 0.99070436 0.9927207 0.99366224 0.99859166 0.9954885 0.99907196 0.9971746 0.9993021 1.0 0.99274766 0.99188733 0.9910429 0.99212265 0.99482197 0.993883 0.9950855 0.994208 0.994322 0.9951374 0.99558383 0.99542725 0.9952861 0.9963353 0.9956139 0.99598014 0.99472857 0.9931808 0.9953192 0.99342084 0.9931138 0.9917626 0.9908295 0.99426484 0.99472487 0.9947184 0.9964005 0.9960211 0.99402034 0.99445105 0.9947119 0.9916648 0.9896577 0.98977137 0.99428463 0.99474555 0.99564624 0.9959811 0.9967836 0.9942353 0.9939569 0.9937904 0.9956185 0.99404573 0.9945433 0.99224734 0.9934025 0.9955247 0.9944353 0.99436647 0.9923188 0.9911281 0.99292797 0.9916713 0.9933432 0.9939709 0.9934966 0.9935754 0.99111307 0.99261856 0.99237555 0.9952348 0.99474436 0.9935334 0.9946085 0.99512935 0.9939657 0.99368376 0.99613255 0.997313 0.9964153 0.9959992 0.99589396 0.9932071 0.9954055 0.9950551 0.9950098 0.99457353 0.9946302 0.9956825 0.9975114 0.9956338 0.99447757 0.99631405 0.9960261 0.9967989 0.9963342 0.9969543 0.99248326 0.9946767 0.9962305 0.9943281 0.9938708 0.9957511 0.99590796 0.993775 0.9947713 0.995324 0.9946686 0.995242 0.9953203 0.99570477 0.9957402 0.9953429 0.9938135 0.9947607 0.994877 0.9949568 0.9943343 0.9926309 0.9915305 0.9921198 0.9929241 0.99400103 0.99363714 0.9933776 0.99354315 0.9947386 0.9939625 0.9926579 0.99204487 0.99188536 0.992566 0.9928491 0.9926968 0.991748 0.9938826 0.9906989 0.9878711 0.98359454 0.99171257 0.9928301 0.99224716 0.99158263 0.99019426 0.99421674 0.9923297 0.9888889 0.9912704 0.9912935 0.9910646 0.9907532 0.98794174 0.98697746 0.9892606 0.9898506 0.99281734 0.9931693 0.99229497 0.9925358
SretenovicxMihailo_SRP18940MihailoSRadeticaMara-L2_1 0.9898488 0.9906302 0.99282485 0.99424165 0.9939394 0.9867218 0.9842176 0.9796017 0.99428964 0.99512774 0.9961902 0.99363154 0.9959098 0.9965176 0.99395674 0.9950656 0.9928758 0.99195325 0.99173135 0.99575335 0.99644417 0.9964611 0.9885931 0.990455 0.99101406 0.9933663 0.9927087 0.993915 0.9928764 0.9946073 0.9938835 0.99232936 0.99449223 0.9924002 0.9914033 0.98877686 0.98770636 0.9896812 0.9917958 0.9928748 0.9944742 0.9957831 0.992733 0.9949614 0.987918 0.9895823 0.9944885 0.99584013 0.99547803 0.99743676 0.9958002 0.9951768 0.99546206 0.99096596 0.9894089 0.9907364 0.98911333 0.9815516 0.9871408 0.992819 0.9918267 0.98898786 0.99089396 0.98977274 0.9822281 0.9834874 0.9931942 0.9904886 0.9929152 0.9924859 0.99114186 0.9858118 0.99075466 0.99525523 0.9933061 0.99605995 0.9884198 0.98812926 0.9930795 0.99390894 0.989122 0.99274904 0.99141824 0.99670935 0.9949831 0.9964823 0.99755335 0.9962076 0.99712527 0.9934194 0.9952639 0.9965874 0.9912098 0.9902867 0.9910128 0.9932752 0.9909261 0.9943276 0.9910864 0.993558 0.9889384 0.99195045 0.99325585 0.9967381 0.9977336 0.99361616 0.9966638 0.9969712 0.9954393 0.99631876 0.9963417 0.99662304 0.99635065 0.9962413 0.995469 0.99662375 0.99259317 0.9924255 0.98981994 0.990512 0.9913075 0.9903588 0.99271727 0.99322796 0.99420464 0.9913131 0.9955864 0.99047935 0.98618335 0.98990923 0.9910692 0.9903966 0.99438524 0.99436426 0.99208176 0.99268115 0.990475 0.9905466 0.9924465 0.9918273 0.99406844 0.99091685 0.99267256 0.9935317 0.9939021 0.9952728 0.9893427 0.98785174 0.9911803 0.99201953 0.98297936 0.9817601 0.98063815 0.97648704 0.99449724 0.99479073 0.995029 0.9970859 0.996776 0.995118 0.9967656 0.9951942 0.99543065 0.9941723 0.995824 0.99740255 0.9959624 0.99755603 0.99458146 0.9973576 0.9971715 0.99835163 0.9983324 0.9988786 0.9985774 0.9984349 0.99469453 0.99521285 0.99508387 0.99523383 0.99647605 0.9971646 0.9966976 0.9971744 0.9973829 0.9965802 0.9956279 0.996875 0.99694765 0.99572116 0.99600774 0.99500155 0.99682844 0.99569994 0.9969701 0.9948309 0.993347 0.9911333 0.9897585 0.99393153 0.99110156 0.99455756 0.9943542 0.99202317 0.99066144 0.9923919 0.99246323 0.99463546 0.9897798 0.9862841 0.9889063 0.99580336 0.99352723 0.9901624 0.99314106 0.99523914 0.99222654 0.99366415 0.9954495 0.99011046 0.99128497 0.9906304 0.9894818 0.9924214 0.99451673 0.9921774 0.9972959 0.99383897 0.9926547 0.990067 0.99351585 0.9746547 0.980721 0.99380034 0.99146503 0.9864621 0.9903202 0.9918988 0.9826491 0.9876688 0.99506843 0.99548453 0.9911443 0.9933682 0.9936168 0.98908675 0.99078155 0.986855 0.9871328 0.97867596 0.9908729 0.9929308 0.99090123 0.9861972 0.98086154 0.9881106 0.9897074 0.9900467 0.98736113 0.98539305 0.9880172 0.9880009 0.990106 0.98557633 0.9903854 0.99336374 0.99320513 0.9904438 0.9871706 0.9947227 0.99473 0.9934273 0.9914133 0.99487936 0.9902102 0.99213934 0.9868582 0.9898269 0.9905172 0.99344474 0.99324423 0.98647094 0.9845468 0.9931999 0.9909166 0.98558104 0.98205817 0.9852813 0.9868887 0.9849453 0.9866063 0.9897639 0.9891511 0.99171555 0.98648226 0.9895203 0.98926526 0.9911954 0.991272 0.9888367 0.9872242 0.99464494 0.99660736 0.99371225 0.99673796 0.9963314 0.99683464 0.9949661 0.9890968 0.98986584 0.99046797 0.99300826 0.99541605 0.9937666 0.9909334 0.9945035 0.99057156 0.9935813 0.99164826 0.9919167 0.99613035 0.9950146 0.9959514 0.995871 0.9959925 0.99563706 0.9953731 0.9940361 0.9948043 0.99434155 0.99432445 0.9891196 0.98956805 0.9875529 0.9972566 0.9975797 0.9966133 0.9917735 0.9949773 0.9956418 0.99498844 0.9957622 0.9946505 0.9961604 0.99031174 0.9936829 0.99467355 0.99448514 0.9897917 0.99344647 0.9902421 0.99060386 0.990378 0.99140453 0.991318 0.9918857 0.987202 0.98824716 0.9887154 0.9960856 0.99257654 0.9899024 0.9933198 0.99105924 0.9914524 0.988757 0.98826313 0.9896105 0.99150246 0.99213505 0.9928565 0.99303216 0.9946509 0.99619174 0.9937475 0.9940441 0.9946971 0.9960571 0.9948652 0.9958115 0.994123 0.9953918 0.9958697 0.9962593 0.99644625 0.9956684 0.99457014 0.9963682 0.991572 0.9931892 0.9931676 0.9955641 0.9927114 0.99274766 0.99999994 0.99862915 0.9986813 0.99887806 0.9988628 0.99565166 0.9895493 0.98741853 0.9869153 0.98799086 0.9892728 0.9891458 0.98820674 0.99004394 0.9890978 0.9941745 0.9929212 0.99288356 0.99300265 0.9961121 0.99218917 0.99139696 0.9928365 0.995257 0.9944244 0.99566567 0.9942268 0.99571246 0.98924786 0.9903714 0.9923405 0.9838431 0.9838507 0.98371464 0.99761635 0.99374926 0.993662 0.99514604 0.9942827 0.9924651 0.9933471 0.9939907 0.99403423 0.99742615 0.9889239 0.9895964 0.9922979 0.993102 0.9925221 0.9950584 0.99297255 0.99235827 0.9922993 0.9940294 0.99389946 0.9921367 0.9947467 0.9905969 0.99053895 0.9924306 0.9870903 0.9960217 0.9942026 0.99136907 0.99241513 0.99084306 0.9890838 0.9932429 0.9941026 0.99215484 0.9925775 0.9924348 0.99093276 0.98586184 0.9917551 0.9905906 0.99472284 0.9939281 0.9886731 0.99372697 0.9956167 0.9957031 0.9940335 0.9936814 0.9950972 0.9921779 0.99239755 0.99183637 0.98768795 0.9913776 0.99352556 0.99088013 0.98727745 0.9940505 0.99521136 0.9965458 0.9957557 0.9958428 0.99567634 0.99589205 0.99456954 0.9962282 0.9932146 0.9904403 0.9877924 0.9892252 0.993771 0.9914421 0.98900044 0.98621845 0.98489875 0.98667 0.9895438 0.9928365 0.99533427 0.9932835 0.99012065 0.9926265 0.99247265 0.98659027 0.9859504 0.98712856 0.989287 0.9929624 0.99365175 0.9928326 0.99771273 0.99741936 0.9972028 0.99548095 0.99705434 0.99790776 0.99819064 0.99799806 0.9979335 0.997543 0.9963267 0.99553955 0.99723065 0.9953594 0.99675095 0.9980986 0.99575096 0.99567896 0.99657524 0.997125 0.9969281 0.9832946 0.9809779 0.9839552
SretenovicxMihailo_SRP18940MihailoSRadeticaMara-L2_2 0.9880872 0.9906684 0.9917122 0.99218285 0.99258405 0.9871567 0.984283 0.97924894 0.9957829 0.9954751 0.9965127 0.99470353 0.99663883 0.99724805 0.9943375 0.99400574 0.9921116 0.9911422 0.9916954 0.99658144 0.99688005 0.9966186 0.9900432 0.99108493 0.9916525 0.9933451 0.9929854 0.99302506 0.9934432 0.994843 0.99362177 0.9935978 0.9948771 0.98951226 0.9880256 0.9881114 0.98662996 0.98779714 0.9912386 0.9921988 0.9936288 0.99478596 0.99146837 0.99250805 0.98622847 0.9887891 0.9934631 0.99510527 0.99551326 0.99645966 0.99699175 0.9964287 0.9959849 0.99072176 0.98995364 0.9894552 0.98784673 0.9792863 0.9849303 0.9924879 0.9914908 0.9874138 0.99100196 0.98942703 0.9818667 0.98321265 0.9934224 0.9919562 0.9937125 0.9934538 0.99254566 0.9882307 0.99168843 0.9966045 0.9947547 0.99691164 0.990299 0.9897547 0.99344456 0.9954259 0.9907454 0.99106693 0.99020183 0.99581534 0.9935097 0.9954175 0.9962845 0.9953503 0.9965699 0.99167466 0.9941604 0.99564934 0.9916696 0.99192566 0.99251294 0.9941448 0.9912714 0.9943646 0.9921492 0.99362403 0.9898808 0.99292374 0.9946785 0.9974946 0.99747884 0.99422544 0.99646765 0.99737465 0.99679244 0.9971669 0.9974325 0.9967725 0.99624074 0.99608946 0.9956337 0.9958174 0.99436134 0.9944217 0.9928725 0.99315685 0.99364084 0.9932336 0.9944974 0.99544626 0.99551857 0.99335426 0.9964684 0.9926394 0.9869458 0.99115664 0.9919319 0.99152005 0.99486846 0.99484813 0.99350464 0.9903268 0.98828137 0.98871297 0.9903811 0.99032694 0.9927216 0.98909307 0.9911516 0.99413407 0.99600697 0.9972486 0.9905074 0.9891648 0.99209964 0.99358106 0.9825519 0.9833129 0.9826022 0.9779049 0.99508667 0.9949199 0.99521065 0.9943059 0.99428856 0.9950732 0.995582 0.9955305 0.9942365 0.9939823 0.9956885 0.9965162 0.9946238 0.99755204 0.99431825 0.9977676 0.9969393 0.99748486 0.9987107 0.998188 0.9973355 0.99695426 0.99465185 0.99450433 0.9938413 0.99541587 0.9971126 0.99692684 0.99663174 0.99695003 0.99780667 0.9975184 0.99529874 0.99602747 0.99731874 0.9945286 0.99556875 0.99650484 0.99671644 0.9964133 0.9964916 0.9959231 0.99505764 0.99217594 0.99044806 0.99454194 0.9908699 0.9945 0.99413526 0.9912193 0.99060917 0.99254906 0.9920271 0.99552864 0.9897549 0.98600084 0.9882258 0.9951295 0.9932083 0.9905271 0.9931637 0.99423295 0.99231917 0.9922656 0.99465203 0.9898217 0.9904944 0.9890497 0.98799205 0.9913608 0.9937818 0.9912814 0.9967881 0.99355423 0.99216115 0.99025244 0.9924984 0.9764518 0.98191315 0.9943378 0.9910631 0.9869137 0.9906164 0.9917248 0.9841354 0.9871016 0.99521154 0.9947739 0.991545 0.99345165 0.9942822 0.98976153 0.99128413 0.98628503 0.9893779 0.9817799 0.99102116 0.9930744 0.9903218 0.9871403 0.98323053 0.98946196 0.9916417 0.9902453 0.98895186 0.98881036 0.99041754 0.9903051 0.9910991 0.9877305 0.99144363 0.995079 0.9948098 0.99221873 0.9889194 0.99474275 0.99567634 0.9931733 0.992615 0.99499136 0.99136376 0.99306697 0.9877285 0.9908336 0.99069947 0.99397707 0.99296016 0.9877171 0.98621434 0.99394 0.99047285 0.9872663 0.98444766 0.98723745 0.989147 0.98800176 0.98727816 0.9913352 0.99021745 0.99235606 0.9877242 0.99041873 0.98999727 0.99259895 0.9922961 0.9905181 0.98867124 0.99654603 0.9985036 0.9962274 0.9981014 0.9975743 0.9983005 0.9970989 0.98904467 0.98849356 0.9898733 0.99468964 0.9966305 0.99467754 0.9915997 0.99481666 0.99219006 0.99444735 0.9927689 0.9924663 0.9958349 0.9949923 0.9960747 0.99533767 0.99450904 0.9944353 0.99392503 0.994853 0.9962353 0.9957976 0.9956064 0.9858606 0.985495 0.9829985 0.9965395 0.9974989 0.99601406 0.9931111 0.99593353 0.9963112 0.9954753 0.9953722 0.9939372 0.99485075 0.98822105 0.99351877 0.9936011 0.99389625 0.9888936 0.99217093 0.988016 0.9877752 0.9901703 0.99049497 0.99131656 0.9909846 0.9865741 0.98678976 0.9869764 0.99339944 0.9937127 0.9912743 0.99347436 0.9922341 0.992493 0.98951113 0.98989034 0.9911769 0.99307626 0.9931768 0.9926395 0.9926178 0.99421203 0.9949573 0.9936583 0.9939896 0.99468476 0.9943815 0.993668 0.9931618 0.9932363 0.9931908 0.99410474 0.99576414 0.99465495 0.9932943 0.9919528 0.99442375 0.9916117 0.98990905 0.9920398 0.9934904 0.9922775 0.99188733 0.99862915 1.0000006 0.9997204 0.999238 0.9981431 0.99382716 0.98903006 0.9880997 0.9870561 0.9888145 0.98904335 0.99002594 0.9884385 0.98949474 0.9889064 0.99534357 0.9937169 0.9935876 0.99321115 0.99686277 0.99358946 0.9932975 0.99400693 0.9956984 0.9949989 0.99640024 0.99513656 0.99663204 0.99062103 0.9920641 0.9941124 0.9852289 0.98616475 0.9859566 0.99741185 0.9947119 0.9939946 0.9958224 0.994712 0.99314374 0.99423397 0.9947649 0.99416035 0.99718404 0.9904285 0.9924101 0.9938935 0.9940175 0.9936484 0.99518657 0.994215 0.9935146 0.99446166 0.99556017 0.99589396 0.9938371 0.99623364 0.9931068 0.99399817 0.995235 0.9901449 0.99681365 0.995661 0.9933429 0.99401975 0.9922861 0.9909729 0.9954208 0.9948438 0.9922682 0.9932769 0.9934817 0.99220824 0.9881017 0.99365485 0.9930458 0.99577034 0.9943445 0.9897404 0.9951071 0.9957717 0.9971263 0.9953541 0.9948628 0.9957112 0.992758 0.9931933 0.9922403 0.98850596 0.9921118 0.9932104 0.99272317 0.9895242 0.9946755 0.9957359 0.996834 0.9966768 0.99629784 0.99568874 0.99671376 0.99472845 0.9964521 0.9922416 0.9893346 0.9853889 0.9878551 0.99205816 0.9898557 0.9873105 0.9835307 0.9871738 0.9888623 0.9911278 0.99361295 0.99547917 0.99415624 0.9912477 0.9927809 0.99313915 0.9889928 0.9877901 0.9893475 0.9911929 0.9944976 0.9952577 0.9944477 0.99790436 0.9964919 0.996223 0.9948921 0.9960668 0.99728715 0.9972394 0.9974451 0.99663997 0.9965792 0.9949808 0.9931198 0.99649566 0.9933121 0.9955641 0.99711365 0.9933735 0.99387866 0.9951861 0.9961164 0.9958386 0.98269856 0.9790983 0.982636
SretenovicxMihailo_SRP18940MihailoSRadeticaMara-L2_3 0.9873876 0.99001336 0.99139094 0.9920562 0.992299 0.98677343 0.9838848 0.97866946 0.99517524 0.99474293 0.9959568 0.9939228 0.99632317 0.9969298 0.9936488 0.99338865 0.9912785 0.99028516 0.99076235 0.9959295 0.9964161 0.99608696 0.98889554 0.98997694 0.99051476 0.9924165 0.9919847 0.992307 0.99278015 0.9943668 0.99303496 0.9927827 0.99444586 0.9887966 0.98745155 0.98713017 0.9854715 0.9868536 0.9904955 0.9915682 0.993102 0.9942905 0.9910089 0.99201006 0.98530495 0.9879624 0.9927977 0.994475 0.9949739 0.99612486 0.9964227 0.995783 0.9956257 0.9901931 0.98941773 0.9886583 0.9870897 0.9783667 0.98425114 0.99198556 0.99083304 0.98656934 0.9900505 0.98852235 0.9811345 0.9823286 0.99300635 0.99135196 0.99345005 0.9930096 0.99165237 0.9873233 0.9917462 0.9964661 0.9945312 0.996742 0.98975277 0.98936975 0.99330115 0.9950934 0.990575 0.99054205 0.989624 0.9957096 0.9934348 0.99548435 0.9964131 0.9953764 0.9965465 0.9915392 0.9938153 0.99509615 0.99137396 0.99140483 0.99206346 0.99388915 0.99124503 0.9944303 0.99199164 0.9936834 0.98960453 0.9924709 0.99416965 0.9972892 0.9974241 0.9933871 0.9959799 0.9968471 0.9960511 0.9967059 0.9969809 0.9965743 0.99584186 0.9956555 0.99530536 0.99549705 0.99362737 0.99384904 0.99199224 0.9924047 0.9930768 0.99265105 0.9939651 0.99488485 0.9951643 0.9928365 0.9962039 0.99205005 0.98623216 0.99050444 0.991398 0.9909259 0.9945336 0.9944526 0.9930621 0.98963416 0.9875036 0.9879494 0.9897579 0.99017966 0.99255556 0.9891275 0.99106544 0.99352914 0.9952368 0.99671847 0.98983353 0.9885403 0.9916097 0.9930347 0.9815125 0.9823629 0.9815656 0.97692686 0.99436396 0.9941057 0.99435645 0.99431807 0.99452055 0.99493754 0.99533534 0.9952887 0.9939146 0.9936448 0.9954072 0.99609846 0.99414206 0.99711907 0.993865 0.9974021 0.99660486 0.9974077 0.9986013 0.99804616 0.99733293 0.9968995 0.9940548 0.9939051 0.99322516 0.99462646 0.9963972 0.9962591 0.9959036 0.9966815 0.997304 0.9971673 0.9946778 0.9958142 0.99699664 0.99411964 0.9950359 0.99591327 0.9962628 0.99581206 0.9960368 0.99525386 0.99427664 0.99152184 0.98999316 0.9939484 0.990583 0.99438596 0.9939874 0.9912532 0.99013364 0.9920171 0.99154973 0.99510163 0.9892207 0.98536587 0.98787224 0.99497753 0.9927447 0.9899827 0.9926574 0.99385124 0.9919173 0.991861 0.99452716 0.9892885 0.9901176 0.9888709 0.9877661 0.9910628 0.99325854 0.99086493 0.99643403 0.9930267 0.99164116 0.98950726 0.99193084 0.9750154 0.98078364 0.9933478 0.99016565 0.9856724 0.98948485 0.9910983 0.98277706 0.9860654 0.99430615 0.99424934 0.9909686 0.9926333 0.99330795 0.9885193 0.9900714 0.9858196 0.9885837 0.9807855 0.9906233 0.9926011 0.9899636 0.98667973 0.9823208 0.9888343 0.99086845 0.98943746 0.98812526 0.987956 0.9897221 0.9896545 0.9910479 0.987245 0.99126285 0.9947581 0.99446094 0.99192077 0.9885878 0.9940325 0.9949723 0.9924716 0.991932 0.99446875 0.99075234 0.9922147 0.98683566 0.9899131 0.98976827 0.9931921 0.99242514 0.9868697 0.9853192 0.9931278 0.9897264 0.9863149 0.9835177 0.9861837 0.988155 0.98715854 0.98629653 0.99041724 0.9893858 0.99137276 0.9871432 0.9897575 0.9894902 0.9919276 0.99167186 0.98999965 0.98829305 0.9963529 0.9984333 0.9958806 0.9980749 0.99762404 0.99828637 0.99693596 0.9881021 0.9876807 0.9892328 0.99412954 0.99614674 0.99414676 0.9910907 0.9943634 0.99138767 0.9940766 0.9919225 0.9916377 0.99544847 0.9943783 0.9956489 0.9947391 0.9939828 0.99398273 0.99349785 0.9941391 0.9954068 0.99499226 0.994868 0.9854526 0.98525095 0.9826464 0.99647653 0.9975503 0.99623096 0.99232334 0.99516475 0.99570423 0.9949347 0.9947406 0.99322975 0.9942215 0.9871335 0.9926921 0.9930361 0.99317956 0.9878964 0.9913423 0.9870891 0.9868615 0.9891208 0.9895681 0.9903828 0.990122 0.98560137 0.9859153 0.9859978 0.9937975 0.9930584 0.9905018 0.99290526 0.9915287 0.99195325 0.98887354 0.9896023 0.9908811 0.9928367 0.9929695 0.99259585 0.9922418 0.99349236 0.9944705 0.99290997 0.99320066 0.9939745 0.9939534 0.99294055 0.9929011 0.99248266 0.99277604 0.99361706 0.9951686 0.9942079 0.99319667 0.9916611 0.9941755 0.9906897 0.9893391 0.9911844 0.9929798 0.99131864 0.9910429 0.9986813 0.9997204 0.9999994 0.9992847 0.99788314 0.99329406 0.9880591 0.9872987 0.986302 0.9879311 0.988339 0.98919404 0.98758256 0.9888542 0.9881381 0.99463814 0.99318594 0.99303466 0.9929259 0.99665844 0.9931718 0.99293786 0.9937911 0.9954561 0.9948457 0.9963617 0.9946342 0.99626017 0.99023193 0.9915731 0.9935867 0.9846684 0.9856173 0.98537904 0.99730575 0.9942921 0.99360406 0.99534047 0.9940461 0.99286973 0.9941796 0.9947809 0.99365926 0.99703556 0.9897031 0.99166596 0.99337345 0.9936056 0.9933737 0.9951374 0.9938747 0.99318564 0.9937629 0.994997 0.9951587 0.99315643 0.9957989 0.9924408 0.99323505 0.99450964 0.98920137 0.9963497 0.99531436 0.9928109 0.99345636 0.9917792 0.99038815 0.9948935 0.9942339 0.99182135 0.99292684 0.99291444 0.9915206 0.98729324 0.99297404 0.99221855 0.99527013 0.99395967 0.9890702 0.9944556 0.99524796 0.99672943 0.99498093 0.9943037 0.9953196 0.99226063 0.9927031 0.9915633 0.9881506 0.9917306 0.99267584 0.992269 0.98878485 0.9939609 0.99509156 0.99632275 0.996225 0.9957131 0.99528885 0.9961759 0.9939696 0.9959384 0.9911453 0.9879699 0.9840731 0.98645556 0.99114656 0.9888059 0.9859778 0.98209274 0.98651665 0.9881905 0.9905955 0.9932532 0.99524105 0.99376255 0.99075156 0.9923221 0.9927741 0.98808616 0.98703945 0.98856103 0.99061966 0.9941131 0.9946779 0.99397534 0.99733335 0.996396 0.99616724 0.9951655 0.99572855 0.9969534 0.9970304 0.9972425 0.99661744 0.996187 0.9945999 0.99306554 0.9962721 0.9930568 0.9952849 0.9971447 0.99349695 0.9940792 0.99523395 0.99603647 0.9955606 0.98199064 0.9783965 0.98218775
SretenovicxMihailo_SRP18940MihailoSRadeticaMara-L2_4 0.9883506 0.9897472 0.99129474 0.9920585 0.99255997 0.98604316 0.9831464 0.97802544 0.9945455 0.99534994 0.9964206 0.99405885 0.99656004 0.9972412 0.9942431 0.9946787 0.99298507 0.9915869 0.99169135 0.99626034 0.9975511 0.99717605 0.9885055 0.99029315 0.99101275 0.99337876 0.99302375 0.9936196 0.99348664 0.9954456 0.9942008 0.9932753 0.9954565 0.9915239 0.9903305 0.9882985 0.98678285 0.98908305 0.9908355 0.9914647 0.9935587 0.9948454 0.9912552 0.9932667 0.9864368 0.98860544 0.9936012 0.9948164 0.994981 0.9965967 0.9958612 0.99518335 0.99523294 0.9902085 0.9891404 0.98941976 0.98746675 0.9799983 0.9854928 0.9926003 0.9916154 0.98778164 0.99064416 0.989337 0.9816577 0.98296416 0.99291545 0.9911466 0.99328506 0.9913331 0.99091446 0.98598045 0.99044806 0.99565005 0.9935403 0.99640334 0.9889098 0.98845935 0.9923479 0.99386555 0.98946226 0.9913174 0.9899431 0.99475867 0.9922899 0.9944036 0.99595445 0.99438876 0.99586856 0.99061745 0.9929704 0.99687344 0.99093413 0.99089557 0.9914554 0.9930106 0.98976016 0.9929739 0.99061024 0.99275357 0.98898566 0.99256253 0.9940609 0.99664307 0.99731094 0.99264294 0.9957066 0.99628544 0.99514073 0.9955526 0.99584615 0.9953762 0.9951427 0.9953548 0.9941569 0.99512243 0.9926346 0.9920087 0.99050754 0.9906815 0.9915605 0.9911402 0.99361515 0.99411726 0.99404687 0.9915012 0.99579406 0.9908546 0.9860048 0.9898516 0.990878 0.9903672 0.99396193 0.9937883 0.9924838 0.99210787 0.9891952 0.9893166 0.9910083 0.98869634 0.991215 0.9871415 0.9893261 0.99263865 0.99408656 0.9957544 0.9886982 0.9873316 0.9902953 0.9916213 0.9819253 0.98164785 0.98104227 0.9760891 0.99430245 0.99440837 0.9948938 0.994879 0.99476093 0.99440145 0.9955743 0.9952974 0.99447906 0.9937925 0.99545467 0.99697196 0.9951918 0.9975492 0.9943674 0.9972964 0.9970071 0.99792236 0.9984018 0.99804044 0.99749446 0.9971477 0.99557817 0.9961544 0.99572885 0.9948837 0.99684954 0.99738735 0.99659127 0.9962191 0.9964493 0.9961705 0.9949707 0.99593616 0.99643964 0.9942565 0.99605143 0.99608344 0.99729866 0.9964647 0.9970142 0.9952713 0.99393135 0.9907332 0.9886961 0.99337786 0.9897269 0.99390805 0.9933607 0.99056756 0.9892191 0.99084026 0.99071413 0.9941365 0.98812056 0.9841415 0.9865666 0.99439365 0.9927926 0.99006563 0.99289227 0.99430764 0.9919544 0.9922088 0.9948643 0.9898162 0.9905944 0.989796 0.9888263 0.9917257 0.9942076 0.99176705 0.9962665 0.9935119 0.9920783 0.9899647 0.99280894 0.9744398 0.979776 0.9931587 0.9899008 0.98472327 0.98856723 0.99064904 0.9816145 0.9853105 0.9943353 0.9942282 0.991151 0.99243337 0.9928026 0.9875086 0.9896511 0.9854983 0.9874267 0.9786953 0.98929775 0.99132925 0.98898625 0.9852997 0.9815735 0.9877311 0.99013734 0.98894584 0.9873227 0.98653847 0.98832595 0.9880994 0.9895811 0.98577034 0.9894838 0.9931573 0.9929523 0.990425 0.9866545 0.9943924 0.99545604 0.9926838 0.99183583 0.99430627 0.9900337 0.99238753 0.9864136 0.9896284 0.9890203 0.9928383 0.99175125 0.98638225 0.9846166 0.9931472 0.98938096 0.98583233 0.98286897 0.9858475 0.98766947 0.9866326 0.9863923 0.98992753 0.9889643 0.99131 0.98601484 0.9890609 0.9884224 0.99084365 0.99078333 0.9886917 0.98722476 0.9951884 0.9979704 0.99531907 0.9975409 0.99713016 0.99790186 0.9966163 0.98801327 0.98805916 0.9885926 0.9926771 0.99555874 0.9933233 0.9901824 0.99407625 0.99012876 0.9931639 0.9919068 0.9918117 0.99584955 0.99451625 0.9957208 0.9945071 0.9942113 0.99364436 0.9932089 0.99395335 0.9951072 0.99481165 0.9946866 0.9859595 0.9861094 0.98378336 0.9956514 0.9968212 0.9948837 0.99204475 0.9952943 0.99577224 0.99484193 0.99555635 0.993856 0.9953804 0.9893166 0.9930854 0.99320483 0.99327624 0.9886224 0.992358 0.9883439 0.9883124 0.989812 0.9905181 0.9911962 0.99130887 0.98667467 0.98733175 0.9875631 0.9949194 0.99198043 0.9894955 0.9926088 0.9906903 0.99106216 0.9875305 0.98729956 0.9882089 0.9906038 0.991268 0.9910979 0.9913049 0.9942461 0.9961525 0.99353224 0.99397314 0.9946812 0.99544346 0.9942358 0.9952967 0.9936359 0.9950934 0.99592286 0.9961659 0.9958135 0.99518555 0.99416655 0.9960447 0.99125105 0.9921515 0.9925618 0.99509186 0.99253416 0.99212265 0.99887806 0.999238 0.9992847 1.0000001 0.99852383 0.993764 0.9873221 0.985884 0.9851359 0.9869908 0.9875904 0.9882107 0.9869462 0.9886914 0.9873905 0.99460787 0.99341816 0.9928197 0.9923622 0.9962303 0.9928042 0.9921862 0.9932349 0.9951849 0.99409455 0.99566835 0.99422127 0.99583685 0.98876554 0.99071884 0.99240154 0.9837317 0.98440963 0.98428446 0.9970441 0.993544 0.993133 0.99527943 0.99401295 0.9926873 0.993302 0.9934957 0.99324435 0.9967419 0.9889473 0.98983985 0.99183375 0.9930667 0.9922022 0.9944095 0.9920494 0.99097997 0.99227875 0.9933938 0.9939346 0.9915713 0.9942323 0.99087346 0.99153286 0.99331945 0.9875044 0.996366 0.9952464 0.99252015 0.99292994 0.99124265 0.9889486 0.99379545 0.99422014 0.99135983 0.99195474 0.99192345 0.9906189 0.9858829 0.992049 0.99111795 0.99393487 0.9930092 0.98830533 0.9940433 0.9950743 0.99617636 0.9939793 0.9937342 0.9950316 0.9916905 0.9918135 0.9908225 0.98704225 0.9904606 0.992209 0.99111754 0.9877779 0.9926877 0.9943079 0.9957678 0.9952256 0.9949652 0.99492747 0.9951089 0.9932634 0.9950616 0.9925249 0.98987037 0.9870465 0.98872155 0.9935195 0.99112946 0.98855 0.9851745 0.98487914 0.9863637 0.9889399 0.9918562 0.9938456 0.99211675 0.9891358 0.9911843 0.99128467 0.98687613 0.98557776 0.9870417 0.9889062 0.99253035 0.9937112 0.99239624 0.99761516 0.99780303 0.9970334 0.99605966 0.9973194 0.99834275 0.99817383 0.9983208 0.9977426 0.9969681 0.9965079 0.9950806 0.99751747 0.9947518 0.99685013 0.9980356 0.9950822 0.99574494 0.9965733 0.99750006 0.9968711 0.98268515 0.979898 0.98364913
SretenovicxMihailo_SRP18940MihailoSRadeticaMara-L2_5 0.99168617 0.99303037 0.99474466 0.9945369 0.99503726 0.9897207 0.98747283 0.9826542 0.99575406 0.9968434 0.99749386 0.9959853 0.99655086 0.997005 0.99620163 0.99674046 0.99551404 0.9947817 0.9946572 0.99699146 0.9971838 0.99728316 0.9912572 0.99296343 0.9933766 0.994819 0.99494946 0.994847 0.99526125 0.9961913 0.9957653 0.9950451 0.9963007 0.99347854 0.99178624 0.9924942 0.9914642 0.9928541 0.9942878 0.9946687 0.99619055 0.9964901 0.9944843 0.995996 0.9915071 0.99273765 0.99631333 0.99705184 0.99667346 0.99754417 0.9967588 0.9956332 0.99560887 0.992368 0.99063045 0.99355555 0.9920654 0.9862305 0.99033016 0.9950573 0.99427664 0.99227715 0.99366665 0.9926277 0.98665994 0.9879045 0.9946615 0.992613 0.99408484 0.99354285 0.9936168 0.98909444 0.99246204 0.99636114 0.9948317 0.99708825 0.99148774 0.9911242 0.99469817 0.99512506 0.991645 0.9934271 0.99290633 0.99577016 0.9941155 0.99550486 0.9962919 0.9956402 0.99697745 0.99322754 0.9951814 0.9974299 0.9931259 0.9922868 0.9928537 0.99413764 0.99145716 0.9941931 0.9923056 0.99400806 0.9909439 0.9935226 0.99424624 0.9961702 0.99634534 0.9947187 0.99581105 0.9962432 0.9961219 0.9958646 0.99612945 0.99584216 0.99596196 0.99640894 0.9954229 0.99570996 0.9943593 0.9934317 0.9914909 0.9919871 0.9929398 0.9916092 0.9948562 0.99487525 0.995162 0.99315125 0.9962644 0.9926624 0.9893871 0.9920466 0.9929396 0.9926426 0.9953402 0.9952903 0.9937494 0.9950787 0.99338853 0.9933704 0.99449307 0.99117744 0.99273443 0.9889161 0.99142873 0.99458253 0.99478185 0.9959606 0.99154675 0.9902417 0.9927365 0.99372673 0.9875894 0.9858958 0.984558 0.98077476 0.99673766 0.99717516 0.99742144 0.9965511 0.99603903 0.99566567 0.99728805 0.99593127 0.9961579 0.9952949 0.99684995 0.9978201 0.99749196 0.99874556 0.99616 0.9981785 0.9981646 0.9981362 0.9983348 0.99856853 0.9979448 0.99803525 0.9967331 0.9968554 0.99646276 0.9969325 0.99756956 0.9980085 0.99725866 0.99649966 0.99620837 0.9945322 0.9973846 0.99775535 0.99725395 0.99642754 0.99731374 0.9965131 0.9973519 0.99730855 0.997644 0.9965108 0.9955445 0.99331737 0.99135715 0.9951154 0.9919121 0.99472195 0.9947862 0.9925993 0.9925138 0.992656 0.99264145 0.9944581 0.98998135 0.9866423 0.9887524 0.99504775 0.99556786 0.99313956 0.99515384 0.9961682 0.99443007 0.9949847 0.9965213 0.9929864 0.9939078 0.9924215 0.99150777 0.99411184 0.99652314 0.9948353 0.99711555 0.99598414 0.9948777 0.99303406 0.9954919 0.97984475 0.9845042 0.9956926 0.9936578 0.9890266 0.99230564 0.9928102 0.98576665 0.9895478 0.9962226 0.9948247 0.98973966 0.9929458 0.99369276 0.9907461 0.99267155 0.9897399 0.9902234 0.9817837 0.9921846 0.9937638 0.9923963 0.98840535 0.9850023 0.9906822 0.99236435 0.9923692 0.9903563 0.988199 0.9904746 0.9902623 0.991462 0.9881763 0.9916209 0.9942298 0.994087 0.99183744 0.98851943 0.9956656 0.99571013 0.9948077 0.9939071 0.9958412 0.9920042 0.9938527 0.99010473 0.9926002 0.99223673 0.99529254 0.9947351 0.98972094 0.98825955 0.9953102 0.9927911 0.9886408 0.9850616 0.9887466 0.98988265 0.98800975 0.99019504 0.9924536 0.99190676 0.9938092 0.98929787 0.9917177 0.9908866 0.99314123 0.9930968 0.9907046 0.9893381 0.99520564 0.996068 0.99489284 0.9963406 0.9960533 0.9964548 0.9952682 0.99122155 0.99157226 0.99171257 0.9944243 0.9964891 0.9952536 0.99292064 0.9957276 0.9924151 0.994707 0.9942182 0.9948159 0.99732965 0.99646825 0.99696195 0.9965496 0.9964012 0.9952604 0.9954231 0.99612343 0.996382 0.99627554 0.9963211 0.99065757 0.99067885 0.9888118 0.9960399 0.9959606 0.99437845 0.9944787 0.99647766 0.9970195 0.9962892 0.99713975 0.996495 0.9973101 0.9930772 0.99603426 0.9961084 0.99613863 0.9930636 0.99553204 0.993106 0.99286216 0.99372977 0.99459726 0.99462926 0.99465954 0.99141324 0.992182 0.99251837 0.9946892 0.9940486 0.9920696 0.99500823 0.9929719 0.9932931 0.99098283 0.9897975 0.990216 0.99246466 0.9933413 0.99382126 0.9944164 0.99614215 0.99674916 0.9956482 0.9958412 0.99610746 0.9965361 0.9960982 0.995433 0.9959915 0.99502236 0.9959683 0.99727094 0.9960178 0.99457866 0.99427223 0.9959595 0.99412465 0.99422646 0.9956858 0.9965296 0.99481934 0.99482197 0.9988628 0.9981431 0.99788314 0.99852383 1.0000002 0.9962255 0.9916147 0.98959714 0.9891339 0.99059224 0.9911786 0.99144435 0.990947 0.99234784 0.99132633 0.9956309 0.9939872 0.99339867 0.99426335 0.9961147 0.99346125 0.99254566 0.9928245 0.9956356 0.99560446 0.9964237 0.99607944 0.9966512 0.9914758 0.9928323 0.99379313 0.98695606 0.9866003 0.9865365 0.9973859 0.9944652 0.994454 0.99616337 0.9956802 0.99429053 0.9947563 0.9949841 0.995384 0.9972168 0.99141103 0.991404 0.99355567 0.9945597 0.9936252 0.9955683 0.9934596 0.9922007 0.993517 0.9942655 0.99506664 0.99322265 0.994949 0.9924512 0.99212503 0.99381906 0.9894405 0.9973805 0.99594545 0.99375737 0.9942983 0.9930642 0.99128956 0.99432904 0.9957395 0.99383086 0.99412054 0.9937355 0.9931541 0.9884314 0.99399465 0.99293745 0.99559593 0.9942565 0.9909869 0.9953322 0.9969436 0.99676096 0.99503064 0.9954806 0.99660355 0.9942508 0.99404925 0.99375707 0.98969215 0.9923691 0.9949666 0.99275815 0.99053705 0.99511176 0.99584216 0.9963311 0.99624 0.9964415 0.9959701 0.99638784 0.9952441 0.99684024 0.9951589 0.9934513 0.9908452 0.99242723 0.9953464 0.99365157 0.9919653 0.9897858 0.98768693 0.9893723 0.99178207 0.9942359 0.9956256 0.994364 0.99193186 0.99394476 0.99375117 0.9896 0.98871857 0.98981243 0.9910863 0.9939857 0.9949121 0.9933874 0.9979754 0.9963289 0.99560815 0.9931418 0.99740314 0.99817497 0.9975462 0.9978136 0.9969669 0.99825424 0.9974641 0.9957552 0.99741125 0.9959942 0.9971447 0.99737483 0.9945869 0.9946517 0.9959928 0.9968375 0.99787515 0.9877592 0.9856091 0.988326
StankovicxBorisav_SRP18991BorisavSUvelaRuza-L2_1 0.99315655 0.99348205 0.99557686 0.99637485 0.99637854 0.98866946 0.98689175 0.9826246 0.9947217 0.996107 0.99610114 0.9944687 0.99523216 0.9952017 0.99436194 0.99564743 0.9939311 0.99402654 0.99334854 0.99521905 0.9950363 0.99575114 0.9927582 0.99442005 0.9951461 0.9967964 0.9959727 0.99617386 0.9951842 0.9948893 0.99512863 0.99417996 0.9944436 0.9936094 0.99205947 0.99229324 0.991991 0.99326134 0.99460053 0.99476224 0.9957084 0.9968523 0.9946399 0.99664617 0.99321395 0.99323905 0.99626166 0.99678284 0.9956431 0.99700785 0.99450266 0.99299514 0.9934075 0.9930915 0.9893734 0.9942825 0.9927524 0.9883281 0.99253476 0.99451953 0.99374926 0.993356 0.9935782 0.9926772 0.9872023 0.98818433 0.9936025 0.9904836 0.9914643 0.9921301 0.99174047 0.98794997 0.9893852 0.9929321 0.9918607 0.994478 0.98894477 0.988539 0.9932702 0.9929302 0.9883308 0.9938869 0.99348044 0.99611413 0.9962845 0.9948918 0.99577314 0.9954173 0.99630356 0.9947626 0.99514854 0.9953253 0.9898564 0.98867756 0.9886637 0.99104816 0.9881802 0.9911982 0.9886025 0.9907631 0.9867115 0.989621 0.9900827 0.9918046 0.9934872 0.9932781 0.99480873 0.99474084 0.9934424 0.9933452 0.99327 0.99455523 0.9945888 0.9945676 0.99349564 0.994738 0.9902696 0.9894954 0.98696697 0.9878105 0.9888985 0.9865445 0.9920137 0.9917998 0.992957 0.99089706 0.99410594 0.99121606 0.9879653 0.9896667 0.99175924 0.9911981 0.9939461 0.9938597 0.9910449 0.99435693 0.99383736 0.9938089 0.9955197 0.99415165 0.99551475 0.99265474 0.99415976 0.99379796 0.99189776 0.99269843 0.98934263 0.9878014 0.9910895 0.9905906 0.9875078 0.9836764 0.98163396 0.9785296 0.9941148 0.99456996 0.995056 0.9957454 0.99479926 0.99242425 0.9954926 0.9913371 0.993584 0.9913345 0.9934455 0.9951031 0.9961575 0.99512887 0.9934963 0.99363446 0.99435085 0.9952269 0.9954953 0.9964165 0.99592584 0.99689007 0.9934901 0.99422175 0.99449456 0.9952016 0.99531496 0.9965194 0.99627113 0.996796 0.9935744 0.99091846 0.9946843 0.99539906 0.994357 0.9954779 0.9949602 0.99277586 0.9946452 0.99406296 0.9952324 0.99380773 0.9923835 0.99232155 0.9908068 0.9945806 0.9921052 0.99295455 0.9944293 0.9931048 0.9929931 0.9916788 0.9927511 0.9926005 0.98963875 0.98668176 0.9891894 0.9939692 0.99536216 0.99241084 0.9947364 0.9970134 0.9942054 0.9965078 0.9961305 0.9929644 0.99418086 0.99246603 0.99166214 0.9943695 0.99478126 0.99364847 0.9962802 0.99408674 0.99371535 0.9908521 0.9952046 0.98291403 0.98770756 0.993877 0.9927295 0.9881109 0.9913462 0.99179596 0.98359394 0.99035925 0.9950772 0.99334604 0.9864369 0.9911334 0.99161905 0.990249 0.99160904 0.9906075 0.9893518 0.98009586 0.99259555 0.99411327 0.99368066 0.9878748 0.9828764 0.9889429 0.9905194 0.99227595 0.98911655 0.9857816 0.98840094 0.9882365 0.9883723 0.98441565 0.98888147 0.99093056 0.9911368 0.988568 0.98534346 0.9932562 0.9929975 0.993729 0.99218047 0.994827 0.988776 0.9908874 0.99056864 0.9934267 0.9954823 0.996253 0.9963302 0.98953384 0.9879343 0.995034 0.9955144 0.9885678 0.98299724 0.98777544 0.9887043 0.98614067 0.99117523 0.99141073 0.992277 0.99446994 0.9879774 0.9904561 0.9900177 0.9919271 0.991866 0.98836887 0.9870589 0.9925258 0.9914655 0.9914094 0.9929286 0.9927763 0.99247986 0.9905403 0.990416 0.99154717 0.990255 0.99071157 0.99338233 0.9929266 0.9904503 0.9933965 0.9897554 0.9918277 0.9932675 0.99395025 0.9960741 0.99634695 0.995575 0.997664 0.9985384 0.99767756 0.99794453 0.9951905 0.9944407 0.9947171 0.9947535 0.99501944 0.9953756 0.9939742 0.9959916 0.99526155 0.9945088 0.99295104 0.9951498 0.9955361 0.9951862 0.996503 0.99644846 0.9968325 0.9939334 0.9957437 0.9964896 0.99605566 0.9942711 0.9956287 0.99405026 0.99442303 0.99413604 0.994886 0.9932861 0.99401385 0.9918376 0.99221545 0.9930836 0.994087 0.99316955 0.99083537 0.9948294 0.99129534 0.9918087 0.9912983 0.9885714 0.98938483 0.990816 0.9920843 0.99384725 0.9951774 0.99427164 0.99501324 0.99340653 0.9942397 0.9939384 0.9954346 0.99588317 0.9941587 0.9949264 0.9935418 0.9943611 0.995661 0.99550825 0.9938007 0.9938923 0.9946267 0.993196 0.99397147 0.9944539 0.9955429 0.9944517 0.993883 0.99565166 0.99382716 0.99329406 0.993764 0.9962255 1.0000007 0.9924848 0.9892844 0.9900052 0.9908381 0.99271584 0.9909506 0.9924035 0.99367946 0.9929702 0.99437183 0.99155146 0.9914923 0.9937439 0.9935969 0.99017525 0.9893343 0.989321 0.9925685 0.99386513 0.99365103 0.99385387 0.9939954 0.98899066 0.9898119 0.9907427 0.9856914 0.98390794 0.98284954 0.9956907 0.9915332 0.99220604 0.99284977 0.9939065 0.9917729 0.99259365 0.9925224 0.9953289 0.9961697 0.9902183 0.9900603 0.99253374 0.9925119 0.9909469 0.99363935 0.99179757 0.99052745 0.9918261 0.9932364 0.99359643 0.992784 0.99392456 0.99072206 0.9896054 0.99182844 0.9875462 0.99414635 0.9920044 0.9901234 0.9905274 0.99037194 0.98924816 0.99164855 0.9934502 0.993894 0.99308044 0.99262047 0.99246156 0.98617864 0.99300855 0.99041885 0.9943788 0.9937115 0.98976666 0.993266 0.9956669 0.9944728 0.9936574 0.9940091 0.99531853 0.99280095 0.99373543 0.9934445 0.9871601 0.99029756 0.9954247 0.98957014 0.9877639 0.9933547 0.9943582 0.99464846 0.99375397 0.99432534 0.99425936 0.99460506 0.994321 0.9954087 0.9967532 0.9943802 0.99172926 0.99335736 0.99533767 0.99424905 0.99312615 0.99091256 0.9856893 0.98835474 0.99083745 0.99353576 0.99518275 0.99358886 0.99209225 0.9939257 0.99363655 0.9874175 0.98742956 0.9882596 0.9896111 0.9922878 0.99262387 0.9919688 0.99517655 0.9931012 0.99307835 0.9893685 0.99447453 0.99436414 0.9945566 0.9939469 0.9937025 0.9958505 0.9946139 0.9933245 0.99425864 0.99389887 0.99440753 0.99434835 0.99160117 0.9913171 0.99289995 0.9932844 0.9951586 0.98530525 0.98486435 0.98631316
StankovicxBorisav_SRP19022BorisavSPokojnikovaZena-L2_1 0.9905308 0.9946888 0.99392605 0.99057484 0.9916299 0.9917562 0.98961043 0.98591894 0.9927463 0.9925935 0.9930363 0.9945521 0.99146616 0.99103755 0.99364966 0.9929942 0.9920967 0.9933748 0.99419254 0.993816 0.9899383 0.99116653 0.99567133 0.9954452 0.99418 0.9913016 0.99313015 0.99027115 0.9921212 0.9900732 0.9905578 0.99244285 0.99012065 0.98553306 0.9821697 0.9933089 0.99395573 0.989892 0.9960838 0.9970526 0.9950516 0.9928718 0.99496186 0.9930211 0.9943085 0.9962843 0.9949464 0.9948558 0.99524254 0.99188125 0.99364734 0.9916356 0.99005866 0.9907205 0.9880344 0.99397326 0.9940959 0.98814386 0.99096996 0.992147 0.9916795 0.9930346 0.993429 0.9920138 0.9902353 0.9914727 0.9909594 0.99079114 0.98996496 0.9965865 0.99375963 0.99345016 0.99133706 0.9920861 0.9924182 0.9920699 0.9922791 0.99074686 0.993384 0.9942552 0.99132675 0.9916585 0.99378264 0.9922068 0.991546 0.99335515 0.9920387 0.9942094 0.9937741 0.99296486 0.9942906 0.9890189 0.9907942 0.9892587 0.98936933 0.99129 0.9885018 0.9918062 0.98916036 0.9885388 0.9875988 0.9889983 0.9887948 0.99027556 0.98859847 0.9936885 0.98937094 0.9900366 0.9928633 0.9915077 0.9922123 0.9919637 0.99177265 0.99238 0.99298847 0.99062186 0.993516 0.99426615 0.9927674 0.99325466 0.9929059 0.9903479 0.99295163 0.9933903 0.99545777 0.99482876 0.99317 0.9945811 0.9946128 0.99546385 0.99576265 0.9955428 0.99562854 0.99587005 0.9939432 0.9893707 0.99327964 0.9939198 0.99373966 0.9914071 0.99099684 0.9871945 0.99023694 0.99400866 0.9919588 0.9916089 0.9939834 0.994319 0.9942385 0.99429184 0.9939382 0.9925471 0.9895362 0.98957723 0.9943715 0.9944879 0.99376965 0.99132746 0.9902242 0.9895445 0.99078333 0.9879309 0.98942596 0.988986 0.98984665 0.9886745 0.99037457 0.992008 0.9905919 0.9923694 0.99092174 0.98791766 0.9902395 0.9905061 0.9881851 0.9893119 0.9904914 0.98845994 0.9877804 0.994776 0.9923485 0.99078465 0.9920832 0.99067605 0.98929894 0.9855503 0.9952344 0.9943122 0.99373543 0.9943749 0.9906828 0.99055785 0.9880093 0.9908892 0.9899096 0.99321824 0.9934157 0.9956341 0.9943882 0.9938779 0.99103284 0.9918762 0.99346316 0.991797 0.9948213 0.9917039 0.99163884 0.9921821 0.98948723 0.98732376 0.9885183 0.9918553 0.99244636 0.99168503 0.99252594 0.99084127 0.9925628 0.991273 0.99084574 0.99140257 0.99152803 0.9862383 0.9850843 0.9882139 0.991415 0.9903631 0.9916463 0.9927441 0.9913551 0.99055797 0.9906733 0.99042255 0.9942448 0.9949815 0.9944732 0.9942161 0.9946991 0.9914437 0.99100137 0.99305516 0.9929089 0.9866285 0.9781414 0.98600084 0.98830086 0.99348766 0.9929691 0.9929834 0.99349934 0.98923296 0.9941503 0.9949736 0.995417 0.99181855 0.98981756 0.9927966 0.99305725 0.9936241 0.99348927 0.9893498 0.9926094 0.9918409 0.98926884 0.98891366 0.99204785 0.99294066 0.9919575 0.98969436 0.9876039 0.99370986 0.9926702 0.9942758 0.99429595 0.99417704 0.9928586 0.9929259 0.99397546 0.9952891 0.9951868 0.9955536 0.99533474 0.9925922 0.9926838 0.9934889 0.99414164 0.9910042 0.98718977 0.9929276 0.99234253 0.9881917 0.99334836 0.99398345 0.99395037 0.9942052 0.9924248 0.99350035 0.99279094 0.99559367 0.99313104 0.99180084 0.9901783 0.9887851 0.98601264 0.98674333 0.9868737 0.98606944 0.9867469 0.9848162 0.9933913 0.9933891 0.9936485 0.9937373 0.9932453 0.99494714 0.9945805 0.9946545 0.9941251 0.99452424 0.9949527 0.994816 0.99242914 0.9943075 0.993026 0.99432576 0.9934044 0.9919849 0.992891 0.9944611 0.9933682 0.9937429 0.9940932 0.98994887 0.98829085 0.98690826 0.9916407 0.9887979 0.98919654 0.99524 0.99415565 0.9943909 0.9942395 0.99316305 0.9954535 0.9920012 0.99000114 0.9953315 0.9948172 0.9956457 0.9953077 0.99337184 0.99279445 0.992215 0.99529886 0.9944846 0.9941541 0.9929135 0.9929813 0.99204665 0.99158484 0.98254156 0.99595356 0.9960728 0.995698 0.9953536 0.9959391 0.9968364 0.9929999 0.9934956 0.99413925 0.9945114 0.99454737 0.996362 0.9940354 0.9902495 0.99513346 0.99450594 0.9940583 0.9921457 0.993472 0.98644763 0.9948511 0.98578465 0.9864607 0.9923514 0.98814386 0.9830882 0.98423254 0.9861126 0.9950229 0.9876551 0.9946734 0.990861 0.9948307 0.9950855 0.9895493 0.98903006 0.9880591 0.9873221 0.9916147 0.9924848 0.99999994 0.9973634 0.9980663 0.9981356 0.9984815 0.9982388 0.99798125 0.99794203 0.998721 0.99293596 0.9889408 0.98880213 0.9932303 0.9900408 0.9886436 0.9878657 0.9858128 0.9906699 0.99213755 0.9921218 0.9941556 0.9934831 0.99425375 0.9925567 0.99346644 0.9893261 0.9871646 0.9872895 0.99160534 0.9918221 0.99256444 0.99235874 0.99341154 0.990968 0.99239296 0.9920991 0.99337727 0.99142385 0.9923811 0.99294674 0.9929949 0.99284875 0.99188423 0.99178886 0.99394715 0.9930704 0.9948313 0.9942677 0.99445426 0.9962601 0.99440163 0.99463767 0.99265504 0.99284214 0.99373186 0.9918759 0.9905279 0.99024457 0.9917314 0.9919009 0.99372727 0.99142367 0.9926887 0.99525213 0.9955134 0.99352396 0.99433684 0.991675 0.99438447 0.9935775 0.9953128 0.99233294 0.9924972 0.99289316 0.9956069 0.9933814 0.99189794 0.9942466 0.9927573 0.99399173 0.99408203 0.9949082 0.98976755 0.9917042 0.99414384 0.9919298 0.99246275 0.99621093 0.9942027 0.9917004 0.99362516 0.99334955 0.9913228 0.99458575 0.993149 0.995026 0.9915658 0.9910388 0.9869467 0.98936397 0.9884814 0.9887289 0.98828566 0.98652154 0.9920686 0.9940074 0.9939659 0.9937876 0.9934546 0.9936511 0.9939702 0.99363565 0.9943088 0.9929163 0.99300474 0.9926877 0.9938062 0.99363804 0.9928377 0.99197775 0.99131554 0.984184 0.98347193 0.97774416 0.9870969 0.9878208 0.9876291 0.9873763 0.9855232 0.99029374 0.9861682 0.9826742 0.98538005 0.98565483 0.9857553 0.9855035 0.98121494 0.9805048 0.98356044 0.98361194 0.9873285 0.9883874 0.98650825 0.9864479
StankovicxBorisav_SRP19101BorisavSNecistaKrv-L2_1 0.98993117 0.9948384 0.9929395 0.9879159 0.9890396 0.9948865 0.9919933 0.9894474 0.99236095 0.9906265 0.99167573 0.9939667 0.98970693 0.98941284 0.9926089 0.98963886 0.989197 0.9909732 0.9928964 0.99286807 0.98785204 0.9890836 0.995974 0.99378264 0.9927497 0.98853445 0.99134785 0.98602486 0.99018466 0.9871735 0.98737866 0.99123514 0.987712 0.98130447 0.97744226 0.99173176 0.9915855 0.986447 0.9946742 0.9943044 0.9923098 0.9904198 0.99387646 0.98861665 0.99210703 0.99443036 0.9918015 0.99254525 0.9934899 0.9905156 0.994396 0.9933037 0.99127454 0.99183923 0.99019146 0.992008 0.9927989 0.9861426 0.988443 0.99172163 0.9914547 0.9897959 0.99359035 0.9924416 0.9912048 0.99183536 0.99212986 0.99349797 0.99167806 0.99689317 0.9950601 0.99626255 0.9944683 0.99313813 0.9946674 0.99222493 0.9946995 0.9940132 0.9948117 0.994931 0.99368167 0.99036884 0.99264747 0.99106187 0.9890527 0.9923799 0.9901361 0.99291945 0.9923248 0.9921963 0.99369633 0.98679394 0.9930941 0.9913829 0.99130756 0.9931821 0.9915294 0.99301696 0.99228525 0.9906736 0.99031496 0.99041265 0.99027425 0.9905862 0.9877192 0.994722 0.98797834 0.98941463 0.99283415 0.9916002 0.99178153 0.99073565 0.99118996 0.9915759 0.99275625 0.98932624 0.99532557 0.9951984 0.99461603 0.99440765 0.99462867 0.9930015 0.99447626 0.99415123 0.99523175 0.9964745 0.9931663 0.99585724 0.9965893 0.9966841 0.9958478 0.9961414 0.99525607 0.99574035 0.9956194 0.9858635 0.9910083 0.9921485 0.99177593 0.9901968 0.9889228 0.98522353 0.9884176 0.9955832 0.99372417 0.99248445 0.99614733 0.9973086 0.9962598 0.99580455 0.9946161 0.995158 0.9926817 0.992563 0.9938413 0.9929124 0.99156547 0.9895169 0.98885024 0.9900073 0.98997265 0.9880483 0.987677 0.9886408 0.98939466 0.9871589 0.98860097 0.9915164 0.99087054 0.9922433 0.9905368 0.986066 0.98943746 0.98861593 0.98539865 0.9868024 0.9902489 0.9860192 0.98498863 0.9943964 0.9916201 0.9883332 0.98903024 0.9887252 0.9876509 0.98426324 0.9943837 0.9929636 0.9928987 0.99350256 0.98965794 0.99073255 0.98600155 0.9905008 0.9882074 0.99260336 0.9937808 0.99707 0.99691975 0.99480236 0.9925464 0.9921476 0.99349546 0.9914688 0.9960955 0.9924236 0.99092835 0.9921462 0.990504 0.98858774 0.9893684 0.9910068 0.99135566 0.99235743 0.99260414 0.9885782 0.9923995 0.9895904 0.98935974 0.99187875 0.99152625 0.98574966 0.9845798 0.9874377 0.9907247 0.9903403 0.99077046 0.99316895 0.9916946 0.99227643 0.99011767 0.9921106 0.9943876 0.99446213 0.9949867 0.9965334 0.9957485 0.9919966 0.99514115 0.9938771 0.9926206 0.98453426 0.9763371 0.9847908 0.9878315 0.9951615 0.99399734 0.9949049 0.9960192 0.9946012 0.99502146 0.99507743 0.9954073 0.9953644 0.9949129 0.9959383 0.9962688 0.9953366 0.996745 0.9934309 0.99573535 0.99554425 0.9928056 0.9944032 0.9959712 0.9955001 0.99473685 0.99313074 0.9918984 0.9932436 0.99242896 0.9938759 0.99457896 0.99343276 0.9947318 0.99413687 0.9956931 0.99574685 0.9934425 0.99458265 0.9946187 0.99503726 0.99562895 0.99390054 0.99357665 0.99370915 0.991384 0.9956927 0.9951461 0.9907721 0.99493474 0.9959546 0.9954248 0.99478555 0.9957067 0.9955684 0.9945028 0.99654585 0.995222 0.99506634 0.993629 0.98964816 0.98579377 0.98756176 0.9863107 0.9851625 0.98574257 0.9852874 0.9932395 0.9918611 0.9942616 0.99494207 0.9931909 0.99486583 0.99560934 0.9944208 0.9966993 0.9950853 0.9955138 0.99497014 0.9925514 0.99449426 0.9931189 0.99257493 0.99018323 0.9885877 0.9900445 0.993325 0.9929627 0.99279714 0.9932974 0.98748285 0.9844779 0.9832742 0.9900344 0.9868933 0.98725367 0.9957308 0.9928223 0.9927836 0.9931342 0.99085754 0.99313384 0.9884025 0.98383844 0.9939827 0.99188954 0.9928742 0.9910987 0.98876 0.987901 0.98599565 0.99279207 0.9918286 0.99318004 0.9904378 0.99133915 0.9894737 0.9884437 0.97866935 0.995164 0.9965167 0.9938221 0.9939042 0.99510044 0.9962428 0.9953779 0.9952468 0.9955732 0.99618757 0.99517125 0.9956876 0.99369884 0.98841935 0.99496865 0.9941157 0.9939597 0.9898351 0.9909381 0.98312634 0.99373674 0.98283565 0.98396975 0.99164236 0.9859193 0.97985137 0.9811231 0.9836156 0.99560744 0.98376805 0.9930714 0.9875938 0.99402046 0.994208 0.98741853 0.9880997 0.9872987 0.985884 0.98959714 0.9892844 0.9973634 0.99999994 0.998182 0.9980964 0.9966006 0.9984844 0.9974578 0.9965376 0.99733865 0.99249107 0.98923385 0.9891489 0.99341285 0.9895645 0.99093366 0.99067485 0.98774207 0.99113506 0.99316835 0.9926516 0.99513286 0.9933486 0.9957859 0.9947066 0.99428415 0.992658 0.99142027 0.99129874 0.99026966 0.9930863 0.99354327 0.99277925 0.9933757 0.9925534 0.9934658 0.99335265 0.99355364 0.9899506 0.9955113 0.9945699 0.9940454 0.9936794 0.9938867 0.9921091 0.99462616 0.99372286 0.9953086 0.9928464 0.9944469 0.99632037 0.9941051 0.9959948 0.99334574 0.9928511 0.99617285 0.99235237 0.9912465 0.99229014 0.9934795 0.994244 0.99648046 0.9934365 0.99333686 0.99615407 0.9960357 0.995333 0.996111 0.9956607 0.9950604 0.9957465 0.99515826 0.993324 0.9954001 0.994198 0.9945034 0.9936 0.9926998 0.99460536 0.9931736 0.9959848 0.99568045 0.99585885 0.9940532 0.9939513 0.99418664 0.99430573 0.99514693 0.9959542 0.9935136 0.98994994 0.992883 0.99313176 0.9908094 0.9932114 0.9931467 0.99344116 0.9886812 0.9878878 0.9832037 0.98630756 0.9847983 0.9853506 0.98483956 0.9821416 0.9956911 0.9963648 0.99597555 0.9945809 0.9933218 0.9948338 0.99604756 0.9945624 0.9947399 0.99632084 0.9961537 0.99595666 0.99610513 0.9947211 0.9935465 0.9933222 0.9893842 0.9819538 0.98007 0.9748546 0.9831023 0.9851953 0.98446405 0.98440045 0.98191476 0.98746747 0.9825096 0.9779366 0.9828659 0.9807137 0.9816015 0.982388 0.97687155 0.9759124 0.97910774 0.9799465 0.9842357 0.9898262 0.9864366 0.9868217
StankovicxBorisav_SRP19101BorisavSNecistaKrv-L2_2 0.98925084 0.9947843 0.9926537 0.9876513 0.98903674 0.99244636 0.98959434 0.98621035 0.99238724 0.9911097 0.9917731 0.9940646 0.99026954 0.9899985 0.99236363 0.9907093 0.98958474 0.99145913 0.9931182 0.9928056 0.98826605 0.98942226 0.99610126 0.9946834 0.9931988 0.98937327 0.9914851 0.98745465 0.990845 0.98783714 0.98776066 0.99113345 0.9879901 0.9826328 0.9785553 0.9920813 0.9925115 0.98705167 0.99573076 0.99547094 0.9933889 0.99157757 0.99450445 0.9899944 0.99335605 0.996055 0.99316657 0.99283624 0.99417186 0.9903404 0.9931558 0.9912407 0.9891232 0.9905356 0.9881168 0.99286085 0.9935767 0.987026 0.9895976 0.9915534 0.9909547 0.99148834 0.9940942 0.9927271 0.9919534 0.99268603 0.99114126 0.992073 0.99073434 0.9970372 0.99329895 0.9950768 0.9924729 0.99195313 0.99282676 0.9915739 0.9942454 0.9923352 0.9936966 0.9950027 0.99264824 0.99066395 0.9933343 0.9910463 0.98918664 0.9923898 0.9905732 0.992943 0.99240845 0.99195164 0.99313045 0.9863271 0.99042445 0.98883516 0.9890314 0.9905546 0.98800427 0.9911725 0.9885731 0.98736584 0.9872506 0.98834145 0.9878713 0.9891869 0.98726857 0.9924061 0.9867979 0.9882675 0.99135274 0.9902153 0.9907385 0.99037504 0.99011636 0.9907425 0.9913515 0.98864466 0.9930793 0.99409515 0.9932889 0.9935138 0.99360394 0.99076235 0.9932115 0.99362737 0.99534124 0.9959731 0.99243397 0.99576336 0.99652785 0.9965016 0.99633074 0.99645346 0.9957727 0.9956941 0.99495417 0.98601824 0.9915067 0.99218255 0.992471 0.9904232 0.98927397 0.98523873 0.9885681 0.99440885 0.9920596 0.99125165 0.994272 0.9959669 0.99478114 0.9945303 0.9942743 0.993708 0.9900525 0.9909026 0.9925949 0.9924786 0.9914763 0.9890892 0.9882583 0.98840535 0.98867935 0.98614186 0.986935 0.9871149 0.9879743 0.9860312 0.9879931 0.9906042 0.9890528 0.99079025 0.98863256 0.98533726 0.9887098 0.98821944 0.98533666 0.9864992 0.9891148 0.9856197 0.98521376 0.9937667 0.9907863 0.98838377 0.98933893 0.98901874 0.98614395 0.98241764 0.9940864 0.99278027 0.9921456 0.99284846 0.98920673 0.99008995 0.98572654 0.989834 0.98812187 0.9927696 0.9931673 0.9962893 0.995623 0.99347657 0.99093986 0.99140793 0.9931706 0.99135214 0.9951627 0.99071 0.9899331 0.99091035 0.9888277 0.98690224 0.9880144 0.99057317 0.99140596 0.99195707 0.99260485 0.9894335 0.9928333 0.99012375 0.99010646 0.9915396 0.9913343 0.9840596 0.9830365 0.9865474 0.98948514 0.9885644 0.98990834 0.991815 0.9898933 0.9899024 0.9890205 0.99271554 0.9957488 0.9932399 0.99329084 0.9944283 0.99382585 0.98945844 0.99203235 0.991994 0.9913365 0.9839245 0.9756985 0.9839205 0.9866361 0.99307346 0.99199486 0.9945128 0.99494976 0.9930444 0.9944793 0.9948428 0.995524 0.99382323 0.9927081 0.9943639 0.99454314 0.9936091 0.99511045 0.99099576 0.99456835 0.9934298 0.98940474 0.9902843 0.9928025 0.9929947 0.99161965 0.9898001 0.9876967 0.99233544 0.99208945 0.99355257 0.9947742 0.99334365 0.9935155 0.9932624 0.9955081 0.99608326 0.993985 0.9948299 0.9945929 0.993783 0.9949052 0.992556 0.99403226 0.99203885 0.98904496 0.9948196 0.9941295 0.9894199 0.99483275 0.9946262 0.9950182 0.99410343 0.99374443 0.9940433 0.9928731 0.9960892 0.9934122 0.9926838 0.99143493 0.9884241 0.98485696 0.98645514 0.98572564 0.98496294 0.98555094 0.9840182 0.9936093 0.99217796 0.99328953 0.9937152 0.9929721 0.9946969 0.9954241 0.9947629 0.9946977 0.9945381 0.99557805 0.9945137 0.99178874 0.99387217 0.9922394 0.9931092 0.9914129 0.9896884 0.9911517 0.9931378 0.9920646 0.9926748 0.9934729 0.98834985 0.9863517 0.98474437 0.9899812 0.9871498 0.9875353 0.995332 0.99306494 0.9930959 0.9931171 0.9910649 0.9938624 0.9889324 0.9855861 0.99440444 0.992557 0.9933399 0.9932107 0.98983747 0.98925364 0.98801416 0.99403965 0.992139 0.99254465 0.9903182 0.9913861 0.98951316 0.988568 0.97950095 0.99570096 0.9968932 0.99496704 0.99490726 0.99600285 0.9976195 0.9941535 0.9943069 0.99470186 0.99535716 0.994897 0.99621385 0.9930248 0.98851293 0.9952457 0.99413836 0.9941084 0.9909741 0.9920524 0.9840668 0.9940267 0.9830929 0.9840631 0.9911691 0.9856548 0.9802287 0.98143137 0.983865 0.9949719 0.9851149 0.9935126 0.98878556 0.9944149 0.994322 0.9869153 0.9870561 0.986302 0.9851359 0.9891339 0.9900052 0.9980663 0.998182 1.0000002 0.9991413 0.99846685 0.99906474 0.99883777 0.99788 0.9984555 0.99178 0.98739535 0.9870391 0.99301183 0.9887992 0.98784757 0.98791 0.98482895 0.98945683 0.99151 0.9914497 0.9937779 0.99296516 0.99466705 0.99326825 0.9932558 0.99085784 0.9886566 0.9888348 0.9896616 0.99115074 0.9922269 0.9912902 0.9923836 0.99106216 0.99241877 0.99183863 0.9931744 0.99029756 0.99423313 0.9945959 0.99367565 0.9933478 0.99267954 0.9920049 0.9936844 0.99239993 0.9948627 0.9935339 0.9938181 0.99627525 0.9940583 0.9950947 0.9927756 0.99282795 0.99508065 0.9912701 0.9900887 0.9904341 0.9921313 0.9931044 0.99563247 0.9922281 0.9917767 0.99578094 0.99653316 0.99402833 0.9951634 0.99292845 0.99418736 0.99409676 0.99485636 0.9922721 0.993451 0.9921645 0.9951506 0.993086 0.99145716 0.993908 0.99190027 0.9946813 0.9941652 0.99466324 0.9908315 0.99131304 0.9931171 0.9918682 0.9938563 0.9949718 0.9921211 0.98887473 0.99164826 0.99130213 0.98907286 0.9925203 0.9911218 0.9928052 0.9888926 0.9880187 0.98355615 0.9862325 0.9854744 0.9856372 0.98499155 0.98252076 0.9940165 0.9956626 0.994958 0.9940393 0.9928163 0.99373233 0.9952624 0.99342793 0.9942858 0.99460506 0.99450207 0.9940973 0.99474895 0.9938965 0.9926827 0.9919248 0.98846537 0.98118156 0.9806641 0.97489774 0.9843639 0.98551446 0.9849768 0.98475367 0.98225844 0.98683447 0.9825892 0.9786967 0.9824078 0.981208 0.98191345 0.9823534 0.9766045 0.97645855 0.9794347 0.9800348 0.98390716 0.9883117 0.98591876 0.98616916
StankovicxBorisav_SRP19101BorisavSNecistaKrv-L2_3 0.9897986 0.9951725 0.99340373 0.9885295 0.9903134 0.99313664 0.9903887 0.9863098 0.993853 0.9930316 0.99328 0.9955263 0.9919754 0.99169827 0.9946476 0.9926271 0.99177045 0.99350727 0.99509645 0.9944382 0.99028236 0.99122584 0.9970853 0.9957297 0.99443823 0.9906618 0.99293315 0.9886548 0.99308324 0.99023706 0.99001074 0.9934779 0.9903693 0.9846007 0.98064417 0.9938375 0.9939018 0.9890454 0.9962669 0.99607897 0.9942772 0.9925021 0.9948815 0.99077547 0.993893 0.9966156 0.9941206 0.9937153 0.99535584 0.9914994 0.9943801 0.9924805 0.9901085 0.99084723 0.98853433 0.99371684 0.9940248 0.9879807 0.9905277 0.9930202 0.992213 0.9924539 0.9948884 0.9933864 0.99238545 0.9931877 0.99194235 0.99288535 0.9913528 0.99724513 0.9946351 0.9959316 0.9931558 0.9935311 0.99409205 0.99310625 0.9956783 0.99386024 0.9945395 0.99605286 0.9940291 0.99077135 0.9935596 0.9910433 0.9891191 0.9923172 0.990798 0.9930514 0.9931577 0.991534 0.99309564 0.9883115 0.9915839 0.9909577 0.99086094 0.991773 0.9887555 0.99171823 0.9898309 0.98840755 0.9889026 0.9904072 0.99002945 0.9904681 0.98832643 0.9931245 0.98793864 0.9893845 0.99280053 0.9910346 0.9917119 0.9909253 0.9908101 0.9916758 0.9921618 0.9890723 0.9943621 0.99518114 0.99461764 0.9946587 0.9947481 0.9919297 0.9954501 0.9957445 0.99673676 0.9971831 0.9942916 0.9972972 0.9970831 0.9974683 0.9974727 0.99753773 0.9967355 0.9967042 0.99611616 0.9882173 0.992583 0.99324626 0.993505 0.9894076 0.98869276 0.9841289 0.987754 0.99463964 0.9933293 0.99281955 0.9949871 0.9963237 0.99519265 0.9956234 0.9948951 0.99461067 0.9913299 0.9915935 0.994569 0.99428356 0.9933125 0.98950565 0.9886207 0.98886967 0.9891563 0.9870695 0.9874752 0.9877816 0.98876613 0.9871701 0.9890268 0.99207723 0.99026394 0.99205923 0.9901141 0.9864879 0.9902904 0.98917943 0.98632514 0.9876041 0.9909947 0.98786795 0.9873577 0.99525225 0.9926866 0.9904196 0.99105674 0.98962486 0.98750365 0.98385626 0.9953706 0.9937535 0.99340004 0.9933042 0.9912564 0.99260783 0.9881925 0.9921983 0.9902832 0.9948155 0.99536633 0.9968468 0.99538887 0.99403954 0.9907139 0.9917107 0.9934315 0.99139893 0.9950949 0.9903077 0.9895397 0.9911437 0.9883446 0.985996 0.98699796 0.99030846 0.9933961 0.9940387 0.994229 0.99110115 0.994449 0.9915638 0.9917362 0.99332553 0.99283326 0.98600876 0.9851078 0.98855907 0.9914345 0.9904429 0.9907759 0.9935419 0.9915967 0.99172217 0.990838 0.99343747 0.9958472 0.9946729 0.99385464 0.99439186 0.9942292 0.99003184 0.99244857 0.9917392 0.9926978 0.984667 0.9766094 0.9843619 0.98718786 0.9932472 0.9928267 0.9945036 0.9959768 0.9926605 0.99421763 0.994734 0.9952946 0.9935908 0.99358517 0.99462223 0.9957385 0.994346 0.99582446 0.99256897 0.99532765 0.9941437 0.99031645 0.99146616 0.99319047 0.99407506 0.99294007 0.99097985 0.9885233 0.9937019 0.9936103 0.9944299 0.9959028 0.99421173 0.99402106 0.9942093 0.9958416 0.99688166 0.9943725 0.9956936 0.99504614 0.99456817 0.9955286 0.9939788 0.99431294 0.9928818 0.9896606 0.9955668 0.99505055 0.99125665 0.9953649 0.99576354 0.9955933 0.99504787 0.9943291 0.9943215 0.9932941 0.9969628 0.99427503 0.99317974 0.9919272 0.9899011 0.986764 0.9887724 0.98745406 0.9868419 0.9873365 0.9862807 0.9945152 0.99292374 0.99368006 0.99482733 0.9945558 0.9957462 0.9957135 0.99545574 0.9951304 0.99530697 0.99680877 0.9960899 0.99311066 0.99491715 0.9935208 0.99365014 0.9920393 0.99016833 0.9913697 0.9947425 0.99384403 0.99455714 0.9952335 0.9883057 0.98622 0.9844182 0.9902125 0.9877442 0.9874631 0.9968082 0.9947341 0.9947658 0.9946047 0.9926797 0.99481636 0.99036765 0.98713547 0.99543667 0.99331146 0.994251 0.9942733 0.9911848 0.98994243 0.98882836 0.9953837 0.9933593 0.994158 0.991825 0.9929201 0.9910164 0.98979574 0.9803078 0.9965252 0.9974842 0.9962177 0.9960717 0.99692374 0.99793696 0.9943177 0.99399596 0.9949564 0.995552 0.9946676 0.9962782 0.9942691 0.98983586 0.9960739 0.9953488 0.9949766 0.99172026 0.9933671 0.98521626 0.9950715 0.984733 0.98574334 0.99264723 0.9871047 0.98211586 0.98299414 0.98554826 0.9961104 0.9863663 0.9945634 0.9900009 0.9953335 0.9951374 0.98799086 0.9888145 0.9879311 0.9869908 0.99059224 0.9908381 0.9981356 0.9980964 0.9991413 1.0 0.9988742 0.9995499 0.99915075 0.998421 0.99882203 0.9934864 0.98907804 0.98811555 0.9934268 0.99002147 0.98924375 0.989203 0.98616165 0.9904476 0.9927491 0.9927801 0.9949452 0.9941342 0.9954628 0.9943586 0.9942598 0.9911951 0.9895232 0.9897322 0.99069285 0.99206805 0.992831 0.99253494 0.99347717 0.9923635 0.9936488 0.9928091 0.9936198 0.990784 0.9947174 0.9954118 0.99414045 0.993631 0.99282444 0.9921148 0.99399906 0.99235356 0.9959493 0.9944645 0.99518555 0.9969455 0.99477077 0.99623924 0.99467945 0.99460167 0.9961241 0.99264836 0.9920824 0.9922817 0.99344736 0.9941091 0.9959875 0.9933004 0.992709 0.9960105 0.99691355 0.9944348 0.9957289 0.993476 0.9957081 0.9956102 0.9953496 0.9924016 0.9938446 0.9936192 0.9961922 0.9944228 0.9924306 0.99512327 0.9937393 0.9956028 0.99507487 0.9956358 0.99119294 0.9921564 0.9937246 0.99320066 0.9952705 0.99588716 0.99354076 0.9904983 0.99313635 0.9925792 0.99042904 0.9939357 0.99199104 0.9939308 0.99032617 0.9896834 0.9849417 0.9877303 0.9869217 0.9870717 0.98668826 0.98392326 0.9942896 0.9960449 0.99525905 0.994416 0.9930764 0.99419445 0.9953682 0.99373746 0.99461794 0.9952308 0.9945473 0.9945915 0.99485505 0.9942552 0.9935954 0.9921007 0.98974085 0.98260206 0.98154503 0.9760398 0.986157 0.987058 0.9862118 0.98633635 0.98352075 0.98835075 0.98454106 0.980254 0.9840349 0.98291445 0.9837437 0.9840051 0.9780952 0.9782369 0.98116446 0.98192847 0.9857775 0.989684 0.9868679 0.98779273
StankovicxBorisav_SRP19101BorisavSNecistaKrv-L2_4 0.99084127 0.99529123 0.9945977 0.9909142 0.9920224 0.99220705 0.98995936 0.9857207 0.99364626 0.9935497 0.9937161 0.9951436 0.9929766 0.99261236 0.9947233 0.99402183 0.9928841 0.99442333 0.9949824 0.99467766 0.991142 0.9922651 0.996282 0.9961007 0.99511623 0.9924575 0.99370253 0.99104583 0.99396986 0.9916668 0.9918817 0.9934685 0.99150854 0.9862617 0.9830366 0.9938653 0.9943253 0.99049467 0.99631035 0.99706835 0.99525046 0.99363697 0.99507654 0.9930244 0.99440145 0.996743 0.9951423 0.99460936 0.99575406 0.99238974 0.9936131 0.99133205 0.9897767 0.9914013 0.98830944 0.99468404 0.99494237 0.9889405 0.9924238 0.99354595 0.99281245 0.9939279 0.9945478 0.993126 0.99209744 0.99297196 0.99160767 0.991215 0.990687 0.99682224 0.99357796 0.9944576 0.9920855 0.99297357 0.9931347 0.9932558 0.9938554 0.99190885 0.99420834 0.9954885 0.9926495 0.99164534 0.99426895 0.99210787 0.99106693 0.9934395 0.9924083 0.9944797 0.9941779 0.9927146 0.99353063 0.9896805 0.9907442 0.9899194 0.9897549 0.9913105 0.98837966 0.9916596 0.98884416 0.98845196 0.9877594 0.9897637 0.9894414 0.98994416 0.9890345 0.9923972 0.9891944 0.9898969 0.99232703 0.99103904 0.9916594 0.99197286 0.99150056 0.99220514 0.9925177 0.9903428 0.9928547 0.9936558 0.9926353 0.9933373 0.99324155 0.9902467 0.9942946 0.9947344 0.9965803 0.99616975 0.99470186 0.996362 0.99563235 0.9965039 0.99734175 0.9970945 0.9969344 0.99683267 0.9952563 0.9902893 0.9938465 0.9944519 0.9947638 0.991269 0.9908737 0.98682517 0.98986495 0.9935734 0.9913977 0.99144197 0.993855 0.9944074 0.9945152 0.9946373 0.99400383 0.99257135 0.98922914 0.9893849 0.9941011 0.9941307 0.9939809 0.9911054 0.9902286 0.9892958 0.99063367 0.9872717 0.9890267 0.9882223 0.989439 0.9884431 0.9904336 0.99220335 0.9906413 0.99208254 0.9906703 0.988088 0.99082744 0.9907384 0.98843616 0.98973906 0.9910563 0.98901194 0.9886096 0.9949074 0.9925507 0.991604 0.9925093 0.9909857 0.9882597 0.9847197 0.9951944 0.9945379 0.9938627 0.9945513 0.9918312 0.9917929 0.9892626 0.99211234 0.991251 0.99468774 0.99426055 0.99578774 0.99459964 0.9940968 0.9911747 0.99189895 0.9940125 0.9927516 0.9950402 0.9906878 0.9909453 0.99155277 0.9888322 0.98653054 0.9881245 0.99157315 0.9937832 0.99337727 0.9942642 0.99259126 0.99464273 0.9931015 0.99281645 0.993236 0.99346286 0.98752517 0.9867431 0.99006563 0.9920672 0.99081457 0.9918773 0.9936219 0.99194497 0.99091357 0.9917052 0.9917181 0.9954771 0.9942582 0.9931151 0.99238074 0.9929045 0.9904489 0.9886946 0.9916586 0.9924395 0.98609424 0.97774553 0.98496175 0.9874101 0.99210644 0.99146914 0.9939685 0.9945913 0.989774 0.9951756 0.99577343 0.9963477 0.99276745 0.9904188 0.9930437 0.99382627 0.9939755 0.9940089 0.9901363 0.9931971 0.99214506 0.9886654 0.9881033 0.9914341 0.99267185 0.9916204 0.9894716 0.98689234 0.9938975 0.99358064 0.99460196 0.99526936 0.99472415 0.99275917 0.9930027 0.9945843 0.9960149 0.9947159 0.9956531 0.9952916 0.9930614 0.99359536 0.99360687 0.99500924 0.9913976 0.9873672 0.99326783 0.9930334 0.9894937 0.99385417 0.99411666 0.99474496 0.99465847 0.9926354 0.99336827 0.99323785 0.9962406 0.9933179 0.99185264 0.99072284 0.9895957 0.9867368 0.98813057 0.9877904 0.9873725 0.9878217 0.985849 0.99400526 0.9933369 0.993202 0.99306476 0.9935888 0.9950683 0.9946576 0.9949002 0.9932585 0.99457455 0.9958781 0.9954861 0.9933055 0.9950294 0.9939125 0.9945606 0.9939833 0.99269205 0.9937384 0.99514186 0.99357945 0.9946342 0.99522644 0.99076337 0.98944974 0.98783416 0.9920668 0.9896257 0.98959804 0.99616253 0.99539745 0.99531823 0.9951648 0.9940921 0.99597394 0.99235636 0.98996 0.99559265 0.99495995 0.99550307 0.99587953 0.99343616 0.99245924 0.9920099 0.9962095 0.99467885 0.99442106 0.99329287 0.99365085 0.9924673 0.9916591 0.98381805 0.9960207 0.99616945 0.9962951 0.9957129 0.99646866 0.99782825 0.9931042 0.99363923 0.99417984 0.99499613 0.9951632 0.9970272 0.9943586 0.9912351 0.9956154 0.9951974 0.99448895 0.9930287 0.99469495 0.9875022 0.9953514 0.98717403 0.9875432 0.99288195 0.9890902 0.98444 0.98548794 0.9874993 0.9955499 0.98861945 0.9949889 0.99183285 0.9955384 0.99558383 0.9892728 0.98904335 0.988339 0.9875904 0.9911786 0.99271584 0.9984815 0.9966006 0.99846685 0.9988742 0.99999976 0.99856585 0.99879444 0.9991375 0.9995855 0.9935131 0.98925817 0.988598 0.9937956 0.9901618 0.9883846 0.98795724 0.9857655 0.9904317 0.9926518 0.9928392 0.99433666 0.9941447 0.99451905 0.9930363 0.9936463 0.99003255 0.98746186 0.98734164 0.9916198 0.9915443 0.9924915 0.9920985 0.9933647 0.99154544 0.99320966 0.99244547 0.99391526 0.9921719 0.99300694 0.99422663 0.99373466 0.9935349 0.992347 0.9926124 0.9929793 0.9916863 0.99482304 0.99445 0.99469054 0.9965611 0.9948512 0.99513847 0.99329174 0.99370664 0.9941219 0.99247336 0.99180454 0.99112546 0.9925946 0.9932818 0.9946198 0.99191654 0.992816 0.9961738 0.9966744 0.9938154 0.9952307 0.9914088 0.99539334 0.99414665 0.99546087 0.9926011 0.9928016 0.9931115 0.9964704 0.9942906 0.9926715 0.995255 0.993965 0.9948388 0.99504656 0.99586004 0.98962647 0.9919467 0.9944184 0.99231434 0.9936594 0.9956267 0.9941296 0.99128306 0.9931744 0.99267 0.9908715 0.9945243 0.9922573 0.99467325 0.9916415 0.99059856 0.98650515 0.988853 0.98882484 0.9888361 0.98823154 0.98571426 0.9917624 0.99420637 0.9938946 0.9938911 0.9933463 0.9934217 0.9941907 0.99356556 0.99449086 0.99244493 0.9921805 0.992035 0.9932635 0.99322724 0.99213755 0.99113667 0.9903085 0.98457146 0.98376477 0.97830003 0.98751014 0.9878059 0.98769796 0.9873476 0.98560023 0.9901593 0.9864784 0.98317236 0.98570436 0.9861137 0.9860844 0.9861182 0.98149997 0.98131454 0.9841153 0.9842222 0.9876583 0.9886658 0.9870594 0.98766744
StankovicxBorisav_SRP19101BorisavSNecistaKrv-L2_5 0.98972434 0.99519056 0.9932292 0.9887732 0.9903918 0.9933212 0.9903061 0.9859115 0.9942152 0.9931952 0.99368346 0.9957072 0.9924056 0.99216115 0.99464047 0.99266213 0.99161273 0.9931692 0.9947461 0.99494034 0.9908504 0.99165857 0.9971868 0.99582195 0.99460405 0.99093187 0.9931587 0.9889745 0.992946 0.9904263 0.99006057 0.9935576 0.99054027 0.98468184 0.9808212 0.9934913 0.9935093 0.9888595 0.9963544 0.9962345 0.99455374 0.992959 0.9951198 0.99096376 0.9935147 0.9963989 0.99438405 0.99425155 0.9958788 0.99188185 0.99510473 0.99326384 0.99094087 0.99086785 0.988835 0.9933055 0.9936621 0.9869667 0.989691 0.99298733 0.9922833 0.9918736 0.99468315 0.9930516 0.991595 0.99241847 0.99209875 0.9931773 0.9918551 0.99772793 0.99502903 0.995993 0.9937945 0.99421024 0.9947548 0.9937424 0.9954776 0.99383235 0.9947589 0.99655163 0.99429727 0.9907706 0.9932837 0.9917014 0.98977953 0.9930821 0.99159306 0.9936866 0.99377644 0.9918053 0.9936903 0.98874986 0.99204206 0.9915314 0.99151444 0.9924132 0.9895891 0.9926014 0.99072415 0.9893459 0.9894237 0.9908696 0.9908082 0.9916181 0.9894392 0.9937837 0.9888372 0.9903412 0.9935853 0.99209464 0.99276936 0.99174595 0.9916278 0.9924447 0.99292207 0.9899272 0.99519295 0.99603873 0.9954634 0.9953977 0.9954328 0.9930583 0.9957895 0.99627346 0.9972399 0.997665 0.9947929 0.99751306 0.9970413 0.9977943 0.997571 0.9977376 0.997109 0.99719125 0.9965834 0.98815054 0.9922482 0.99299496 0.9931751 0.98984116 0.98938936 0.9848758 0.98844784 0.99508095 0.99405426 0.9936134 0.9953044 0.9967188 0.99564725 0.99614555 0.9942315 0.9940127 0.99096775 0.991003 0.99495006 0.9945553 0.99366343 0.99011874 0.98944044 0.9896811 0.9899353 0.98804754 0.98814636 0.98845184 0.98947364 0.9879455 0.9893676 0.992651 0.9906587 0.99291474 0.99083465 0.98736846 0.99107844 0.9901067 0.98726267 0.9884158 0.9913872 0.98814815 0.987668 0.9955371 0.9933771 0.9908704 0.99148875 0.990349 0.9890857 0.9857123 0.9957104 0.9942694 0.99414784 0.9937884 0.9916425 0.99304426 0.9888224 0.99257267 0.9907096 0.9950929 0.99567777 0.996924 0.99568695 0.9944508 0.99104065 0.99222773 0.9936771 0.99144095 0.9952362 0.99108773 0.99009174 0.9921215 0.98880315 0.9863709 0.9874601 0.99114525 0.99318445 0.9936696 0.994114 0.9911536 0.9940958 0.9913558 0.9918614 0.99281675 0.9924684 0.9860357 0.9850002 0.9884735 0.991766 0.990482 0.9914272 0.993747 0.991661 0.9918686 0.9908748 0.992527 0.9951875 0.99517834 0.99423766 0.9947431 0.99475896 0.99065846 0.99271715 0.9919622 0.9931084 0.98573095 0.9780319 0.9853686 0.9881359 0.99371904 0.9932668 0.99424046 0.9959235 0.9929453 0.9945641 0.99516755 0.99533224 0.99392235 0.99372137 0.9949841 0.99604166 0.9944715 0.9960196 0.99314624 0.9955022 0.99461484 0.991042 0.99199575 0.9939829 0.9948915 0.9937247 0.9918708 0.9894734 0.99415594 0.9941183 0.99460554 0.9960297 0.994546 0.9945787 0.9947245 0.995749 0.99674433 0.99440354 0.9958275 0.9950427 0.9944195 0.99530405 0.99432474 0.9941427 0.9927998 0.98990005 0.9955896 0.9952119 0.99124 0.99507695 0.9960543 0.995605 0.99503314 0.9945112 0.99472445 0.99359035 0.9971074 0.99458694 0.9937831 0.9923508 0.9908059 0.9880722 0.98966146 0.98854506 0.9879467 0.9884462 0.9874647 0.9942788 0.9927238 0.99381506 0.9955943 0.99516416 0.9961515 0.99606884 0.99584526 0.99579173 0.9958146 0.9969064 0.99614173 0.99350107 0.9953032 0.9940047 0.9939486 0.99210364 0.9903909 0.99147564 0.99505293 0.9943273 0.99490154 0.99549747 0.98783165 0.98584896 0.9838705 0.99114215 0.98892343 0.9886949 0.99683106 0.9949332 0.99504066 0.99490625 0.9928769 0.9948858 0.9905827 0.98679364 0.99545515 0.99350786 0.99440163 0.9937942 0.9911717 0.9897642 0.98858285 0.995036 0.99314666 0.9940085 0.99167085 0.9922774 0.9904747 0.9894093 0.98140407 0.9969113 0.9978234 0.99640924 0.9964515 0.99732214 0.9978748 0.9947687 0.99473536 0.995684 0.99610585 0.9950585 0.99652743 0.9946568 0.99032897 0.996475 0.995584 0.99557513 0.9922273 0.99350137 0.98581153 0.99520445 0.98526746 0.98639673 0.993203 0.98779225 0.98297936 0.9835946 0.9863751 0.9962754 0.9866138 0.9947029 0.99041414 0.9955532 0.99542725 0.9891458 0.99002594 0.98919404 0.9882107 0.99144435 0.9909506 0.9982388 0.9984844 0.99906474 0.9995499 0.99856585 1.0000005 0.99893665 0.998309 0.9985911 0.99368125 0.98945856 0.98868924 0.9937578 0.9908139 0.98996186 0.98977 0.98699796 0.9914503 0.9932779 0.99349594 0.995481 0.99481434 0.995772 0.99480534 0.99484175 0.991288 0.98994637 0.9903264 0.9916768 0.9930701 0.9936499 0.99343735 0.9940864 0.992834 0.99408436 0.9933877 0.99403626 0.9916815 0.9950545 0.99563044 0.99454576 0.9942895 0.9936505 0.9928441 0.9948377 0.9933773 0.9964706 0.99514645 0.9957394 0.99753165 0.9955468 0.99673325 0.9952141 0.9951394 0.99642634 0.9934801 0.9928366 0.99296737 0.9941856 0.99469507 0.9965508 0.9942139 0.9934101 0.9962317 0.9972054 0.9948372 0.9960051 0.9939534 0.9958341 0.9959187 0.9960618 0.99292576 0.99415267 0.99426955 0.99650234 0.9950132 0.9929389 0.9953884 0.99406546 0.99584824 0.9954188 0.9957649 0.99197793 0.9928694 0.99408513 0.99392736 0.9953803 0.9965246 0.99424773 0.9914345 0.99398917 0.9933883 0.9911651 0.9946472 0.99276 0.9946277 0.9901108 0.9891783 0.9845508 0.9873502 0.9869529 0.98681325 0.98626405 0.9833201 0.9948285 0.99656737 0.9958867 0.9949808 0.99389696 0.99482423 0.99580574 0.9942541 0.99518484 0.9957027 0.99502045 0.9950821 0.9955714 0.99504864 0.99441385 0.99305314 0.990706 0.9838336 0.9828542 0.97769684 0.98693836 0.98798484 0.9872138 0.9873276 0.9847407 0.98921895 0.9853368 0.98120725 0.9851482 0.9836416 0.98470795 0.9851976 0.97944003 0.9794365 0.9822407 0.9830779 0.98662627 0.98923016 0.98621553 0.9872941
StankovicxBorisav_SRP19101BorisavSNecistaKrv-L2_6 0.99083114 0.99574524 0.99436283 0.9895118 0.99113476 0.9932176 0.99092126 0.98695654 0.9943085 0.99379706 0.9938631 0.9957962 0.9925468 0.9921007 0.99466103 0.9930944 0.9921779 0.99407905 0.99498695 0.994493 0.9907466 0.99166155 0.997463 0.99609095 0.9953167 0.9921433 0.99380994 0.9898858 0.9938342 0.99105793 0.99102634 0.9941227 0.9909543 0.9858185 0.9820037 0.9943302 0.9944804 0.99019843 0.99664205 0.9960695 0.9944872 0.99305063 0.99510586 0.99158245 0.9948637 0.9970423 0.9945314 0.9939902 0.9953165 0.99203646 0.99423397 0.9921242 0.99018097 0.99145925 0.9888665 0.9947105 0.99494207 0.989801 0.9919143 0.9936846 0.9929784 0.9934712 0.9954921 0.9940264 0.9931417 0.99380517 0.99208105 0.9927493 0.99120784 0.996731 0.9942211 0.9955499 0.99252397 0.9930103 0.9934025 0.9931264 0.9949641 0.9934277 0.9944925 0.99541295 0.9932134 0.9914874 0.9940707 0.9914973 0.98960465 0.992366 0.9910709 0.9933167 0.99329954 0.9921297 0.9932859 0.9891038 0.9914208 0.9904456 0.99036676 0.9914113 0.9883372 0.99108654 0.9894396 0.9885266 0.98844117 0.98984194 0.9893433 0.9895183 0.98801535 0.9927553 0.98821515 0.98938185 0.9921013 0.99057066 0.9911374 0.99054736 0.990781 0.9916088 0.99181 0.98912346 0.993286 0.99384266 0.99317145 0.99326676 0.99358314 0.99062145 0.99500066 0.9949482 0.995957 0.99644935 0.99394506 0.99677163 0.99661404 0.9964155 0.9967083 0.9968075 0.9962446 0.99605584 0.9952057 0.98918843 0.9933241 0.9940954 0.99435854 0.9903847 0.9893948 0.9850556 0.9884579 0.99494827 0.9927461 0.9922661 0.99461645 0.99544924 0.99488866 0.9947068 0.9949082 0.9934146 0.9900113 0.9901093 0.99399686 0.9940406 0.99333584 0.9896407 0.98892367 0.9891516 0.9899864 0.9869562 0.9881999 0.9878302 0.9890921 0.98791367 0.9902263 0.99206215 0.99085593 0.9917362 0.99040073 0.98713547 0.99024767 0.9897216 0.987078 0.9882607 0.9912858 0.9885833 0.98817515 0.99504584 0.99271834 0.9909422 0.99140143 0.9900176 0.9875718 0.98354346 0.995091 0.99386096 0.9932018 0.99378055 0.99185157 0.9923369 0.988759 0.9923214 0.99060994 0.99452525 0.99478513 0.99643934 0.99490535 0.9940999 0.99101406 0.99120927 0.993268 0.991535 0.9950594 0.99045736 0.99021316 0.99081254 0.9889922 0.9867403 0.98782486 0.9905877 0.9938581 0.9941602 0.994512 0.99204767 0.9949376 0.99261785 0.99229044 0.99390966 0.99382675 0.9873294 0.9864907 0.9897618 0.9922442 0.9913184 0.99122643 0.9936634 0.9920607 0.99177986 0.9916321 0.99391353 0.99640423 0.9948092 0.9942083 0.99408484 0.99410945 0.99043345 0.9918594 0.99256104 0.99297166 0.9855155 0.9772346 0.9849732 0.9876139 0.9934789 0.99277383 0.99497706 0.9955589 0.9915775 0.9948412 0.9951035 0.99581516 0.9937322 0.99284416 0.9941301 0.9953418 0.9948867 0.99533266 0.99202985 0.9946592 0.99366295 0.9894748 0.99023634 0.99233013 0.9929594 0.9919937 0.99027264 0.98769736 0.9934132 0.9932986 0.99424255 0.9955038 0.9940757 0.9930548 0.9936 0.995961 0.9970145 0.99463356 0.9959061 0.9952353 0.9944756 0.9952092 0.9941602 0.99527603 0.99278754 0.9888266 0.9950117 0.9945594 0.9905809 0.9958481 0.9952602 0.9958468 0.99531543 0.99405843 0.99453574 0.9933525 0.9965418 0.9943195 0.992741 0.9914963 0.9901244 0.98636603 0.98890275 0.9876049 0.9871927 0.98721176 0.9862461 0.994262 0.99286324 0.9932798 0.99412084 0.99414593 0.9952179 0.9951509 0.9949512 0.99450874 0.99447626 0.9968933 0.99652636 0.9935888 0.9953175 0.99380904 0.99419385 0.99307215 0.9909711 0.9923694 0.9948518 0.9934408 0.99447215 0.99496096 0.99009836 0.9883928 0.9866855 0.99076295 0.98828655 0.98788375 0.99670863 0.9947595 0.9948387 0.99467325 0.99334484 0.9953553 0.9911862 0.9886096 0.99604803 0.99432355 0.9949238 0.995282 0.9922027 0.9914372 0.9903973 0.99616915 0.9944507 0.99465704 0.9927512 0.99403125 0.99213564 0.9914292 0.98187286 0.99582046 0.9965312 0.99595034 0.99497616 0.9960501 0.9975861 0.9940003 0.99364746 0.9944866 0.9953554 0.9949565 0.9966725 0.9945004 0.99039394 0.99591213 0.99539346 0.99497974 0.99226445 0.9939505 0.98601377 0.9955058 0.98566896 0.986814 0.9931947 0.9880414 0.98317206 0.9843943 0.9865004 0.996279 0.9876339 0.99509764 0.9909906 0.99585164 0.9952861 0.98820674 0.9884385 0.98758256 0.9869462 0.990947 0.9924035 0.99798125 0.9974578 0.99883777 0.99915075 0.99879444 0.99893665 1.0000001 0.99911517 0.9988798 0.99349535 0.989079 0.98840445 0.9938426 0.98984694 0.9891617 0.9888421 0.9859642 0.99016523 0.99258316 0.9923709 0.9948522 0.99354714 0.9944136 0.9936255 0.9933397 0.9912001 0.98882926 0.98877054 0.99056154 0.9913282 0.9922637 0.9921736 0.9933471 0.99218994 0.99345016 0.9922577 0.99419457 0.9912328 0.99457794 0.99478585 0.9938385 0.9933527 0.99236465 0.992229 0.9933733 0.99125904 0.99503917 0.9938996 0.9948405 0.996302 0.994326 0.9955236 0.9936609 0.994097 0.99499774 0.99276006 0.9917111 0.9920392 0.9930212 0.9939233 0.99545676 0.99259806 0.9928824 0.9963746 0.9967004 0.99422276 0.99577993 0.99289966 0.99560654 0.99480563 0.99527675 0.9928279 0.9940828 0.9936893 0.9961099 0.994292 0.9925462 0.9951526 0.9939626 0.9956519 0.9954246 0.9957103 0.9908217 0.9916237 0.9943412 0.9924567 0.99446774 0.99515283 0.99328923 0.99012744 0.9926837 0.9925029 0.9907473 0.9936441 0.99223316 0.9939195 0.99103236 0.99007326 0.9862804 0.988577 0.98770994 0.98778784 0.9875052 0.98495775 0.9933151 0.99551153 0.99509 0.99448997 0.992994 0.99379176 0.9951893 0.993763 0.99473655 0.99432576 0.9937274 0.993944 0.9942305 0.9937923 0.9932498 0.9918465 0.98982465 0.98321784 0.98231983 0.976593 0.9870449 0.9875914 0.98665583 0.9866889 0.98413134 0.9892405 0.9856146 0.98170245 0.98503596 0.98410565 0.9848681 0.98461026 0.9790008 0.9789432 0.9818595 0.9827737 0.98674417 0.989636 0.9878218 0.9885921
StankovicxBorisav_SRP19101BorisavSNecistaKrv-L2_7 0.99249065 0.9958222 0.99553376 0.99156207 0.99290234 0.9933398 0.9912854 0.9868445 0.994126 0.9947246 0.9947628 0.99588877 0.99358565 0.99321204 0.99566346 0.9949185 0.9940014 0.9955237 0.9956788 0.9952887 0.99242586 0.9931963 0.99711245 0.9966082 0.9961252 0.9938007 0.99512273 0.9920011 0.99509937 0.99290186 0.9929258 0.99480283 0.9927038 0.9885029 0.9852891 0.99503124 0.99538845 0.9920548 0.99665004 0.99654233 0.9952964 0.99405 0.9955491 0.99341905 0.99521697 0.997292 0.99545604 0.9948138 0.99594027 0.9932663 0.9941437 0.99204415 0.99065185 0.9919669 0.98884296 0.9955536 0.99565876 0.9907918 0.9934864 0.99475986 0.99407065 0.99476105 0.99556595 0.9942988 0.9932295 0.99394685 0.9920882 0.9921205 0.99111575 0.99597836 0.99372494 0.99433637 0.99229217 0.9932999 0.9935285 0.9938538 0.99429977 0.9928362 0.99455535 0.99519336 0.9928063 0.99216735 0.9944827 0.99192375 0.99041736 0.9929778 0.9922886 0.9941216 0.994139 0.992532 0.99340653 0.9913059 0.99167657 0.99094605 0.9906225 0.9918277 0.9888151 0.99152875 0.98959 0.98947024 0.9890691 0.9909317 0.9902896 0.9897394 0.989 0.99244076 0.98938274 0.99003613 0.99204546 0.9907222 0.9912133 0.99125636 0.9912913 0.99228716 0.99206746 0.99025196 0.9927823 0.9928262 0.9919966 0.9923924 0.9928008 0.99001265 0.99506253 0.9949726 0.9962018 0.99602264 0.9950095 0.99639094 0.9959975 0.9961739 0.99694544 0.9967016 0.9965656 0.9964545 0.995248 0.9919123 0.9948429 0.9953045 0.9956752 0.9904915 0.9900038 0.9857265 0.9888252 0.9943616 0.99190855 0.9919221 0.99379325 0.9943618 0.9944229 0.9941787 0.99448967 0.99241585 0.98930806 0.9892247 0.9943361 0.9944477 0.994297 0.99156755 0.99088323 0.9898733 0.99160147 0.9879668 0.98994005 0.9887405 0.99019825 0.98978114 0.99199116 0.9931586 0.9919905 0.99257565 0.9917996 0.98919183 0.9915463 0.9913684 0.9892224 0.99038035 0.99258584 0.99074143 0.99059373 0.9954335 0.9933835 0.9925672 0.9928479 0.9909252 0.988638 0.98488575 0.9956698 0.99494934 0.99377865 0.99514556 0.99349254 0.9927418 0.9906673 0.993343 0.99237925 0.9950229 0.99457675 0.995705 0.99424934 0.9941733 0.99110293 0.9915483 0.9935838 0.9922663 0.99487865 0.99018407 0.99058616 0.99093544 0.9887062 0.98642355 0.98794496 0.99130684 0.99472964 0.9945348 0.9951477 0.99356633 0.99565405 0.9940848 0.99367225 0.99466777 0.9949016 0.98953724 0.98880595 0.9917017 0.993585 0.9924666 0.9921621 0.99460405 0.99310607 0.9922207 0.993174 0.99248195 0.99531674 0.9946594 0.99379295 0.9925375 0.99309057 0.99087054 0.9894224 0.9919605 0.99306846 0.9867088 0.9784411 0.985402 0.98770607 0.99235624 0.99198025 0.99487513 0.994781 0.9894826 0.99509335 0.9955314 0.9961869 0.9932568 0.9913988 0.9931125 0.99476504 0.99499553 0.99454856 0.99100107 0.993338 0.99264723 0.98889494 0.98873127 0.99148947 0.9924482 0.99171287 0.9898053 0.98702747 0.99428815 0.99399126 0.9947117 0.99510765 0.9944425 0.9921862 0.9931956 0.9953085 0.9967067 0.9945081 0.99594647 0.9954007 0.99383 0.9941972 0.9945693 0.9956553 0.9920671 0.98766977 0.99388087 0.9936789 0.9898103 0.9951206 0.9947832 0.9954317 0.9953517 0.9930325 0.99385566 0.9931323 0.99600005 0.9940847 0.99199545 0.9908553 0.99018264 0.9871534 0.9891695 0.9884702 0.9882461 0.9882144 0.9869187 0.9947225 0.9939407 0.9935609 0.9931031 0.99396306 0.99490625 0.99452436 0.9948783 0.99347013 0.99420345 0.99649334 0.996486 0.9944464 0.995817 0.9947134 0.9947137 0.9943316 0.99235785 0.9936317 0.99557865 0.9938605 0.99501264 0.9954979 0.99141854 0.99026215 0.98872787 0.99176335 0.9895783 0.98892283 0.99644786 0.9954094 0.9954935 0.9953249 0.99491346 0.99635327 0.99301475 0.9907592 0.9961724 0.9950936 0.9954219 0.99592555 0.9936758 0.9928588 0.99233073 0.9967021 0.9952526 0.9953078 0.99409425 0.9947171 0.99342734 0.99273884 0.98508096 0.99513113 0.9954556 0.9960213 0.99464947 0.9956449 0.9969126 0.99243575 0.9924887 0.99341214 0.9946619 0.9949256 0.9968294 0.99541205 0.9926228 0.99630165 0.99606323 0.99539983 0.99398834 0.995678 0.98904157 0.99655086 0.9888411 0.98956037 0.9942698 0.9907145 0.9862862 0.98759174 0.9891671 0.9963492 0.9903486 0.9959727 0.9932857 0.996586 0.9963353 0.99004394 0.98949474 0.9888542 0.9886914 0.99234784 0.99367946 0.99794203 0.9965376 0.99788 0.998421 0.9991375 0.998309 0.99911517 1.0000004 0.9992393 0.9942056 0.99014384 0.98948514 0.9944128 0.99050534 0.9893399 0.9887587 0.98658127 0.9906422 0.9930283 0.9928805 0.9948324 0.99386483 0.99371725 0.9931592 0.9927788 0.9905214 0.987882 0.98752415 0.99161285 0.9913831 0.9923476 0.9924016 0.9936939 0.99234176 0.99348116 0.9922337 0.9943025 0.99231124 0.99378145 0.99346346 0.9931256 0.99351144 0.99231255 0.9928095 0.9921427 0.99021655 0.9941002 0.99351746 0.9944028 0.9956998 0.99414396 0.99462205 0.9925725 0.9934298 0.9934723 0.9934137 0.99227357 0.99208677 0.9928636 0.9938719 0.9946564 0.99194133 0.9935504 0.9966002 0.9964792 0.9937879 0.99553025 0.9917258 0.99544114 0.9942579 0.99510205 0.99288154 0.9934393 0.9939217 0.9966419 0.9945105 0.99276835 0.9954526 0.99486136 0.99579036 0.9957297 0.99615633 0.99046504 0.9919515 0.9949198 0.99226654 0.9937892 0.9949426 0.9940332 0.9912441 0.9930254 0.992991 0.9916924 0.9941287 0.9925898 0.99459016 0.99231005 0.9913771 0.98839664 0.9900886 0.9900601 0.9898938 0.98960555 0.98690027 0.9914457 0.9939623 0.99383813 0.9938494 0.9930006 0.99295855 0.99404424 0.9935057 0.99422604 0.99261284 0.9918548 0.9921545 0.99281615 0.9928489 0.99228144 0.9908945 0.9906613 0.9859571 0.98460853 0.9792514 0.989102 0.98929274 0.98875415 0.9885388 0.9866992 0.9912411 0.9881674 0.9848655 0.98730415 0.98727906 0.98749995 0.9871583 0.9826962 0.98242134 0.98497564 0.9856294 0.9892411 0.98999786 0.989013 0.9898705
StankovicxBorisav_SRP19101BorisavSNecistaKrv-L2_8 0.9917214 0.99575305 0.995262 0.9912847 0.992383 0.9934419 0.99138063 0.987172 0.9937126 0.9937589 0.99382406 0.9953053 0.99256164 0.9921702 0.99489295 0.9938618 0.9930204 0.99458665 0.99518853 0.99472874 0.99098855 0.99211663 0.99688244 0.9965455 0.9955957 0.9927465 0.9942442 0.99114096 0.9941915 0.9916481 0.99199474 0.99385947 0.9916944 0.9862851 0.9831069 0.99425054 0.99470687 0.9908163 0.9961815 0.99679285 0.9949911 0.99313056 0.9948484 0.9926563 0.9946295 0.99660194 0.9948208 0.9943869 0.99531806 0.9924507 0.9938117 0.9916573 0.99012184 0.9916734 0.9885046 0.9951644 0.99549955 0.99010825 0.9929954 0.9940586 0.9933566 0.99438083 0.994937 0.99355084 0.992791 0.99361724 0.9917178 0.99143904 0.9906427 0.99660414 0.99424237 0.9949168 0.99258405 0.9930724 0.99356645 0.99332273 0.9942966 0.9925297 0.9946138 0.9952609 0.99301434 0.99192154 0.9944965 0.9918191 0.991062 0.9931135 0.99189234 0.99417686 0.99390066 0.99261934 0.9934387 0.9897811 0.9917384 0.99057907 0.9902524 0.992025 0.98921573 0.99193865 0.98974437 0.98925006 0.98868525 0.9903109 0.9898836 0.9895517 0.988411 0.992953 0.9889478 0.9896681 0.99229723 0.9907762 0.99126625 0.99158096 0.9913417 0.9920495 0.9926238 0.9900551 0.99320525 0.99346775 0.99233544 0.9930184 0.9930432 0.9903137 0.9945085 0.99477255 0.9964608 0.9962602 0.9947324 0.99647903 0.99598634 0.99646187 0.9971905 0.99708986 0.9967241 0.99671954 0.99529755 0.9905176 0.9941165 0.9947798 0.994983 0.99107105 0.9904986 0.98653793 0.9895942 0.9941069 0.99172646 0.9916219 0.994191 0.9946025 0.9947332 0.9946375 0.99485105 0.9933008 0.9900855 0.9902692 0.9944928 0.9943954 0.99410367 0.9911492 0.9902647 0.98955613 0.9909369 0.98753417 0.98910177 0.98858535 0.9898866 0.9885917 0.9909725 0.9924475 0.9912754 0.9923577 0.9912136 0.988039 0.9908161 0.99064904 0.98824257 0.98965216 0.9913567 0.9891546 0.9886361 0.99513453 0.99250203 0.9914279 0.99221027 0.99053866 0.9880257 0.98433614 0.995348 0.9945488 0.99365115 0.9946718 0.9919621 0.99173063 0.9890452 0.992085 0.99100536 0.9944353 0.9943135 0.9960332 0.9948436 0.9942149 0.99137026 0.99159247 0.9937961 0.9925724 0.99540246 0.99077594 0.9908947 0.9912647 0.98889077 0.98668283 0.988157 0.99122113 0.99414974 0.993787 0.99444926 0.9925757 0.9948294 0.99334073 0.99258333 0.99383575 0.9939821 0.9883508 0.98760986 0.99060595 0.99241245 0.9915879 0.99171185 0.9940052 0.9925487 0.9916966 0.99218315 0.9925977 0.9959219 0.994541 0.9938256 0.9931461 0.9934754 0.9908848 0.9898755 0.9923055 0.99255353 0.9857619 0.97704667 0.98460907 0.9872515 0.99257445 0.9920084 0.994645 0.99515647 0.99024695 0.99553484 0.9958682 0.99661124 0.993268 0.9912745 0.99353456 0.99447364 0.99473065 0.9946941 0.9908057 0.9935045 0.9927852 0.98926175 0.98907584 0.99209833 0.9929865 0.992149 0.99011314 0.98782563 0.9940263 0.9934044 0.9945782 0.99511796 0.994501 0.9927995 0.99297804 0.99521744 0.9965613 0.99523634 0.99612 0.995906 0.9938569 0.99435306 0.99430054 0.9955685 0.99218166 0.9880133 0.99375784 0.99348843 0.98999524 0.99467164 0.9947886 0.9953886 0.99518853 0.9933461 0.9938828 0.99354416 0.9964817 0.9938941 0.9923478 0.991152 0.98971474 0.98637813 0.9881829 0.98749053 0.9869765 0.9873505 0.9857999 0.99447113 0.9938763 0.99369574 0.9934507 0.99365693 0.9952842 0.9951027 0.9949233 0.9939797 0.99463964 0.9959303 0.995881 0.99339914 0.9951971 0.99392897 0.9944744 0.9938001 0.99231565 0.9934471 0.99552107 0.99387574 0.99488467 0.99540055 0.9912931 0.9896929 0.988148 0.99155265 0.9889835 0.9888654 0.99637294 0.9951285 0.9951026 0.99496096 0.99404806 0.9959357 0.99229425 0.9899563 0.9956821 0.99475634 0.99536747 0.99580836 0.9932874 0.99253756 0.9918555 0.99633664 0.9949786 0.9948613 0.9934881 0.99413717 0.9929465 0.99217474 0.98331195 0.9958196 0.9960572 0.99601597 0.9952368 0.99604166 0.99771506 0.9934286 0.9936689 0.99423915 0.99520016 0.9953389 0.9971323 0.99461615 0.991252 0.9956529 0.99534595 0.99441934 0.99277854 0.9946977 0.98722017 0.99566746 0.98707926 0.9875319 0.9928902 0.988974 0.9840452 0.9854009 0.98718613 0.9958951 0.98844314 0.99512875 0.991639 0.99557775 0.9956139 0.9890978 0.9889064 0.9881381 0.9873905 0.99132633 0.9929702 0.998721 0.99733865 0.9984555 0.99882203 0.9995855 0.9985911 0.9988798 0.9992393 0.9999996 0.99380106 0.98960704 0.9890974 0.9942791 0.99014306 0.9890727 0.9887591 0.98613095 0.9903081 0.99320817 0.9930456 0.9947107 0.99400896 0.9948725 0.99345106 0.993514 0.9906593 0.9881388 0.9878458 0.9913393 0.99146664 0.9923583 0.9920634 0.99346656 0.9920157 0.9936047 0.99282724 0.99399215 0.9916943 0.9933796 0.9941427 0.9936959 0.9934391 0.9923845 0.9923519 0.9929149 0.9915041 0.99476355 0.9940018 0.994598 0.9963736 0.9944717 0.9951563 0.9930237 0.99330026 0.9941599 0.9928036 0.9919733 0.99166465 0.9928376 0.9936852 0.99504817 0.99197656 0.9932067 0.9963373 0.99641466 0.99397147 0.99565977 0.992018 0.99551505 0.9945989 0.9954483 0.99275327 0.99333787 0.99356717 0.9963323 0.9941923 0.99279165 0.99536246 0.9944246 0.99541116 0.9955816 0.99643195 0.99054587 0.9925278 0.9949452 0.99275726 0.9942338 0.99578214 0.99424005 0.9912052 0.9931246 0.99284536 0.9910073 0.9943179 0.99252063 0.9946959 0.9919713 0.99099654 0.9869842 0.98945665 0.98876953 0.98908097 0.98881805 0.98630226 0.99208814 0.99454415 0.99421686 0.9940222 0.99320906 0.9935348 0.9944437 0.9937755 0.99451643 0.9929752 0.9926527 0.9926089 0.99353707 0.99324167 0.9922687 0.9912319 0.99027056 0.9843117 0.9831134 0.9774318 0.9871413 0.98769915 0.9874495 0.9872141 0.9852709 0.9903041 0.9864882 0.9828707 0.9856093 0.9859771 0.98581445 0.9856833 0.9810658 0.980677 0.98362327 0.98387575 0.98777866 0.9899838 0.98827606 0.9887213
SuboticxJovan_SRP18730JovanSKaludjer-L2_1 0.99373317 0.9957856 0.99585706 0.99424064 0.99555093 0.99313134 0.9908437 0.9876682 0.99597305 0.9964325 0.9970608 0.99697965 0.9964628 0.99663657 0.997253 0.9957194 0.99574584 0.99576795 0.9963858 0.997276 0.99591196 0.99662656 0.99430263 0.9945978 0.9950901 0.99456275 0.99551755 0.9931135 0.9959953 0.9954403 0.99492735 0.9957913 0.99560213 0.9910586 0.9891523 0.99384916 0.9931551 0.99260837 0.9953896 0.9955072 0.99577457 0.9958068 0.9950595 0.9944593 0.9928418 0.9942563 0.9958999 0.99645 0.9967951 0.9965839 0.9973799 0.9967314 0.9958877 0.99468815 0.99334747 0.9947391 0.993619 0.98808753 0.99188364 0.99614453 0.99569845 0.9931446 0.99591035 0.99487835 0.99092364 0.99175024 0.99583197 0.9952164 0.9954666 0.99522525 0.99575424 0.992929 0.99366236 0.99646986 0.9962245 0.9969279 0.9945827 0.9941794 0.9961069 0.99638844 0.9943238 0.99382293 0.9944169 0.99433583 0.992615 0.9944131 0.9946453 0.9953206 0.9964105 0.9937197 0.9949376 0.9960048 0.9945424 0.99496293 0.994683 0.9958298 0.9926245 0.99456346 0.9934498 0.9941069 0.9929572 0.9954161 0.99590755 0.9949899 0.99447167 0.99554634 0.9951112 0.9957485 0.99670386 0.9958189 0.9959754 0.9957292 0.99577683 0.99636817 0.99543613 0.9950175 0.9960356 0.99467653 0.99473506 0.9948077 0.9951507 0.994196 0.99687237 0.9963276 0.9963408 0.9958205 0.99730515 0.9954923 0.99357283 0.9952739 0.995942 0.9955667 0.9965773 0.9967555 0.99632245 0.99350697 0.9940267 0.99451077 0.99507797 0.99084693 0.99158853 0.9876041 0.9900074 0.9958429 0.9957297 0.99651164 0.99443823 0.9936156 0.9951867 0.9954953 0.9909667 0.9909091 0.9904681 0.98691136 0.99659556 0.99635446 0.9963764 0.9936009 0.99344105 0.99433315 0.9951957 0.99397963 0.9939539 0.993796 0.99505997 0.99522054 0.9955487 0.99727046 0.99633795 0.9967675 0.9965419 0.9946259 0.99628294 0.99532455 0.99355704 0.9944741 0.9965835 0.99576557 0.9947962 0.9973203 0.9969984 0.9965281 0.99643695 0.99517554 0.9932709 0.9916146 0.99685764 0.9967902 0.9969887 0.9964582 0.9966371 0.9970149 0.9957272 0.9974433 0.9966541 0.99737024 0.9970946 0.9960788 0.9941108 0.99668837 0.9935954 0.99512845 0.9957836 0.99423295 0.9948746 0.9928535 0.9927912 0.99466705 0.99122477 0.98854244 0.99003166 0.994141 0.9965485 0.99533284 0.9969013 0.9960048 0.9962084 0.9955539 0.99621695 0.9957914 0.99585634 0.99377185 0.99308705 0.9954023 0.99628985 0.9953933 0.9964013 0.99656814 0.9958992 0.99475014 0.9957648 0.9859173 0.9896399 0.99643683 0.9942395 0.99153936 0.9935179 0.99448913 0.9887986 0.99190855 0.9965434 0.9920232 0.98605204 0.99107295 0.9926371 0.99321026 0.99443245 0.99267215 0.9942241 0.98735523 0.99396276 0.995163 0.99462175 0.9920689 0.98999214 0.99375147 0.9954571 0.99509597 0.9943622 0.9920241 0.99380386 0.9936663 0.99295026 0.9913713 0.9933857 0.9958221 0.99581397 0.9936253 0.9908931 0.99686664 0.997206 0.9964402 0.9963849 0.99686044 0.99425054 0.99590504 0.99332726 0.99536544 0.9936316 0.9959135 0.9954336 0.99324256 0.9921378 0.996678 0.99427104 0.9925996 0.98979914 0.9928636 0.99360687 0.99244356 0.99334496 0.9952836 0.9945308 0.99650943 0.9925917 0.99427223 0.99412596 0.9959206 0.9955199 0.99389833 0.9930706 0.9948627 0.9940171 0.99451435 0.99429435 0.9937819 0.9940924 0.99346554 0.99410474 0.9935623 0.99400824 0.99445003 0.9961011 0.99562776 0.99406385 0.99580294 0.99443316 0.9956709 0.9964589 0.9967551 0.9973109 0.99735427 0.9972832 0.9961925 0.9952299 0.99426717 0.9945903 0.9972867 0.99766636 0.99763143 0.9975665 0.9905545 0.9891542 0.98773354 0.99464613 0.9937666 0.9920291 0.99696136 0.99762917 0.9974635 0.99726033 0.9970486 0.9965186 0.9956244 0.9916296 0.99678206 0.9955784 0.99594605 0.9937781 0.9944416 0.9916261 0.9909186 0.9949364 0.99495053 0.9962338 0.9951464 0.99347216 0.99298507 0.9920783 0.98960835 0.9954671 0.9945868 0.9957737 0.99466145 0.99483645 0.9936353 0.9914863 0.99185765 0.9934594 0.99442804 0.9940455 0.9948417 0.9971796 0.9959056 0.9966673 0.9971556 0.9968103 0.9955029 0.9959149 0.9928125 0.9965516 0.992952 0.9939925 0.99696606 0.9947606 0.99122685 0.9921672 0.99361956 0.9961755 0.99201936 0.9956499 0.9945713 0.9965097 0.99598014 0.9941745 0.99534357 0.99463814 0.99460787 0.9956309 0.99437183 0.99293596 0.99249107 0.99178 0.9934864 0.9935131 0.99368125 0.99349535 0.9942056 0.99380106 1.0000002 0.9982526 0.99737006 0.99812555 0.99796 0.9972591 0.99686396 0.9959983 0.9950923 0.9960824 0.9962858 0.99703074 0.9966376 0.9936825 0.9947041 0.9953424 0.99069554 0.99000865 0.98949 0.9956518 0.99527323 0.9950147 0.99632347 0.9966216 0.9950324 0.99535745 0.99541736 0.9959946 0.99540025 0.9942258 0.99446064 0.99506974 0.9957185 0.99492687 0.9951302 0.9935962 0.9924422 0.99486506 0.99398875 0.99565226 0.9950849 0.99562705 0.99521035 0.9945326 0.9956986 0.99364245 0.9964935 0.9961546 0.994835 0.9951229 0.99481744 0.9936777 0.99526054 0.9969248 0.9963772 0.99585015 0.99623847 0.9960543 0.9929252 0.99687535 0.996125 0.9963627 0.9957537 0.9941519 0.9973383 0.9975588 0.99757457 0.9965554 0.9970615 0.9974193 0.9962292 0.9967218 0.99622667 0.99200135 0.9946452 0.995716 0.99515176 0.994032 0.99608123 0.99711907 0.9960571 0.99686694 0.99700236 0.9966187 0.99700844 0.9961476 0.9968509 0.99503165 0.99390185 0.99084663 0.9926365 0.99382496 0.9932119 0.99214864 0.9889914 0.99097216 0.9919019 0.9932683 0.99474496 0.9947201 0.99443316 0.9936148 0.99462366 0.994501 0.99226785 0.9913969 0.9920678 0.9931173 0.9941035 0.9944626 0.99354374 0.9958976 0.9929677 0.9906342 0.9874915 0.99335706 0.9943687 0.9938029 0.99384475 0.99222016 0.99503756 0.99292326 0.98948157 0.9928827 0.99129826 0.99235713 0.99263227 0.9887588 0.9886532 0.99087864 0.99177194 0.99387425 0.9907084 0.988691 0.99045247
SuboticxJovan_SRP18730JovanSKaludjer-L2_2 0.99222136 0.9930042 0.9938836 0.9931616 0.9937636 0.9915984 0.9896124 0.98891735 0.9926058 0.99342525 0.9947023 0.9941323 0.99396425 0.99414945 0.994667 0.99328107 0.99413645 0.9938864 0.99400806 0.99457735 0.9934308 0.99477804 0.9900399 0.9909855 0.9915622 0.9916033 0.9928853 0.99061346 0.9932673 0.99344164 0.993412 0.9931537 0.99391687 0.989019 0.98783624 0.990926 0.98993003 0.99036753 0.9922567 0.9928112 0.9933616 0.9935355 0.99316645 0.992884 0.99023867 0.9910029 0.99364954 0.99440134 0.9941473 0.99482214 0.9954334 0.99559814 0.99582475 0.9946156 0.994474 0.99263924 0.991499 0.9860368 0.98999524 0.9943379 0.99438965 0.9908512 0.99308753 0.99269897 0.98816276 0.9892068 0.9948687 0.9936894 0.9949488 0.9924436 0.9937642 0.9894552 0.9925051 0.99477684 0.9944725 0.9948639 0.9913905 0.9920562 0.9946959 0.9934545 0.9925738 0.9934011 0.9934413 0.9928189 0.9908983 0.9929508 0.9933524 0.9939747 0.99464756 0.99318016 0.9939496 0.9952306 0.993914 0.99414575 0.99368006 0.9957462 0.99261117 0.9942019 0.9930688 0.99433196 0.99265057 0.99494016 0.9953461 0.99387074 0.9935426 0.9937849 0.99421686 0.99437296 0.9949863 0.994582 0.99434125 0.99451804 0.9949531 0.9954813 0.9943752 0.99467874 0.9941029 0.99191827 0.9923496 0.992617 0.9928044 0.99253374 0.99445325 0.99277323 0.99318266 0.9927094 0.9953437 0.99164855 0.99093825 0.9927073 0.99312264 0.992528 0.99392027 0.9944516 0.99418545 0.9922098 0.9928031 0.9933505 0.9932147 0.9896226 0.9900943 0.9866579 0.988517 0.9936529 0.993057 0.99417806 0.99316245 0.9917718 0.99382186 0.993694 0.9884776 0.98916775 0.990373 0.98613423 0.99434435 0.99429595 0.99431026 0.9927397 0.99325466 0.9943345 0.99479413 0.9941627 0.9942857 0.9944684 0.9949668 0.9949372 0.99489117 0.9960835 0.9964667 0.9960436 0.9965473 0.9942332 0.9942783 0.99382734 0.99230003 0.9935459 0.9957232 0.9952204 0.99369174 0.99490005 0.9949312 0.9946649 0.9944238 0.9934962 0.99109834 0.9900936 0.99468255 0.9956979 0.9956395 0.9956415 0.99473 0.99470496 0.9940774 0.99595726 0.99538004 0.99484956 0.9945471 0.9937624 0.9927227 0.99570906 0.99387085 0.9950048 0.9950639 0.9941656 0.99355274 0.9927793 0.9929311 0.99400675 0.9916357 0.9890751 0.99063706 0.9939189 0.9938704 0.9924109 0.9945623 0.9932134 0.9930405 0.9927956 0.99371314 0.9934875 0.9938162 0.99353975 0.99295795 0.99438375 0.9953029 0.9948741 0.99549395 0.9950689 0.99532825 0.9939366 0.99448794 0.9805041 0.9847871 0.99440753 0.9929725 0.9897733 0.9916393 0.9950154 0.9865887 0.9906974 0.9948353 0.9909354 0.9848724 0.98988205 0.9912794 0.9918523 0.99329174 0.9904468 0.9912063 0.9846036 0.99202335 0.992916 0.9926822 0.9905774 0.9876755 0.992128 0.9929328 0.9936263 0.9923147 0.9890864 0.99129415 0.99178886 0.9929199 0.99052835 0.99254596 0.9946898 0.995097 0.9930618 0.9911526 0.9959372 0.99593425 0.99514633 0.9942683 0.99541587 0.9934635 0.9949951 0.9902278 0.99145657 0.9899143 0.99240774 0.99253434 0.99082327 0.9887188 0.99435353 0.9907713 0.99089766 0.9890796 0.9898217 0.9905492 0.98990965 0.9900635 0.992682 0.9914637 0.994208 0.9908648 0.99324995 0.9937443 0.99345434 0.9940742 0.99336284 0.99305224 0.99268293 0.9923506 0.99202174 0.99244946 0.9915064 0.9920975 0.99179095 0.99084187 0.991348 0.9926366 0.99115384 0.99314797 0.99284446 0.99142593 0.9932649 0.9924616 0.99395746 0.99338186 0.9940739 0.9958541 0.995252 0.9959201 0.9935936 0.9928058 0.99206525 0.99234784 0.9945834 0.99547404 0.99480456 0.99443626 0.9886341 0.98692954 0.9863128 0.9931328 0.9919404 0.99031824 0.9942012 0.9950379 0.9949639 0.99535066 0.99509686 0.9942044 0.9940144 0.98992944 0.99458855 0.9940341 0.9943019 0.99075824 0.9929844 0.9901686 0.98892087 0.9916162 0.9932938 0.9953418 0.99472684 0.9922956 0.99245405 0.9912188 0.98856497 0.99239326 0.99132586 0.9925555 0.9914391 0.99163955 0.9897327 0.9893064 0.9895408 0.9909817 0.99226546 0.9918465 0.99205095 0.995763 0.994987 0.9945722 0.9950142 0.9948988 0.9939661 0.9931153 0.9921334 0.99446887 0.9919014 0.9927507 0.9952811 0.9937628 0.98975074 0.9911937 0.99238104 0.9937993 0.9907215 0.99378246 0.9929507 0.9944556 0.99472857 0.9929212 0.9937169 0.99318594 0.99341816 0.9939872 0.99155146 0.9889408 0.98923385 0.98739535 0.98907804 0.98925817 0.98945856 0.989079 0.99014384 0.98960704 0.9982526 0.9999998 0.99877024 0.997007 0.9975733 0.9983203 0.9976412 0.9978641 0.99477017 0.9947598 0.99497235 0.995478 0.9949314 0.9920428 0.9930689 0.99423724 0.99001974 0.98946005 0.9892479 0.9945136 0.99478745 0.9943784 0.9956473 0.9955174 0.99370635 0.9935149 0.994335 0.99392986 0.99368083 0.9919001 0.9907338 0.99256724 0.9941641 0.9938551 0.9938548 0.99135584 0.9910056 0.99124706 0.99000067 0.9921143 0.9912341 0.99246097 0.99189246 0.9906107 0.99199516 0.9902008 0.9944459 0.9944972 0.99267644 0.9931314 0.9926141 0.99042475 0.99294156 0.9961909 0.99476486 0.9934786 0.9952526 0.99387944 0.99200356 0.9944239 0.9939534 0.99376506 0.99480283 0.9930254 0.99612534 0.994817 0.99554 0.9955356 0.9951701 0.99536335 0.99428123 0.9951477 0.9943461 0.9914821 0.99452764 0.994061 0.99422807 0.9913653 0.9939831 0.9956742 0.9946514 0.9954669 0.99628544 0.9964968 0.99524313 0.9956909 0.9952406 0.993101 0.99229443 0.9905243 0.9914239 0.9928223 0.9924792 0.9909303 0.98840946 0.9885717 0.9881925 0.99021626 0.9922273 0.99246556 0.9920513 0.9906222 0.9927957 0.99196523 0.9892088 0.988836 0.9891881 0.99058485 0.9916335 0.99189484 0.99155533 0.99450904 0.99266285 0.98938626 0.9870113 0.9911875 0.9930653 0.99250555 0.99226916 0.9912392 0.99384403 0.99195296 0.9886326 0.9921569 0.99040455 0.9910631 0.9916188 0.9888687 0.9881234 0.99021375 0.9910084 0.9928096 0.99021333 0.98870516 0.9901273
SuboticxJovan_SRP18730JovanSKaludjer-L2_3 0.99083316 0.9917965 0.9931925 0.99227434 0.9924797 0.9907106 0.98895085 0.98873484 0.99238276 0.99257296 0.994075 0.9932882 0.99333346 0.9934373 0.9931439 0.991715 0.99221915 0.99198014 0.99224675 0.9933746 0.9923741 0.993574 0.98947364 0.9901674 0.99101305 0.9919237 0.99242955 0.9909453 0.99175537 0.99218225 0.992124 0.99188554 0.99247974 0.9871422 0.9859911 0.9890185 0.98809886 0.98847836 0.9910268 0.9917324 0.9921427 0.9922835 0.991696 0.9916729 0.9884719 0.98948324 0.9922323 0.99336475 0.99313885 0.9939511 0.99484843 0.9951294 0.9955663 0.9941967 0.9943641 0.99127126 0.9901376 0.98399985 0.98809546 0.99271005 0.9928578 0.9890201 0.9917883 0.99123585 0.9860285 0.9871689 0.9936187 0.9926044 0.9937278 0.9918989 0.9925904 0.9888755 0.991422 0.993741 0.99351406 0.99395025 0.9898846 0.9907806 0.99390227 0.9926312 0.99107736 0.9925466 0.99242425 0.99313146 0.99096227 0.9931055 0.993297 0.99408066 0.9942791 0.9932132 0.99388814 0.99395424 0.99258846 0.9927601 0.99246585 0.9948297 0.9921992 0.99376875 0.99247104 0.9938758 0.9913485 0.9932271 0.9938314 0.99308527 0.99253756 0.99316067 0.99389666 0.9941265 0.994128 0.99436736 0.994066 0.994231 0.9946525 0.99453986 0.99394345 0.9945206 0.99316424 0.9912112 0.9913016 0.99160385 0.9919044 0.9920862 0.9928836 0.9915311 0.99216074 0.99160033 0.994297 0.99062943 0.9893653 0.9911277 0.9914937 0.9909689 0.9926553 0.99320847 0.9927976 0.9900924 0.99091864 0.99151325 0.9914523 0.98997176 0.99042726 0.9874328 0.9889393 0.993859 0.99319965 0.99369967 0.9925669 0.9909395 0.9934344 0.99295753 0.986911 0.98811835 0.9891927 0.9849069 0.9929351 0.99313265 0.9934211 0.9919341 0.99247074 0.9953124 0.9952584 0.9949508 0.99509895 0.9951016 0.9954679 0.9950005 0.9947419 0.99547786 0.9960767 0.99569905 0.9963265 0.9949183 0.99413985 0.9941608 0.99306625 0.99357617 0.99413735 0.9935818 0.99167466 0.99387664 0.9939264 0.9937264 0.9936934 0.9933281 0.9915799 0.9906668 0.9935993 0.9946739 0.99504155 0.99523985 0.9937554 0.9933406 0.9932261 0.99472195 0.99414706 0.99342304 0.9931015 0.9930502 0.99236465 0.99522835 0.99363035 0.9942873 0.99446803 0.9932619 0.992774 0.9932836 0.9934691 0.99412835 0.99243987 0.99045324 0.9917484 0.9942345 0.9922988 0.9905633 0.99288183 0.99195874 0.9914842 0.9914166 0.9922515 0.9914901 0.9921588 0.991777 0.99111 0.9927862 0.9939406 0.9932932 0.9958811 0.9936483 0.9939148 0.9924803 0.9931467 0.97929513 0.9839014 0.99342024 0.9924886 0.9894925 0.99131286 0.9949111 0.9864734 0.9910519 0.99428093 0.99301565 0.9882821 0.9923456 0.993374 0.9918764 0.99271196 0.9895086 0.99033844 0.98432904 0.9921092 0.99307793 0.992256 0.99029183 0.9862766 0.99117917 0.9919448 0.9927959 0.9912448 0.9882859 0.990527 0.9913427 0.9921112 0.98952055 0.99203587 0.9939555 0.9944493 0.9925096 0.9907032 0.99433154 0.9944513 0.99354845 0.9924862 0.9940698 0.9921857 0.993498 0.98921907 0.99020463 0.98901474 0.99157625 0.9916656 0.98988616 0.98768234 0.9930517 0.9902448 0.98994094 0.9878932 0.9887264 0.9895754 0.98847055 0.98873883 0.9915509 0.9906273 0.9930887 0.9898746 0.9923617 0.9928927 0.9924597 0.99345857 0.99263716 0.9917866 0.9929154 0.99231684 0.99160373 0.99269325 0.9916048 0.9921931 0.99141324 0.98928773 0.98956835 0.99165046 0.9904419 0.99180406 0.9914243 0.9901389 0.9918196 0.99197394 0.9925826 0.99208933 0.9925602 0.9948237 0.99429005 0.9951288 0.99315995 0.99246085 0.9920717 0.99243927 0.9935941 0.99441147 0.9937484 0.99324054 0.9876344 0.98592764 0.9854112 0.9934223 0.9925624 0.9911002 0.9928364 0.9938036 0.99386173 0.9941293 0.9939549 0.993252 0.9929393 0.98838717 0.99343127 0.9934639 0.99368423 0.9894031 0.9919759 0.98918986 0.9879976 0.9902288 0.99197114 0.9938941 0.9935176 0.99060476 0.9907935 0.9902427 0.98863536 0.9913404 0.9901398 0.99097335 0.9898963 0.990333 0.98885566 0.9891785 0.99001306 0.99084663 0.99185544 0.99174976 0.9915298 0.9943259 0.9936047 0.9930092 0.9934306 0.99327064 0.9924352 0.99159825 0.99080354 0.9930924 0.9905883 0.9914727 0.9942175 0.9928997 0.9886775 0.99003017 0.991102 0.9921907 0.98890066 0.9920969 0.991542 0.99299854 0.9931808 0.99288356 0.9935876 0.99303466 0.9928197 0.99339867 0.9914923 0.98880213 0.9891489 0.9870391 0.98811555 0.988598 0.98868924 0.98840445 0.98948514 0.9890974 0.99737006 0.99877024 0.99999994 0.996704 0.99712276 0.9979054 0.9977121 0.9982823 0.993859 0.993948 0.9940008 0.9945608 0.99404633 0.9910404 0.9919783 0.9935386 0.9892765 0.98860383 0.9880766 0.99375993 0.9936542 0.99324536 0.99443936 0.99415994 0.9925201 0.9926929 0.9936323 0.99355876 0.9938526 0.9913723 0.99024576 0.99212956 0.9938287 0.99383444 0.9942835 0.9911372 0.9911602 0.9905969 0.98983055 0.9918033 0.9908407 0.992243 0.9911092 0.98971677 0.990979 0.9892486 0.9939835 0.9931711 0.9915317 0.99219525 0.9917116 0.98975986 0.99190027 0.9956356 0.99397403 0.9924592 0.99464804 0.993364 0.9913576 0.9935246 0.9929416 0.99356824 0.9948763 0.9924973 0.9953367 0.9934857 0.9948931 0.99494624 0.9942275 0.9941204 0.99324465 0.99442005 0.9933921 0.99069345 0.99360585 0.9932488 0.992935 0.9897787 0.9930952 0.9948765 0.9938163 0.9947746 0.9956324 0.9959367 0.9945349 0.99515486 0.9947096 0.9917407 0.99048734 0.9885896 0.98948497 0.99151236 0.99086666 0.98879075 0.9862888 0.98774797 0.98754364 0.98978215 0.99185896 0.99230933 0.99175984 0.9901881 0.9921538 0.9914936 0.98837715 0.9881585 0.98865706 0.99017185 0.9914397 0.99143326 0.99181527 0.99453425 0.9927912 0.99067056 0.98820573 0.99068314 0.9925486 0.99232876 0.99192476 0.99148005 0.99342257 0.9909959 0.98814 0.99192613 0.9897133 0.9904745 0.9913297 0.98857534 0.9877641 0.9898006 0.9905605 0.99204075 0.9877163 0.9861647 0.987576
SuboticxJovan_SRP18730JovanSKaludjer-L2_4 0.9935466 0.9961685 0.99603814 0.99374104 0.99451745 0.994444 0.9919854 0.98934114 0.9956935 0.9951375 0.9961493 0.9961864 0.9951662 0.9949412 0.99548197 0.99413764 0.99389684 0.99443275 0.9949284 0.99545264 0.993467 0.99444443 0.99355334 0.9936408 0.99358666 0.99296355 0.9938264 0.9914804 0.99450094 0.9933711 0.9929249 0.9940332 0.99366874 0.9886243 0.9865824 0.9927749 0.9921787 0.990554 0.99498373 0.99514025 0.9948369 0.9943875 0.9950862 0.99340844 0.9926995 0.9941047 0.9947536 0.9951817 0.9955705 0.99509674 0.9960706 0.9950622 0.9944607 0.9947681 0.99301314 0.9942191 0.99424565 0.9883936 0.99183136 0.9950043 0.9945178 0.9927642 0.99511075 0.9944365 0.9913203 0.9921035 0.9948897 0.99400556 0.9948691 0.995401 0.9950792 0.9933414 0.99503875 0.9958065 0.996043 0.9960824 0.9943081 0.9940894 0.9965037 0.9956689 0.994205 0.99378705 0.9949517 0.99472606 0.9934165 0.99514455 0.99468064 0.99589634 0.9962609 0.99457026 0.99514776 0.99322706 0.994768 0.9934059 0.9934459 0.9954473 0.9929006 0.99477404 0.9934261 0.9941921 0.9922675 0.9936595 0.9936622 0.9934504 0.9925401 0.9946512 0.9930095 0.99369293 0.99466676 0.9942184 0.9944506 0.99478143 0.9949065 0.99514836 0.99509305 0.99396026 0.9950744 0.9937754 0.99290025 0.99348754 0.9940152 0.9929884 0.99524283 0.9947711 0.9956088 0.9953278 0.99577093 0.99496937 0.9940635 0.99505806 0.9954026 0.99531376 0.99614525 0.9962344 0.99591404 0.9913948 0.99345016 0.99396133 0.99442506 0.99235797 0.99198365 0.9887005 0.9909702 0.9958467 0.99424195 0.9946731 0.99470556 0.99434286 0.99563825 0.9952753 0.9917645 0.9916277 0.9898865 0.98786294 0.9950069 0.9949155 0.99448264 0.99326086 0.9932087 0.9949531 0.9951929 0.9934427 0.9937494 0.99379706 0.99513215 0.9933785 0.99469507 0.99585295 0.9956171 0.9957602 0.99551296 0.9933647 0.9947246 0.994337 0.99255586 0.99340975 0.99481696 0.99294955 0.9920634 0.99554074 0.9943255 0.9938162 0.9937403 0.9939267 0.9911442 0.9893447 0.9958068 0.9963716 0.9959786 0.99648243 0.99470544 0.994628 0.99283624 0.99510103 0.99424267 0.9954594 0.99542326 0.9962233 0.9953941 0.99618757 0.99440855 0.9949724 0.9959597 0.99484867 0.9961191 0.99337167 0.9929218 0.99392116 0.99181515 0.989483 0.99116224 0.9941135 0.99534416 0.99416065 0.9957835 0.9943062 0.9951635 0.9944432 0.99496776 0.99488145 0.99542737 0.99240136 0.9916608 0.99395025 0.9946313 0.9940745 0.9953757 0.99561656 0.9952438 0.99385494 0.994527 0.987317 0.9909984 0.99472475 0.9937753 0.9915309 0.9927314 0.99332076 0.98870313 0.99193 0.9942703 0.98979354 0.98287624 0.9885868 0.9904021 0.99253976 0.9927795 0.99426657 0.9940795 0.9885609 0.99540913 0.9957083 0.9961486 0.9936591 0.9906159 0.9944317 0.99505603 0.9950637 0.99437207 0.99079263 0.99367756 0.9936377 0.9930534 0.99134797 0.99437785 0.9954571 0.99509335 0.9931148 0.9910207 0.9949672 0.9948331 0.9949675 0.9953765 0.9957772 0.99419177 0.99458295 0.9938847 0.994641 0.9930456 0.99526983 0.9956827 0.993204 0.992713 0.9949932 0.9945478 0.99196994 0.98935276 0.99215555 0.9927195 0.9905458 0.99330074 0.99434865 0.994727 0.9951621 0.9936521 0.9949336 0.9947363 0.99609166 0.99565285 0.9944626 0.9936953 0.9942467 0.99199384 0.9925485 0.99283844 0.9922654 0.99229205 0.9915756 0.99342245 0.9930229 0.99410194 0.99402034 0.9946769 0.9955717 0.99522644 0.9956302 0.994786 0.99536526 0.9957365 0.9957013 0.99647367 0.99678934 0.99669856 0.99522305 0.9941683 0.99317205 0.9942558 0.9962704 0.9961181 0.99625814 0.99623185 0.9912944 0.9896794 0.9884876 0.9942882 0.9927819 0.99186325 0.9958801 0.99556655 0.9957013 0.9956473 0.9949008 0.9955723 0.9937339 0.98941284 0.99583197 0.99509597 0.99526584 0.99314404 0.9929527 0.99124455 0.9901614 0.9939822 0.9942217 0.99533397 0.99431163 0.9930806 0.9926483 0.99205524 0.98859465 0.994775 0.9940548 0.9944693 0.99303985 0.9940672 0.9939368 0.9935932 0.99396145 0.99477696 0.9960427 0.9961182 0.9963121 0.99579644 0.99408066 0.9957523 0.99581325 0.99558645 0.9943035 0.99416757 0.99088544 0.9957389 0.99039817 0.9914488 0.9950854 0.9923908 0.9883323 0.9895948 0.9911496 0.9951588 0.99000764 0.9946865 0.9929903 0.9952345 0.9953192 0.99300265 0.99321115 0.9929259 0.9923622 0.99426335 0.9937439 0.9932303 0.99341285 0.99301183 0.9934268 0.9937956 0.9937578 0.9938426 0.9944128 0.9942791 0.99812555 0.997007 0.996704 0.99999976 0.99740803 0.99717546 0.99714935 0.9954069 0.99427575 0.995613 0.99563086 0.9965944 0.9956259 0.9941352 0.9945119 0.9945194 0.9913829 0.99003446 0.9893372 0.9949142 0.994724 0.99478245 0.9951853 0.99568623 0.99456453 0.99542403 0.99570036 0.9961954 0.9950929 0.9944713 0.9939375 0.99482054 0.99572414 0.9951574 0.9953672 0.9936817 0.99261856 0.9940062 0.99303406 0.9945012 0.99467254 0.9948741 0.99460924 0.99251467 0.9934902 0.992905 0.99521965 0.99416804 0.9929838 0.9937988 0.9941198 0.9941677 0.9942361 0.99630576 0.9967774 0.9962869 0.9959551 0.99633867 0.9927368 0.9959067 0.9951002 0.99629 0.99571735 0.994792 0.9963217 0.9965191 0.9964981 0.9958691 0.99679255 0.9960409 0.996297 0.99643314 0.9958739 0.99266917 0.994237 0.99541736 0.99424016 0.9936819 0.99568063 0.9958568 0.9940145 0.99569994 0.9958157 0.99543446 0.9957147 0.9950602 0.9960719 0.99286956 0.99111557 0.9882836 0.99003696 0.9910327 0.990548 0.98934585 0.9864206 0.9920262 0.9929198 0.99426067 0.99529415 0.9948943 0.99486905 0.99476576 0.99515235 0.9952109 0.99283004 0.99256796 0.992874 0.9940629 0.9946116 0.9943346 0.9938709 0.9940704 0.9904211 0.9886805 0.9849455 0.9908454 0.9923539 0.9919938 0.9918427 0.990195 0.99345756 0.99056005 0.9875036 0.990718 0.9892658 0.9900018 0.9904582 0.9863353 0.9859861 0.98831654 0.9891562 0.9918382 0.99118567 0.9896787 0.9910897
SuboticxJovan_SRP18730JovanSKaludjer-L2_5 0.99075425 0.99309427 0.99328935 0.99349034 0.99425364 0.98979956 0.987065 0.9840126 0.995194 0.9946995 0.99602944 0.9948252 0.9958001 0.996177 0.99447477 0.99364823 0.99275804 0.99214804 0.9929787 0.9956801 0.9950674 0.9956051 0.9901413 0.99104357 0.9912373 0.9921881 0.9923792 0.9916279 0.9933667 0.99395865 0.9930146 0.99314624 0.99401057 0.98932236 0.98789763 0.9898189 0.9883372 0.98882097 0.99323016 0.9939908 0.99472237 0.9954666 0.993887 0.9936901 0.989465 0.9909378 0.9947358 0.9955846 0.9957442 0.9963056 0.9967586 0.99642336 0.99611914 0.99324167 0.9926864 0.99108285 0.9898532 0.98238426 0.9874453 0.9934373 0.9926913 0.9890674 0.9926596 0.9917935 0.98535216 0.9864072 0.99505454 0.9935881 0.9954552 0.99438095 0.99346375 0.9895613 0.9931121 0.996334 0.9953965 0.99653983 0.99155325 0.99153095 0.9949611 0.9952626 0.9923656 0.993295 0.99294645 0.99603516 0.99428535 0.9960638 0.9963762 0.99623895 0.9972973 0.9942388 0.99560964 0.9949632 0.99316 0.992807 0.9932572 0.99513614 0.9922216 0.9951672 0.99292976 0.99428445 0.991239 0.9935644 0.9946452 0.9967119 0.9964529 0.9945436 0.9961925 0.9967206 0.9966159 0.99673784 0.99707866 0.9968948 0.9968462 0.99690497 0.99627244 0.99635804 0.99491036 0.9943663 0.99326074 0.9934881 0.99402136 0.9933329 0.99453104 0.99452883 0.9950396 0.99347895 0.9960199 0.99269223 0.9897412 0.99250984 0.99293065 0.99259526 0.99511105 0.9951965 0.9942095 0.9908983 0.99098355 0.9913852 0.992436 0.99173874 0.99272066 0.98946553 0.9914342 0.9947085 0.9952903 0.99650586 0.9927305 0.99165237 0.9940202 0.9945487 0.986169 0.98683673 0.9863688 0.98222226 0.9953245 0.9951768 0.9948998 0.99428374 0.9943994 0.9955527 0.99563646 0.9952208 0.99434376 0.99458945 0.99573505 0.9955394 0.9947534 0.9969867 0.995436 0.99700725 0.9965167 0.9959966 0.9971904 0.99655086 0.9952599 0.9957311 0.99491256 0.9942589 0.99322456 0.9952464 0.9958539 0.99549454 0.9953391 0.99640673 0.99504536 0.99455 0.9957416 0.9966883 0.99733233 0.99568355 0.995013 0.99587345 0.995289 0.9961609 0.99587196 0.9955856 0.9953895 0.99428284 0.99266124 0.99573654 0.9934156 0.9962344 0.9958591 0.9941 0.993313 0.993613 0.99309677 0.99581414 0.99152094 0.98835504 0.9903706 0.99564373 0.99437404 0.9921053 0.9948824 0.99482816 0.9936123 0.99362344 0.9956007 0.99241066 0.9929864 0.9919071 0.9908627 0.99341863 0.99435556 0.99307203 0.9969087 0.99458575 0.99397916 0.9923765 0.99391675 0.9789922 0.98411524 0.99464726 0.99248904 0.98877466 0.9917433 0.9934681 0.9860626 0.98939675 0.9956216 0.993419 0.9881051 0.9917921 0.9928626 0.99118364 0.9925944 0.9892928 0.9906837 0.98379946 0.9922219 0.9935739 0.9925047 0.9895983 0.98601294 0.99190617 0.9926897 0.99195635 0.9910922 0.98914903 0.99166644 0.99154896 0.993048 0.98978704 0.99297065 0.99563164 0.995331 0.99310404 0.99038833 0.99524343 0.99575394 0.99472535 0.994427 0.9959908 0.9934821 0.99462616 0.9895821 0.99160004 0.99141407 0.99405396 0.99368674 0.9895558 0.9880074 0.9942853 0.9913553 0.9890291 0.9870704 0.9889397 0.99012774 0.98916787 0.98912156 0.9923456 0.9912894 0.9934703 0.98990023 0.9924165 0.9924175 0.993799 0.99369824 0.9924313 0.99159807 0.99541444 0.9959128 0.9945035 0.9958572 0.9951202 0.995784 0.9947596 0.989915 0.9899784 0.9915566 0.9939786 0.9956699 0.9946796 0.99261713 0.99534273 0.9928799 0.9950614 0.99380714 0.99378735 0.99656785 0.99597263 0.99668586 0.9955774 0.99451536 0.9941891 0.99413687 0.99516594 0.99666554 0.99597687 0.9955639 0.9881997 0.987311 0.98532164 0.99591184 0.99552923 0.9943719 0.9940789 0.99571705 0.9960513 0.9957777 0.9952018 0.9944442 0.9943882 0.9885922 0.99485326 0.99460775 0.994842 0.99035615 0.9926093 0.98914385 0.9884378 0.9911332 0.9919455 0.99306583 0.992358 0.9890879 0.9892949 0.98892796 0.99156827 0.9947665 0.99295574 0.9946245 0.9933004 0.9936062 0.99100363 0.9911739 0.99182147 0.9934987 0.9939268 0.99360204 0.99358934 0.9952385 0.994861 0.99471265 0.9948806 0.99543923 0.99473876 0.99345 0.9929716 0.9941201 0.99222124 0.9932753 0.9956797 0.99414647 0.9915683 0.9914291 0.9934275 0.9930076 0.9904464 0.99310315 0.9931645 0.9936165 0.99342084 0.9961121 0.99686277 0.99665844 0.9962303 0.9961147 0.9935969 0.9900408 0.9895645 0.9887992 0.99002147 0.9901618 0.9908139 0.98984694 0.99050534 0.99014306 0.99796 0.9975733 0.99712276 0.99740803 0.99999976 0.99752283 0.9971022 0.99724287 0.99594367 0.9956224 0.9966533 0.99607635 0.99661374 0.99223185 0.9932715 0.9948673 0.98806036 0.988278 0.9879624 0.99709517 0.99582666 0.99528015 0.9963206 0.9958358 0.99420124 0.9950875 0.9958309 0.9952808 0.99647343 0.991968 0.9927877 0.99462664 0.9951665 0.99452543 0.9954619 0.99463844 0.99389774 0.9938245 0.9938359 0.99457604 0.9935233 0.99529505 0.99314594 0.99295825 0.99423015 0.9908693 0.9960353 0.99534875 0.99320805 0.9938909 0.9929124 0.9914935 0.99492896 0.9957327 0.99433565 0.9946272 0.9952499 0.9937998 0.9903896 0.99466985 0.9938469 0.9959675 0.9957657 0.9921278 0.99606615 0.996119 0.99710387 0.99593115 0.9954463 0.99564934 0.9938169 0.994391 0.99325883 0.9903956 0.9933065 0.9939216 0.9936524 0.99069303 0.9953955 0.9962814 0.9968903 0.9974018 0.9970887 0.99691224 0.9969109 0.99567693 0.9967376 0.992738 0.99048793 0.98727083 0.9890989 0.99214166 0.990501 0.9883131 0.98516184 0.98913705 0.9898583 0.9921314 0.99447423 0.9953952 0.99457216 0.99231523 0.9938105 0.9939346 0.99023813 0.9898572 0.9905259 0.992376 0.9944498 0.9949522 0.9943946 0.9964996 0.99434984 0.9930888 0.9910132 0.99387187 0.9952722 0.9951094 0.9949458 0.9939771 0.99501514 0.99297553 0.990571 0.99395716 0.99120766 0.9928566 0.99434775 0.9906438 0.99064255 0.99226385 0.9930923 0.9938503 0.98684263 0.98409915 0.9866978
SuboticxJovan_SRP18730JovanSKaludjer-L2_6 0.99060434 0.99320596 0.9932267 0.9908627 0.99161094 0.99350417 0.9911959 0.99043334 0.99352497 0.9924193 0.99397373 0.9939647 0.99317163 0.99325705 0.99359614 0.9909494 0.99163055 0.9915913 0.99266845 0.9934525 0.99157774 0.9926183 0.98953295 0.98925084 0.98967254 0.9893501 0.99077994 0.98765624 0.99153763 0.9911681 0.99082685 0.9919013 0.991787 0.985642 0.98386705 0.9898629 0.98798144 0.9877247 0.9917518 0.99163115 0.9919959 0.9918592 0.99226624 0.9901084 0.9888066 0.9897125 0.9917704 0.9929077 0.9930132 0.9936478 0.99570155 0.9960054 0.9960111 0.99490666 0.9954545 0.99077046 0.99018043 0.9840724 0.9874011 0.9932838 0.9933177 0.988223 0.99278915 0.99236894 0.9876937 0.98843354 0.99515057 0.99484295 0.99578005 0.9930284 0.9945445 0.9917642 0.9949159 0.9957411 0.99602455 0.9954834 0.99299324 0.99405795 0.99572676 0.99386305 0.9938985 0.99216837 0.99241054 0.9928936 0.9902808 0.9931244 0.992538 0.99363136 0.99434483 0.99274683 0.9938475 0.9930165 0.99560773 0.9944826 0.9945548 0.9964236 0.9940923 0.9947084 0.99503505 0.995613 0.99371994 0.9943941 0.995002 0.9943139 0.9926108 0.9945926 0.99300474 0.99363905 0.9949556 0.994553 0.9944264 0.9936632 0.9946514 0.99472475 0.9947088 0.99341387 0.99561596 0.9932775 0.99333245 0.9931514 0.99395186 0.99435914 0.99483424 0.9933595 0.99318427 0.99332356 0.9947246 0.99242914 0.99147624 0.9926595 0.9921483 0.9924135 0.9933002 0.9937361 0.9943225 0.98949486 0.99078524 0.99183035 0.99152935 0.9894174 0.98896706 0.9855821 0.9878646 0.9947743 0.9944861 0.99487615 0.9948071 0.99347466 0.995264 0.99507827 0.9890295 0.9906774 0.99130696 0.98716503 0.9946233 0.99395484 0.9932275 0.9912673 0.9916773 0.9956911 0.99488354 0.9951034 0.99366367 0.9950146 0.9955666 0.9936628 0.9938599 0.9958061 0.9967278 0.9963827 0.9964993 0.9935408 0.9945075 0.99338025 0.9914832 0.9923584 0.9952821 0.9930432 0.9909804 0.9942415 0.99393725 0.9925854 0.9919575 0.99248767 0.99098456 0.9900729 0.99461216 0.99525857 0.99572927 0.9950118 0.99367464 0.99453557 0.99245465 0.9951112 0.9934126 0.99389577 0.99471325 0.99496704 0.9940132 0.9958489 0.99437666 0.99513805 0.99486965 0.99325573 0.9942187 0.9935975 0.9924421 0.99408066 0.99234515 0.9897696 0.9906298 0.9933804 0.99318343 0.9924194 0.9942627 0.991641 0.9927614 0.9913934 0.99279994 0.99320513 0.99343234 0.9925287 0.9917536 0.9931677 0.9945647 0.99454045 0.9951072 0.99496806 0.9953002 0.9947396 0.9937612 0.9813624 0.9846904 0.9943155 0.99388033 0.99117297 0.99248725 0.9949117 0.98978394 0.9913353 0.9946364 0.9901107 0.98450404 0.9892798 0.9912194 0.9926507 0.9934118 0.9915323 0.9925815 0.9873832 0.9928875 0.99288 0.99261177 0.99242336 0.99062455 0.99420995 0.9946059 0.9940513 0.9937267 0.9914231 0.9931222 0.99403125 0.99524 0.99376285 0.9950326 0.99611795 0.99643964 0.9951726 0.9937167 0.9947989 0.9948125 0.9940811 0.9942596 0.9946003 0.9945925 0.9953165 0.9913465 0.9914568 0.98923033 0.99248004 0.9925065 0.99228793 0.99057496 0.9943904 0.9905686 0.99205744 0.9913 0.99121916 0.9921382 0.9914302 0.9907186 0.9936524 0.99252814 0.9937434 0.9930566 0.99455327 0.9944669 0.9942384 0.9953131 0.99529815 0.9947551 0.99431825 0.992769 0.9932864 0.9927235 0.9917884 0.9922219 0.99284184 0.98950386 0.9891455 0.9920505 0.99346626 0.9937412 0.9936482 0.9928777 0.9938121 0.99453145 0.9944092 0.99379456 0.9941755 0.9958505 0.995293 0.99607074 0.9927696 0.99071646 0.98986894 0.9906635 0.9938853 0.9951337 0.99431074 0.99387586 0.98694986 0.984465 0.9833981 0.9927195 0.99141544 0.9899728 0.9942058 0.99384093 0.99385095 0.9939934 0.9929304 0.9925148 0.9912996 0.9857428 0.9938876 0.9927075 0.99312276 0.98860466 0.99026966 0.9874427 0.98546404 0.9901502 0.99179447 0.9941653 0.9926683 0.9906578 0.9903683 0.98963916 0.9869188 0.99271864 0.9918643 0.9916349 0.99068683 0.99148273 0.98969215 0.9923402 0.99187815 0.9930989 0.9940501 0.99321 0.9924083 0.9950189 0.9929695 0.994086 0.99431443 0.9943252 0.99206483 0.9910255 0.989328 0.993503 0.9890898 0.99051285 0.99451196 0.99134517 0.9870327 0.98824584 0.9900875 0.99361587 0.987326 0.9924439 0.99010277 0.99305534 0.9931138 0.99218917 0.99358946 0.9931718 0.9928042 0.99346125 0.99017525 0.9886436 0.99093366 0.98784757 0.98924375 0.9883846 0.98996186 0.9891617 0.9893399 0.9890727 0.9972591 0.9983203 0.9979054 0.99717546 0.99752283 0.9999998 0.99926054 0.99861836 0.9956779 0.9958402 0.99583286 0.9966074 0.995208 0.9934585 0.99490523 0.99500656 0.9919928 0.992302 0.99194795 0.99444664 0.9958361 0.9952247 0.9961906 0.9954763 0.9953689 0.9952684 0.9959779 0.9946495 0.9934881 0.9935627 0.99220026 0.9937743 0.9947691 0.99464536 0.99413836 0.9931833 0.99244004 0.99229443 0.99023217 0.99299765 0.9917774 0.99267167 0.99303484 0.9914831 0.99220294 0.99160194 0.9952955 0.9949915 0.9939798 0.9944525 0.9939023 0.99234766 0.99402624 0.99666154 0.9949353 0.993932 0.99593985 0.9950405 0.99393815 0.9950594 0.995166 0.994492 0.9954553 0.9950906 0.997164 0.993997 0.9960709 0.9959256 0.9955992 0.9954033 0.99515927 0.9955045 0.99413705 0.9939741 0.9949464 0.993955 0.99522066 0.99295694 0.9941274 0.9948114 0.9934491 0.995438 0.996065 0.9957122 0.9946696 0.99519217 0.99455065 0.9905944 0.9892751 0.9861458 0.98815495 0.9892869 0.98881704 0.9870662 0.98446006 0.99125814 0.9905274 0.9925543 0.99361557 0.99313635 0.993852 0.99260956 0.9936279 0.9931188 0.99192494 0.9916688 0.9920974 0.99285775 0.99337375 0.99389565 0.9935596 0.9941021 0.9910693 0.9880064 0.9856885 0.98912114 0.99170506 0.9907843 0.9909487 0.98941773 0.99256235 0.9898435 0.9860243 0.9907557 0.98742944 0.98874587 0.989926 0.985939 0.98521644 0.9875068 0.98872274 0.9909571 0.9906299 0.98769075 0.98985493
SuboticxJovan_SRP18730JovanSKaludjer-L2_7 0.9890473 0.99232566 0.9922952 0.9895235 0.99023247 0.99306756 0.99064165 0.98976356 0.9938529 0.9921054 0.99367213 0.993915 0.9929652 0.9929701 0.9930658 0.99000114 0.9905836 0.99049616 0.9920181 0.9930751 0.99123096 0.9921804 0.989696 0.9891646 0.98943055 0.989109 0.9903724 0.9873326 0.9912381 0.9907795 0.99001557 0.99171793 0.9915456 0.9839193 0.98191243 0.9885988 0.9866522 0.9859892 0.99054414 0.99047697 0.9907821 0.9905017 0.9908772 0.9882708 0.98707724 0.98869854 0.9903885 0.99163127 0.9922159 0.9928353 0.99552387 0.99572086 0.99548775 0.99402577 0.9948373 0.98959404 0.9890717 0.98238987 0.985829 0.99224496 0.9921984 0.98695105 0.991939 0.99125546 0.986802 0.9875647 0.9942061 0.99421203 0.9951018 0.99260134 0.99404186 0.9917847 0.9948962 0.9956271 0.9958893 0.99521005 0.99322 0.9940736 0.9954058 0.9939529 0.9941138 0.9912189 0.99152327 0.99221605 0.9893244 0.99239135 0.99171376 0.9929198 0.9935519 0.9916181 0.9927958 0.99159247 0.99459577 0.99404657 0.99420375 0.99573714 0.99338514 0.9941764 0.9943929 0.9948171 0.9931967 0.9939298 0.9943832 0.9937383 0.9916059 0.99349284 0.9916341 0.99282694 0.99420667 0.9938166 0.9937457 0.99301624 0.9936731 0.9934915 0.9938175 0.9922153 0.9950641 0.99299806 0.99304575 0.9928598 0.9938345 0.9943733 0.9945384 0.9934231 0.9930809 0.99342585 0.9942734 0.99269444 0.9911449 0.9923322 0.9918493 0.9921808 0.9929968 0.99333274 0.9944211 0.9872461 0.98887587 0.9898218 0.9897934 0.98853135 0.98814726 0.9846427 0.9870308 0.9949451 0.9948363 0.9950003 0.9941748 0.9932095 0.99487454 0.99481446 0.9881519 0.99078214 0.99105227 0.98704666 0.9935086 0.9927895 0.9920669 0.9899609 0.99053085 0.9954083 0.9937796 0.9947681 0.99278754 0.99448156 0.9950283 0.9923404 0.99253833 0.99498105 0.99550635 0.99565643 0.99556416 0.9927488 0.9939276 0.9924608 0.990686 0.9911624 0.99434465 0.991799 0.9897496 0.9937213 0.9932441 0.99167854 0.99120617 0.99171805 0.9897934 0.9890845 0.9937051 0.9941756 0.9949159 0.9939196 0.99277323 0.9941842 0.9914976 0.9943384 0.99242103 0.99354815 0.99440074 0.9947203 0.99391896 0.9952655 0.9936076 0.9942567 0.9943143 0.99260247 0.9936237 0.9930081 0.9915943 0.99352884 0.99171996 0.98942924 0.9901793 0.9926243 0.99240756 0.9915661 0.99322873 0.9905242 0.9918587 0.9901499 0.9917461 0.9921194 0.99216837 0.9904168 0.9898704 0.9915283 0.9931231 0.99308157 0.99429256 0.99392205 0.99410045 0.9936526 0.99238247 0.9818592 0.9850082 0.993146 0.9925908 0.9904461 0.9914031 0.9934181 0.98938334 0.99019957 0.99333805 0.9890637 0.98415256 0.988594 0.9906712 0.99173075 0.9924415 0.9909777 0.9926302 0.9880815 0.9924508 0.99243474 0.99210685 0.99222565 0.99039996 0.9937631 0.99444413 0.9931066 0.99351954 0.99143 0.9932307 0.994024 0.99487203 0.99367404 0.99480337 0.9958834 0.996106 0.99495775 0.99347883 0.99345773 0.99406606 0.9929403 0.9935658 0.9936757 0.9941634 0.9946177 0.9911654 0.9912281 0.9884458 0.99205995 0.99207026 0.99211204 0.99085945 0.99346024 0.9900935 0.9918512 0.99094975 0.99120694 0.992201 0.9915495 0.99040914 0.9933984 0.99245447 0.99312013 0.9930029 0.9940389 0.99370074 0.9940467 0.99499136 0.99514425 0.9943958 0.9947397 0.99310535 0.99364895 0.9930634 0.9921482 0.9925695 0.9931738 0.9889538 0.9880563 0.99139625 0.993199 0.9931825 0.993078 0.9925835 0.99311656 0.99443436 0.99384284 0.99340653 0.9932513 0.994983 0.99452424 0.99539125 0.99198705 0.98980534 0.98904085 0.98996437 0.9933676 0.9944821 0.9938207 0.9935957 0.98552394 0.98289406 0.98164827 0.99189633 0.99107796 0.9894627 0.9936892 0.9931889 0.99336165 0.99342006 0.9918349 0.99163723 0.9900635 0.983938 0.99302423 0.9916039 0.9921592 0.9876621 0.98892057 0.9859575 0.9837469 0.9892136 0.9903896 0.9932903 0.99152154 0.9895901 0.98908436 0.98817784 0.98571193 0.9923878 0.991642 0.99096316 0.9902274 0.9911809 0.98969984 0.99255645 0.99225885 0.99325156 0.99414825 0.9931748 0.99217236 0.99368924 0.9915884 0.993095 0.99318916 0.9931799 0.9906127 0.98970157 0.9876178 0.9923913 0.98743147 0.9889383 0.9934036 0.98979104 0.98556924 0.9865374 0.9885518 0.9924346 0.98521626 0.99095243 0.9886617 0.99186605 0.9917626 0.99139696 0.9932975 0.99293786 0.9921862 0.99254566 0.9893343 0.9878657 0.99067485 0.98791 0.989203 0.98795724 0.98977 0.9888421 0.9887587 0.9887591 0.99686396 0.9976412 0.9977121 0.99714935 0.9971022 0.99926054 0.9999996 0.9985473 0.99473464 0.9953466 0.99539393 0.99604666 0.99481094 0.99336684 0.9947851 0.9947506 0.99174285 0.9921696 0.99177814 0.99347436 0.9947603 0.9940921 0.9950767 0.9943182 0.9948697 0.99509573 0.9957909 0.9941806 0.9931022 0.99366176 0.9927156 0.9936898 0.9946032 0.9946594 0.9940929 0.9930584 0.9923789 0.99221635 0.99008596 0.9927153 0.9916358 0.9925496 0.9929942 0.9916029 0.99206597 0.9916113 0.99485064 0.99448645 0.99363697 0.99408937 0.99369484 0.9925624 0.9941112 0.9958222 0.9943378 0.99352646 0.99532706 0.99468595 0.9934569 0.99443686 0.9950408 0.9940764 0.9949028 0.9943429 0.99616736 0.99319 0.9956429 0.9955021 0.995034 0.9945324 0.9945542 0.9948336 0.9934146 0.9933427 0.99409676 0.99285734 0.99457407 0.99283457 0.99336565 0.99378735 0.9921236 0.9945038 0.9948646 0.9945469 0.99367857 0.99387836 0.99358416 0.98929083 0.9877079 0.98431873 0.9864546 0.9877432 0.9873195 0.98537874 0.9823166 0.9913635 0.9906522 0.99238586 0.9933221 0.99265665 0.99366444 0.99266034 0.9930613 0.9926902 0.9919949 0.9916311 0.9922315 0.9929124 0.9935342 0.9938535 0.9935802 0.99341965 0.99006075 0.9874669 0.98525643 0.988229 0.9911334 0.9901032 0.99042606 0.9884767 0.9911402 0.98836434 0.98462844 0.98968047 0.98575073 0.98746413 0.9888572 0.9840505 0.98396546 0.98620284 0.9876504 0.98968977 0.9894266 0.98627245 0.98866886
SuboticxJovan_SRP18730JovanSKaludjer-L2_8 0.9878535 0.98999 0.991117 0.9900227 0.99025005 0.9900796 0.9880541 0.9877508 0.99194294 0.99079454 0.9927284 0.9917873 0.9924803 0.99278146 0.99150056 0.9894051 0.9895828 0.98905635 0.98992485 0.99221325 0.9913275 0.9921706 0.9867146 0.987077 0.9877149 0.98862314 0.9892052 0.9877212 0.98994756 0.9906303 0.99009806 0.9901986 0.9911096 0.98442197 0.98304766 0.98646444 0.9844842 0.9851965 0.98924965 0.98960376 0.9904462 0.99109054 0.99020714 0.98910993 0.98545504 0.9867208 0.9901552 0.9916748 0.9918696 0.9931636 0.99452496 0.99530876 0.9959263 0.9934442 0.9947745 0.9879222 0.9867011 0.9796222 0.98396844 0.9909728 0.990992 0.98517644 0.98997974 0.98946035 0.98340845 0.9842165 0.99373096 0.9931467 0.99471635 0.99103165 0.99188757 0.9882476 0.9926636 0.99450463 0.9941676 0.99435127 0.98994774 0.99133354 0.9936542 0.9925118 0.9915552 0.99075186 0.99023825 0.9927929 0.9897373 0.99287343 0.99280417 0.99318033 0.9938033 0.99191284 0.9929007 0.9924131 0.9929733 0.9927236 0.99301535 0.9949132 0.9930619 0.99415195 0.9935279 0.9948209 0.99201643 0.9929234 0.9938544 0.99424154 0.9931201 0.99234456 0.9928397 0.99354 0.993696 0.9942019 0.9938453 0.9933726 0.99400795 0.99347794 0.99346954 0.99346566 0.99355114 0.9915204 0.9913671 0.9912956 0.9923587 0.9931971 0.99270153 0.99137837 0.9915664 0.9909291 0.99365324 0.9899413 0.9878507 0.9899183 0.9897441 0.9896285 0.9915841 0.99211186 0.9922733 0.9872216 0.9878987 0.9888276 0.9890476 0.988558 0.988787 0.9858383 0.98747873 0.99335337 0.99351776 0.9941281 0.99213874 0.99054873 0.9933082 0.9931573 0.9843955 0.986952 0.98804784 0.9831302 0.9924127 0.99213654 0.9916993 0.9909352 0.99159294 0.99599403 0.99466604 0.9955755 0.99428284 0.9952286 0.9954138 0.9939778 0.9931171 0.9949961 0.99583626 0.99568397 0.99590945 0.9945119 0.99445486 0.99365103 0.9924178 0.99266666 0.99363816 0.992201 0.9901324 0.99259317 0.9930393 0.99226236 0.99174726 0.9927586 0.9914937 0.99127376 0.9926476 0.99393505 0.99486375 0.99379766 0.9927701 0.9934392 0.992548 0.9941741 0.9931193 0.9924421 0.9925623 0.9923891 0.9918787 0.99448735 0.99321437 0.9945413 0.99401605 0.9923663 0.99174625 0.9931584 0.9922605 0.99395454 0.99204403 0.9898285 0.9908158 0.9936966 0.99118793 0.98964095 0.99221987 0.9906634 0.99060184 0.9897943 0.9917432 0.990346 0.99072737 0.99064666 0.98984206 0.9915112 0.9929404 0.992557 0.9951637 0.993024 0.9932294 0.99231356 0.99193436 0.9758228 0.980227 0.99211955 0.9914837 0.98816353 0.99007905 0.9939576 0.98637104 0.9890552 0.9934775 0.9917202 0.98775536 0.99095285 0.99229944 0.99070096 0.99169034 0.9884179 0.98944247 0.9840277 0.99083865 0.99148744 0.99043274 0.99005 0.9866541 0.9915451 0.9918326 0.9915246 0.99058485 0.98880345 0.9907866 0.99192923 0.99409497 0.99123526 0.9931633 0.9947614 0.9952404 0.9940297 0.9925594 0.9931625 0.9936468 0.99209374 0.99164027 0.99310386 0.9925326 0.99359024 0.98793167 0.9883425 0.98650354 0.9900661 0.9901709 0.989356 0.9870127 0.99217147 0.98795396 0.98938745 0.98876995 0.98790854 0.9892047 0.9887774 0.98709357 0.9907845 0.9896244 0.99139416 0.9899463 0.9918158 0.99215263 0.9914356 0.9931651 0.99309134 0.9923848 0.99424374 0.9937301 0.99296844 0.9936235 0.99261016 0.9932223 0.9932821 0.9861092 0.98598695 0.9893702 0.99101573 0.99192667 0.9910212 0.989587 0.9914898 0.9920455 0.99237233 0.99092954 0.9910108 0.9944805 0.993373 0.9948665 0.99147004 0.9899586 0.9896928 0.99010295 0.9917261 0.9932684 0.9922228 0.9917519 0.98439705 0.9826743 0.98157424 0.99306667 0.9926564 0.99113685 0.9913501 0.99234295 0.9924383 0.99256146 0.99170077 0.99069667 0.99038655 0.9840981 0.99156564 0.99107885 0.99136454 0.9857672 0.98875064 0.9852542 0.98365915 0.9870204 0.98896664 0.9915606 0.990688 0.9874636 0.98739386 0.98695993 0.98848575 0.99079764 0.98936164 0.9897543 0.9887451 0.9894912 0.98702013 0.99013144 0.99034417 0.9915342 0.9921173 0.9915392 0.9904248 0.99291617 0.9922108 0.9917379 0.9919632 0.99237096 0.99096644 0.989191 0.98931265 0.99112594 0.9888523 0.9901525 0.9933466 0.9912313 0.9877985 0.9881487 0.9902441 0.99069065 0.98630327 0.99000853 0.9892279 0.9907428 0.9908295 0.9928365 0.99400693 0.9937911 0.9932349 0.9928245 0.989321 0.9858128 0.98774207 0.98482895 0.98616165 0.9857655 0.98699796 0.9859642 0.98658127 0.98613095 0.9959983 0.9978641 0.9982823 0.9954069 0.99724287 0.99861836 0.9985473 1.0 0.9950502 0.99452114 0.9947478 0.99461985 0.99398845 0.9909475 0.99250174 0.9935652 0.9893111 0.9900855 0.98979485 0.99412644 0.994679 0.99376 0.9950127 0.9937194 0.9936633 0.9935818 0.99461097 0.9929415 0.99361783 0.9910969 0.9903104 0.9923904 0.99355185 0.9938252 0.9941798 0.99213517 0.9919083 0.99053395 0.98952097 0.9915302 0.9898151 0.9919276 0.99078983 0.9898312 0.9907302 0.98883337 0.99416214 0.9936509 0.9919585 0.992455 0.99162906 0.989536 0.99250406 0.9954196 0.9929275 0.99201256 0.9943551 0.9925819 0.99110496 0.992825 0.9926768 0.99320054 0.99458283 0.99257666 0.99526644 0.9922716 0.9948403 0.99500054 0.9937817 0.99369466 0.99267477 0.99343425 0.99174064 0.9918396 0.9934241 0.991987 0.99307853 0.98943174 0.99221194 0.993583 0.9930673 0.99455386 0.99511087 0.99537 0.9936777 0.9941503 0.9935775 0.9885898 0.9868959 0.9843862 0.98570526 0.98856616 0.9874185 0.9848146 0.9820016 0.98816204 0.9873802 0.98995775 0.9919136 0.99227047 0.99221456 0.99015117 0.9918539 0.99127 0.98868924 0.9886358 0.9892527 0.9907193 0.99212974 0.9925709 0.9928446 0.99410075 0.9925934 0.99028784 0.98891824 0.989706 0.9922617 0.9916504 0.9916267 0.9910278 0.9923059 0.9898249 0.98699725 0.9915473 0.9876288 0.98921025 0.9911469 0.9875317 0.98712844 0.98884547 0.989932 0.9909409 0.9864497 0.98357195 0.98630655
SuboticxKamenko_SRP19203KamenkoSLegijaSmrti-L2_1 0.99062073 0.99421877 0.99422467 0.9923732 0.99316263 0.99281496 0.9909533 0.9884513 0.9942695 0.99296784 0.9945778 0.9944653 0.99449265 0.99494886 0.9938807 0.9928131 0.99202025 0.9918424 0.99280024 0.9949598 0.9933768 0.99442744 0.9902841 0.9906458 0.9909361 0.99091655 0.9917413 0.990014 0.9924739 0.99234945 0.9921959 0.99228406 0.9928444 0.9865284 0.98446393 0.9902353 0.98858505 0.9887823 0.99390197 0.99389356 0.9946698 0.9951266 0.9946681 0.9934647 0.9904308 0.99170965 0.99441385 0.9956128 0.99537325 0.9960723 0.9969968 0.9969649 0.99740905 0.9957545 0.9959014 0.99154145 0.99039876 0.983455 0.9876084 0.99391806 0.99416584 0.98924077 0.9932154 0.9926075 0.9867744 0.98773867 0.9967456 0.9959502 0.9971792 0.9950332 0.9948843 0.9926014 0.9959809 0.9971244 0.9969464 0.99710894 0.99306434 0.9932587 0.99606514 0.9958594 0.9941136 0.99305874 0.99301213 0.996192 0.99358803 0.99617684 0.9958128 0.9962021 0.9965248 0.9949345 0.9958552 0.99367917 0.99532807 0.9940183 0.9945881 0.99587834 0.994823 0.99611175 0.9951646 0.99582016 0.99350214 0.99426657 0.9948808 0.99713767 0.9962293 0.9949461 0.9953159 0.9958358 0.9964158 0.99635875 0.9965541 0.99601495 0.99685663 0.9966819 0.99681944 0.9955738 0.996154 0.99500763 0.99432373 0.9945142 0.9957122 0.9955642 0.99538445 0.9947799 0.99513596 0.99442065 0.99584275 0.99356157 0.9913761 0.9932712 0.99319494 0.9934379 0.99523574 0.99526775 0.9948903 0.99066 0.9912877 0.99231935 0.99266636 0.9938027 0.99351156 0.9906166 0.99242884 0.9955593 0.99492747 0.99574184 0.9956561 0.9942417 0.99677336 0.9967472 0.9890299 0.9899115 0.98953027 0.98615783 0.99644023 0.99533 0.9948028 0.9946141 0.99445224 0.9964674 0.99622107 0.99580795 0.9952348 0.99536675 0.9959001 0.995213 0.99451536 0.99664766 0.99672556 0.99712956 0.9964464 0.99507487 0.9962845 0.99580675 0.9942418 0.9947078 0.9958635 0.99386847 0.9924629 0.9956889 0.99573046 0.99461746 0.9945062 0.9956101 0.99386597 0.9930102 0.9957815 0.9969715 0.9973343 0.99674976 0.99437726 0.994829 0.9934771 0.99532235 0.9945317 0.9949023 0.9948849 0.9957084 0.9951597 0.99723005 0.99632734 0.9974416 0.9973748 0.99522495 0.9955526 0.9962995 0.9956081 0.9968153 0.99484146 0.9923194 0.99341184 0.9965372 0.99334085 0.99176174 0.9948292 0.9934889 0.99344665 0.9928118 0.99456453 0.9923919 0.99272746 0.99151 0.9904747 0.9925431 0.995381 0.99463975 0.99711657 0.99564934 0.9953751 0.9946944 0.9944399 0.98099613 0.98553205 0.9952344 0.9947073 0.99158454 0.993454 0.99612004 0.98942196 0.99216825 0.9960133 0.99250805 0.98678744 0.99126315 0.99329984 0.99380696 0.99435085 0.99231946 0.9931098 0.98817366 0.9948449 0.99521357 0.99416256 0.9936814 0.9900129 0.99526924 0.99472606 0.99461377 0.9939441 0.992287 0.9942459 0.99479556 0.9957809 0.9929236 0.995902 0.9969971 0.99705845 0.9962131 0.9943676 0.99585944 0.99614525 0.99586 0.9955232 0.99680775 0.99584174 0.9964545 0.99308354 0.9933234 0.99226964 0.9950991 0.99479896 0.99368036 0.9915341 0.99614316 0.9929681 0.9938657 0.9930801 0.99268085 0.9940491 0.99308395 0.99212795 0.9948712 0.99437505 0.995331 0.9942384 0.99592775 0.9956889 0.9954185 0.99630713 0.9961164 0.9954604 0.995983 0.9950711 0.9949622 0.99481094 0.99420345 0.9946906 0.9952121 0.98936176 0.98939687 0.99193877 0.99487835 0.9954735 0.99514914 0.9938873 0.9955441 0.9951014 0.99605083 0.99420375 0.99401987 0.9969223 0.9965427 0.9975628 0.99496555 0.9932203 0.99281675 0.9934677 0.99484974 0.9956488 0.9949787 0.9947571 0.98867774 0.9872304 0.98566055 0.9963825 0.99484473 0.99442965 0.9947857 0.9958186 0.99566203 0.99578035 0.9949348 0.9948659 0.99398106 0.9885663 0.99509186 0.99495506 0.99511576 0.99082977 0.99289894 0.99025255 0.9889042 0.9916204 0.9928204 0.993479 0.9929404 0.9903896 0.9900332 0.99018866 0.9916644 0.99508667 0.994069 0.9942498 0.99366254 0.9944131 0.9921956 0.99361277 0.99398226 0.99488235 0.99563354 0.9955661 0.9951383 0.99499935 0.9935067 0.99468994 0.99463856 0.9953366 0.99401253 0.99234945 0.9907584 0.99389654 0.9899498 0.9912407 0.9952891 0.9926567 0.98948663 0.989506 0.99186313 0.9940452 0.9888851 0.9938001 0.99210715 0.994077 0.99426484 0.995257 0.9956984 0.9954561 0.9951849 0.9956356 0.9925685 0.9906699 0.99113506 0.98945683 0.9904476 0.9904317 0.9914503 0.99016523 0.9906422 0.9903081 0.9950923 0.99477017 0.993859 0.99427575 0.99594367 0.9956779 0.99473464 0.9950502 0.9999996 0.99788487 0.9979919 0.9980273 0.99786186 0.9953012 0.99662113 0.9970807 0.9938072 0.99421954 0.99415094 0.9985381 0.99913466 0.9988105 0.99914336 0.9984776 0.9974807 0.9971348 0.9976803 0.9965697 0.9964881 0.99428666 0.99372935 0.9960555 0.99653625 0.99594206 0.9963923 0.9965536 0.9959345 0.99465036 0.9938673 0.995357 0.9943205 0.99593437 0.99475366 0.9932434 0.9943342 0.9925686 0.99662405 0.9961075 0.99487096 0.99556905 0.9946357 0.9936836 0.9963154 0.99764085 0.9960418 0.9959247 0.9972246 0.9959383 0.99415016 0.9956752 0.9958062 0.9966381 0.9970418 0.995463 0.99720037 0.9958059 0.99728745 0.9973982 0.9968673 0.99652994 0.99583733 0.9960246 0.9951181 0.9953003 0.9960537 0.9960863 0.9962555 0.99343395 0.9955207 0.9958115 0.99554956 0.99688125 0.99719447 0.99637294 0.9965173 0.9965728 0.99625015 0.9918206 0.98966 0.98667675 0.98892426 0.99104095 0.9901295 0.9879073 0.98531294 0.99328214 0.9930459 0.9951311 0.9966822 0.99703306 0.99699914 0.9952415 0.99684304 0.99653906 0.9932362 0.99347514 0.9937848 0.99511915 0.9965672 0.9966296 0.99690634 0.995805 0.99290204 0.99137574 0.9894708 0.9913803 0.9935446 0.9928011 0.99264425 0.9917766 0.9951004 0.9923523 0.989837 0.9938751 0.99045485 0.9919748 0.9935478 0.9896013 0.98930347 0.9910839 0.9919518 0.9936246 0.98874784 0.985476 0.98755497
SuboticxKamenko_SRP19203KamenkoSLegijaSmrti-L2_10 0.9922542 0.99591345 0.9967158 0.99389577 0.9946667 0.99607784 0.9950615 0.9908224 0.9955305 0.99460405 0.9956413 0.9959368 0.9950478 0.99524367 0.9955425 0.9939241 0.9932763 0.9935895 0.9946633 0.9955946 0.9934255 0.99450994 0.99270004 0.9926681 0.9929797 0.9924492 0.9932911 0.9908438 0.99427974 0.9934185 0.9935287 0.99407685 0.99405396 0.9867494 0.9846432 0.9921119 0.9905041 0.9900197 0.9945941 0.99470013 0.9951237 0.99479824 0.994915 0.993106 0.9919946 0.9928068 0.99460644 0.9954807 0.9954955 0.99642164 0.9974061 0.99696463 0.9972902 0.9961269 0.99549544 0.994248 0.9934525 0.98806655 0.9912487 0.9968041 0.99656445 0.9924754 0.99536616 0.99467313 0.9911052 0.99146944 0.9971459 0.99640363 0.9969549 0.99601746 0.9965561 0.99486893 0.99758196 0.99819875 0.9984224 0.9981131 0.99560905 0.99586767 0.9980229 0.9972525 0.99659693 0.99393916 0.9945203 0.99560076 0.9937091 0.99604166 0.995223 0.9962551 0.99687093 0.9952119 0.9958581 0.99381113 0.9968776 0.99564874 0.9956377 0.99727046 0.99642104 0.99697846 0.9966475 0.9968644 0.9950533 0.9954258 0.9955532 0.995699 0.9947225 0.9952358 0.9940917 0.99479973 0.9961401 0.9955306 0.9953704 0.9953472 0.9959769 0.9957933 0.9966115 0.99455893 0.9962522 0.9949989 0.9941239 0.99454373 0.9962661 0.9953446 0.9968016 0.9962084 0.9965436 0.99620265 0.99725854 0.99590176 0.99348044 0.9946819 0.9950768 0.995506 0.9964484 0.9965856 0.99611145 0.9916548 0.992864 0.99394584 0.99441946 0.9935674 0.992953 0.9902508 0.9923651 0.99633604 0.9952283 0.9961623 0.9961394 0.99503934 0.99755263 0.9974502 0.99184465 0.9919503 0.9911243 0.9885511 0.99757683 0.99630445 0.996078 0.9945116 0.9945166 0.99614155 0.99616367 0.99477357 0.9944738 0.9949363 0.995873 0.99468374 0.9953488 0.9968981 0.997043 0.9969436 0.9966661 0.99439806 0.9963256 0.99550736 0.99370265 0.9947573 0.9954858 0.99324316 0.9919828 0.99643 0.99564993 0.9945298 0.99416625 0.99500597 0.99228674 0.9906061 0.9965612 0.9971171 0.99697596 0.996812 0.9949511 0.99537617 0.99366903 0.99588525 0.9948044 0.9958478 0.9961354 0.99684817 0.9961071 0.9976299 0.99643046 0.99666315 0.9974013 0.9960203 0.9968395 0.9955043 0.9950272 0.99565244 0.99400735 0.99165404 0.99292016 0.99560076 0.99577224 0.9943897 0.9966718 0.9952866 0.99570173 0.9953917 0.9959111 0.9951734 0.9958064 0.99400425 0.9934246 0.99512136 0.9965424 0.9965062 0.9967694 0.9972105 0.9969914 0.99643433 0.9963186 0.98494494 0.98877895 0.99552184 0.99567235 0.99231946 0.9941622 0.995744 0.99033654 0.99262714 0.99588776 0.99136364 0.9843711 0.9896424 0.9921221 0.99385613 0.99447936 0.99500614 0.9960263 0.9901417 0.99681365 0.9967924 0.99626 0.9956665 0.99221843 0.99668044 0.99686074 0.9968355 0.9961912 0.9950951 0.99570334 0.9967201 0.99648845 0.9941049 0.996746 0.99736786 0.99774593 0.9973818 0.9957354 0.9961866 0.9959794 0.9961287 0.9961903 0.99684966 0.99588954 0.99618435 0.995399 0.99577075 0.9944131 0.9970641 0.996837 0.9959147 0.9944763 0.9978984 0.99562037 0.99587095 0.99397963 0.9945489 0.9955626 0.9954366 0.99453443 0.99688923 0.99667567 0.9970724 0.99584544 0.99649835 0.99642074 0.9969106 0.9974641 0.99663264 0.99600357 0.99644357 0.9938587 0.99568313 0.994129 0.99377614 0.99395573 0.9948534 0.9914971 0.99118483 0.99313617 0.9961139 0.9965505 0.9965813 0.9955852 0.99643326 0.9961735 0.99694043 0.9952195 0.99562466 0.99712914 0.99717444 0.99746054 0.99559003 0.9942203 0.9935598 0.994254 0.9966186 0.99645555 0.9963655 0.99640465 0.9916058 0.98995465 0.98821735 0.99559736 0.9940267 0.9933976 0.9963237 0.9965724 0.99654245 0.9967501 0.9958702 0.9958525 0.99451536 0.98939264 0.9961262 0.9954924 0.99567103 0.9925847 0.99356323 0.9913847 0.98982483 0.9936049 0.99422085 0.99480355 0.9938923 0.9926214 0.9920053 0.9918147 0.9907703 0.9959597 0.99501324 0.9957183 0.99479276 0.99548745 0.99469733 0.9948102 0.99460065 0.99564666 0.99660766 0.9967294 0.9964386 0.9956806 0.9937704 0.9953825 0.99553084 0.9953365 0.99403167 0.99367034 0.990324 0.9951004 0.9900169 0.9911512 0.9952953 0.99235123 0.9889169 0.98908824 0.99141914 0.9952178 0.98895574 0.99455374 0.99213916 0.9944097 0.99472487 0.9944244 0.9949989 0.9948457 0.99409455 0.99560446 0.99386513 0.99213755 0.99316835 0.99151 0.9927491 0.9926518 0.9932779 0.99258316 0.9930283 0.99320817 0.9960824 0.9947598 0.993948 0.995613 0.9956224 0.9958402 0.9953466 0.99452114 0.99788487 1.0000001 0.9992045 0.99888736 0.9983125 0.99697274 0.99815726 0.99722964 0.9953891 0.99549407 0.9949215 0.9971342 0.9973972 0.9974298 0.9978476 0.99769706 0.99894583 0.9991874 0.99925387 0.99715966 0.9960965 0.9956732 0.995188 0.99712676 0.99693274 0.9967383 0.9968355 0.99610066 0.9950613 0.99487543 0.99393666 0.9954295 0.9948076 0.99568677 0.9953524 0.99361 0.99429274 0.9931562 0.9975015 0.9974159 0.9971905 0.9968699 0.996967 0.9958777 0.99700814 0.99769163 0.9972689 0.99701864 0.9976622 0.99745476 0.99505466 0.9972441 0.997517 0.9972092 0.99712914 0.9963575 0.9976502 0.9967977 0.9977039 0.9979074 0.9977017 0.99837095 0.9977353 0.9979813 0.99740905 0.99648386 0.99720085 0.9979066 0.9974202 0.995726 0.99634135 0.9962217 0.9951875 0.9966493 0.9968684 0.99578726 0.99652374 0.99639237 0.9965379 0.993008 0.99098057 0.9877614 0.99035114 0.9913408 0.9907679 0.9893295 0.986501 0.99353963 0.9945401 0.9961334 0.9973313 0.9970243 0.9972579 0.9962355 0.9972275 0.9970581 0.9939867 0.9939542 0.9944463 0.99532825 0.99628806 0.9962058 0.9961688 0.99462295 0.9912707 0.9893773 0.98657465 0.99074495 0.992596 0.99183494 0.99192345 0.9906663 0.9948655 0.99217045 0.9891303 0.9931466 0.99020004 0.9911177 0.9925411 0.9880225 0.9877441 0.9898169 0.9908585 0.99375546 0.991686 0.98845357 0.990352
SuboticxKamenko_SRP19203KamenkoSLegijaSmrti-L2_11 0.9913744 0.995173 0.9955835 0.9937812 0.9944023 0.99432456 0.99267966 0.9882005 0.9959252 0.9950597 0.9962545 0.9961575 0.9960845 0.9962387 0.9958212 0.9945856 0.9936178 0.9934826 0.9946499 0.9964083 0.9945498 0.9955255 0.9922456 0.9926856 0.99267167 0.9925902 0.99319816 0.99145526 0.9944539 0.99412477 0.99388194 0.99406415 0.9946618 0.9873929 0.98551285 0.9912054 0.98958206 0.9893637 0.99417347 0.99505734 0.99530977 0.9949885 0.9945597 0.9933095 0.99086785 0.99229836 0.9949327 0.9956708 0.9958884 0.9966168 0.99771166 0.9970072 0.99719846 0.9951559 0.9945895 0.9935163 0.9926256 0.9859535 0.9902065 0.99627256 0.99586606 0.99179995 0.9945612 0.9935403 0.98949146 0.9900602 0.99676347 0.99556607 0.99694204 0.9963952 0.99620354 0.9938984 0.99730027 0.9987322 0.9984148 0.99861944 0.99512494 0.99488354 0.99774945 0.9976707 0.9963651 0.9942466 0.99460304 0.9958649 0.9943249 0.99674094 0.9963043 0.9969587 0.99756116 0.99497944 0.99608576 0.9944394 0.99638104 0.9952424 0.9953254 0.99740434 0.995816 0.99736476 0.99594206 0.99641687 0.9942523 0.99545455 0.9959278 0.9969282 0.99619275 0.99549735 0.99507046 0.99582005 0.9971227 0.9965907 0.9966165 0.9965886 0.9967613 0.99667245 0.99727315 0.9955331 0.9962911 0.9958044 0.9947187 0.995016 0.99635434 0.99535394 0.9970138 0.9969238 0.9974196 0.996577 0.9979604 0.9958951 0.9929766 0.9950344 0.9955008 0.9957155 0.99715036 0.9972007 0.9964089 0.9919324 0.9926871 0.99362284 0.99410844 0.9931363 0.9932986 0.99016714 0.9925726 0.99561936 0.9953515 0.9967699 0.9958586 0.994934 0.99723274 0.9976907 0.9903952 0.9908605 0.9901866 0.98712736 0.99756795 0.9962925 0.99620926 0.9951925 0.9953031 0.9960408 0.9959562 0.9951584 0.99421835 0.9949465 0.9958839 0.99506974 0.9950949 0.99746567 0.99651265 0.9977015 0.99698806 0.9951953 0.9972641 0.996385 0.99464977 0.9956536 0.9956551 0.9937585 0.99264276 0.996419 0.9961239 0.9950843 0.99478215 0.9958713 0.99345094 0.99222565 0.9968849 0.9978384 0.9979178 0.9967911 0.99504304 0.99598795 0.994479 0.9962971 0.99551207 0.996555 0.9966131 0.9966894 0.9957923 0.9974587 0.99574584 0.9973885 0.99766946 0.9962297 0.9962902 0.99538255 0.9948066 0.99659425 0.9931802 0.99023074 0.9919648 0.996315 0.99522597 0.9935333 0.9962287 0.995154 0.9951626 0.9947432 0.99606335 0.9941745 0.9948512 0.99308056 0.99229854 0.9944021 0.99601275 0.995347 0.99687403 0.99664354 0.9961116 0.9951693 0.9956263 0.9830905 0.9876232 0.9956728 0.99493057 0.9912836 0.9936954 0.9950538 0.9887661 0.9911141 0.9957382 0.9916402 0.9852444 0.9897049 0.99191463 0.992764 0.9938642 0.9930812 0.9948031 0.98879826 0.9958534 0.9961736 0.9954197 0.9940692 0.9905789 0.99567497 0.99578977 0.99522805 0.9949465 0.9937632 0.99478555 0.9953768 0.9956622 0.99285716 0.9959349 0.9974164 0.99733984 0.9964056 0.99440193 0.9965486 0.9968835 0.99646515 0.99650127 0.9974063 0.9960768 0.9963129 0.9938661 0.99486595 0.9937696 0.99663067 0.99626285 0.99403226 0.99282426 0.99718386 0.9943912 0.99401915 0.9924317 0.99333745 0.99436206 0.99426246 0.9928293 0.9959425 0.9953436 0.9961736 0.9945009 0.99572396 0.9957407 0.99679315 0.9965394 0.9959675 0.99535364 0.9963525 0.99532753 0.99580693 0.99520373 0.9946845 0.99539757 0.9955856 0.991146 0.99104166 0.99291277 0.9962701 0.99717176 0.99688125 0.9956473 0.9969589 0.9955643 0.99747765 0.9952537 0.9954565 0.9972221 0.9971421 0.9976338 0.99616015 0.9947184 0.9942888 0.99463975 0.996757 0.9969444 0.99684906 0.9968616 0.9907273 0.9894228 0.9872252 0.9962347 0.99516326 0.9944564 0.99636036 0.9971708 0.99744314 0.9974984 0.99624413 0.99596965 0.9950435 0.9891424 0.9962224 0.9958235 0.9960583 0.99245614 0.9938069 0.9911402 0.9896474 0.9933224 0.9938396 0.99453855 0.993605 0.9915242 0.9914145 0.990879 0.9915739 0.9966481 0.9954345 0.99655807 0.9958139 0.99627024 0.9946547 0.9941441 0.9943396 0.9957377 0.99640703 0.9961578 0.9961199 0.9958068 0.99452615 0.9957692 0.99569017 0.9957941 0.9947413 0.99414325 0.9916118 0.9951557 0.99118364 0.9921159 0.99565345 0.9930051 0.9900409 0.98987114 0.992441 0.9947161 0.98959196 0.99451077 0.992759 0.9943922 0.9947184 0.99566567 0.99640024 0.9963617 0.99566835 0.9964237 0.99365103 0.9921218 0.9926516 0.9914497 0.9927801 0.9928392 0.99349594 0.9923709 0.9928805 0.9930456 0.9962858 0.99497235 0.9940008 0.99563086 0.9966533 0.99583286 0.99539393 0.9947478 0.9979919 0.9992045 0.99999976 0.9986959 0.9989846 0.9969758 0.99773824 0.9978195 0.99385136 0.9939994 0.9939048 0.9979299 0.9976438 0.9976249 0.99801564 0.9975989 0.9983391 0.99898374 0.99915284 0.9968353 0.9969095 0.9946725 0.9952297 0.99702054 0.99703586 0.99653536 0.99689716 0.9964719 0.99584764 0.99534816 0.9946813 0.9956518 0.9952265 0.99631876 0.9953545 0.99427825 0.995023 0.99304193 0.9979522 0.9981694 0.9972066 0.9975671 0.9968991 0.99535996 0.9972278 0.997312 0.9967911 0.99698097 0.99731475 0.9966854 0.99403137 0.9968715 0.99711174 0.99725413 0.99661314 0.99505824 0.99735534 0.99714684 0.99818 0.99775237 0.997536 0.99810565 0.99687976 0.99719524 0.9966651 0.99518025 0.9969079 0.9972053 0.99742734 0.99536407 0.99679846 0.99649847 0.9960731 0.9972682 0.9969793 0.9956849 0.99711543 0.99605596 0.9969566 0.99313337 0.99086267 0.9871292 0.9898666 0.9917715 0.9908706 0.9891815 0.9861423 0.992819 0.9939282 0.99537426 0.9967829 0.99716085 0.997029 0.9954935 0.9965154 0.9965854 0.9932451 0.9930736 0.99346554 0.994964 0.9963678 0.99625 0.99586284 0.9955221 0.9926711 0.9909013 0.98851967 0.99204814 0.99384296 0.99333495 0.99344665 0.99228936 0.9951781 0.9928648 0.99000967 0.99376875 0.99103487 0.9920762 0.99368167 0.98960876 0.98948324 0.99140835 0.99213225 0.9941911 0.99021673 0.9865853 0.98897284
SuboticxKamenko_SRP19203KamenkoSLegijaSmrti-L2_12 0.99350536 0.9972875 0.99678284 0.9933915 0.9946749 0.99648863 0.99460113 0.99122745 0.996461 0.9954213 0.99646026 0.99738055 0.9956733 0.9957727 0.996705 0.99466974 0.9944444 0.9950394 0.9961153 0.9966497 0.9940679 0.9951972 0.9946986 0.9941621 0.9943173 0.99304783 0.9943961 0.9911954 0.99509674 0.99379253 0.99365884 0.9951676 0.99432766 0.9879004 0.9852655 0.9938828 0.99258983 0.9911807 0.996207 0.9959236 0.99591005 0.99537975 0.9962095 0.99373525 0.9936317 0.9949795 0.99581426 0.9964064 0.9967081 0.996534 0.99842286 0.99778044 0.9973811 0.99680847 0.996073 0.9951234 0.9946543 0.9888681 0.9917546 0.9966852 0.99661756 0.99314916 0.9967204 0.9957951 0.9922959 0.993008 0.9976144 0.9974542 0.9975789 0.9972682 0.9978315 0.99637383 0.9976575 0.99837863 0.99850214 0.9981773 0.99679697 0.9966878 0.99831885 0.99777186 0.996914 0.99463874 0.9956781 0.9957037 0.9934482 0.9960569 0.9952311 0.9965085 0.99698025 0.9954083 0.99648637 0.9943652 0.99702054 0.9957852 0.99589664 0.99722964 0.9954192 0.99639666 0.9961181 0.99608874 0.9947793 0.99559706 0.9956436 0.99611396 0.9945326 0.996608 0.9944308 0.9953035 0.9970901 0.99617755 0.9963258 0.9956484 0.9964925 0.99664664 0.9969844 0.9948101 0.9977824 0.99649394 0.9960313 0.9961126 0.9971762 0.996188 0.9979953 0.9972772 0.99734575 0.9974495 0.9975046 0.9971217 0.9957891 0.9966157 0.9963673 0.9968403 0.9973943 0.9973898 0.997515 0.99239546 0.9941558 0.9952732 0.99522537 0.9935399 0.9927184 0.98929036 0.99192864 0.9975577 0.9967421 0.9971851 0.9979754 0.9971811 0.9986265 0.9986245 0.9939168 0.9942455 0.99331963 0.99089944 0.9982403 0.9972256 0.9968082 0.9942461 0.99410516 0.9963053 0.9962208 0.9951712 0.99468184 0.99523485 0.9961349 0.99490595 0.9956012 0.99756765 0.997454 0.9978118 0.9971558 0.99428415 0.9963533 0.9955074 0.99334323 0.9942771 0.99682933 0.9942542 0.99306065 0.9976818 0.9966823 0.9951132 0.9948194 0.9950148 0.9930092 0.99115014 0.99782866 0.9979506 0.9978745 0.99770856 0.9956976 0.99654526 0.9939127 0.996794 0.9952119 0.99701315 0.9975249 0.9982023 0.9972651 0.9983078 0.9965615 0.99693084 0.997612 0.99564713 0.9976858 0.9959441 0.9951732 0.9962369 0.9944648 0.99212533 0.9929219 0.995643 0.9962975 0.99548805 0.9973574 0.99521405 0.99649364 0.9951234 0.9959441 0.9959754 0.99614793 0.9933319 0.9925216 0.9946967 0.99697423 0.9964219 0.9968834 0.9975287 0.99717104 0.996799 0.99609345 0.98790944 0.99113274 0.99745035 0.99696505 0.9946493 0.99591684 0.9961959 0.9928675 0.99425095 0.99701446 0.9914781 0.9847667 0.9904181 0.9929559 0.9957107 0.99610454 0.99579626 0.99682134 0.9920373 0.9969351 0.99697405 0.9966257 0.99622923 0.9941956 0.9975511 0.99784905 0.99746597 0.9972765 0.9953123 0.99692714 0.997224 0.99623615 0.995038 0.99703693 0.9979357 0.997855 0.9967063 0.99486554 0.99748755 0.99741983 0.9975266 0.9980426 0.9978933 0.9974916 0.99795663 0.99660134 0.9970561 0.9948872 0.99757135 0.997071 0.99672025 0.9957698 0.9980697 0.99594855 0.9962328 0.99459267 0.9961624 0.99682367 0.9954065 0.99609643 0.99781924 0.99751353 0.997858 0.99704087 0.9978828 0.99720305 0.99821615 0.99827534 0.9976644 0.99684584 0.9963153 0.9939579 0.9956036 0.9941716 0.99373025 0.99398744 0.99465257 0.9935771 0.99281025 0.99477154 0.99726224 0.9974087 0.99768007 0.9970865 0.99756604 0.99761516 0.99789983 0.9975158 0.99761593 0.9980395 0.99820423 0.99826205 0.99643576 0.9945134 0.9933948 0.9944861 0.99754417 0.99770886 0.9975898 0.9976044 0.99143386 0.9894062 0.98773557 0.9954421 0.9935684 0.99278516 0.99805725 0.9975179 0.997449 0.9975425 0.99636847 0.99680805 0.9947213 0.9900724 0.9975981 0.996413 0.99680215 0.9941222 0.9943232 0.9923972 0.99061483 0.99529636 0.99562067 0.9965756 0.99521506 0.9943454 0.9934776 0.99297154 0.98937356 0.9970588 0.9967 0.9964869 0.995833 0.996561 0.9958647 0.99584454 0.99557734 0.99662185 0.9975643 0.9971455 0.99718505 0.99728405 0.99457455 0.99718285 0.99723697 0.99718446 0.994964 0.9948012 0.9906066 0.996673 0.9903374 0.9917103 0.9965641 0.99272144 0.98849154 0.98924917 0.9915311 0.99696285 0.9898321 0.9961045 0.9930229 0.9964439 0.9964005 0.9942268 0.99513656 0.9946342 0.99422127 0.99607944 0.99385387 0.9941556 0.99513286 0.9937779 0.9949452 0.99433666 0.995481 0.9948522 0.9948324 0.9947107 0.99703074 0.995478 0.9945608 0.9965944 0.99607635 0.9966074 0.99604666 0.99461985 0.9980273 0.99888736 0.9986959 1.0000001 0.9986701 0.997688 0.9987155 0.99827737 0.99591404 0.99554706 0.99531776 0.99707913 0.9981482 0.998232 0.99866545 0.9986773 0.99850595 0.99871385 0.99869865 0.99775493 0.9960695 0.9969757 0.9963886 0.9974908 0.99773914 0.99706095 0.9967377 0.99684197 0.99555784 0.99627894 0.99471027 0.99673605 0.99622345 0.9964902 0.99693406 0.99519295 0.9959166 0.9954709 0.9979743 0.9974908 0.9973275 0.99774647 0.9975604 0.99699026 0.99750346 0.99836534 0.99821377 0.9980192 0.9984339 0.9984063 0.99654365 0.9981705 0.99851215 0.9977919 0.9976198 0.9976472 0.9986576 0.99782723 0.99848455 0.9981813 0.99861336 0.9982985 0.99851775 0.9983912 0.99787784 0.99653214 0.9970922 0.99781483 0.99775285 0.99696183 0.997465 0.9971493 0.99559665 0.99749243 0.99770504 0.99652594 0.99735135 0.9971098 0.9972974 0.9938335 0.9922349 0.98890007 0.9913783 0.9918996 0.9915612 0.990317 0.98774976 0.995552 0.99605095 0.99718785 0.9978421 0.997114 0.9977717 0.99729764 0.9976362 0.99756753 0.99607646 0.9957304 0.9961672 0.9966753 0.9972428 0.99722815 0.99668366 0.9955197 0.99118286 0.989223 0.9860241 0.9913551 0.99326944 0.99212563 0.9923571 0.9904308 0.99487036 0.9920173 0.98845404 0.9925736 0.98985124 0.99105525 0.9918617 0.9871217 0.9868196 0.9891867 0.99037814 0.99335593 0.9927282 0.9898146 0.99161124
SuboticxKamenko_SRP19203KamenkoSLegijaSmrti-L2_13 0.9916387 0.9958284 0.99542964 0.99337095 0.9944209 0.99369425 0.99143034 0.98745644 0.9965013 0.99590683 0.9969789 0.99708277 0.9966912 0.9968999 0.99641967 0.99532974 0.9944349 0.9943222 0.995566 0.99736685 0.9954552 0.99638796 0.99345005 0.9942085 0.9939834 0.9935486 0.99441326 0.9927523 0.9950776 0.994689 0.99439186 0.9948701 0.99514234 0.98843145 0.9863498 0.9924519 0.9911666 0.9907021 0.9955901 0.9964208 0.9966221 0.99608076 0.9956262 0.99439985 0.9924315 0.993971 0.9962689 0.9968097 0.9970939 0.9968802 0.998269 0.99738663 0.99699557 0.99520034 0.9945131 0.9944034 0.99347776 0.9865713 0.99086106 0.9962603 0.9958755 0.99277395 0.99551666 0.99451345 0.99004287 0.9910145 0.9970652 0.99605626 0.9972522 0.9972702 0.99680483 0.99449944 0.9966546 0.99857074 0.9979643 0.9983711 0.9954096 0.99453104 0.997447 0.9983589 0.9961016 0.9951595 0.99564296 0.9962615 0.99429035 0.9970258 0.996758 0.99732697 0.99775904 0.9951557 0.996481 0.9948433 0.99583197 0.99485886 0.9949138 0.9967997 0.9945419 0.99674845 0.9948442 0.9950509 0.9931368 0.9952632 0.99589765 0.99734807 0.9965817 0.9959399 0.9953042 0.99615586 0.99749994 0.99689484 0.99719304 0.99697745 0.9970815 0.997126 0.99739563 0.9958746 0.9969649 0.9966236 0.99596065 0.9962821 0.9969933 0.99584454 0.9972625 0.99742025 0.99784654 0.9971049 0.99801683 0.99651724 0.9942389 0.9963974 0.99673903 0.9968909 0.9980637 0.99793386 0.997382 0.99220157 0.9933737 0.99413514 0.9946603 0.9935165 0.9935985 0.9901247 0.9927375 0.9962727 0.9960187 0.99725634 0.99617696 0.99553794 0.99729985 0.99791485 0.9913243 0.99166447 0.9906899 0.9879565 0.9979104 0.9972069 0.99703366 0.9952386 0.99501836 0.99598044 0.9958917 0.9952974 0.99464947 0.9952746 0.99602824 0.99519086 0.9950774 0.9976652 0.9962137 0.99792635 0.9966414 0.99498105 0.99690175 0.9963015 0.9943324 0.99518 0.99600905 0.99436784 0.9934925 0.9972254 0.9969168 0.99592566 0.99586815 0.99622846 0.99380016 0.9923023 0.99741554 0.997915 0.9980848 0.9969881 0.99541306 0.9966307 0.9947201 0.9967622 0.9960042 0.9974966 0.99734914 0.99736166 0.99625367 0.9979286 0.995876 0.9976768 0.99803364 0.9961881 0.99650186 0.9958522 0.9952862 0.9971728 0.9937653 0.99101335 0.992432 0.9968201 0.9952056 0.99385333 0.9963103 0.99511886 0.9952285 0.9944633 0.9959086 0.99398696 0.9943516 0.99148804 0.99072164 0.9934237 0.9958808 0.9947244 0.9971097 0.99682504 0.9955087 0.9948944 0.9951546 0.9844817 0.98912483 0.9963212 0.9949297 0.9921242 0.9941968 0.99489236 0.98946434 0.99177134 0.9960936 0.9919463 0.9860056 0.99058586 0.9928602 0.9937805 0.99443585 0.9931609 0.9952412 0.98983526 0.9959036 0.99658066 0.9957022 0.99399704 0.99095726 0.9959871 0.99604416 0.9950695 0.99528307 0.9937101 0.99548256 0.9952952 0.9948613 0.99242526 0.99553275 0.9974895 0.99703413 0.99545383 0.9932325 0.9972591 0.9978261 0.99725133 0.99760556 0.99827665 0.9969753 0.9973513 0.9944083 0.99571395 0.99442977 0.99712896 0.9965192 0.9941893 0.9932038 0.9971285 0.9946206 0.9941342 0.99245405 0.99413383 0.99489146 0.99430907 0.99355924 0.99614537 0.9957147 0.9966569 0.9943898 0.99603057 0.9957923 0.9973932 0.9963728 0.995808 0.99513066 0.99606264 0.9955624 0.99564224 0.99546427 0.9948003 0.99566734 0.99520653 0.9926125 0.9922173 0.993567 0.99660766 0.99768245 0.9974875 0.9962297 0.99775594 0.99593693 0.9979344 0.9963274 0.9960063 0.9972096 0.9972949 0.9975672 0.99676853 0.9953021 0.9947262 0.9950067 0.9972429 0.99754626 0.9975617 0.99768543 0.99048275 0.98909265 0.9870768 0.996401 0.9951709 0.9945156 0.99732333 0.99819046 0.99827504 0.9981184 0.99700487 0.99691725 0.99570197 0.99048847 0.99710584 0.996562 0.996929 0.99374866 0.9947144 0.9921003 0.99075705 0.99450123 0.9947135 0.99537605 0.9944912 0.992339 0.992022 0.99139553 0.99092984 0.997645 0.9966269 0.9972361 0.9969512 0.9972054 0.9955801 0.9942775 0.9947663 0.9959807 0.99649113 0.99605054 0.99643373 0.9964129 0.99518824 0.9969445 0.9966693 0.99697864 0.99583876 0.99509585 0.9922445 0.99612355 0.9917116 0.9925767 0.9961549 0.99351275 0.99014676 0.99029195 0.99272114 0.9958217 0.99076015 0.9957649 0.9939973 0.9958902 0.9960211 0.99571246 0.99663204 0.99626017 0.99583685 0.9966512 0.9939954 0.9934831 0.9933486 0.99296516 0.9941342 0.9941447 0.99481434 0.99354714 0.99386483 0.99400896 0.9966376 0.9949314 0.99404633 0.9956259 0.99661374 0.995208 0.99481094 0.99398845 0.99786186 0.9983125 0.9989846 0.9986701 0.9999996 0.9972574 0.99787927 0.99853534 0.9935346 0.99343073 0.993515 0.9978611 0.997717 0.9977632 0.99837124 0.9980138 0.9973975 0.9981019 0.99833536 0.9973569 0.9973046 0.9954322 0.996229 0.99754727 0.99778605 0.9970524 0.9972277 0.9969884 0.99617606 0.9964835 0.99577886 0.9966118 0.9964099 0.99714285 0.99626535 0.995472 0.99629074 0.99433285 0.9978631 0.99812835 0.9968252 0.9974869 0.99695164 0.9960615 0.99789554 0.9975266 0.9971648 0.9977722 0.9977266 0.9969779 0.99427396 0.99734867 0.9974577 0.9979975 0.99693906 0.995384 0.9974033 0.9980792 0.9986238 0.9978284 0.99788004 0.9975464 0.9967546 0.9969102 0.99656355 0.9942699 0.99635834 0.99684703 0.9970479 0.99546784 0.9973302 0.996915 0.99615633 0.9975034 0.99711293 0.99572814 0.99757594 0.996238 0.99742657 0.99426883 0.9921874 0.9885536 0.9911284 0.9928014 0.9919859 0.9902655 0.9873908 0.9935516 0.99447715 0.9957505 0.9970339 0.9971942 0.9970489 0.99571157 0.99660784 0.9968393 0.99414444 0.99395984 0.9941438 0.9956697 0.99692345 0.9968553 0.99640477 0.9962634 0.99277985 0.99145067 0.98867047 0.9928543 0.99463254 0.99419653 0.99409807 0.9925546 0.99525726 0.9929297 0.9898648 0.99361557 0.9911629 0.9923296 0.99360836 0.9892336 0.989336 0.991399 0.9921258 0.99396086 0.98987055 0.9864665 0.9884559
SuboticxKamenko_SRP19203KamenkoSLegijaSmrti-L2_14 0.98924434 0.99544716 0.9942411 0.9895227 0.99086946 0.99602544 0.9942514 0.9912489 0.99362695 0.9917013 0.99291766 0.99501634 0.9919749 0.9917399 0.9937777 0.991192 0.9909957 0.99201 0.9940184 0.99380386 0.98919016 0.9909505 0.9931704 0.99271905 0.99165857 0.98869824 0.9908582 0.9871168 0.9918951 0.98974776 0.9901916 0.9922125 0.9907984 0.980847 0.97775656 0.9910049 0.98988855 0.9866267 0.99399626 0.99511653 0.99347734 0.9912028 0.9937705 0.9897699 0.9915575 0.9931702 0.9928559 0.993072 0.9938105 0.9918914 0.99555355 0.9944486 0.99355155 0.99390525 0.9938038 0.9932024 0.9933147 0.98689926 0.9897922 0.9940664 0.9939565 0.9914749 0.99384016 0.9927591 0.9915526 0.99229366 0.99480665 0.9948099 0.99511355 0.9973041 0.9970015 0.9967489 0.9975792 0.9964602 0.9971598 0.9953281 0.99633896 0.9954067 0.9970648 0.99691194 0.99713635 0.99219155 0.99456763 0.9923438 0.9905943 0.9940861 0.99219084 0.99470824 0.994435 0.9933739 0.99428 0.98859525 0.99585336 0.99384844 0.993534 0.99577326 0.9943856 0.9954801 0.9944575 0.9931309 0.9927983 0.99295396 0.992794 0.99333674 0.9906186 0.9941411 0.98949844 0.9907754 0.9944554 0.99296474 0.9934102 0.9930016 0.99335605 0.99341077 0.99531335 0.99103343 0.99620646 0.99610335 0.9956562 0.9959567 0.9965473 0.99515134 0.99604523 0.9956951 0.99660856 0.9972092 0.9953126 0.99658597 0.9961322 0.99680483 0.9964631 0.9970153 0.9965163 0.99661726 0.9966842 0.98748606 0.991707 0.99291515 0.9921438 0.9915987 0.9898069 0.9867003 0.989868 0.9949485 0.9936052 0.99423665 0.99792165 0.99781716 0.9983254 0.998485 0.9943123 0.9958463 0.9945615 0.9935773 0.99623984 0.9949944 0.99404216 0.9906957 0.99047947 0.9932305 0.9917955 0.99141353 0.99070245 0.9925306 0.9925724 0.98925936 0.990546 0.99350923 0.9935602 0.99461514 0.9928803 0.9886668 0.9915331 0.9903944 0.98764807 0.9890482 0.9924466 0.9885917 0.9870001 0.9947916 0.99254274 0.99003047 0.9905225 0.9907516 0.98757124 0.98520565 0.9949547 0.995175 0.9950646 0.9944104 0.990562 0.9925626 0.98800373 0.992392 0.99026525 0.99442804 0.9954407 0.9979199 0.9976283 0.9963823 0.99534214 0.9954341 0.9964892 0.99514407 0.9973132 0.99473405 0.9934467 0.9944034 0.9928431 0.9907829 0.99148774 0.99335504 0.99264646 0.9924309 0.99412787 0.9903544 0.99328375 0.9907409 0.9914942 0.9928504 0.9927206 0.98838377 0.9875984 0.98995715 0.99282837 0.9928383 0.9928193 0.9946929 0.9937733 0.9940343 0.9917341 0.98844546 0.9920296 0.99465066 0.9947429 0.9942103 0.99430186 0.99362504 0.9923842 0.9922341 0.9927298 0.98553646 0.97785443 0.98476404 0.988356 0.9942033 0.9936018 0.9947234 0.99694604 0.9941289 0.9963971 0.99583185 0.99636245 0.99625784 0.9944583 0.9975924 0.996415 0.9955334 0.9972676 0.9950128 0.9968051 0.9968068 0.99530166 0.9948264 0.99682105 0.9969924 0.99645346 0.99562085 0.99464643 0.99476993 0.9945772 0.9954993 0.99689305 0.9959157 0.9975685 0.9961445 0.99557394 0.99536103 0.992991 0.99516636 0.995266 0.9954744 0.99528146 0.99510515 0.99309397 0.99555165 0.9944847 0.9956453 0.99555624 0.9949298 0.99410516 0.99623746 0.9958746 0.9953445 0.99704564 0.99717283 0.99697775 0.99803406 0.9963634 0.9973422 0.99704397 0.9925201 0.9894281 0.99133027 0.9896134 0.9886067 0.9894938 0.9899349 0.99145055 0.99056965 0.9932983 0.9958699 0.994859 0.99641234 0.9967606 0.99570286 0.9967538 0.99720657 0.9950868 0.994761 0.99350554 0.99453634 0.99439025 0.99300694 0.99064434 0.9897555 0.9907296 0.9953739 0.99478966 0.99496114 0.99513865 0.9883741 0.985607 0.9837303 0.9918684 0.989159 0.98934245 0.99700844 0.99511194 0.99524647 0.99557954 0.9928273 0.9943035 0.99077827 0.9862371 0.99532425 0.9941373 0.9949423 0.9928597 0.9916105 0.99020565 0.9876826 0.9934134 0.9933253 0.9946187 0.99263453 0.99269843 0.9915317 0.9900859 0.9826684 0.99684966 0.9971586 0.99538267 0.9961819 0.9968085 0.99677175 0.99617076 0.99590915 0.9963936 0.9968343 0.99585253 0.99601114 0.99357015 0.989418 0.99477774 0.99400324 0.9937928 0.99058175 0.99064696 0.9842757 0.99339914 0.9836663 0.9847134 0.99156725 0.986223 0.98073024 0.98169965 0.9847328 0.99471384 0.9840399 0.9934417 0.9879731 0.9933762 0.99402034 0.98924786 0.99062103 0.99023193 0.98876554 0.9914758 0.98899066 0.99425375 0.9957859 0.99466705 0.9954628 0.99451905 0.995772 0.9944136 0.99371725 0.9948725 0.9936825 0.9920428 0.9910404 0.9941352 0.99223185 0.9934585 0.99336684 0.9909475 0.9953012 0.99697274 0.9969758 0.997688 0.9972574 1.0000002 0.9986679 0.99859387 0.996414 0.99591804 0.9963542 0.9937418 0.9963996 0.9965504 0.99625856 0.9962091 0.9965374 0.99751216 0.9976744 0.9949402 0.9923905 0.99556816 0.9961608 0.99657893 0.9959735 0.9960452 0.9946508 0.99641854 0.99578935 0.9957721 0.99320483 0.9945577 0.99575484 0.99491495 0.99654514 0.99448293 0.99408305 0.9957875 0.99459606 0.9955186 0.99545234 0.9964174 0.9963647 0.9969599 0.99583125 0.99571854 0.99713665 0.99754965 0.9973028 0.9973201 0.9967231 0.9969281 0.99799293 0.9965788 0.9950728 0.99658394 0.99584 0.99552864 0.99602765 0.9961481 0.99687326 0.99531263 0.99661124 0.99667835 0.9967674 0.9960312 0.9967343 0.9955563 0.99743533 0.9974123 0.99661875 0.99434125 0.99170303 0.9948466 0.9944166 0.99196744 0.99495536 0.99390626 0.9948452 0.98967516 0.9885181 0.9839839 0.9872851 0.98655635 0.9871272 0.9859453 0.9837101 0.9965692 0.9967129 0.99676114 0.99630165 0.99497527 0.9964264 0.996434 0.99613464 0.99649256 0.9959324 0.9963631 0.9958657 0.9968782 0.996244 0.9951796 0.9948977 0.9911127 0.9844408 0.98256165 0.978527 0.98497134 0.98753124 0.98657346 0.9867993 0.9844494 0.98998237 0.98591816 0.981447 0.9863177 0.9841505 0.98465455 0.98580843 0.98042643 0.9800582 0.98311365 0.98371375 0.98759335 0.9919011 0.9877299 0.98877734
SuboticxKamenko_SRP19203KamenkoSLegijaSmrti-L2_15 0.99060494 0.9961051 0.9948921 0.9898195 0.9914006 0.9968846 0.9953857 0.99201316 0.9943303 0.9925511 0.99368304 0.9956242 0.9927963 0.99281216 0.9946508 0.9917863 0.99190646 0.9925436 0.99450177 0.9942918 0.99068636 0.99211526 0.993161 0.99236614 0.9920081 0.98970306 0.9917682 0.98754126 0.9925982 0.99066365 0.9906256 0.9928952 0.9916177 0.9828272 0.9796654 0.9919847 0.9904954 0.98810333 0.9942941 0.9940528 0.9936094 0.9920983 0.99412066 0.9900706 0.99179465 0.9932556 0.9931037 0.9934783 0.9940633 0.99315804 0.9964162 0.99580455 0.9952422 0.9953298 0.9952754 0.99342525 0.993345 0.98760086 0.98996574 0.9954495 0.9957459 0.9916184 0.99529934 0.9945753 0.99272156 0.9930121 0.9963652 0.9968191 0.9965853 0.99631816 0.99715924 0.99699813 0.9982676 0.9974095 0.9983433 0.9967489 0.99745023 0.9971172 0.997704 0.99726146 0.9978813 0.9925099 0.9940875 0.9924124 0.98987645 0.9934617 0.9919259 0.99390465 0.9941846 0.99293876 0.9938946 0.990461 0.99690473 0.9957294 0.99564964 0.9963929 0.9953444 0.9954838 0.99582386 0.99481326 0.9950474 0.9950267 0.9947249 0.99395454 0.99147826 0.9945431 0.99071324 0.9920226 0.995233 0.9937854 0.9939094 0.99309814 0.9938435 0.9940474 0.99488395 0.991696 0.99687093 0.995598 0.9958627 0.9957883 0.99728096 0.99635464 0.99695 0.996168 0.995959 0.99704266 0.9956521 0.9966771 0.9959076 0.99632514 0.99562615 0.9964324 0.99586284 0.9959352 0.9968766 0.9887476 0.9917531 0.9930337 0.9924967 0.99099207 0.9894255 0.9860102 0.98902047 0.9958947 0.9948802 0.99531853 0.9976172 0.99743676 0.9983673 0.9983967 0.9941988 0.99544466 0.99447817 0.99257636 0.9967665 0.9953468 0.9945348 0.99103034 0.9909749 0.9943346 0.99311936 0.9929879 0.99182427 0.9933778 0.993722 0.99130404 0.99235904 0.9950474 0.99535894 0.99558353 0.99433243 0.99045545 0.9933368 0.99188936 0.9892446 0.990357 0.99448705 0.9907425 0.98932695 0.99543685 0.993731 0.9913551 0.9911774 0.9917117 0.98848784 0.98647606 0.9956479 0.995513 0.9953719 0.99499255 0.99249905 0.99425656 0.9899079 0.9941434 0.9917731 0.9951639 0.9961513 0.9978964 0.9972202 0.99704254 0.99573 0.9957142 0.9963459 0.9947161 0.9971599 0.99462384 0.99341047 0.9943781 0.99317354 0.99106485 0.9914489 0.9932939 0.99373776 0.99393326 0.9953116 0.99161667 0.9944277 0.9920152 0.99285686 0.9943675 0.9941657 0.9904931 0.9899946 0.9918389 0.99441963 0.99457014 0.9936274 0.99604964 0.99554557 0.99635035 0.9939017 0.98807824 0.99077886 0.9949591 0.9953669 0.99388623 0.9944405 0.99428594 0.99288994 0.99248713 0.9941019 0.9869359 0.97993684 0.9863012 0.9897798 0.9943757 0.9944079 0.9957274 0.9974889 0.99429667 0.9962089 0.9956075 0.9956553 0.9969207 0.9956894 0.9983241 0.99792707 0.99664885 0.99799466 0.99670076 0.99743396 0.9979268 0.9962858 0.9957998 0.9969542 0.9972674 0.9970807 0.9970635 0.9959342 0.9952718 0.99557686 0.99599135 0.9972353 0.99606895 0.9973523 0.99704576 0.99685144 0.9963476 0.99308014 0.995955 0.99541926 0.99726164 0.99665785 0.9969107 0.9943985 0.9973154 0.99659574 0.99698466 0.9975106 0.99706596 0.99577004 0.9977767 0.99737823 0.99677145 0.99760675 0.9975469 0.9968467 0.9977795 0.9976125 0.99792016 0.997569 0.9945564 0.9911866 0.9940866 0.99113244 0.99062407 0.991116 0.9925685 0.9919104 0.99064225 0.9932817 0.9962148 0.9954844 0.99626565 0.9965469 0.9960764 0.9970513 0.99690604 0.99587786 0.99573934 0.9953363 0.9959645 0.99595076 0.9936894 0.99112695 0.98991233 0.99118495 0.99565357 0.99547213 0.9955533 0.9958133 0.9886999 0.98594356 0.9841242 0.99195707 0.98974663 0.9891104 0.99709076 0.99569356 0.99551433 0.9957906 0.99371326 0.99453306 0.9914941 0.9865692 0.9956082 0.9937883 0.99445474 0.9920635 0.99142945 0.98957604 0.98707557 0.9934198 0.9933611 0.99489427 0.9928564 0.992795 0.9914971 0.9904207 0.98466516 0.99608654 0.99636334 0.9950557 0.99544233 0.99611926 0.9955913 0.995486 0.9948287 0.9957427 0.9965429 0.99563175 0.99556154 0.99475217 0.9910872 0.9954679 0.9949242 0.99496007 0.99170476 0.991516 0.9861535 0.99426675 0.9857135 0.9871484 0.9932831 0.9882094 0.9831718 0.98428017 0.9870042 0.9953411 0.9853764 0.99390584 0.9891596 0.99415135 0.99445105 0.9903714 0.9920641 0.9915731 0.99071884 0.9928323 0.9898119 0.9925567 0.9947066 0.99326825 0.9943586 0.9930363 0.99480534 0.9936255 0.9931592 0.99345106 0.9947041 0.9930689 0.9919783 0.9945119 0.9932715 0.99490523 0.9947851 0.99250174 0.99662113 0.99815726 0.99773824 0.9987155 0.99787927 0.9986679 0.99999994 0.9981717 0.9976684 0.9978171 0.99764264 0.9944357 0.9969299 0.997001 0.99710464 0.9970335 0.9984443 0.9982806 0.99811476 0.9962915 0.99349886 0.9970414 0.99633694 0.99707067 0.99704087 0.99670035 0.99546283 0.99567455 0.99456096 0.99508744 0.9925138 0.9947599 0.9948492 0.9945912 0.9961118 0.99416107 0.99433374 0.9952354 0.996306 0.9967846 0.9974632 0.997513 0.99779314 0.9975162 0.9970001 0.99701554 0.99716204 0.9973094 0.9976631 0.99796265 0.9972621 0.9972886 0.99856657 0.99634147 0.99580896 0.9973032 0.99709666 0.9957094 0.99672115 0.99696743 0.99730825 0.99646115 0.997702 0.9973005 0.99686086 0.9972137 0.9968575 0.99624676 0.9978529 0.9979259 0.99579185 0.99448454 0.9920832 0.99496436 0.99504876 0.99315196 0.9948374 0.9944945 0.99466383 0.9908346 0.989533 0.98579395 0.9887763 0.98826385 0.9885323 0.98745453 0.9847054 0.99609774 0.9963293 0.9968251 0.99666035 0.9951736 0.99666715 0.99666834 0.9964379 0.9964064 0.99624866 0.99595153 0.99608916 0.99633086 0.99609846 0.9957243 0.99543434 0.9918863 0.98652786 0.984185 0.9808259 0.9866278 0.9892881 0.98780876 0.9881752 0.985673 0.99104565 0.98786956 0.9834413 0.9886064 0.98516715 0.98638725 0.98744184 0.9817616 0.9816418 0.9844023 0.98576045 0.9894437 0.99297625 0.9891635 0.99065924
SuboticxKamenko_SRP19203KamenkoSLegijaSmrti-L2_16 0.9896664 0.99520946 0.99398077 0.9908485 0.9920148 0.9937126 0.9914309 0.98944086 0.9947844 0.9929599 0.9944223 0.99576664 0.9941507 0.9942499 0.9944571 0.99230194 0.99195814 0.992312 0.9941084 0.9953961 0.9919327 0.9935075 0.99283266 0.9928493 0.99231434 0.99066263 0.9921443 0.9894217 0.99281824 0.9916627 0.9918872 0.99318355 0.9924893 0.9832026 0.98059493 0.9904685 0.98917305 0.9871875 0.99434644 0.99540347 0.99456304 0.9933715 0.9942465 0.99161327 0.9910417 0.9928888 0.9941889 0.9948649 0.99527824 0.99414635 0.99728006 0.996614 0.99609816 0.9952569 0.9954586 0.9930556 0.99250674 0.98479754 0.9889179 0.9940518 0.99410886 0.99072707 0.9942541 0.9931016 0.9895318 0.9906146 0.9964985 0.9961067 0.9968623 0.9976654 0.9969405 0.9956067 0.99655306 0.997279 0.9970725 0.9963719 0.9952265 0.99431247 0.9969412 0.99758184 0.99601656 0.9934753 0.99482054 0.9946012 0.9924658 0.99555176 0.9943874 0.9961438 0.99593616 0.99459815 0.9956904 0.9914435 0.99498516 0.9936372 0.99364245 0.9960886 0.9940878 0.99589854 0.9940952 0.99354476 0.99202406 0.99345493 0.9939967 0.995956 0.9940985 0.99544996 0.9932891 0.9943572 0.99682885 0.9959451 0.99637806 0.9957693 0.9960802 0.9958058 0.9969343 0.9943337 0.99688977 0.996871 0.9967526 0.9970899 0.99712527 0.9960596 0.99631 0.9961037 0.99680686 0.99691457 0.99627864 0.9960544 0.9946323 0.99640656 0.99618655 0.9964276 0.99695265 0.9970244 0.9968937 0.98864967 0.9915773 0.99280465 0.99232537 0.9932602 0.9924059 0.98932576 0.9919927 0.99577796 0.9954971 0.9962538 0.9979215 0.99713314 0.99836046 0.9987593 0.99200475 0.99388075 0.9935615 0.99104357 0.9968938 0.99583733 0.99555355 0.9924052 0.99232334 0.99515 0.99395597 0.99419296 0.99310637 0.99447703 0.99463576 0.99275696 0.9925828 0.995585 0.9949648 0.99661374 0.99489206 0.9920531 0.99418277 0.99345 0.99110526 0.99197614 0.9939909 0.9912566 0.989577 0.9960984 0.9951126 0.9930006 0.9935682 0.9940728 0.9913244 0.9898834 0.99569535 0.996356 0.99700445 0.995696 0.9923359 0.9945112 0.9910253 0.9944551 0.99281263 0.995889 0.9963212 0.99768555 0.9973709 0.9978662 0.9965296 0.9973224 0.99774337 0.9959124 0.9970337 0.99674714 0.99573696 0.9972831 0.9949217 0.9925259 0.99341714 0.99600625 0.99311596 0.9922593 0.994666 0.9919708 0.9936135 0.9915411 0.99293995 0.9923606 0.9924281 0.9888215 0.9878641 0.9907689 0.993907 0.992995 0.99552035 0.9950788 0.9940858 0.9938587 0.99249965 0.9853198 0.99004483 0.99594724 0.9949787 0.9938293 0.9948919 0.9952084 0.99159926 0.9928143 0.9950323 0.9897575 0.98370343 0.98937356 0.9922717 0.9951901 0.99501634 0.992946 0.99584895 0.9926522 0.99604833 0.9963732 0.995581 0.99496615 0.99233764 0.9968134 0.99581754 0.99493766 0.9961313 0.9939077 0.9965457 0.996193 0.9952408 0.9938444 0.99632055 0.9978236 0.99719834 0.99549997 0.9940583 0.99638116 0.9967278 0.99675924 0.99769366 0.9975812 0.99805695 0.9974347 0.9942342 0.99479437 0.99322975 0.9954042 0.9949249 0.9943369 0.99359643 0.99553335 0.9928759 0.9947733 0.99388 0.99464774 0.9950121 0.99415654 0.9929728 0.9957591 0.995157 0.99581635 0.9956106 0.99698895 0.99709374 0.99773675 0.9964087 0.9972071 0.99669814 0.99413615 0.99291253 0.99325806 0.9926967 0.9915953 0.9928779 0.9925308 0.99104345 0.9902254 0.9929695 0.9961294 0.99599284 0.996409 0.9959335 0.99622047 0.9965697 0.99766606 0.9955162 0.9948909 0.9950953 0.9956684 0.99579895 0.9950602 0.99288046 0.9924893 0.99302864 0.9959269 0.996446 0.9962145 0.9961104 0.9883589 0.98597866 0.98407114 0.9946934 0.9927332 0.99269944 0.99721456 0.99683857 0.99677074 0.9970718 0.994708 0.99540955 0.9930692 0.9878773 0.99616313 0.9955755 0.9962163 0.99283266 0.9931811 0.9909156 0.9887423 0.99348533 0.9938843 0.9949312 0.99361205 0.992132 0.9914069 0.99030495 0.9862193 0.9971548 0.9969011 0.99580264 0.99659795 0.9968757 0.99564 0.9954633 0.9959954 0.99655294 0.99665254 0.9955475 0.995565 0.9948299 0.9919619 0.9955134 0.995006 0.99524486 0.9925625 0.9919992 0.9872905 0.9939742 0.9868494 0.9878582 0.9936254 0.98945343 0.98460317 0.9850451 0.9880234 0.994934 0.98628396 0.9940646 0.9901134 0.99442196 0.9947119 0.9923405 0.9941124 0.9935867 0.99240154 0.99379313 0.9907427 0.99346644 0.99428415 0.9932558 0.9942598 0.9936463 0.99484175 0.9933397 0.9927788 0.993514 0.9953424 0.99423724 0.9935386 0.9945194 0.9948673 0.99500656 0.9947506 0.9935652 0.9970807 0.99722964 0.9978195 0.99827737 0.99853534 0.99859387 0.9981717 1.0000006 0.99527127 0.9949157 0.99540836 0.9959975 0.9978749 0.99782073 0.9978182 0.9975121 0.99621403 0.99718565 0.9978932 0.9961693 0.99505305 0.99542254 0.9966432 0.9975624 0.9974036 0.9971652 0.99626356 0.9975138 0.9973372 0.99645126 0.99468094 0.9959463 0.9962496 0.9965187 0.9968229 0.9956796 0.9957814 0.9957358 0.9960185 0.99655646 0.99583405 0.99720913 0.9964496 0.99629986 0.9971974 0.9968098 0.99709624 0.99764526 0.9982945 0.99723196 0.9964844 0.9974805 0.99809456 0.9975058 0.99661344 0.9963182 0.99689794 0.9964543 0.99758154 0.99767274 0.99750125 0.9959868 0.99608785 0.99668044 0.9963999 0.9949072 0.996883 0.99580884 0.9976475 0.99614215 0.99715805 0.99600875 0.9945043 0.9968804 0.99636406 0.9945291 0.9969147 0.99580735 0.9964242 0.991795 0.99020445 0.9858098 0.98895997 0.9894867 0.9895085 0.9875652 0.98525167 0.9957984 0.9957444 0.99645853 0.99693626 0.9964916 0.99720514 0.99629134 0.99669844 0.99694633 0.9952534 0.9954949 0.99533343 0.99677557 0.9971669 0.9962515 0.9964017 0.9942957 0.9888189 0.9873815 0.98439467 0.9884363 0.9907741 0.9900405 0.9900448 0.9883354 0.9924941 0.9889551 0.9850086 0.9897789 0.9872736 0.98827326 0.98969907 0.98488325 0.9846604 0.987413 0.98782307 0.99030715 0.989522 0.98551786 0.9869567
SuboticxKamenko_SRP19203KamenkoSLegijaSmrti-L2_17 0.98881966 0.9941166 0.99305594 0.9861867 0.98762536 0.9962195 0.9959621 0.99516827 0.989345 0.9873445 0.98868704 0.99165213 0.9875549 0.9873087 0.9898225 0.9865413 0.9874504 0.98885864 0.99061215 0.9888086 0.98439884 0.98655236 0.9900953 0.9883643 0.9883992 0.98557305 0.987879 0.98225963 0.98816067 0.9851525 0.9860147 0.9884548 0.98627806 0.9764516 0.9729977 0.98853004 0.98733246 0.9840585 0.9911732 0.9900065 0.98922867 0.98757523 0.99125856 0.98582786 0.9899582 0.9905414 0.98883057 0.98899245 0.9890632 0.9887561 0.99215966 0.99207944 0.9926395 0.9953201 0.9957462 0.99136263 0.99151605 0.9872254 0.988367 0.9923937 0.993659 0.9891143 0.9930199 0.99317837 0.9924591 0.9926032 0.9942031 0.9953325 0.99418855 0.9928339 0.9937232 0.9959199 0.9959575 0.99305683 0.9950064 0.99220335 0.9945001 0.99503195 0.9951894 0.9929662 0.994946 0.99000335 0.99200577 0.98865175 0.98574495 0.9893494 0.9870609 0.99010414 0.9895239 0.99148107 0.9908357 0.98519146 0.9944359 0.9924462 0.99205923 0.9934381 0.99333423 0.9920908 0.9932394 0.99203104 0.9926952 0.9914093 0.9901353 0.9879683 0.9854875 0.99061877 0.98592657 0.9869022 0.9901598 0.98878384 0.98840773 0.98818517 0.98975194 0.98974985 0.9908272 0.9874632 0.99227005 0.9903326 0.9912889 0.9914291 0.9933684 0.9923245 0.99305505 0.99095744 0.99105656 0.99345315 0.99109304 0.9932275 0.99404883 0.9927474 0.9917903 0.992763 0.99130636 0.9915507 0.99297565 0.9845543 0.98939806 0.99108744 0.98976356 0.9897385 0.9864627 0.98390245 0.98622096 0.99302715 0.98979944 0.9896514 0.99648637 0.99620366 0.99709404 0.9956111 0.9940478 0.99569446 0.9953311 0.99433285 0.9922054 0.99047273 0.9897774 0.9865862 0.98683625 0.9913535 0.9899881 0.9889617 0.9889421 0.9902625 0.9899872 0.98718196 0.9892723 0.99021375 0.9932263 0.9906663 0.99012846 0.98547816 0.9875894 0.9866344 0.9837133 0.98523515 0.99047863 0.98602974 0.98394483 0.99096113 0.988329 0.98566556 0.9855469 0.9869836 0.98155904 0.9789749 0.99090415 0.99126136 0.9905094 0.99241346 0.987377 0.9882955 0.98356014 0.98912424 0.98607385 0.98984915 0.9909838 0.99570835 0.9962289 0.9949419 0.99566054 0.9928733 0.9940479 0.99337375 0.996303 0.99350935 0.99277973 0.99121183 0.99367714 0.99275607 0.99250567 0.9904701 0.9893687 0.9903311 0.99188364 0.9868929 0.9911837 0.9886004 0.9880672 0.9916992 0.9917606 0.98802626 0.9877339 0.9887809 0.9910594 0.99234664 0.9897372 0.99263966 0.99331725 0.99466646 0.9912404 0.9878886 0.9899309 0.9908687 0.99369425 0.992936 0.99226743 0.99354565 0.9920963 0.992451 0.9904104 0.9820887 0.973649 0.98169684 0.9858319 0.99339306 0.99253064 0.9959109 0.99629694 0.9951628 0.9954259 0.99390054 0.99447113 0.9977783 0.9957249 0.99755615 0.99606985 0.9960929 0.9970445 0.9952134 0.99605876 0.9972709 0.9943321 0.9944622 0.9951882 0.9936955 0.9942002 0.99509215 0.99492496 0.9913069 0.99139214 0.99295264 0.99413097 0.992405 0.9948399 0.99430174 0.99653375 0.99419916 0.99051887 0.9927753 0.99265563 0.99756694 0.99640685 0.99428743 0.99304426 0.99820983 0.99799156 0.99649125 0.9966358 0.9957623 0.99541444 0.99591035 0.99649704 0.9952259 0.9973941 0.9970807 0.996491 0.9952295 0.99640846 0.9972762 0.9974358 0.989862 0.9840952 0.9888631 0.98460436 0.9840034 0.9840846 0.98651665 0.9881052 0.9869915 0.9903613 0.99115133 0.9897522 0.9915098 0.9930774 0.9913737 0.9946263 0.99297816 0.99222267 0.9924172 0.9916511 0.9926657 0.99243516 0.9897901 0.98720104 0.9859411 0.98796463 0.99136806 0.9905136 0.9907559 0.99087894 0.9874939 0.9839778 0.9831624 0.9879111 0.98423654 0.98423374 0.9938744 0.99137014 0.9907605 0.991781 0.9897686 0.9911243 0.98700815 0.98298246 0.9924242 0.9906219 0.9909818 0.989051 0.9878661 0.98713636 0.9839041 0.99029875 0.9907813 0.99223256 0.9901779 0.9916062 0.98972917 0.98887223 0.9794182 0.9918275 0.9930466 0.990556 0.991005 0.9921857 0.9931898 0.9936586 0.99268246 0.9926409 0.99403596 0.9935992 0.99314386 0.99077094 0.9861655 0.9913872 0.99078643 0.99059683 0.98692584 0.98664564 0.98027307 0.9904847 0.9796033 0.98121834 0.9885276 0.9829819 0.9763592 0.9786716 0.9808539 0.99217975 0.9801799 0.99025357 0.9840301 0.9910216 0.9916648 0.9838431 0.9852289 0.9846684 0.9837317 0.98695606 0.9856914 0.9893261 0.992658 0.99085784 0.9911951 0.99003255 0.991288 0.9912001 0.9905214 0.9906593 0.99069554 0.99001974 0.9892765 0.9913829 0.98806036 0.9919928 0.99174285 0.9893111 0.9938072 0.9953891 0.99385136 0.99591404 0.9935346 0.996414 0.9976684 0.99527127 0.99999994 0.9988128 0.998177 0.989864 0.9943604 0.99492574 0.99368346 0.9945039 0.99625313 0.9953302 0.9950886 0.99394387 0.9889988 0.9958426 0.9930293 0.99430543 0.9945272 0.99432063 0.992633 0.9920495 0.9912361 0.99036777 0.98701954 0.9902017 0.99080604 0.99012244 0.99260575 0.9888656 0.98905605 0.9923732 0.9917037 0.9919491 0.9939648 0.99366605 0.99509823 0.99507135 0.9930075 0.9944438 0.9957388 0.9946012 0.99621546 0.99661756 0.99750197 0.99470764 0.9961941 0.9925269 0.99390495 0.9970274 0.9941803 0.9910772 0.9923058 0.99428517 0.9943591 0.9930068 0.995784 0.9957864 0.9951153 0.99710464 0.9952127 0.994509 0.9955281 0.9958847 0.99132776 0.9900254 0.9864379 0.99016017 0.99124706 0.9894798 0.990106 0.9918635 0.9901887 0.9871229 0.98612964 0.9835154 0.9861451 0.984081 0.9853186 0.9844432 0.982157 0.9950887 0.99467283 0.9951067 0.9943191 0.9918014 0.9938322 0.9950527 0.99471444 0.9942922 0.9940899 0.994616 0.99435383 0.99421287 0.99281156 0.9915764 0.99269 0.9857389 0.9800521 0.9771567 0.97325623 0.9791673 0.98222935 0.9804271 0.98037577 0.97829944 0.9858349 0.98195016 0.9772266 0.9830695 0.97927594 0.97991544 0.98081017 0.97512543 0.9742928 0.97743267 0.97893554 0.9839634 0.99186546 0.9889848 0.9892492
SuboticxKamenko_SRP19203KamenkoSLegijaSmrti-L2_18 0.98638034 0.99215823 0.9910217 0.98443127 0.9860683 0.9951838 0.9946967 0.99292713 0.9887012 0.9860139 0.9875782 0.9902969 0.9865466 0.9865632 0.9884441 0.9846765 0.98527247 0.98628044 0.98863554 0.9881706 0.98380715 0.98557013 0.9884711 0.9866152 0.98652464 0.98356557 0.98625416 0.98056346 0.98651886 0.98389703 0.9842784 0.98723906 0.9851184 0.9745752 0.9709359 0.9864619 0.98464656 0.9816276 0.9894565 0.9883572 0.9879154 0.98657197 0.9897448 0.9837996 0.98713636 0.9881575 0.9873692 0.9879147 0.98823714 0.9877342 0.9918715 0.9922624 0.99246305 0.993657 0.9949479 0.98818535 0.98814654 0.98290604 0.9844123 0.9909528 0.99209154 0.9858439 0.99104524 0.99096173 0.98921746 0.98917216 0.9934676 0.9950231 0.9939934 0.9918402 0.99314654 0.9949167 0.9957778 0.9931152 0.99513906 0.9920019 0.99385005 0.99454474 0.99410343 0.9926344 0.9946499 0.98798436 0.989568 0.987993 0.98477966 0.9885336 0.9862448 0.98886335 0.98884773 0.9897039 0.9896603 0.9842098 0.99399024 0.9928417 0.9923047 0.9931564 0.9935496 0.99198264 0.993701 0.9920437 0.99275976 0.9912502 0.9907097 0.9888703 0.9859397 0.99030197 0.9855835 0.98692584 0.99035233 0.9890275 0.9886196 0.98781806 0.98929596 0.98912716 0.99034333 0.98691195 0.9926792 0.990773 0.9920191 0.99160093 0.99391985 0.9936337 0.992806 0.9909415 0.9905603 0.9927541 0.99058026 0.9924882 0.9920885 0.9916371 0.99028766 0.99141973 0.9901372 0.9905243 0.99235135 0.98211277 0.9864443 0.98818856 0.9871019 0.98779166 0.9849834 0.98238194 0.9847845 0.9924898 0.9905705 0.9904747 0.9952026 0.99522203 0.99631655 0.9953429 0.9910925 0.99422413 0.9942239 0.992451 0.99196917 0.99001867 0.98884135 0.98553693 0.98572886 0.9913777 0.9891539 0.9893787 0.98814094 0.9901426 0.989833 0.9865632 0.98780596 0.9898779 0.99237436 0.99060124 0.9896787 0.98523575 0.98791856 0.986197 0.9832021 0.9845823 0.9898183 0.98489296 0.9828869 0.99003005 0.9879906 0.9848145 0.9845729 0.9867144 0.9823696 0.98042995 0.98982847 0.9900412 0.9899561 0.9905144 0.98647904 0.98835665 0.9831375 0.988626 0.9852511 0.9890848 0.9905848 0.9946056 0.99491596 0.9938721 0.9942061 0.9924226 0.9928487 0.9916722 0.99449325 0.9926738 0.9911131 0.9909015 0.9922428 0.99103785 0.99054444 0.9894984 0.9881845 0.9894443 0.99078995 0.9855874 0.9897921 0.9866524 0.987103 0.9899645 0.9896847 0.9864754 0.9861247 0.9871627 0.9897116 0.9911075 0.98903424 0.99178517 0.99207604 0.9938908 0.98964757 0.9846245 0.98654395 0.9900178 0.9925091 0.99182326 0.991352 0.9925797 0.9919112 0.99038064 0.98992324 0.9818436 0.9745857 0.9816705 0.985807 0.9924143 0.99177045 0.9938563 0.995584 0.9944236 0.99358356 0.9923426 0.99234295 0.9964584 0.9952752 0.9970421 0.9958798 0.99458873 0.99644667 0.9963555 0.99599594 0.99750763 0.99517965 0.99536043 0.9953966 0.99417347 0.9948278 0.99619746 0.9961753 0.9902997 0.99077064 0.9915985 0.993045 0.99139017 0.99430263 0.99388963 0.99480844 0.99279106 0.9891192 0.9917315 0.99145734 0.9964366 0.9949597 0.9939106 0.9907947 0.99759835 0.9981378 0.99568343 0.99626607 0.9966554 0.9935739 0.99548215 0.9949588 0.9939086 0.99643713 0.9956382 0.99475855 0.99398106 0.9954585 0.9967237 0.99680465 0.99058336 0.9853224 0.9898854 0.98532355 0.98457706 0.98481995 0.98782945 0.9858599 0.9844066 0.98847234 0.9914285 0.989715 0.9909149 0.9919293 0.9907322 0.99437416 0.9924016 0.9907789 0.99065 0.99057007 0.99136615 0.99145544 0.9882767 0.98508984 0.9840288 0.98566306 0.9901499 0.9901292 0.989823 0.9899759 0.9839232 0.98030555 0.97901165 0.9870984 0.9841244 0.9839517 0.99254507 0.9902715 0.9896914 0.9904462 0.9880854 0.9889318 0.98513806 0.9799182 0.9905642 0.98831195 0.98891485 0.98579186 0.98529744 0.98358124 0.9802701 0.9874759 0.9879302 0.9900291 0.9875781 0.9882674 0.9862902 0.9852952 0.97849214 0.991458 0.9924383 0.9895961 0.9903387 0.99139905 0.9912863 0.993326 0.99214077 0.99256 0.9933218 0.9922816 0.9914361 0.9895078 0.98510253 0.9903327 0.9895614 0.98982185 0.9855163 0.9847838 0.97910935 0.9887488 0.97831 0.980229 0.9876976 0.9818372 0.9756209 0.97721404 0.9799881 0.99084836 0.9779954 0.9883201 0.98214686 0.9891648 0.9896577 0.9838507 0.98616475 0.9856173 0.98440963 0.9866003 0.98390794 0.9871646 0.99142027 0.9886566 0.9895232 0.98746186 0.98994637 0.98882926 0.987882 0.9881388 0.99000865 0.98946005 0.98860383 0.99003446 0.988278 0.992302 0.9921696 0.9900855 0.99421954 0.99549407 0.9939994 0.99554706 0.99343073 0.99591804 0.9978171 0.9949157 0.9988128 1.0000002 0.9988738 0.98992234 0.99472415 0.99460983 0.99378395 0.9938977 0.99675363 0.9954814 0.9952562 0.9926877 0.9884821 0.9951732 0.99302685 0.99424255 0.99385715 0.99397343 0.9920916 0.99230134 0.99156404 0.9907082 0.98720145 0.99022007 0.990247 0.98995054 0.99238205 0.98942417 0.98927015 0.9922423 0.9916871 0.99240404 0.9945027 0.9934734 0.9946028 0.994414 0.99364346 0.99407285 0.99410444 0.99353015 0.9955382 0.9952953 0.99680823 0.9938559 0.9959804 0.99221355 0.99330896 0.99592197 0.99406433 0.9900845 0.9921471 0.9939624 0.99359715 0.9923905 0.9947296 0.99462956 0.9935195 0.99698174 0.994745 0.99302167 0.99529445 0.99512374 0.99085957 0.98937005 0.9865488 0.9901799 0.9909816 0.9890481 0.9897003 0.991106 0.9895945 0.9850952 0.9840103 0.9806083 0.9835984 0.9821996 0.9830554 0.9818368 0.97908044 0.9947885 0.9939602 0.99453914 0.9936032 0.9914389 0.993716 0.9942817 0.9938177 0.99351245 0.99390554 0.9942786 0.9942935 0.9940828 0.9929905 0.9921137 0.993105 0.98589593 0.9803304 0.97734094 0.97423416 0.9788344 0.98230517 0.98031056 0.9805402 0.97837996 0.98503166 0.98125005 0.9762534 0.982918 0.977712 0.9791463 0.980747 0.9745404 0.97397083 0.9768685 0.9786931 0.9832632 0.98979014 0.9855824 0.98664695
SuboticxKamenko_SRP19203KamenkoSLegijaSmrti-L2_19 0.98525375 0.99148667 0.99001634 0.9835139 0.9852205 0.994772 0.9939018 0.9924765 0.98856384 0.9860607 0.98766845 0.9906115 0.98660964 0.9865428 0.9887164 0.9850038 0.9856964 0.98665017 0.98917496 0.98814785 0.9837461 0.9855117 0.98797536 0.9862951 0.9857476 0.9826462 0.9855057 0.97991073 0.98611623 0.9837335 0.98397297 0.98703885 0.9850599 0.97443706 0.97080123 0.98618245 0.98435706 0.98114157 0.9892087 0.98838156 0.9876923 0.9860589 0.9893971 0.98342574 0.98678046 0.98806924 0.9872383 0.98766214 0.98823273 0.98736805 0.9920223 0.9921921 0.9922669 0.99267423 0.9945165 0.98805094 0.9879438 0.982337 0.9839137 0.9903849 0.9914799 0.985692 0.9903929 0.990051 0.98862934 0.988875 0.9927378 0.9945026 0.99364877 0.99206424 0.9934051 0.9943094 0.9959586 0.9933376 0.99513435 0.9919849 0.9940572 0.99468035 0.9940592 0.992869 0.9954895 0.98752064 0.9892732 0.9871262 0.9836764 0.98828053 0.9859774 0.98860985 0.98862106 0.98867923 0.98928905 0.98388135 0.99414307 0.99272954 0.9927202 0.9932597 0.9931408 0.9922841 0.99360245 0.99175733 0.9930051 0.99134654 0.99067396 0.98929346 0.98593056 0.9896011 0.9846794 0.9862499 0.9902501 0.98867977 0.9885988 0.9873878 0.98874146 0.9887999 0.99014467 0.98625046 0.99289894 0.9913623 0.99231493 0.9918881 0.99400944 0.99351114 0.9929481 0.9912769 0.99090606 0.9930306 0.9904442 0.99233115 0.99249625 0.9921274 0.99067646 0.99186116 0.9905524 0.9909644 0.9925741 0.98189443 0.9862563 0.988003 0.9866794 0.9865758 0.9839527 0.98074126 0.98369217 0.9919333 0.99029905 0.99047506 0.9954234 0.995626 0.9960652 0.9956034 0.9911493 0.994128 0.99427533 0.99271256 0.9920335 0.99010694 0.98877645 0.98511726 0.9855381 0.99056566 0.98801196 0.98866755 0.98736024 0.9896197 0.9889241 0.9855937 0.98667634 0.98946583 0.9916781 0.9905781 0.9893436 0.9843389 0.9871531 0.98539835 0.9822671 0.9836224 0.98955995 0.9847658 0.9827365 0.9901975 0.9882959 0.9847698 0.9845339 0.9856624 0.9820248 0.9799877 0.9901447 0.9901613 0.9901745 0.9901105 0.98615795 0.98849285 0.98302364 0.98853123 0.9852544 0.9893814 0.99109054 0.99468124 0.9948379 0.99346 0.99338746 0.992224 0.9925854 0.9912382 0.9939842 0.9920938 0.99047637 0.9906719 0.9913941 0.9902404 0.98966146 0.9891822 0.98773456 0.98869103 0.9903289 0.9847778 0.98896265 0.9856544 0.986481 0.98949164 0.9890285 0.98566014 0.985169 0.98627853 0.9897991 0.99080384 0.98862016 0.99135 0.99153495 0.9934575 0.9889238 0.98413265 0.98617476 0.99025047 0.9925799 0.99195975 0.99135876 0.9923116 0.9920023 0.98967415 0.9896108 0.9813471 0.97418416 0.98117006 0.9854709 0.9920945 0.9917578 0.99317825 0.9948843 0.9941757 0.9927002 0.9913893 0.9916877 0.99594307 0.99545497 0.996962 0.99537486 0.9939925 0.9962229 0.99536395 0.9955929 0.9970575 0.9954718 0.99578094 0.995504 0.9942903 0.99489135 0.99633783 0.9963351 0.9906915 0.99106497 0.99159575 0.9932634 0.99128044 0.9950864 0.99452657 0.9943995 0.99206793 0.98792577 0.9910161 0.9905004 0.9959956 0.99468005 0.9932734 0.98948294 0.99675894 0.9979817 0.99569017 0.9958067 0.9954961 0.9928942 0.9954165 0.9944108 0.99299437 0.9965114 0.9958443 0.9948973 0.99413085 0.99527735 0.997 0.9969907 0.9901497 0.9855064 0.9895126 0.98525083 0.9845451 0.98490703 0.98796207 0.98589456 0.98452646 0.98869985 0.9918365 0.9902136 0.9912117 0.9922231 0.9910019 0.9944764 0.9928786 0.9908633 0.99064094 0.99013424 0.9909307 0.99115753 0.9875127 0.9842562 0.9829754 0.9845 0.9901222 0.9899967 0.9896823 0.98988295 0.9827577 0.979247 0.9777591 0.98662925 0.98377424 0.9834671 0.9925803 0.9900947 0.9898657 0.99064934 0.98765975 0.9888841 0.9848833 0.97969925 0.99062765 0.988303 0.9890771 0.9861388 0.9855204 0.9837474 0.98032767 0.9875479 0.98788 0.9902082 0.9876394 0.98831236 0.9863989 0.98514336 0.97790796 0.99155366 0.99277675 0.9897743 0.99082476 0.9919033 0.99128264 0.9931324 0.9917519 0.9923868 0.9930876 0.99152875 0.99087346 0.98953474 0.98473823 0.9905591 0.9895551 0.9900075 0.9855119 0.98460406 0.9788302 0.98873276 0.9778764 0.9798254 0.9876568 0.98126864 0.975561 0.9768077 0.97990805 0.99064153 0.9779473 0.98856 0.9821954 0.98915863 0.98977137 0.98371464 0.9859566 0.98537904 0.98428446 0.9865365 0.98284954 0.9872895 0.99129874 0.9888348 0.9897322 0.98734164 0.9903264 0.98877054 0.98752415 0.9878458 0.98949 0.9892479 0.9880766 0.9893372 0.9879624 0.99194795 0.99177814 0.98979485 0.99415094 0.9949215 0.9939048 0.99531776 0.993515 0.9963542 0.99764264 0.99540836 0.998177 0.9988738 1.0000001 0.9898141 0.99479365 0.9947351 0.99415 0.99380344 0.9963696 0.9950899 0.9951391 0.9920387 0.98801214 0.9946162 0.99230677 0.99329364 0.99341315 0.9936403 0.99158686 0.99256426 0.99188334 0.9907336 0.98710644 0.9898932 0.99024737 0.98979163 0.99237597 0.9897162 0.98936975 0.9922771 0.9914414 0.99254644 0.99410874 0.9938833 0.9942972 0.9941196 0.99340755 0.99385446 0.993824 0.9936215 0.9951916 0.9949389 0.9969206 0.9935919 0.9957993 0.9918857 0.992248 0.9957165 0.99375206 0.9900957 0.99209 0.9933476 0.9932343 0.99182844 0.99440175 0.9941134 0.9931757 0.99734044 0.99497753 0.99266136 0.99586844 0.9955717 0.9911279 0.98909855 0.98620844 0.99022406 0.99068797 0.98856735 0.98963785 0.9908021 0.9893453 0.98425233 0.9834018 0.9800027 0.98287505 0.98167163 0.98234755 0.9810128 0.9785907 0.99516916 0.9941762 0.99438864 0.99335825 0.9909642 0.9933291 0.9939157 0.9933829 0.9931762 0.99406886 0.9944706 0.99427766 0.99415 0.99290425 0.9924106 0.9927808 0.98588365 0.97975755 0.976986 0.97389096 0.9789697 0.98248607 0.98043287 0.98080707 0.978378 0.9846833 0.9810224 0.9760188 0.9824492 0.977523 0.97896135 0.9805482 0.97429454 0.97396076 0.9768152 0.9785813 0.9828879 0.99012583 0.98577404 0.9868746
SuboticxKamenko_SRP19203KamenkoSLegijaSmrti-L2_2 0.9916812 0.99420655 0.99489456 0.99524254 0.99564725 0.99071324 0.9883446 0.9843867 0.99527264 0.9948993 0.9961116 0.99485743 0.9962452 0.99665236 0.9946352 0.994863 0.99308085 0.99269235 0.9930972 0.9961959 0.9954661 0.99616593 0.99077207 0.992158 0.9923529 0.9933758 0.9933599 0.9932888 0.9940038 0.99436533 0.99402314 0.9932657 0.99451506 0.98964787 0.9880371 0.990261 0.9890505 0.9899289 0.9943206 0.9952189 0.9960993 0.9969676 0.99504125 0.995705 0.99074805 0.9920614 0.99600226 0.9971267 0.9967362 0.99749684 0.99710566 0.9964479 0.99681526 0.99453545 0.99324876 0.9920147 0.9906443 0.9831891 0.9885522 0.9940952 0.99369967 0.99024975 0.99278325 0.99189097 0.9854735 0.98659474 0.9959776 0.99384254 0.9958986 0.99504745 0.99424696 0.99055266 0.994279 0.9970663 0.9960196 0.9974177 0.9915719 0.9913584 0.99551105 0.996057 0.9925437 0.9935523 0.99321127 0.99764395 0.99667174 0.99762005 0.99802816 0.99764717 0.9983791 0.9954992 0.99654114 0.9951575 0.9935178 0.9923145 0.992943 0.9949029 0.99296564 0.99572885 0.99323136 0.99481297 0.9910887 0.99309915 0.9940985 0.997401 0.99771225 0.99507016 0.9969574 0.99724793 0.99682575 0.9970705 0.9973825 0.9976891 0.99765897 0.9975004 0.9972501 0.997103 0.9949393 0.99453706 0.99283135 0.9934075 0.9941891 0.99327326 0.9947213 0.9949331 0.9959605 0.99404925 0.9966132 0.9933009 0.98966384 0.9926327 0.9935787 0.9932732 0.9960723 0.99616903 0.9945351 0.9924086 0.99200463 0.99248177 0.99369854 0.9949184 0.9959427 0.9930745 0.9946749 0.99497306 0.9946735 0.9959873 0.99343276 0.9921572 0.99510485 0.9954604 0.9870181 0.986664 0.98572975 0.9821621 0.99658215 0.996014 0.9959647 0.9966251 0.99638546 0.99600536 0.99685365 0.9954335 0.99549294 0.9948002 0.9960579 0.9961939 0.9954571 0.99712557 0.9954729 0.99717706 0.99657416 0.9967126 0.9977782 0.9978335 0.9968021 0.9973614 0.99526536 0.9946216 0.9940238 0.9961635 0.9968409 0.9966225 0.9965575 0.9978723 0.99632925 0.99549645 0.9960972 0.99759823 0.9977929 0.99690336 0.9952099 0.99515 0.99534744 0.9956574 0.99606895 0.9954945 0.9947818 0.99475586 0.99381983 0.996829 0.9950766 0.99740815 0.99742514 0.9956358 0.994769 0.99530673 0.99511266 0.9969553 0.9929031 0.9898442 0.9919846 0.9971652 0.99464124 0.992002 0.995262 0.9958647 0.9941485 0.9947829 0.99650794 0.9924325 0.99310935 0.99214387 0.99095637 0.99367136 0.995423 0.9939577 0.9980465 0.9952429 0.9946716 0.9926703 0.9946747 0.97964114 0.985349 0.99552774 0.99397635 0.98983824 0.9928905 0.99477935 0.9862238 0.9907898 0.99644446 0.9945852 0.98886216 0.9925835 0.99383014 0.9923277 0.9935051 0.990732 0.9914919 0.98468125 0.99425364 0.99553376 0.9941396 0.9909315 0.9863872 0.9928212 0.9928895 0.9930241 0.9916706 0.9895898 0.9920908 0.9921518 0.9938104 0.98976094 0.99395144 0.99599177 0.9958735 0.9939204 0.9912718 0.99585336 0.99611795 0.9957654 0.99507713 0.9973294 0.9940633 0.99489164 0.9913376 0.9930693 0.9938568 0.9959329 0.99584746 0.9910761 0.98923576 0.9960127 0.99360955 0.9908568 0.98843384 0.9900508 0.99140614 0.99014246 0.9905193 0.99351335 0.9930632 0.9946293 0.99124724 0.993584 0.9935812 0.99460113 0.99443394 0.9932865 0.99232024 0.99591064 0.9962146 0.99479616 0.99626833 0.9958467 0.9962698 0.99529386 0.98969644 0.9903938 0.99151087 0.9943391 0.9960073 0.9953629 0.99336636 0.9959515 0.9933222 0.9956842 0.99390644 0.9937625 0.9971585 0.996794 0.9974371 0.99676156 0.99594545 0.9958918 0.995909 0.9959999 0.9966992 0.9961132 0.99587256 0.9906986 0.99041057 0.9884635 0.99811 0.9974308 0.9970528 0.9943825 0.9965126 0.9967612 0.9965878 0.99627805 0.9958832 0.99604845 0.9907415 0.99555635 0.9961592 0.99609715 0.99203223 0.9945104 0.99164116 0.9911765 0.99234897 0.99334025 0.9930865 0.993239 0.9899004 0.9902381 0.99035686 0.9949006 0.9957103 0.9937208 0.99565536 0.99424976 0.99478126 0.99231327 0.99241036 0.9934644 0.99480027 0.9953198 0.9956882 0.995866 0.99518335 0.9950934 0.99486977 0.99489623 0.99566084 0.995644 0.9943935 0.99355656 0.994436 0.99253 0.99349976 0.9960573 0.9948714 0.9928534 0.9921173 0.99439126 0.99349743 0.9913938 0.99411845 0.99425507 0.9942256 0.99428463 0.99761635 0.99741185 0.99730575 0.9970441 0.9973859 0.9956907 0.99160534 0.99026966 0.9896616 0.99069285 0.9916198 0.9916768 0.99056154 0.99161285 0.9913393 0.9956518 0.9945136 0.99375993 0.9949142 0.99709517 0.99444664 0.99347436 0.99412644 0.9985381 0.9971342 0.9979299 0.99707913 0.9978611 0.9937418 0.9944357 0.9959975 0.989864 0.98992234 0.9898141 1.0000001 0.9979361 0.9977042 0.9981756 0.997926 0.9956325 0.996195 0.9969224 0.9966153 0.99822825 0.99257797 0.9931412 0.9957667 0.9960213 0.9951187 0.99661046 0.99614775 0.99587077 0.9950582 0.9957376 0.99601364 0.99518573 0.9970867 0.9942287 0.9934623 0.994909 0.99135983 0.99655163 0.9956987 0.9934124 0.99444884 0.99320215 0.99234784 0.99586624 0.9967576 0.9954368 0.99574894 0.99599385 0.9947759 0.9907357 0.99525636 0.9941847 0.9970981 0.9965321 0.9930011 0.99651235 0.9969183 0.99761724 0.9970426 0.99658126 0.9967628 0.9946197 0.99523354 0.9945727 0.9920781 0.9946525 0.99615604 0.9947053 0.9915187 0.99629176 0.99683225 0.99772424 0.99773204 0.99754536 0.99695474 0.9977225 0.99671876 0.9976901 0.99385655 0.9912015 0.98782605 0.99004483 0.99329746 0.99172604 0.98943174 0.98665684 0.9907885 0.99181455 0.99412906 0.9964073 0.9979716 0.99675524 0.9944692 0.99648327 0.99648905 0.99112207 0.9913431 0.9918344 0.9938597 0.99628365 0.9964065 0.9962313 0.99730843 0.9952202 0.99459225 0.99269557 0.9945096 0.99576855 0.9957591 0.9954133 0.9951291 0.9968386 0.99469256 0.99308604 0.9957201 0.99356264 0.9948727 0.99632144 0.9931579 0.9930038 0.99444425 0.9948026 0.99569875 0.9863958 0.9837143 0.9861156
SuboticxKamenko_SRP19203KamenkoSLegijaSmrti-L2_3 0.99130034 0.9951556 0.99406844 0.99209636 0.99319386 0.99347824 0.9909009 0.98884887 0.9937965 0.9922027 0.9938675 0.9943127 0.99344516 0.9938931 0.99354374 0.9918882 0.9912043 0.9914163 0.9927376 0.994922 0.9921957 0.9934625 0.9913805 0.99129707 0.99123645 0.99007833 0.99152094 0.9888525 0.9920447 0.9910578 0.99108136 0.99204683 0.9916864 0.9849867 0.9825938 0.9902818 0.9889034 0.9877371 0.9945041 0.9946034 0.9946266 0.9947468 0.99514866 0.99276423 0.99104434 0.9924115 0.99433446 0.9954798 0.99542373 0.9951733 0.9970321 0.9971017 0.9968677 0.99566597 0.9955454 0.9916135 0.99086416 0.98337233 0.98757994 0.99345315 0.99364114 0.9890846 0.9937203 0.9930809 0.9876796 0.98876464 0.9969853 0.99646664 0.99732405 0.9963037 0.9960888 0.99405694 0.99643505 0.99689686 0.9970641 0.9962955 0.9938118 0.99363184 0.9961898 0.996351 0.99453586 0.9927784 0.9934399 0.99576014 0.99369144 0.9960812 0.99521214 0.9961107 0.99634665 0.99516416 0.9960465 0.99223685 0.995409 0.99385333 0.994182 0.99600214 0.9948742 0.9962325 0.9951373 0.9951241 0.993102 0.9938579 0.99454 0.99690706 0.99561805 0.99590987 0.994983 0.99560034 0.99685323 0.99647045 0.9967526 0.9961034 0.99698067 0.9968088 0.99720263 0.9955275 0.9970525 0.99617666 0.99564373 0.995842 0.9963485 0.9960215 0.9957342 0.9951818 0.99571484 0.99550563 0.99571896 0.9944713 0.9929379 0.99488735 0.9944659 0.9946418 0.99584454 0.99604607 0.9957796 0.9895562 0.99139184 0.9924826 0.99252677 0.9940732 0.993477 0.99062246 0.9925641 0.9957532 0.99532056 0.9958825 0.99698055 0.99615115 0.99776876 0.9977099 0.990364 0.9917062 0.99148506 0.9885611 0.9967332 0.9954543 0.99468446 0.9940301 0.9937438 0.9958074 0.99524885 0.99490535 0.9940049 0.99471223 0.9951947 0.99401474 0.9934075 0.99602956 0.9959964 0.9967505 0.99541533 0.9933021 0.9952584 0.99459106 0.9924257 0.9933663 0.9948447 0.9921635 0.99086446 0.9957528 0.9953532 0.99357426 0.99356306 0.99512726 0.9934089 0.9924578 0.9955876 0.99652356 0.996914 0.99639004 0.9933077 0.99440736 0.9918976 0.9946293 0.99348426 0.9949056 0.9952185 0.99665356 0.99653757 0.9976142 0.996769 0.99757385 0.9975656 0.995486 0.9966067 0.99665964 0.99548805 0.9971999 0.9948661 0.9923914 0.99349177 0.9962783 0.9931899 0.99232006 0.9951311 0.99284345 0.9938048 0.99242675 0.99401015 0.99269193 0.9925648 0.99061674 0.9893518 0.9918185 0.9944591 0.99366695 0.9963474 0.9953786 0.9946951 0.9944297 0.9935146 0.98312795 0.9874736 0.99571776 0.99508864 0.9933054 0.99469954 0.9960519 0.99117655 0.9928213 0.9959731 0.9912179 0.9848671 0.9903876 0.9928167 0.9950751 0.99518526 0.99307156 0.99428976 0.99061733 0.9953045 0.9957525 0.9948174 0.99465436 0.99188304 0.9964642 0.9955653 0.99506307 0.9952604 0.99315524 0.99555254 0.99571127 0.99621916 0.9943137 0.99700695 0.99791074 0.9977428 0.9963095 0.9947736 0.9960798 0.9960474 0.9963619 0.9965176 0.9971769 0.9969706 0.9969215 0.9937561 0.99401116 0.9929854 0.99515 0.9950096 0.9941499 0.9924759 0.9961169 0.99289805 0.99422044 0.9938592 0.99363774 0.9945521 0.9929397 0.992746 0.99546397 0.994725 0.99558085 0.9950739 0.99652874 0.9964831 0.99631584 0.9965141 0.9968276 0.9963227 0.99469537 0.99350166 0.99343014 0.99317354 0.99221504 0.99298626 0.9933077 0.99027497 0.9899625 0.9925863 0.99541485 0.99555945 0.99567604 0.99494696 0.9959002 0.9961142 0.9968159 0.9947392 0.9943809 0.9963055 0.9964685 0.9969017 0.9949095 0.992725 0.99227774 0.99293864 0.99519545 0.99634004 0.9954962 0.9951998 0.9883571 0.98636055 0.98485637 0.9956487 0.9935797 0.99365914 0.9956616 0.9957683 0.9955004 0.99580616 0.9943545 0.99472004 0.99302334 0.987373 0.99515873 0.99456733 0.9948995 0.9907697 0.99208885 0.9895496 0.9878804 0.99188507 0.9926851 0.99355423 0.9924602 0.99042857 0.98980254 0.9894209 0.9887445 0.996026 0.9956847 0.9948298 0.99471205 0.9953667 0.99339724 0.9947859 0.9952047 0.9960372 0.99648875 0.9958295 0.9955886 0.9951166 0.9927341 0.9952225 0.9949858 0.99581003 0.9934506 0.99206686 0.9891626 0.99392635 0.9883108 0.98955464 0.9945058 0.9912655 0.9870915 0.9872665 0.9900098 0.9948091 0.98761725 0.99392134 0.9910172 0.9944561 0.99474555 0.99374926 0.9947119 0.9942921 0.993544 0.9944652 0.9915332 0.9918221 0.9930863 0.99115074 0.99206805 0.9915443 0.9930701 0.9913282 0.9913831 0.99146664 0.99527323 0.99478745 0.9936542 0.994724 0.99582666 0.9958361 0.9947603 0.994679 0.99913466 0.9973972 0.9976438 0.9981482 0.997717 0.9963996 0.9969299 0.9978749 0.9943604 0.99472415 0.99479365 0.9979361 1.0 0.9993839 0.9990864 0.99885935 0.996754 0.9966974 0.99753445 0.99636847 0.99558294 0.99514556 0.9949063 0.9968039 0.99692655 0.99649364 0.9960762 0.9972783 0.996929 0.9959026 0.9944384 0.995956 0.9956153 0.99656135 0.9960816 0.9944167 0.9950588 0.9946934 0.9959596 0.9956887 0.99469244 0.9957422 0.99495584 0.9948718 0.9967456 0.9975313 0.9966873 0.99679077 0.9981403 0.996732 0.9956034 0.99644655 0.9968325 0.9972176 0.99723905 0.99631685 0.9974753 0.9961594 0.99721396 0.9974533 0.99722844 0.9962893 0.9962335 0.9964505 0.99586 0.99587524 0.9968216 0.99607736 0.9970645 0.99466 0.9967824 0.996488 0.99594694 0.99745554 0.9974927 0.9962671 0.99701285 0.9969775 0.9967027 0.99159515 0.98963904 0.9860136 0.9887043 0.99000967 0.98947376 0.98753077 0.98476213 0.995338 0.994899 0.9963899 0.9972664 0.99734867 0.9976741 0.9963962 0.99757004 0.99728256 0.99507195 0.9953206 0.9953703 0.99663734 0.9972981 0.99684274 0.99723184 0.9948751 0.9907352 0.9890214 0.9866298 0.989501 0.9918014 0.9911272 0.990829 0.9897391 0.99370056 0.9902172 0.986936 0.99154574 0.9883343 0.9897407 0.9914456 0.9872613 0.98655075 0.98876804 0.9894754 0.9916516 0.9894015 0.9855858 0.98730165
SuboticxKamenko_SRP19203KamenkoSLegijaSmrti-L2_4 0.9922775 0.99561715 0.9947396 0.99243855 0.9933185 0.9937004 0.9913436 0.9894518 0.9935621 0.99237454 0.9939991 0.9945284 0.99348897 0.99390954 0.9936444 0.9924145 0.991766 0.9921584 0.9933461 0.9946425 0.9920164 0.993476 0.9916529 0.99148005 0.9914026 0.9904315 0.99177736 0.98896796 0.9919073 0.99082434 0.9910113 0.9917233 0.9913974 0.98587143 0.98350513 0.99079674 0.9895977 0.98834836 0.99504936 0.99497944 0.9948809 0.9950818 0.9958873 0.99342924 0.9920671 0.9932458 0.9948445 0.99573547 0.9954836 0.9955036 0.99690384 0.99685043 0.9969698 0.99628997 0.99571925 0.9930404 0.99241376 0.9851971 0.9892297 0.99429375 0.99457073 0.99057496 0.9945332 0.9942581 0.9888223 0.9900078 0.9971971 0.99658215 0.99737537 0.99661565 0.99588495 0.99417186 0.9963136 0.99665797 0.9968476 0.9961174 0.99377704 0.993546 0.99649704 0.9963002 0.9943759 0.99426734 0.99486786 0.9960616 0.99407494 0.9963894 0.9955216 0.9965107 0.9962913 0.9960967 0.9967561 0.992429 0.9953805 0.99342114 0.99368197 0.9959075 0.9945948 0.99620825 0.99466753 0.9947375 0.9927239 0.9936573 0.99410105 0.9963594 0.9955193 0.99590945 0.99506664 0.99556315 0.99644685 0.9961261 0.9963024 0.99599814 0.99713546 0.9970476 0.9973122 0.9958265 0.9963763 0.99556166 0.99499625 0.99539596 0.9959608 0.99513507 0.9956222 0.99501526 0.9957193 0.99568367 0.9958143 0.9945385 0.99380934 0.99523526 0.99492836 0.99508315 0.9962161 0.9963566 0.9957973 0.990399 0.9926461 0.9937497 0.9936965 0.99504143 0.9941292 0.99121803 0.99322224 0.99566823 0.9945885 0.9952388 0.9973419 0.9966289 0.9980022 0.99777085 0.99170995 0.99223876 0.9918617 0.9894892 0.9966408 0.9952746 0.9947086 0.9946273 0.9943222 0.9951184 0.9951074 0.9941541 0.99355805 0.9940498 0.9946226 0.99405813 0.9937484 0.9959739 0.99601895 0.9965174 0.9953141 0.99301904 0.9949433 0.99463725 0.99243736 0.9936047 0.9946955 0.9922326 0.9910707 0.9959178 0.9953154 0.9935464 0.9935175 0.9950953 0.99255854 0.99128115 0.995911 0.9969315 0.99690235 0.99698126 0.9932418 0.99396163 0.99174535 0.99451625 0.99352 0.9949313 0.9951321 0.9968321 0.99696535 0.9977933 0.9974253 0.997882 0.9980764 0.9959729 0.99731874 0.99697876 0.9961647 0.99730086 0.9955212 0.99286133 0.99415815 0.99678683 0.99319816 0.99206626 0.9951415 0.9930977 0.99381256 0.99293035 0.9940285 0.9929151 0.9931182 0.9909717 0.989695 0.9921228 0.9948599 0.99396354 0.99638015 0.99562985 0.99532545 0.99505687 0.9943713 0.9839076 0.9883644 0.99581236 0.9958127 0.9939267 0.9953285 0.99625033 0.991502 0.9935938 0.99620456 0.9911027 0.9841836 0.99024147 0.99249995 0.99540836 0.9955712 0.99396116 0.99439466 0.9909728 0.99580085 0.9961623 0.99527544 0.9951566 0.99208754 0.9966993 0.9955864 0.99559325 0.99553466 0.99273276 0.99545085 0.99553704 0.9953618 0.9934523 0.99661857 0.9974135 0.99702495 0.9956765 0.99392474 0.99662787 0.99631923 0.99696493 0.99673605 0.9974859 0.99708295 0.9971398 0.99471617 0.9947755 0.9939496 0.99584407 0.9956265 0.9947305 0.99319124 0.99640185 0.99412596 0.99488896 0.9942944 0.9943707 0.9950891 0.9929269 0.99380606 0.99599636 0.99559313 0.99638194 0.9954604 0.9970566 0.99711525 0.9967372 0.9968535 0.996901 0.9963341 0.99386156 0.9925776 0.9926525 0.99228036 0.991367 0.99221396 0.992467 0.9911206 0.9911025 0.99338937 0.9950943 0.9954802 0.99586296 0.99546707 0.99626213 0.9960742 0.9970341 0.9951579 0.9948215 0.9966147 0.99697715 0.9969787 0.9957497 0.993699 0.993139 0.9939542 0.9950868 0.9960365 0.9953239 0.9951427 0.990434 0.98847836 0.9870071 0.99589574 0.9934243 0.99373555 0.9958139 0.9959013 0.99573517 0.9962082 0.99485713 0.995502 0.9936414 0.98817277 0.99583864 0.9953561 0.9955483 0.9917458 0.9927289 0.99067914 0.9890549 0.9926299 0.99354714 0.9939683 0.99298614 0.9911944 0.9906518 0.9903569 0.9889746 0.99614483 0.99607253 0.99536777 0.99504673 0.99575776 0.9941926 0.99445325 0.99487615 0.9954681 0.99629354 0.9959564 0.99584186 0.99564874 0.9932838 0.9956839 0.99548054 0.9962237 0.9943098 0.9928926 0.98996246 0.99474716 0.9890127 0.9900302 0.9947625 0.9917116 0.98754054 0.9878105 0.9903589 0.9951437 0.9887051 0.9947214 0.991754 0.99524945 0.99564624 0.993662 0.9939946 0.99360406 0.993133 0.994454 0.99220604 0.99256444 0.99354327 0.9922269 0.992831 0.9924915 0.9936499 0.9922637 0.9923476 0.9923583 0.9950147 0.9943784 0.99324536 0.99478245 0.99528015 0.9952247 0.9940921 0.99376 0.9988105 0.9974298 0.9976249 0.998232 0.9977632 0.9965504 0.997001 0.99782073 0.99492574 0.99460983 0.9947351 0.9977042 0.9993839 1.0000001 0.99897516 0.999094 0.9968835 0.9966766 0.99732447 0.99669665 0.99554676 0.9952744 0.9944771 0.996467 0.997157 0.99628437 0.99601996 0.9969086 0.9966734 0.99517274 0.9938566 0.9951418 0.99537164 0.99600863 0.9953604 0.99332875 0.99414617 0.9939808 0.9959398 0.9954148 0.9946875 0.995927 0.99533856 0.99506086 0.99650717 0.99698746 0.9970409 0.99700654 0.99828213 0.9969213 0.99575436 0.9961983 0.99669874 0.996694 0.9973357 0.9964171 0.9969281 0.99626 0.99688524 0.9969094 0.99691397 0.99619037 0.9966161 0.9967037 0.9963527 0.99595875 0.996828 0.9967226 0.9968566 0.9946999 0.9967214 0.996221 0.9954149 0.99704885 0.9971845 0.9959224 0.9967053 0.99687696 0.99645376 0.9925046 0.990459 0.9871418 0.98979187 0.99084765 0.9904439 0.988669 0.986177 0.99509823 0.9947887 0.9960842 0.9970443 0.9971567 0.9974756 0.9965038 0.9973774 0.9970338 0.99482757 0.99509645 0.9949046 0.9960296 0.99671483 0.99613553 0.99656117 0.9943268 0.990304 0.9886606 0.9859099 0.9893088 0.99145395 0.99094397 0.9904233 0.98939043 0.99349636 0.9902327 0.9870394 0.9914498 0.9884643 0.9894943 0.9911748 0.9872273 0.9864412 0.9885826 0.98922586 0.9915961 0.98982424 0.9865347 0.9876911
SuboticxKamenko_SRP19203KamenkoSLegijaSmrti-L2_5 0.9921027 0.99561775 0.99504536 0.99283856 0.99403393 0.99381953 0.9915021 0.9885412 0.99508774 0.99440324 0.99575496 0.9959192 0.99531937 0.99578214 0.99561584 0.9942355 0.993761 0.9938748 0.9947925 0.99630404 0.9944085 0.99542314 0.9921321 0.9923341 0.99252236 0.991856 0.9931141 0.9908088 0.99374473 0.99339306 0.9932108 0.99377763 0.9939226 0.98790157 0.9856802 0.9921638 0.9908176 0.99041003 0.9954789 0.99543345 0.9958813 0.9958739 0.99580425 0.9943674 0.9923536 0.9936359 0.99571097 0.9966492 0.9967083 0.9967046 0.997921 0.9978017 0.9975727 0.99570477 0.9956442 0.9935149 0.9924371 0.98591536 0.98956287 0.9952026 0.9952171 0.991304 0.9950168 0.99433684 0.9890571 0.9902076 0.99727094 0.99685013 0.99769104 0.996235 0.9965263 0.9939077 0.9963299 0.99783325 0.9974499 0.9975672 0.99441993 0.99433297 0.99670315 0.9969009 0.99519205 0.9939037 0.99429363 0.995947 0.9933193 0.99633235 0.9959719 0.99649453 0.99700433 0.99492663 0.9962714 0.99469787 0.9959682 0.9947827 0.99518013 0.99646044 0.99470544 0.99627376 0.99532044 0.9956078 0.9937575 0.9950726 0.9956842 0.99755365 0.99646086 0.9959206 0.99531496 0.9959963 0.99706435 0.9965452 0.9968972 0.9960454 0.99692565 0.99712557 0.9971577 0.99560755 0.9974333 0.9961895 0.9957975 0.995988 0.9966241 0.9962126 0.9968095 0.99625546 0.99641 0.99593925 0.99688786 0.9950791 0.99367684 0.9954183 0.9952365 0.99543566 0.9967069 0.99681836 0.99655 0.99206203 0.9929987 0.99400383 0.9941542 0.9934365 0.99300206 0.98956573 0.9918703 0.99621546 0.9958597 0.9967179 0.9967967 0.9956741 0.9973431 0.99762774 0.9911352 0.9914898 0.99109215 0.9881586 0.9976665 0.99676573 0.99623054 0.9948207 0.9946229 0.99606144 0.99608773 0.9955123 0.9950016 0.9953545 0.9959535 0.99534446 0.99488753 0.99734986 0.9969455 0.99781626 0.9969449 0.99464107 0.99628305 0.99570227 0.99373806 0.9944302 0.9965006 0.99464345 0.9934112 0.99715173 0.9969948 0.9956417 0.9954256 0.99538565 0.99408334 0.99279684 0.99707407 0.99768054 0.9979769 0.99725926 0.9954405 0.9962616 0.9943952 0.996608 0.99562806 0.99649084 0.99663067 0.9967668 0.9958532 0.9977556 0.9961412 0.9975507 0.99759054 0.99520355 0.9961813 0.99604285 0.9953452 0.99690783 0.99460226 0.99200624 0.9930167 0.99645144 0.99474746 0.99341214 0.9960988 0.99443275 0.9947757 0.9938201 0.99534863 0.9940276 0.99408793 0.99217105 0.9911139 0.99346554 0.996538 0.9954392 0.99726355 0.99669373 0.9960795 0.9956575 0.99508977 0.98348206 0.9876883 0.9968557 0.9958226 0.9932936 0.9949906 0.9962706 0.9911932 0.9931181 0.9971049 0.9927372 0.9867977 0.99177104 0.9938381 0.99514854 0.9956676 0.9933418 0.9944438 0.9895468 0.9952238 0.995835 0.9948424 0.9942026 0.9917256 0.996096 0.99591887 0.9956034 0.99526656 0.99322546 0.9953737 0.995414 0.9957948 0.99379236 0.99637157 0.9977851 0.9975921 0.99619776 0.99413383 0.9974286 0.99737585 0.99707645 0.99717903 0.99787456 0.99716216 0.99776834 0.99420786 0.9947752 0.9930677 0.9959458 0.9953705 0.9943864 0.9927839 0.99685687 0.9936359 0.99421394 0.99325186 0.99402064 0.9948343 0.99346125 0.993474 0.99602324 0.99526703 0.9962355 0.9949179 0.9965656 0.9962693 0.9966601 0.99678797 0.9964022 0.9956722 0.99572134 0.99500704 0.99502033 0.9946942 0.99409366 0.9946659 0.99500227 0.99168426 0.9914683 0.99344516 0.99611145 0.99684584 0.9964765 0.9954373 0.99680096 0.99616784 0.99723834 0.99601114 0.9958267 0.9974596 0.997319 0.99772686 0.99561495 0.9937811 0.99296093 0.99357414 0.9962585 0.9970487 0.9965441 0.9963436 0.9893942 0.9877594 0.9861877 0.99613905 0.99441296 0.9938192 0.99659246 0.997038 0.99696076 0.9970151 0.99609184 0.99611825 0.99489784 0.9899948 0.99652255 0.99581796 0.9961348 0.99262893 0.99394333 0.99148947 0.9901363 0.99360925 0.994409 0.9952667 0.9944574 0.99234414 0.99184215 0.99148947 0.9907344 0.99624646 0.9956723 0.9955663 0.99518055 0.9957875 0.99377394 0.9943244 0.9944193 0.9955825 0.996271 0.9956869 0.99570906 0.99670947 0.9947194 0.99650306 0.9964832 0.9970857 0.99530345 0.99408996 0.9915237 0.99565876 0.9909305 0.9921832 0.9963274 0.9933384 0.98982817 0.9900184 0.9925107 0.9959792 0.99037427 0.9956839 0.9934402 0.99585056 0.9959811 0.99514604 0.9958224 0.99534047 0.99527943 0.99616337 0.99284977 0.99235874 0.99277925 0.9912902 0.99253494 0.9920985 0.99343735 0.9921736 0.9924016 0.9920634 0.99632347 0.9956473 0.99443936 0.9951853 0.9963206 0.9961906 0.9950767 0.9950127 0.99914336 0.9978476 0.99801564 0.99866545 0.99837124 0.99625856 0.99710464 0.9978182 0.99368346 0.99378395 0.99415 0.9981756 0.9990864 0.99897516 1.0000002 0.99913234 0.9973933 0.99720156 0.9975688 0.9968135 0.9962788 0.99525 0.9947259 0.9963499 0.9970491 0.9965569 0.99649036 0.9967909 0.9958611 0.9957905 0.9946809 0.996276 0.9955321 0.9965478 0.9959702 0.99464345 0.9955142 0.99415815 0.9971979 0.99694705 0.995759 0.99655247 0.99561775 0.9949799 0.9970181 0.9980743 0.99689144 0.9969469 0.9978349 0.9967323 0.9949845 0.9967987 0.99701035 0.9972696 0.9971713 0.9963674 0.99791145 0.9971367 0.9980378 0.9975734 0.99768287 0.9972357 0.9967892 0.9967676 0.9962776 0.99541146 0.99649376 0.9965622 0.9970385 0.9948577 0.9969563 0.9970557 0.9963475 0.9978228 0.997895 0.99704975 0.9974608 0.9972545 0.9972235 0.9930555 0.99136484 0.98838854 0.9906033 0.9921273 0.991323 0.98946446 0.987014 0.99437064 0.9942498 0.995807 0.9970605 0.9969109 0.997035 0.9957564 0.9970434 0.9968602 0.9947069 0.99453545 0.9947676 0.9958211 0.99685323 0.9970855 0.996733 0.99639076 0.9927871 0.9910471 0.9885934 0.9922731 0.99425036 0.9934067 0.99338573 0.99203736 0.99555045 0.99287546 0.98976046 0.99380666 0.9909726 0.9923192 0.99347246 0.9894042 0.98911124 0.9911035 0.9920112 0.99393845 0.99045706 0.98728615 0.9891788
SuboticxKamenko_SRP19203KamenkoSLegijaSmrti-L2_6 0.99437547 0.9969957 0.99633604 0.99409544 0.99544936 0.9943644 0.99220467 0.9895001 0.9947549 0.99453413 0.9956368 0.9960189 0.99484086 0.99531645 0.9957868 0.994737 0.9943257 0.9947322 0.9954432 0.996277 0.9941161 0.9953752 0.99349874 0.99369526 0.99395555 0.993012 0.9942864 0.99162424 0.9945283 0.9934267 0.99359745 0.994212 0.9939068 0.9887942 0.9864782 0.99336684 0.9925295 0.9916171 0.99631953 0.9961271 0.9963387 0.9964172 0.9966501 0.9952528 0.99396765 0.9949866 0.9964255 0.99706286 0.9968297 0.9968155 0.9976558 0.99744105 0.997123 0.99648494 0.995434 0.9950211 0.9940718 0.9881541 0.9916333 0.99594456 0.9961262 0.99305874 0.99622184 0.9957041 0.9907849 0.9920153 0.99752945 0.99676573 0.9971486 0.9963932 0.99677444 0.99460316 0.99576455 0.99698883 0.9969653 0.9968873 0.9947327 0.9941934 0.996696 0.9967184 0.9947346 0.9946149 0.99531597 0.99589056 0.9941632 0.9959546 0.99551827 0.996404 0.9967485 0.995627 0.9963468 0.99455917 0.9955086 0.99439114 0.9943906 0.995796 0.99404097 0.9955544 0.99438536 0.99466264 0.9932557 0.99478453 0.99506766 0.9960748 0.9954268 0.9960505 0.99571574 0.9960704 0.99684274 0.9960889 0.99636596 0.99606794 0.9971227 0.9973911 0.99716014 0.9959328 0.9968567 0.995412 0.9951203 0.99558496 0.9960708 0.9951604 0.99668 0.9959671 0.9962851 0.9961292 0.99670565 0.9954193 0.99448335 0.99578625 0.99584424 0.9958754 0.9968219 0.99693596 0.9964851 0.99303126 0.99433947 0.9951544 0.99530673 0.99442303 0.9938443 0.99056566 0.9926213 0.9963412 0.9953775 0.99599653 0.99691385 0.99593675 0.99756587 0.9975018 0.9928902 0.99254817 0.99206233 0.9895239 0.997801 0.99695414 0.99667275 0.9949698 0.9944974 0.995361 0.9959226 0.9945815 0.9947384 0.9946789 0.99546534 0.995271 0.99542135 0.997089 0.996914 0.9970997 0.99633694 0.9940459 0.9957427 0.99545985 0.99345714 0.9945101 0.996305 0.99447125 0.99354917 0.99736637 0.9967752 0.99570596 0.9956008 0.9955742 0.99339366 0.99184835 0.99693805 0.997487 0.9971552 0.99760073 0.99544716 0.9956417 0.9938421 0.99624634 0.99546134 0.9965197 0.9963942 0.99698424 0.9962578 0.9980057 0.99670243 0.9971816 0.9977241 0.9957402 0.99706364 0.99615926 0.99580514 0.9967373 0.9947661 0.9922823 0.99345225 0.99623215 0.99554306 0.99441934 0.99683535 0.9953485 0.9957753 0.9951265 0.995752 0.99511945 0.9950686 0.99293846 0.9919813 0.9943947 0.996592 0.9956303 0.99702686 0.99693215 0.99644214 0.99601895 0.9958719 0.98603433 0.9900224 0.99706346 0.9961746 0.99393034 0.99548894 0.9963558 0.9913459 0.9939622 0.9972224 0.99216825 0.9852049 0.99121 0.9934402 0.9957534 0.99617434 0.994577 0.9952662 0.99037844 0.9960594 0.99662733 0.99580014 0.9947784 0.9921355 0.99630225 0.9962407 0.9965213 0.99598926 0.99323076 0.99559087 0.99547786 0.99469984 0.9929866 0.9957589 0.9970354 0.9969076 0.9953451 0.99315476 0.99755335 0.9972602 0.9976332 0.9974666 0.99802566 0.9966037 0.99735975 0.9955254 0.99617547 0.99502087 0.9969536 0.99652493 0.99536777 0.99390507 0.9976405 0.9955045 0.9953317 0.99369067 0.9948086 0.99560356 0.9937246 0.99504435 0.99669623 0.9964336 0.99751854 0.9952359 0.99676293 0.99670506 0.9970967 0.99697924 0.99624115 0.9955584 0.9946445 0.99323356 0.99394435 0.9932981 0.99264956 0.9931265 0.9933933 0.9930166 0.9928495 0.9939337 0.99535006 0.9961985 0.9963167 0.9955961 0.9965745 0.99590576 0.99691 0.9963106 0.9962704 0.99750435 0.9977972 0.9976933 0.99648696 0.99500316 0.9940767 0.99487054 0.9969915 0.99758285 0.99713904 0.9969461 0.99161327 0.989979 0.9886283 0.99579585 0.9936228 0.9932214 0.9971023 0.9974517 0.99709857 0.99734694 0.9968188 0.9971225 0.99569386 0.99165636 0.99717546 0.99646604 0.996707 0.9941322 0.99492514 0.99296826 0.9917213 0.9950887 0.9955534 0.9958314 0.99520564 0.99363995 0.993097 0.9927307 0.9901305 0.9963196 0.9960315 0.9960489 0.995376 0.9958873 0.9947031 0.9937778 0.9940972 0.99498916 0.9960529 0.9958359 0.99637544 0.99689025 0.99481434 0.9967447 0.9967764 0.9971822 0.99553764 0.99495506 0.9914651 0.9962811 0.9909049 0.9920038 0.9961211 0.99343413 0.98932433 0.9899403 0.99204904 0.9965125 0.99102086 0.9962912 0.9938765 0.9967584 0.9967836 0.9942827 0.994712 0.9940461 0.99401295 0.9956802 0.9939065 0.99341154 0.9933757 0.9923836 0.99347717 0.9933647 0.9940864 0.9933471 0.9936939 0.99346656 0.9966216 0.9955174 0.99415994 0.99568623 0.9958358 0.9954763 0.9943182 0.9937194 0.9984776 0.99769706 0.9975989 0.9986773 0.9980138 0.9962091 0.9970335 0.9975121 0.9945039 0.9938977 0.99380344 0.997926 0.99885935 0.999094 0.99913234 0.9999997 0.99697506 0.99672747 0.99704725 0.99719083 0.9959655 0.9957352 0.9950015 0.99659806 0.9973153 0.9962936 0.9962383 0.99609333 0.9953126 0.99562865 0.994499 0.99602526 0.99576735 0.9964269 0.99598956 0.994201 0.995302 0.9944281 0.99671507 0.99612486 0.9952688 0.9960703 0.99568814 0.9952141 0.9965648 0.9979192 0.997448 0.9971427 0.998109 0.99747306 0.9952937 0.99714553 0.9972702 0.9971451 0.99753994 0.99646527 0.9977598 0.9975166 0.9975478 0.9974339 0.9977883 0.99738926 0.9972385 0.997298 0.99724466 0.9951472 0.9965715 0.99734885 0.9967798 0.99530107 0.997204 0.9974623 0.99658054 0.99763215 0.9978808 0.9970068 0.99756604 0.9975654 0.9974991 0.9945853 0.9929745 0.9901923 0.99246496 0.9931457 0.9928529 0.9915131 0.9889942 0.99458635 0.9948201 0.9961307 0.9973141 0.99712265 0.9971554 0.99634683 0.9976267 0.9972564 0.9948489 0.99458456 0.9948493 0.99565697 0.996532 0.99637604 0.9962421 0.9955069 0.991597 0.98978 0.98674494 0.9915633 0.9932255 0.99240065 0.9921124 0.9907844 0.9953762 0.99262077 0.98939276 0.99317485 0.99105513 0.99194205 0.99265087 0.98880386 0.9882108 0.99046683 0.99126095 0.99383813 0.9913354 0.988781 0.98995095
SuboticxKamenko_SRP19203KamenkoSLegijaSmrti-L2_7 0.9910775 0.9950333 0.9953747 0.9912449 0.9925005 0.9962432 0.995487 0.99112767 0.99447066 0.99355817 0.9945752 0.9954273 0.9938165 0.9939493 0.994926 0.99304545 0.99280775 0.99309874 0.99449116 0.99438137 0.9922214 0.9932644 0.9919268 0.99145377 0.99157745 0.990639 0.9920268 0.9888238 0.9931337 0.992099 0.9917999 0.9930251 0.9927514 0.98608446 0.98350763 0.9920415 0.9903153 0.9894687 0.99391586 0.9934706 0.9938368 0.9933473 0.9941988 0.9914778 0.9914784 0.9925446 0.9935889 0.99393743 0.99428463 0.99493057 0.9963295 0.99589705 0.9961395 0.99528295 0.99533 0.99318254 0.99243695 0.9878181 0.9901482 0.9963166 0.9962975 0.99170375 0.99490374 0.99425244 0.9914294 0.99144 0.99619156 0.996299 0.99646395 0.99462795 0.9955062 0.99460936 0.9974865 0.9974237 0.99807394 0.9974985 0.99603754 0.9963422 0.99723744 0.9961863 0.9968414 0.99307406 0.9937172 0.9935065 0.99080604 0.9941519 0.9932653 0.99424744 0.99504435 0.9933395 0.9942556 0.992724 0.99701846 0.99585956 0.9958503 0.9965842 0.9957004 0.9959007 0.9962317 0.99603266 0.99561393 0.99549603 0.99517775 0.9945157 0.9928731 0.99388576 0.99173194 0.99269754 0.9946021 0.99366736 0.99351865 0.9929755 0.9940033 0.9942341 0.99469507 0.9922998 0.9955539 0.9940674 0.9937196 0.9934694 0.99596715 0.9951162 0.9966211 0.99559075 0.9954322 0.9954462 0.9959678 0.99527663 0.99381775 0.9943181 0.9941148 0.9948499 0.99520504 0.99523985 0.9954666 0.9908457 0.9923831 0.9934498 0.99368256 0.99080175 0.9897364 0.9863347 0.98899 0.9955045 0.9943127 0.99505097 0.9956542 0.9951596 0.99698824 0.99687546 0.9922092 0.99274224 0.99176264 0.9894593 0.99652565 0.9952566 0.9945113 0.9927322 0.99264514 0.99498785 0.9944888 0.99360204 0.99316776 0.9939083 0.99445254 0.9929501 0.9939746 0.99592173 0.9965268 0.9958444 0.99549156 0.99262214 0.994866 0.9934374 0.9914106 0.9924134 0.99574196 0.99280703 0.9916284 0.995351 0.994267 0.99290323 0.9921582 0.992673 0.98975444 0.9878251 0.99596393 0.9961499 0.9957475 0.9955484 0.994221 0.9948269 0.99231243 0.995187 0.99353063 0.994982 0.99560285 0.99649656 0.99532706 0.99621207 0.9949737 0.9955627 0.99604166 0.99437755 0.99580956 0.9936869 0.9928974 0.9936101 0.99249053 0.9903945 0.9909915 0.99355346 0.99469316 0.9941213 0.99598324 0.99353087 0.9949631 0.9937209 0.99458563 0.9949238 0.99518186 0.99303544 0.9926308 0.9938199 0.99582404 0.9961508 0.99495184 0.99664813 0.99657434 0.9965481 0.9954844 0.98522997 0.9878155 0.9944579 0.9951507 0.9919943 0.99316037 0.99459547 0.99076235 0.99147916 0.9946832 0.98897785 0.9822019 0.9874071 0.99016196 0.9928329 0.9935842 0.9951332 0.99560666 0.9903388 0.9951954 0.99470437 0.9948913 0.99555564 0.99353176 0.9967286 0.9970123 0.99643505 0.9963267 0.99560785 0.99554366 0.99677044 0.9961106 0.9946355 0.9961565 0.9962316 0.9966965 0.9972768 0.995564 0.9951923 0.9953861 0.9953349 0.99575186 0.9955379 0.9956353 0.99644876 0.9956732 0.9954292 0.99258006 0.9959562 0.99551153 0.9964591 0.99496555 0.99724656 0.99437046 0.996488 0.99534607 0.9954675 0.99638623 0.9966301 0.9950057 0.9970385 0.99652267 0.99646336 0.99629325 0.99648654 0.9955546 0.99630064 0.9971961 0.99666524 0.9962279 0.99565357 0.9925196 0.99529576 0.992622 0.99236405 0.9925028 0.994339 0.9909027 0.99032676 0.9924611 0.99540424 0.99560404 0.99566215 0.99512804 0.9958348 0.995757 0.99592584 0.99502814 0.99539334 0.996417 0.9964186 0.9968069 0.9937906 0.9919763 0.9906694 0.9918068 0.995214 0.9949197 0.9949702 0.9952052 0.98964524 0.98776144 0.9860246 0.9931599 0.99143857 0.9903296 0.9957393 0.99534816 0.99538475 0.9953995 0.9943234 0.9945184 0.992617 0.9877557 0.99536675 0.9938048 0.99416685 0.9914832 0.9918208 0.9897117 0.9878969 0.99264467 0.9930049 0.9942434 0.9927759 0.99208546 0.99115413 0.9907454 0.9885819 0.9949883 0.9945574 0.9947187 0.9937699 0.9946866 0.9937866 0.99405515 0.9930041 0.9944522 0.99561024 0.9953755 0.9952519 0.9950384 0.99273866 0.9951881 0.9950756 0.99499494 0.99319583 0.9926216 0.9892795 0.99471873 0.98867035 0.99018323 0.99470186 0.99085075 0.9873781 0.9880346 0.9902713 0.9949016 0.9881138 0.9941008 0.9911636 0.9940562 0.9942353 0.9924651 0.99314374 0.99286973 0.9926873 0.99429053 0.9917729 0.990968 0.9925534 0.99106216 0.9923635 0.99154544 0.992834 0.99218994 0.99234176 0.9920157 0.9950324 0.99370635 0.9925201 0.99456453 0.99420124 0.9953689 0.9948697 0.9936633 0.9974807 0.99894583 0.9983391 0.99850595 0.9973975 0.9965374 0.9984443 0.99621403 0.99625313 0.99675363 0.9963696 0.9956325 0.996754 0.9968835 0.9973933 0.99697506 1.0000004 0.9990625 0.99837697 0.9959635 0.9943025 0.99552757 0.9942233 0.9957121 0.99580115 0.99534523 0.99537265 0.9948473 0.9933405 0.9936221 0.9919939 0.9939822 0.9932639 0.99380434 0.99431187 0.9923455 0.99314743 0.99261934 0.9967828 0.99696887 0.9972105 0.99646634 0.9966091 0.9951692 0.9959757 0.9970349 0.9965485 0.9963132 0.99670506 0.99669534 0.9949922 0.9961016 0.9969939 0.9956468 0.99565786 0.9961843 0.9969641 0.9956469 0.9966606 0.9965246 0.9967568 0.99723446 0.997454 0.9970221 0.99620336 0.9968283 0.99607545 0.9966323 0.99666363 0.9959857 0.9946668 0.9941594 0.9927821 0.9948899 0.9952322 0.9940592 0.9945225 0.99466574 0.99452806 0.9913565 0.9898881 0.98690355 0.9890833 0.9899173 0.98944306 0.9881871 0.98551553 0.99360037 0.99403155 0.99534744 0.9960357 0.9950768 0.99591315 0.9953474 0.99578464 0.9956646 0.9940656 0.9939596 0.99425834 0.9946927 0.9952215 0.99568903 0.9949892 0.99291605 0.98955935 0.98729336 0.9843239 0.98951554 0.9916202 0.9902244 0.990562 0.9887516 0.9929133 0.9907458 0.9872377 0.99160916 0.98777956 0.9891166 0.99033695 0.98528534 0.98530686 0.9872296 0.98886746 0.9920511 0.9925105 0.989215 0.99136907
SuboticxKamenko_SRP19203KamenkoSLegijaSmrti-L2_8 0.9898481 0.9951142 0.9952991 0.9914389 0.9926198 0.9956441 0.99444866 0.98954177 0.9960439 0.994432 0.9954885 0.99614364 0.9950399 0.9950513 0.99524254 0.9933498 0.9924506 0.99290574 0.99442136 0.99523264 0.9928339 0.99364334 0.9928085 0.9924108 0.99219334 0.9914458 0.9923354 0.98980886 0.9940465 0.9930687 0.9927644 0.99399465 0.9935366 0.98547286 0.98297596 0.99172986 0.9899384 0.988774 0.9942169 0.99449426 0.99449587 0.99371994 0.9941501 0.9917123 0.9912007 0.9926116 0.99397147 0.9942978 0.995122 0.9951347 0.9968673 0.9959311 0.9958288 0.99476445 0.9946537 0.9931804 0.9925438 0.9869951 0.98990333 0.9958631 0.99527246 0.99158233 0.9948283 0.9936899 0.9907312 0.9909665 0.9959505 0.995784 0.9963862 0.9962844 0.9958102 0.9955709 0.9977404 0.9981379 0.9981995 0.9979184 0.9961318 0.9958345 0.997574 0.99717337 0.99676144 0.9929956 0.99411094 0.9950071 0.9925214 0.9958055 0.9947319 0.9958851 0.99658716 0.9941708 0.9951345 0.9924452 0.9963962 0.994802 0.9948114 0.99653876 0.9950316 0.99620926 0.9955799 0.9954523 0.9939638 0.9942536 0.994298 0.9952168 0.993534 0.9942474 0.99216187 0.9932294 0.99524033 0.99439406 0.99454474 0.99419075 0.99468946 0.99454457 0.99585825 0.99280226 0.99590003 0.99546975 0.99447536 0.99456996 0.9964761 0.99544406 0.9969563 0.996715 0.9970297 0.9965262 0.9969214 0.9966334 0.9941363 0.9950624 0.99517757 0.9959525 0.99660635 0.9963989 0.99613196 0.9902675 0.9921194 0.99314815 0.99373436 0.9920118 0.9910405 0.9878479 0.99043745 0.99582845 0.9949787 0.99581355 0.99611956 0.9955413 0.9974451 0.99767965 0.9917759 0.9927049 0.99111414 0.98920774 0.9969001 0.99568427 0.9951263 0.9928455 0.9927659 0.9958253 0.994923 0.9941712 0.99348557 0.9943804 0.9951535 0.9927417 0.99379915 0.9961715 0.9959654 0.99633366 0.9956254 0.99319464 0.995763 0.99437004 0.99249 0.9931871 0.9949274 0.99199724 0.99055815 0.99542075 0.9944332 0.9931283 0.9927423 0.99371815 0.9910968 0.9891459 0.9964229 0.99678653 0.9967506 0.99578965 0.99423194 0.9954238 0.9928304 0.995492 0.993836 0.9957609 0.9963013 0.99709517 0.9959095 0.99657375 0.99503756 0.99594456 0.9967947 0.994995 0.99622774 0.9943053 0.9934358 0.9945308 0.9926858 0.9903024 0.99124795 0.99449325 0.99508464 0.9940216 0.9961472 0.9940758 0.9953254 0.99391866 0.9951912 0.9944763 0.99495876 0.9918585 0.99131143 0.9933547 0.9951346 0.99506193 0.99557406 0.99624676 0.99561745 0.99514556 0.9946277 0.9858701 0.9890961 0.99458843 0.9945645 0.9914896 0.9928278 0.9937851 0.99009115 0.99086833 0.99434817 0.98944885 0.9829156 0.9876138 0.9903718 0.99250287 0.9927676 0.9945483 0.9962904 0.99068373 0.9964559 0.99599874 0.99592793 0.9954634 0.9927373 0.9964801 0.99684453 0.9957111 0.99596393 0.99545914 0.9961002 0.99683154 0.9956278 0.9938955 0.9963148 0.9968087 0.996843 0.9965259 0.99459505 0.9951246 0.9954177 0.9950886 0.99622136 0.9960807 0.99593794 0.99604076 0.99524605 0.9954716 0.99330425 0.9966459 0.99615836 0.99549514 0.9945536 0.9965313 0.9944547 0.99529666 0.99363214 0.9947584 0.9956304 0.9957838 0.99424124 0.9963242 0.99626946 0.9959023 0.9959361 0.99622995 0.99557734 0.99707985 0.99679935 0.9963336 0.99574155 0.99643654 0.99362487 0.99569 0.99402404 0.9935659 0.9938405 0.99474794 0.9907898 0.9899032 0.99227834 0.9966426 0.99667865 0.99682295 0.9959279 0.9965702 0.9960646 0.9968378 0.9955648 0.99555296 0.9963385 0.9964418 0.99696565 0.9945862 0.99291664 0.99201363 0.9928759 0.9959588 0.99552083 0.99588376 0.99603355 0.98958194 0.9878311 0.9855793 0.9944298 0.99306816 0.9922459 0.9964335 0.9960332 0.9962127 0.99600726 0.9946247 0.9949753 0.9928666 0.9877413 0.9957883 0.99479735 0.99518144 0.9923809 0.9924996 0.9902324 0.9885286 0.99330485 0.993304 0.9942146 0.99295664 0.9919846 0.9911171 0.99087054 0.9890827 0.99648565 0.9956265 0.99578434 0.99499345 0.9959425 0.99544716 0.9958577 0.99519444 0.9963166 0.99701726 0.9967863 0.9965897 0.99479544 0.9925155 0.9953225 0.99508476 0.9948603 0.99313176 0.9928422 0.98898226 0.9946568 0.9883668 0.9897231 0.99448466 0.9905689 0.98718035 0.9872999 0.9900044 0.9947857 0.9874638 0.9939724 0.9910724 0.9937904 0.9939569 0.9933471 0.99423397 0.9941796 0.993302 0.9947563 0.99259365 0.99239296 0.9934658 0.99241877 0.9936488 0.99320966 0.99408436 0.99345016 0.99348116 0.9936047 0.99535745 0.9935149 0.9926929 0.99542403 0.9950875 0.9952684 0.99509573 0.9935818 0.9971348 0.9991874 0.99898374 0.99871385 0.9981019 0.99751216 0.9982806 0.99718565 0.9953302 0.9954814 0.9950899 0.996195 0.9966974 0.9966766 0.99720156 0.99672747 0.9990625 0.9999998 0.99928224 0.9965168 0.99546456 0.9956071 0.9958315 0.9970041 0.996482 0.9960991 0.99644715 0.99646074 0.9948547 0.9953024 0.9941591 0.9954747 0.9949343 0.9954311 0.9957363 0.99407154 0.9944891 0.9937527 0.99723804 0.9972941 0.9971186 0.99687123 0.99692595 0.99608815 0.9965157 0.99686104 0.9970248 0.997382 0.9971173 0.99719155 0.9946898 0.9970738 0.9975551 0.99711347 0.9962743 0.99621737 0.99704045 0.9964897 0.9977969 0.99717677 0.997594 0.997627 0.9972864 0.9971649 0.9964301 0.99565744 0.9958371 0.9964768 0.99661267 0.99594843 0.9957652 0.9947891 0.9935975 0.99580246 0.99547184 0.99402094 0.99558175 0.9945627 0.9955637 0.9910662 0.98898506 0.98501533 0.9878366 0.9891927 0.98841876 0.9868659 0.9839998 0.99431396 0.99534845 0.9964329 0.99714726 0.9963004 0.9969505 0.99621487 0.99628454 0.99691707 0.9945173 0.9945116 0.99497026 0.99583703 0.99663067 0.9967441 0.99601674 0.99367106 0.9897354 0.9882953 0.98521847 0.990051 0.99186337 0.9908219 0.9912807 0.98957723 0.993512 0.9907658 0.9875612 0.9917606 0.9884148 0.9896516 0.99115115 0.9857794 0.9860922 0.988059 0.98930603 0.99219894 0.99098796 0.9871913 0.98970145
SuboticxKamenko_SRP19203KamenkoSLegijaSmrti-L2_9 0.99040836 0.9952148 0.9955024 0.99264777 0.9933371 0.9955015 0.99398404 0.990372 0.9955063 0.9936379 0.99497724 0.995535 0.99452245 0.9946136 0.9946534 0.9926571 0.99188185 0.99231434 0.9938372 0.99468803 0.9920024 0.99321365 0.9915145 0.991359 0.99110585 0.99038744 0.9913785 0.98904055 0.99283606 0.9919742 0.99184215 0.99272925 0.9926753 0.98494136 0.98282194 0.99077666 0.9890018 0.987991 0.99395263 0.9945749 0.9945531 0.99388385 0.9944451 0.99199677 0.9908211 0.9920297 0.99389035 0.9947429 0.9950132 0.99541914 0.9971963 0.9965996 0.9968361 0.9956184 0.9955173 0.99287444 0.9924559 0.986013 0.9895396 0.9951813 0.9948269 0.99082965 0.9941596 0.9932917 0.98985076 0.99025875 0.99659705 0.99574035 0.99696517 0.9965365 0.9962944 0.9947862 0.998106 0.998318 0.99836373 0.9977263 0.9955036 0.99566567 0.99813455 0.99733007 0.99683404 0.9933218 0.9941847 0.99573994 0.9937488 0.99660033 0.9954029 0.9966133 0.9970783 0.99535453 0.9961724 0.99221224 0.9965068 0.9947551 0.9950385 0.99715406 0.9961133 0.9972507 0.9962925 0.99642617 0.9942242 0.99441284 0.99461824 0.9961201 0.99453735 0.99515957 0.993325 0.99438494 0.9962709 0.9957539 0.9957746 0.9957375 0.9959623 0.9956659 0.99691147 0.994312 0.9965351 0.99591494 0.9946313 0.9950945 0.99654776 0.99567366 0.99626803 0.9959783 0.99662346 0.99617237 0.99663806 0.9956843 0.99345833 0.9948674 0.99490505 0.9954643 0.9964752 0.99652886 0.9961655 0.98971915 0.9917595 0.992882 0.99324787 0.99354416 0.9927838 0.99024117 0.9925416 0.99611837 0.99523294 0.99611366 0.99648666 0.99565446 0.99783045 0.99797237 0.9912683 0.99242854 0.99139863 0.9891008 0.9970168 0.9957279 0.9950434 0.9939476 0.9941008 0.9965392 0.99564976 0.9950397 0.99406064 0.9952151 0.99584997 0.9934488 0.9940703 0.9963634 0.9962306 0.9968902 0.99615335 0.99374956 0.9959435 0.99489456 0.9930165 0.99397475 0.99455744 0.99171686 0.99023455 0.9956024 0.99462885 0.99309695 0.9929106 0.99459255 0.99184066 0.9903043 0.9963271 0.9970662 0.9972183 0.9963401 0.9936046 0.9948406 0.9923507 0.9949726 0.9936794 0.9953472 0.99602556 0.9972163 0.99665064 0.9973362 0.9963472 0.99700373 0.9975609 0.99626195 0.9969533 0.99566025 0.9946586 0.99570864 0.9938734 0.9916142 0.99280936 0.99554455 0.9948199 0.99343294 0.9957672 0.99382263 0.9945572 0.99379945 0.9950391 0.9938743 0.994544 0.99212295 0.99138176 0.9933812 0.99510026 0.9950728 0.9963948 0.996205 0.9958784 0.9950902 0.99462146 0.98398435 0.98820114 0.99495316 0.9950559 0.99213225 0.9937009 0.99503994 0.990182 0.99189484 0.9948219 0.99024904 0.9833202 0.98854244 0.9911282 0.9932056 0.99374616 0.99422634 0.9955352 0.990487 0.9965698 0.9963506 0.99614745 0.9953923 0.99187535 0.9967325 0.99622154 0.99565935 0.9956963 0.99411297 0.99575293 0.9965503 0.9969932 0.9945606 0.99732393 0.99778074 0.99785113 0.99706906 0.99566185 0.9954736 0.99546504 0.9956715 0.9962922 0.99678236 0.996809 0.9963122 0.9945259 0.9946674 0.993351 0.9961703 0.9963837 0.994943 0.9938191 0.9964254 0.9942257 0.9947017 0.9934299 0.99386555 0.9946039 0.994464 0.9933327 0.9959844 0.99564624 0.9957301 0.9958932 0.996523 0.99628633 0.997028 0.9970301 0.99701524 0.99647605 0.99618834 0.99377084 0.99491984 0.9939683 0.99346745 0.99379355 0.9942378 0.9907193 0.99032897 0.99318236 0.9966051 0.99647224 0.9968047 0.99615264 0.99662894 0.9964139 0.9973729 0.99479824 0.99494326 0.996383 0.99635863 0.99687546 0.9950516 0.9932007 0.99277824 0.9935172 0.9958756 0.99591506 0.99567395 0.99580455 0.990241 0.98832595 0.9864216 0.9953654 0.9937028 0.99341375 0.99599016 0.99573755 0.99598324 0.99617326 0.9943835 0.99473464 0.99302423 0.98717296 0.995602 0.99504817 0.99531525 0.9916179 0.9924325 0.9901186 0.9882783 0.99243456 0.9930972 0.9939453 0.99276525 0.99134445 0.99089223 0.9903573 0.9894593 0.9964853 0.9953898 0.99551946 0.99508756 0.9958257 0.99489385 0.9959804 0.995837 0.9967276 0.99726975 0.99715936 0.99644876 0.9947742 0.99238044 0.9949852 0.99471843 0.99463195 0.99290305 0.9921602 0.9888514 0.9940392 0.98808223 0.9893517 0.9942976 0.990739 0.98724526 0.98730934 0.9899873 0.9943099 0.9871689 0.99345106 0.99053115 0.9931888 0.9937904 0.9939907 0.9947649 0.9947809 0.9934957 0.9949841 0.9925224 0.9920991 0.99335265 0.99183863 0.9928091 0.99244547 0.9933877 0.9922577 0.9922337 0.99282724 0.99541736 0.994335 0.9936323 0.99570036 0.9958309 0.9959779 0.9957909 0.99461097 0.9976803 0.99925387 0.99915284 0.99869865 0.99833536 0.9976744 0.99811476 0.9978932 0.9950886 0.9952562 0.9951391 0.9969224 0.99753445 0.99732447 0.9975688 0.99704725 0.99837697 0.99928224 1.0000001 0.9969672 0.99601036 0.9954988 0.9955728 0.99742997 0.99699473 0.99699146 0.99688816 0.9970534 0.9962962 0.99517757 0.99404335 0.9953334 0.9949981 0.99580485 0.9956133 0.9938777 0.9942801 0.99363166 0.9968146 0.9969187 0.99632716 0.9967069 0.99640703 0.99581164 0.9969593 0.99713904 0.9970028 0.9972833 0.9977347 0.9971661 0.9951396 0.996887 0.9973259 0.9974163 0.9969003 0.9962314 0.99728703 0.99637586 0.99768037 0.9978485 0.99739635 0.997329 0.99700433 0.99721843 0.9964767 0.9961455 0.9968911 0.9968365 0.9972594 0.99555206 0.99654114 0.9955747 0.99456465 0.99662215 0.9964746 0.995068 0.9962983 0.9957292 0.9962199 0.9913106 0.9891511 0.9851186 0.9879478 0.98916304 0.98860675 0.98681617 0.9841615 0.99444824 0.99500334 0.99654233 0.9976062 0.9972458 0.997729 0.99657375 0.9972194 0.9973439 0.99431604 0.99473786 0.99491644 0.9961741 0.9970101 0.99672735 0.9966196 0.99421847 0.99007833 0.98855877 0.985818 0.9894716 0.9916756 0.9909745 0.9912434 0.9897316 0.9934697 0.9903191 0.9872774 0.99144894 0.9883834 0.9894109 0.9912787 0.98635876 0.986148 0.9883327 0.9892436 0.9919759 0.99090517 0.9871146 0.98920566
SvetolikVladimir_SRP18951VladimirSKaznjenoNeverstvo-L2_1 0.9934868 0.9971434 0.99645203 0.9940411 0.99461806 0.99444425 0.9923304 0.9898457 0.9966347 0.99547166 0.99629986 0.99673605 0.9957818 0.99577206 0.99552524 0.99413544 0.99353254 0.9940815 0.99495137 0.9955984 0.99378806 0.9948802 0.99337333 0.99336076 0.9936146 0.9933921 0.99391377 0.99152863 0.99418664 0.9930037 0.99287814 0.99385524 0.99304086 0.98782796 0.98549 0.99299085 0.9920313 0.99112606 0.99650145 0.99559736 0.99621874 0.9961478 0.9963969 0.9944657 0.9940863 0.9948206 0.9957317 0.9965959 0.9963794 0.9966847 0.99736583 0.9966517 0.99662834 0.99711686 0.99535406 0.99484503 0.99450785 0.9886251 0.992123 0.9956555 0.9957172 0.9928393 0.99656594 0.99642736 0.99196744 0.99274087 0.9975395 0.9966271 0.9971916 0.99627143 0.99562556 0.9953963 0.9962368 0.99704 0.99707806 0.9972927 0.99491376 0.9950973 0.9976679 0.99702924 0.9946771 0.99455965 0.99493486 0.99650306 0.99450016 0.9962112 0.99547595 0.9964586 0.9969499 0.9962 0.99647176 0.9937265 0.9947346 0.99360377 0.99431527 0.99533474 0.9937484 0.9950354 0.9941466 0.99496245 0.99253315 0.9940407 0.9940204 0.99492717 0.99446905 0.9957601 0.9946633 0.99546826 0.99624485 0.9957702 0.99586475 0.99595565 0.99642634 0.9963641 0.9961189 0.9952765 0.99563587 0.99444896 0.99370056 0.99424064 0.9954215 0.9939468 0.9957458 0.99520373 0.9955024 0.9957411 0.9959761 0.9956229 0.9935963 0.9947553 0.9949711 0.99528605 0.9962634 0.9962462 0.9960333 0.9917318 0.9935093 0.99427587 0.99499583 0.9953215 0.9947526 0.9918397 0.99392277 0.9968725 0.9950311 0.9953308 0.9957216 0.9950696 0.9969989 0.9964535 0.99230826 0.9914292 0.9896491 0.9871634 0.996114 0.9955305 0.99548817 0.9946042 0.99425143 0.9960599 0.99680024 0.9946674 0.99477875 0.99451816 0.9958875 0.99484104 0.9958747 0.99661267 0.99609834 0.9961906 0.9957144 0.9943843 0.99581695 0.99575686 0.9939452 0.9948074 0.9951389 0.9932809 0.9922935 0.99628776 0.99552673 0.99461037 0.9945175 0.99591386 0.99230427 0.9902535 0.9963965 0.9967333 0.9965345 0.99741316 0.99464375 0.9947395 0.9931814 0.9954571 0.99449563 0.99573374 0.99555004 0.99755436 0.996846 0.9984583 0.99700224 0.9967292 0.9975555 0.9965721 0.9976473 0.9961273 0.99572104 0.99596685 0.9948546 0.9927254 0.99412274 0.9961399 0.99521804 0.9941152 0.9961351 0.99502146 0.9953658 0.9954908 0.9958314 0.9947266 0.99562526 0.99219084 0.9915022 0.994014 0.99548084 0.9950076 0.996921 0.9964413 0.9960347 0.99531615 0.9959573 0.9873945 0.99137044 0.9952343 0.9953851 0.9927488 0.99451923 0.99490255 0.9902427 0.9938016 0.9959855 0.9913455 0.9841745 0.9902372 0.9923142 0.9944417 0.9946996 0.99566853 0.9955829 0.99074423 0.99721146 0.9975436 0.996981 0.9955666 0.9916651 0.99640846 0.99638295 0.9963053 0.99552107 0.9927572 0.9956328 0.99562615 0.9949577 0.9925708 0.9954887 0.9963757 0.99625415 0.99476814 0.99292624 0.99525476 0.9957695 0.9963482 0.99671173 0.9973036 0.9955372 0.9960099 0.9962424 0.9962853 0.9953084 0.9974995 0.9972654 0.9957785 0.99490726 0.9972176 0.99728733 0.9947764 0.9925506 0.9946306 0.9953189 0.99271464 0.99547356 0.9961939 0.9971311 0.9972912 0.9948942 0.99624836 0.99589515 0.9966231 0.99710464 0.99580604 0.99501395 0.99565125 0.99296314 0.9942946 0.99368167 0.9935011 0.9933006 0.9929495 0.99270886 0.9922221 0.9937711 0.9951474 0.99573886 0.99634594 0.9957584 0.99678934 0.9957077 0.99643993 0.9964364 0.9964135 0.9978583 0.9982086 0.99793434 0.99717176 0.99598193 0.9951678 0.99628884 0.99624825 0.9961798 0.9961836 0.9963759 0.9932776 0.9917341 0.9904982 0.9961816 0.9941919 0.9938071 0.9965404 0.996901 0.9966576 0.99683464 0.99629104 0.99679273 0.9951711 0.9904104 0.9971894 0.9966543 0.9965527 0.9937855 0.994319 0.9925594 0.99145424 0.9948783 0.9951762 0.99516076 0.9945395 0.9933223 0.9927454 0.9930199 0.99067754 0.9962985 0.99528015 0.9960174 0.9949762 0.9957895 0.9953619 0.9948847 0.9954406 0.99592185 0.9969902 0.9976214 0.99751216 0.99590737 0.99411213 0.9959786 0.99586314 0.99615735 0.9948359 0.9943009 0.9910412 0.9955565 0.9904771 0.991655 0.99583304 0.9930373 0.9893724 0.99035084 0.9918873 0.99566495 0.9900924 0.9949861 0.9930954 0.9955182 0.9956185 0.99403423 0.99416035 0.99365926 0.99324435 0.995384 0.9953289 0.99337727 0.99355364 0.9931744 0.9936198 0.99391526 0.99403626 0.99419457 0.9943025 0.99399215 0.9959946 0.99392986 0.99355876 0.9961954 0.9952808 0.9946495 0.9941806 0.9929415 0.9965697 0.99715966 0.9968353 0.99775493 0.9973569 0.9949402 0.9962915 0.9961693 0.99394387 0.9926877 0.9920387 0.9966153 0.99636847 0.99669665 0.9968135 0.99719083 0.9959635 0.9965168 0.9969672 1.0 0.99789315 0.9974768 0.9960868 0.997918 0.99841386 0.99744403 0.9977024 0.99591446 0.9947876 0.99501544 0.99433595 0.9961333 0.9958339 0.99641436 0.9955482 0.9935288 0.99478334 0.9937889 0.99664783 0.9952723 0.9947864 0.99544233 0.99595773 0.99600667 0.99673545 0.9972994 0.99767363 0.9972755 0.99769723 0.99771744 0.9943802 0.9972219 0.99626845 0.9974608 0.99741185 0.9965347 0.9971716 0.99682397 0.9974471 0.9977312 0.9976729 0.9971011 0.9971268 0.9973107 0.9966415 0.99438125 0.99511117 0.99740267 0.99542135 0.9944075 0.99604255 0.9960223 0.99451596 0.99605525 0.9965547 0.9958066 0.99629253 0.9966028 0.99646807 0.994619 0.9922712 0.9894214 0.9917992 0.99252313 0.9918557 0.9905139 0.98767 0.9937256 0.9949379 0.99671525 0.99792457 0.9975208 0.9976207 0.9974264 0.99795073 0.9977677 0.99460435 0.9946366 0.9951957 0.99592143 0.99691606 0.99653006 0.99690825 0.9946985 0.9908689 0.98957455 0.9862154 0.99068916 0.9923316 0.9916924 0.9913466 0.9900883 0.9941036 0.9913003 0.98878497 0.9921566 0.98985577 0.99079263 0.9914837 0.98705626 0.9866113 0.98894763 0.9898103 0.9927252 0.9899882 0.98801637 0.9895147
SvetolikVladimir_SRP18951VladimirSKaznjenoNeverstvo-L2_2 0.99067867 0.9937974 0.9944095 0.99433565 0.9944516 0.9899017 0.9874259 0.9834905 0.9963434 0.9956377 0.99683636 0.99551725 0.99712366 0.99738383 0.9945098 0.99480754 0.99296415 0.9925309 0.99289864 0.99618423 0.99604386 0.9964045 0.9911339 0.9926089 0.99291575 0.9946588 0.99392813 0.9943739 0.9941747 0.994852 0.994295 0.9935298 0.99456894 0.98958516 0.9879531 0.9898918 0.9889776 0.98973864 0.99426746 0.9948846 0.99597144 0.99680895 0.99457335 0.9953432 0.99045247 0.99211526 0.99568385 0.9967375 0.99672586 0.99726635 0.99673605 0.99583364 0.99622494 0.99452907 0.9930573 0.9923072 0.99116975 0.9834716 0.9889583 0.9939892 0.99351555 0.99069196 0.99353117 0.9927389 0.98644364 0.987477 0.99567306 0.99369156 0.99578285 0.99489427 0.99293417 0.99100465 0.99361724 0.99660516 0.9954492 0.9972998 0.99139404 0.99109596 0.9954087 0.9963181 0.99186623 0.99331295 0.99288654 0.9976826 0.9959432 0.9973793 0.9978495 0.9974252 0.9982136 0.9952443 0.99602634 0.9953074 0.991803 0.9911359 0.9918544 0.9937944 0.9916571 0.9946713 0.99172884 0.9937527 0.9894644 0.9920879 0.99304813 0.99621475 0.99703413 0.9939988 0.9961368 0.99669945 0.995966 0.9965041 0.9967226 0.99727887 0.9968388 0.9964004 0.99593204 0.9966624 0.9936612 0.9934354 0.99200547 0.99276316 0.99373317 0.99271214 0.9941185 0.9945303 0.9955346 0.9938587 0.9963456 0.9935595 0.9894022 0.99234813 0.99350345 0.99324054 0.99596626 0.99583817 0.9944735 0.9917492 0.99166745 0.9918414 0.9934194 0.9945516 0.99574816 0.9928533 0.99447227 0.9949131 0.9942707 0.99530524 0.9921613 0.99142295 0.9943852 0.99455726 0.986249 0.9859152 0.98421484 0.980897 0.9949285 0.99502707 0.9957621 0.9959266 0.99567616 0.99683535 0.9976596 0.9961517 0.9964097 0.99536765 0.996797 0.99662817 0.99613917 0.99731857 0.9951084 0.99685305 0.99637574 0.99756765 0.9978615 0.99829507 0.9976443 0.9976343 0.9945146 0.9940799 0.9934657 0.99541557 0.99615705 0.99643475 0.99644184 0.99807924 0.995512 0.99441284 0.9955702 0.9968973 0.997137 0.99670905 0.9953266 0.99505675 0.9958173 0.99591583 0.99627614 0.99577683 0.9943347 0.9946066 0.99389213 0.9968808 0.9947566 0.9967869 0.9971171 0.9956648 0.99457026 0.99512255 0.99510705 0.99662983 0.99300146 0.9902856 0.9925292 0.99736935 0.9940219 0.99145967 0.99464285 0.99573004 0.99390763 0.9946512 0.996503 0.99170333 0.9930564 0.99072397 0.9898709 0.9930198 0.9944192 0.9926882 0.997982 0.99472153 0.99364847 0.9915892 0.9941717 0.9803478 0.9862377 0.9937779 0.9924478 0.9883185 0.9913914 0.99304694 0.984522 0.9897575 0.9951971 0.9947336 0.98995286 0.99301547 0.99395394 0.99102426 0.991798 0.9908941 0.99173784 0.985252 0.99511015 0.99650717 0.99477935 0.99130565 0.9856594 0.9923287 0.99281424 0.9924418 0.991181 0.98931617 0.99221253 0.99209744 0.9924037 0.98818654 0.9926535 0.99491656 0.994665 0.992519 0.9898662 0.99449474 0.99560094 0.9946151 0.9945835 0.9967771 0.9930963 0.99412733 0.99138486 0.9929451 0.99321187 0.99581814 0.9954836 0.99069226 0.98951393 0.9949961 0.99424094 0.9901593 0.9874052 0.9898476 0.99121475 0.98934436 0.9903564 0.99263835 0.9931682 0.99432445 0.99011517 0.99260515 0.99262834 0.99396324 0.99381614 0.9922785 0.99121714 0.99614745 0.99619806 0.99493986 0.9967774 0.9964719 0.99683106 0.9949468 0.9895191 0.9894895 0.99074215 0.99347657 0.9953759 0.9947449 0.99287194 0.9955673 0.99261713 0.9948801 0.99397844 0.9933719 0.99697876 0.9966698 0.99725276 0.9971157 0.99681526 0.9968221 0.99705267 0.99551344 0.9957092 0.99564904 0.9957191 0.99092585 0.990854 0.9890853 0.9981881 0.99809974 0.99740475 0.99412405 0.99670047 0.996721 0.9963897 0.99643487 0.9961228 0.99618554 0.990911 0.9954863 0.9963603 0.9960352 0.99226975 0.9946625 0.9919791 0.9917179 0.9926714 0.99321777 0.99293727 0.99346155 0.9898489 0.99020946 0.99085844 0.9954537 0.99528766 0.99301875 0.9953793 0.99385357 0.99451697 0.99272674 0.9922574 0.9938599 0.9947405 0.9952662 0.9960959 0.99610287 0.9946715 0.99547625 0.99481463 0.99469453 0.99539757 0.99580395 0.9946524 0.9941113 0.9943539 0.9931023 0.99401593 0.99598277 0.99513924 0.9932938 0.99280226 0.9947765 0.99306595 0.99160975 0.9938552 0.9947408 0.9940669 0.99404573 0.99742615 0.99718404 0.99703556 0.9967419 0.9972168 0.9961697 0.99142385 0.9899506 0.99029756 0.990784 0.9921719 0.9916815 0.9912328 0.99231124 0.9916943 0.99540025 0.99368083 0.9938526 0.9950929 0.99647343 0.9934881 0.9931022 0.99361783 0.9964881 0.9960965 0.9969095 0.9960695 0.9973046 0.9923905 0.99349886 0.99505305 0.9889988 0.9884821 0.98801214 0.99822825 0.99558294 0.99554676 0.9962788 0.9959655 0.9943025 0.99546456 0.99601036 0.99789315 1.0000002 0.9936977 0.9942818 0.99657625 0.99735016 0.99643916 0.99842954 0.9951704 0.99469686 0.9945042 0.99562645 0.9958306 0.99497604 0.9969356 0.99373585 0.992924 0.9945172 0.990773 0.9968462 0.9954341 0.9932594 0.994323 0.99376386 0.9927918 0.9955399 0.9963648 0.9955269 0.9958986 0.9956533 0.99473923 0.989706 0.99521804 0.9935759 0.9972193 0.9964011 0.9926424 0.99572575 0.9966504 0.9975836 0.99695873 0.9964401 0.9962519 0.99420124 0.9949115 0.9940945 0.99058807 0.99308103 0.99542636 0.99309015 0.9905304 0.99504006 0.9956374 0.9959938 0.99619603 0.9960227 0.9957521 0.99661386 0.995471 0.996752 0.99398565 0.9910995 0.9879668 0.9899904 0.99378943 0.99183154 0.98932993 0.98625267 0.9897073 0.99137443 0.9936718 0.99609864 0.99763316 0.99611527 0.99435097 0.99583346 0.9961486 0.9904744 0.9904494 0.9911981 0.99341935 0.99607366 0.9957804 0.99601287 0.9970052 0.9956293 0.9955959 0.9935637 0.9948317 0.99580663 0.9959132 0.99544877 0.9955759 0.99655914 0.99478793 0.99378437 0.9959547 0.99391353 0.99509203 0.99637955 0.9931631 0.993239 0.9945711 0.9948865 0.99572724 0.9845851 0.9824649 0.9849765
SvetolikVladimir_SRP18951VladimirSKaznjenoNeverstvo-L2_3 0.9912739 0.9962541 0.99411935 0.9890998 0.9906308 0.99608463 0.993624 0.99105704 0.9947104 0.992742 0.99384815 0.9958747 0.99242216 0.992508 0.9941781 0.9908731 0.99090135 0.992155 0.9941473 0.9937248 0.99050844 0.99153155 0.99430275 0.99251187 0.9924398 0.9900295 0.9920485 0.98698497 0.9919932 0.98963183 0.9893103 0.9927263 0.9900858 0.98268545 0.9792733 0.99194384 0.99105686 0.98788047 0.9951386 0.9933787 0.9932415 0.99238276 0.9946516 0.98964703 0.9924611 0.99416435 0.99265945 0.9934184 0.99427885 0.9931824 0.99627787 0.99609184 0.9946967 0.9955206 0.99476963 0.9929908 0.99321026 0.98760086 0.9896236 0.9941461 0.99437475 0.9907578 0.9964353 0.99607795 0.9932459 0.9938512 0.99621195 0.9977091 0.9964745 0.9957997 0.9957657 0.9977229 0.99662495 0.9958403 0.997033 0.9951177 0.9965965 0.9966557 0.9967054 0.9965954 0.9958328 0.99120003 0.99274176 0.9925399 0.9889723 0.99262005 0.9909917 0.99287486 0.99352145 0.9928584 0.9935272 0.9897876 0.994326 0.9939083 0.99401337 0.99426246 0.99313426 0.99340516 0.9940005 0.9931908 0.9928491 0.99337137 0.99293065 0.9924705 0.99025625 0.9941647 0.9898714 0.9915507 0.99388915 0.99288714 0.9929 0.9919665 0.9926242 0.9929651 0.9930241 0.9908285 0.99590045 0.9946016 0.9952839 0.9951292 0.9964989 0.9953625 0.996094 0.995184 0.9947121 0.9965815 0.9942494 0.99656135 0.9959267 0.9960047 0.99516636 0.9958854 0.99512774 0.99532896 0.99681944 0.98764545 0.9912146 0.9920158 0.9923065 0.9910495 0.98947704 0.98596126 0.98879087 0.9969584 0.99526286 0.99452204 0.9964473 0.99723715 0.9974176 0.9967649 0.993765 0.9946148 0.99272364 0.99131227 0.99453664 0.9935591 0.9929913 0.99004495 0.9897119 0.99361473 0.9931647 0.9919168 0.99137366 0.99206895 0.99310386 0.9905871 0.9919262 0.9940038 0.99394023 0.9938005 0.9926953 0.9894841 0.9920787 0.9908467 0.98805547 0.9890547 0.99320316 0.9893407 0.98818964 0.9949996 0.99338156 0.9908401 0.99067247 0.9910143 0.9879191 0.9854467 0.9946796 0.9935258 0.9934718 0.99457216 0.99227494 0.9935124 0.98933667 0.9936667 0.99117744 0.9944542 0.995096 0.9978912 0.9975156 0.9971194 0.9953065 0.994216 0.9952611 0.9937843 0.9970297 0.99406344 0.99267054 0.99332863 0.99313223 0.99189526 0.992095 0.9925933 0.9929165 0.993855 0.9948638 0.99122584 0.994087 0.99198425 0.9925166 0.9940145 0.9939807 0.98878706 0.9882269 0.9907611 0.9930678 0.99295986 0.9933028 0.99516696 0.9939633 0.995005 0.9930488 0.9909667 0.99288195 0.9937443 0.9944674 0.9943684 0.99432313 0.99299335 0.9937938 0.9931494 0.99364424 0.9866627 0.9794256 0.9866762 0.9896674 0.9947781 0.9942797 0.9966688 0.9979328 0.99591994 0.99652004 0.9963671 0.99598265 0.99771494 0.99629587 0.9980052 0.9984904 0.9966279 0.998038 0.9961806 0.99805844 0.99805444 0.99525034 0.995684 0.9965786 0.9963794 0.9963388 0.9954747 0.9941152 0.99351406 0.99421394 0.9947536 0.996333 0.9949645 0.9959932 0.9961362 0.99764544 0.9968722 0.9929797 0.99575084 0.9953327 0.99743366 0.9974097 0.99600965 0.99558127 0.9966295 0.99532765 0.9975519 0.9976529 0.9948407 0.9969268 0.99736995 0.99767196 0.99677396 0.996617 0.996603 0.99545705 0.9966794 0.9972153 0.9968333 0.99600524 0.9937741 0.9896475 0.9926653 0.99033946 0.9898448 0.98949754 0.9904565 0.99281394 0.99057233 0.9932446 0.9949939 0.9943049 0.9952704 0.9957768 0.9952733 0.9968886 0.9956739 0.99629116 0.9956584 0.9953201 0.99615455 0.99552035 0.993499 0.99123085 0.98962104 0.99119705 0.9946052 0.9944799 0.99441314 0.9949409 0.9885434 0.98579556 0.984806 0.9914808 0.9890762 0.9884743 0.996705 0.99488217 0.9943863 0.99473274 0.993165 0.9943909 0.99068046 0.9857788 0.9953813 0.99303275 0.9934055 0.99127924 0.9902267 0.9886316 0.9865969 0.9934649 0.9925481 0.9942128 0.9921173 0.99252915 0.9905718 0.9901519 0.9832355 0.9952726 0.99608046 0.9940866 0.9940644 0.9953109 0.99564344 0.9954073 0.9952154 0.9955361 0.9966889 0.9961466 0.9957795 0.9944216 0.99058497 0.9953569 0.9948038 0.9951258 0.9913728 0.9913126 0.9855928 0.9940313 0.98514414 0.98691016 0.9933787 0.98840743 0.9831337 0.98458046 0.9866712 0.995731 0.98530436 0.993441 0.98921776 0.99457455 0.9945433 0.9889239 0.9904285 0.9897031 0.9889473 0.99141103 0.9902183 0.9923811 0.9955113 0.99423313 0.9947174 0.99300694 0.9950545 0.99457794 0.99378145 0.9933796 0.9942258 0.9919001 0.9913723 0.9944713 0.991968 0.9935627 0.99366176 0.9910969 0.99428666 0.9956732 0.9946725 0.9969757 0.9954322 0.99556816 0.9970414 0.99542254 0.9958426 0.9951732 0.9946162 0.99257797 0.99514556 0.9952744 0.99525 0.9957352 0.99552757 0.9956071 0.9954988 0.9974768 0.9936977 0.99999994 0.99705493 0.99728006 0.99755526 0.9977825 0.9962051 0.9946176 0.9930703 0.99489 0.9924878 0.9951069 0.99540454 0.99486595 0.9963811 0.9938256 0.9941829 0.99608034 0.9951405 0.99415004 0.99540544 0.99541277 0.9969392 0.9979687 0.9966322 0.9962828 0.9973772 0.9970477 0.9974522 0.99807036 0.9969318 0.9969083 0.997586 0.99602675 0.9961528 0.9977892 0.99644196 0.99502355 0.9958985 0.9961495 0.9968152 0.99540555 0.9975364 0.997041 0.9963454 0.9959478 0.9946685 0.995359 0.9955449 0.9962374 0.99481 0.99380106 0.99076 0.9935891 0.9941728 0.9927905 0.993502 0.99441123 0.9937257 0.9905998 0.9891608 0.9860822 0.9886564 0.98806345 0.9879598 0.9869997 0.983591 0.9965935 0.9968484 0.9974485 0.99702346 0.99512416 0.9964486 0.99772453 0.9968637 0.99670506 0.9972612 0.9966734 0.9973796 0.99686265 0.99636775 0.9956459 0.9959616 0.9909127 0.9855091 0.98339283 0.97957796 0.9857458 0.9880548 0.9865654 0.98661935 0.9842141 0.98974836 0.98618364 0.98231155 0.9873824 0.9837333 0.98519415 0.98584914 0.97990334 0.9796341 0.9823479 0.9839938 0.98803645 0.99086285 0.98801357 0.9892747
SvetolikVladimir_SRP18951VladimirSKaznjenoNeverstvo-L2_4 0.9878219 0.9950267 0.9924232 0.9878944 0.9897971 0.9925913 0.98956436 0.98547494 0.995967 0.992956 0.99376136 0.99548984 0.9933198 0.9935739 0.9935789 0.990529 0.9894242 0.9904128 0.99272394 0.99495614 0.9914692 0.9920502 0.9946477 0.993474 0.9929169 0.9905345 0.9917401 0.9883219 0.992884 0.99072415 0.9901549 0.9933795 0.9909525 0.9811569 0.9775565 0.9901142 0.9891143 0.98559505 0.9944573 0.994205 0.9933431 0.9925453 0.99298507 0.98905027 0.9901418 0.99287426 0.9926071 0.99328315 0.9949618 0.99248207 0.9960399 0.99516916 0.992986 0.9928005 0.9920377 0.9912111 0.9911117 0.9832041 0.9869083 0.99249697 0.9918687 0.9891 0.99481624 0.99328095 0.9898629 0.99063843 0.99505293 0.9958146 0.9952142 0.997128 0.99538547 0.9975124 0.9949017 0.99572533 0.99606633 0.99518895 0.9961298 0.994433 0.99522716 0.99745184 0.99470866 0.9892532 0.9914357 0.99319977 0.99015087 0.993226 0.991734 0.99344975 0.99434924 0.9916363 0.9927079 0.9888518 0.9919658 0.9917148 0.9918076 0.9927243 0.99080354 0.9925432 0.99162954 0.99053276 0.98934186 0.99070644 0.9915077 0.9930593 0.99110353 0.99366796 0.99023485 0.9921152 0.9947684 0.9936228 0.99423504 0.9931706 0.9928395 0.99247855 0.9935495 0.99064934 0.99586326 0.99626625 0.99647427 0.99655586 0.9969329 0.99574596 0.9959094 0.9966022 0.99657077 0.9973483 0.9947522 0.99762744 0.9942643 0.9959311 0.99568427 0.996303 0.99625033 0.99595547 0.99656177 0.9855528 0.98869467 0.9895128 0.9904072 0.99085546 0.9901147 0.9865382 0.9893452 0.99585885 0.99599874 0.9956841 0.9954355 0.995874 0.9966109 0.9971815 0.99057543 0.9927315 0.9901924 0.98850775 0.9948771 0.9940829 0.9938184 0.98865855 0.9877695 0.9932481 0.9920139 0.99165225 0.9904201 0.9913624 0.9926482 0.98985577 0.9904995 0.99386656 0.99201375 0.9940094 0.9918379 0.9896605 0.9932216 0.9917168 0.989083 0.9893412 0.99170315 0.988016 0.9867303 0.99478483 0.9934561 0.99126214 0.9919547 0.9926326 0.9899767 0.9880414 0.99399287 0.99317205 0.99440145 0.992849 0.99146897 0.9943685 0.98974764 0.99353206 0.99090415 0.9954807 0.99569106 0.9971563 0.99617076 0.99611276 0.99331635 0.9938469 0.9949981 0.9927997 0.9954432 0.99363416 0.9919691 0.9941705 0.9916858 0.9895856 0.99018973 0.9925605 0.99299467 0.99315643 0.9944022 0.9916045 0.9944737 0.9912532 0.9926778 0.99218136 0.9918016 0.9854651 0.98468304 0.98876613 0.99084055 0.9898564 0.99308455 0.99328154 0.99117416 0.9915106 0.99026144 0.98938185 0.99272186 0.99362516 0.99205285 0.99207336 0.99278873 0.99073076 0.9911739 0.9905815 0.9930449 0.98744476 0.9817821 0.9876718 0.9906062 0.9932527 0.99233526 0.9933132 0.99729735 0.99433696 0.9958088 0.99636585 0.9950676 0.9948667 0.9934094 0.996284 0.99688727 0.9937573 0.9959916 0.9953621 0.9978693 0.99672526 0.99300927 0.9930864 0.9948033 0.99640447 0.9955744 0.9936768 0.99178123 0.9929208 0.9942731 0.9937384 0.9965173 0.9952803 0.9953119 0.99502337 0.995051 0.9959879 0.99316806 0.9956715 0.99483323 0.99451274 0.99506354 0.9945191 0.9938003 0.99397165 0.9924825 0.9951601 0.99589896 0.994568 0.9940414 0.9954666 0.99574417 0.995195 0.99429387 0.9943982 0.9939768 0.9967492 0.9949895 0.9948627 0.99386454 0.9948108 0.9919059 0.99375385 0.99247545 0.99167156 0.99213934 0.9916493 0.99105716 0.9881498 0.9905588 0.99588776 0.9952906 0.99588865 0.9951942 0.9952441 0.9956505 0.99565226 0.996044 0.99452096 0.9938762 0.99480164 0.9944823 0.99386024 0.9914453 0.990762 0.9916396 0.99507636 0.9951537 0.99555606 0.9959882 0.9858187 0.983588 0.9811984 0.992518 0.9912556 0.99074936 0.9970263 0.9961481 0.99541306 0.99496347 0.99299675 0.99401486 0.99040914 0.9853898 0.99486136 0.99297583 0.9937137 0.9916719 0.99033856 0.98765045 0.9861325 0.9934653 0.99161315 0.99278605 0.99073744 0.99019957 0.98823553 0.9878042 0.9832585 0.996947 0.99687123 0.9949979 0.99553615 0.9962002 0.99646276 0.9963339 0.9967199 0.99716294 0.99702364 0.99583894 0.9958235 0.9927145 0.9892761 0.9942204 0.9938189 0.99408776 0.990258 0.99082047 0.9840502 0.99234074 0.98397475 0.98538303 0.9919193 0.98682123 0.981986 0.9822961 0.9855188 0.9943882 0.9833116 0.99203205 0.98799103 0.99303275 0.99224734 0.9895964 0.9924101 0.99166596 0.98983985 0.991404 0.9900603 0.99294674 0.9945699 0.9945959 0.9954118 0.99422663 0.99563044 0.99478585 0.99346346 0.9941427 0.99446064 0.9907338 0.99024576 0.9939375 0.9927877 0.99220026 0.9927156 0.9903104 0.99372935 0.995188 0.9952297 0.9963886 0.996229 0.9961608 0.99633694 0.9966432 0.9930293 0.99302685 0.99230677 0.9931412 0.9949063 0.9944771 0.9947259 0.9950015 0.9942233 0.9958315 0.9955728 0.9960868 0.9942818 0.99705493 1.0 0.99875706 0.99700326 0.9967475 0.9958888 0.9962238 0.9946328 0.99786013 0.99627304 0.99746186 0.9975701 0.99729013 0.9981798 0.9974828 0.9973047 0.9976731 0.99515367 0.99475235 0.9948211 0.99556786 0.99598134 0.99760586 0.9968881 0.99516267 0.9960537 0.99734807 0.9966772 0.9972009 0.9947303 0.9975521 0.9976533 0.99762154 0.9957849 0.9956087 0.99565935 0.99592894 0.9969474 0.9964661 0.9971499 0.9951799 0.995557 0.9957095 0.995296 0.99263185 0.99333906 0.9937485 0.9947526 0.9958376 0.9957374 0.99415684 0.99201375 0.99460965 0.9937374 0.9918283 0.99502134 0.9931694 0.99454224 0.9896855 0.98751765 0.9821963 0.9859962 0.9864764 0.98603576 0.9844862 0.9805528 0.996087 0.99718153 0.99739355 0.997136 0.9958187 0.9969256 0.9972956 0.99600446 0.99710953 0.9965719 0.99598193 0.9967538 0.99736404 0.9975379 0.9965477 0.99646 0.99220157 0.98581356 0.9853072 0.9815558 0.9869767 0.9885738 0.9875061 0.9880139 0.98557776 0.99023855 0.98620474 0.98224276 0.9873937 0.9842213 0.985951 0.9870159 0.9804709 0.98106 0.983929 0.9848588 0.98794144 0.9865505 0.98210245 0.9843464
SvetolikVladimir_SRP18951VladimirSKaznjenoNeverstvo-L2_5 0.9901885 0.99592257 0.99449754 0.9915937 0.9927754 0.993391 0.9911528 0.98779017 0.9956572 0.99331 0.9944261 0.99539244 0.9939817 0.9943086 0.9936444 0.9915437 0.990349 0.9910445 0.99277925 0.9951488 0.99205464 0.99309534 0.9932194 0.9929942 0.99263924 0.9913776 0.99219406 0.98969436 0.9930393 0.9913641 0.99140936 0.9930862 0.99169207 0.98293805 0.98001224 0.99031377 0.9891188 0.98696935 0.9952511 0.9953127 0.9951289 0.99462706 0.9948526 0.9919372 0.99169594 0.99317205 0.9944135 0.9952214 0.99561304 0.9947332 0.99691737 0.9963616 0.99556154 0.995415 0.9946077 0.9924958 0.992137 0.98478 0.9887977 0.99393743 0.9936562 0.9904679 0.9953976 0.9945748 0.9902648 0.9910422 0.9972863 0.99679184 0.99721026 0.99736553 0.9957224 0.99649835 0.99609184 0.99676704 0.9969241 0.9962582 0.9950617 0.99426913 0.99656504 0.9976453 0.994818 0.992208 0.9934154 0.99584514 0.99368167 0.99582756 0.99452204 0.99583215 0.99645936 0.9950426 0.99542844 0.99082977 0.9934591 0.99247545 0.99266785 0.99450487 0.9933108 0.9948612 0.99349004 0.9933233 0.9908858 0.9919942 0.99265 0.9949186 0.9938872 0.99513555 0.99324334 0.99451214 0.99623716 0.99566627 0.9958746 0.99569523 0.9955976 0.995042 0.9958182 0.9940803 0.9961048 0.9961609 0.9956946 0.9961086 0.99690425 0.9956472 0.99546945 0.9956027 0.9962747 0.996449 0.9954067 0.9964157 0.9933216 0.9951396 0.99515945 0.995574 0.99631345 0.99624354 0.996097 0.9878262 0.99072844 0.9915745 0.9923619 0.9944826 0.9937114 0.99123704 0.99333894 0.9964913 0.99578446 0.99594986 0.9960399 0.99585867 0.9976669 0.99762535 0.9906448 0.99202645 0.9902253 0.98805785 0.9958386 0.9951159 0.9949337 0.99235606 0.99180496 0.99570143 0.9950281 0.9941189 0.9933653 0.9940836 0.9950802 0.99292624 0.9933796 0.9954973 0.9943503 0.99551016 0.9939811 0.9925529 0.99491143 0.99426264 0.9920469 0.99277854 0.99270046 0.98976654 0.98850274 0.9952308 0.99419737 0.9925749 0.99306417 0.9954456 0.9918943 0.99013865 0.99497324 0.99510765 0.99574023 0.9951081 0.9923296 0.99403995 0.991018 0.9941131 0.9923697 0.99525666 0.9952493 0.99747825 0.99711454 0.9978928 0.9963884 0.9966112 0.99725974 0.99598885 0.99713314 0.9963465 0.99514955 0.9963626 0.9944847 0.9923953 0.9934835 0.99560714 0.99387 0.9931485 0.99518746 0.99338603 0.9947555 0.99331737 0.99442756 0.99284923 0.9932588 0.9887772 0.9878869 0.9912711 0.9927258 0.99221003 0.9955978 0.99475825 0.99329513 0.9931499 0.99272895 0.9864544 0.9908775 0.99436253 0.99390036 0.99248385 0.9940663 0.9936569 0.9906679 0.99222434 0.99469495 0.9900636 0.9835369 0.9895313 0.9920808 0.99426335 0.9938221 0.99422103 0.9966737 0.9929511 0.99715364 0.9977177 0.99657696 0.99567735 0.99215263 0.9969869 0.99644375 0.99498713 0.9958281 0.9947396 0.997351 0.996874 0.99509 0.9932065 0.99598193 0.9971372 0.99675524 0.9950243 0.99365425 0.9941977 0.9950086 0.9954151 0.99697965 0.99695927 0.9961953 0.99586326 0.99500996 0.99575645 0.9947047 0.9966903 0.9964461 0.99483186 0.9942866 0.9959804 0.99512047 0.9946263 0.9931069 0.9944359 0.9951826 0.9941281 0.99402463 0.9955702 0.99601126 0.9962023 0.99453884 0.9954351 0.99532706 0.9966492 0.9959937 0.99574405 0.9951446 0.99538827 0.99268126 0.99390227 0.9932246 0.9925185 0.9929191 0.9923538 0.9905952 0.9891302 0.9915639 0.99579024 0.99561375 0.9961618 0.9954178 0.99604905 0.9958808 0.99653876 0.99525476 0.9945278 0.9953462 0.99597245 0.995772 0.9958053 0.99391705 0.9936562 0.9942506 0.9955987 0.9958383 0.99575603 0.9960114 0.98965526 0.987829 0.9858793 0.995132 0.9934296 0.9935442 0.9964882 0.99651915 0.9959915 0.99595994 0.9944857 0.9951202 0.99272966 0.9875356 0.99572295 0.99495465 0.99523723 0.9922211 0.99233603 0.98998946 0.98844653 0.99335015 0.9928418 0.9933333 0.9920763 0.9909407 0.9898052 0.9896862 0.9874425 0.9974986 0.99676704 0.9960791 0.99611944 0.99665195 0.9962752 0.9963333 0.9969832 0.9975416 0.99754465 0.9972477 0.99692756 0.9938001 0.99135447 0.9948264 0.99425197 0.9948892 0.9923069 0.9918335 0.98715127 0.9932066 0.9864434 0.9877421 0.99316883 0.98937285 0.9848816 0.98517895 0.9879959 0.99449086 0.98574823 0.9930101 0.9897 0.9934893 0.9934025 0.9922979 0.9938935 0.99337345 0.99183375 0.99355567 0.99253374 0.9929949 0.9940454 0.99367565 0.99414045 0.99373466 0.99454576 0.9938385 0.9931256 0.9936959 0.99506974 0.99256724 0.99212956 0.99482054 0.99462664 0.9937743 0.9936898 0.9923904 0.9960555 0.99712676 0.99702054 0.9974908 0.99754727 0.99657893 0.99707067 0.9975624 0.99430543 0.99424255 0.99329364 0.9957667 0.9968039 0.996467 0.9963499 0.99659806 0.9957121 0.9970041 0.99742997 0.997918 0.99657625 0.99728006 0.99875706 0.99999976 0.9983913 0.9981883 0.99779654 0.9973868 0.99647903 0.9971741 0.99623436 0.99718416 0.99710417 0.9976384 0.997258 0.99595225 0.9963581 0.9960862 0.9960631 0.99553937 0.9953559 0.99589044 0.9963846 0.99709445 0.9976444 0.99665475 0.99710786 0.99781525 0.99809515 0.9975963 0.9950024 0.99770045 0.9974119 0.9984283 0.99759775 0.9962842 0.99662143 0.99645865 0.9974763 0.99802047 0.9976816 0.99632126 0.99618286 0.996725 0.9961057 0.994124 0.9952453 0.9960313 0.99571735 0.9950738 0.99665993 0.9955108 0.99439096 0.99612045 0.99585915 0.9942781 0.9963738 0.99562156 0.99625504 0.99200946 0.98970914 0.98535067 0.9886234 0.98943275 0.9888464 0.9870555 0.98391914 0.9954253 0.99643844 0.9977076 0.9983427 0.9979208 0.99824625 0.99771774 0.997858 0.9983845 0.99555796 0.99577117 0.99621904 0.9974058 0.99812305 0.9969942 0.99769247 0.9936434 0.9885395 0.9878834 0.9845958 0.98848957 0.9902597 0.98957783 0.98956686 0.9881043 0.99242383 0.98875475 0.985629 0.99013835 0.98705834 0.9883062 0.9897468 0.9843467 0.9842321 0.9868619 0.98751676 0.99046254 0.9877678 0.98400635 0.98575354
SvetolikVladimir_SRP18951VladimirSKaznjenoNeverstvo-L2_6 0.9918345 0.99630594 0.9948752 0.99199325 0.9930989 0.9938648 0.99121064 0.9886416 0.9952384 0.9937137 0.99525625 0.99595076 0.99476546 0.9951393 0.99447685 0.9929211 0.99247557 0.99269366 0.99405307 0.9954588 0.9933473 0.9944001 0.9929511 0.9932641 0.99301916 0.992397 0.9934039 0.99085784 0.99343276 0.9923929 0.9923052 0.9932783 0.99273044 0.98541737 0.9828487 0.9912381 0.9904076 0.98879737 0.9957807 0.9954429 0.99570674 0.9951978 0.9957282 0.9933588 0.99261165 0.9941811 0.9951887 0.9957824 0.99607915 0.995194 0.9969021 0.99646163 0.99618393 0.99649775 0.9953565 0.99366415 0.99322903 0.98609823 0.9901629 0.99465215 0.99485505 0.9917202 0.99620205 0.99583405 0.9913723 0.99242246 0.9974932 0.9972158 0.9977849 0.99651206 0.9955967 0.9958884 0.99619085 0.99682766 0.9970364 0.9965583 0.99483305 0.9943297 0.9966962 0.9973052 0.9948935 0.99330986 0.9941446 0.99519736 0.99293417 0.99534607 0.994684 0.99575347 0.99613166 0.9948409 0.99526113 0.99272496 0.9936221 0.9928829 0.9930913 0.9945873 0.99295723 0.99460536 0.99313045 0.99347675 0.9914878 0.9931814 0.993413 0.9948097 0.99409354 0.994679 0.9935411 0.99455774 0.9958525 0.99534357 0.99561024 0.9955019 0.9956194 0.99544364 0.995358 0.99484885 0.9960864 0.9948644 0.99510986 0.9957142 0.996345 0.99560386 0.9956126 0.9953907 0.9958178 0.9962612 0.9958811 0.9957185 0.9943832 0.99584454 0.99576867 0.9960164 0.9965186 0.99655455 0.9967286 0.9900314 0.9925239 0.99309045 0.9933394 0.99371463 0.9931299 0.9898461 0.992051 0.995923 0.99481696 0.9952557 0.99599844 0.9960414 0.9973689 0.997209 0.9919238 0.9926992 0.99170333 0.9892653 0.9958537 0.9951901 0.9956937 0.9933792 0.9930279 0.9964616 0.9962187 0.995903 0.9950023 0.9955007 0.9962824 0.99461776 0.9949297 0.9966212 0.9957965 0.996568 0.99549127 0.9940417 0.9953608 0.99516916 0.9932051 0.993829 0.9944705 0.9921869 0.9908725 0.995756 0.99499965 0.9937756 0.9939045 0.9952144 0.9913596 0.98998266 0.9957419 0.9961468 0.99607337 0.99649465 0.9937113 0.9945288 0.99243903 0.99531907 0.99394655 0.99592984 0.99539906 0.99725527 0.997194 0.99818075 0.9967499 0.9970062 0.9975302 0.9961693 0.99737775 0.99626744 0.9954675 0.99686533 0.99454236 0.99235106 0.9936567 0.9961865 0.99373925 0.9928917 0.995311 0.9935421 0.9945681 0.99338573 0.99482644 0.9934195 0.9939475 0.99001175 0.9893241 0.9921784 0.99407935 0.99324787 0.99602866 0.995669 0.9945022 0.99443436 0.99401784 0.9861844 0.99053705 0.99444824 0.99408793 0.9922714 0.9936385 0.9941219 0.9897081 0.99226344 0.99476165 0.990891 0.984752 0.99028635 0.99236834 0.99369586 0.9938142 0.994624 0.9960439 0.992605 0.99696124 0.9974468 0.996231 0.9957864 0.99241716 0.9968191 0.99633455 0.99505293 0.9958224 0.9933124 0.99637556 0.9961077 0.99452305 0.99247736 0.9953567 0.9967101 0.99616975 0.99458313 0.99288696 0.99524635 0.99611425 0.99602014 0.9973066 0.99727 0.996523 0.99663997 0.995729 0.99578387 0.99399203 0.99643934 0.9958598 0.9952283 0.99479496 0.99620205 0.9953333 0.9948803 0.9939946 0.9951695 0.9957663 0.9935511 0.9945032 0.9960497 0.9964973 0.9965368 0.9945099 0.9957724 0.99582547 0.99644274 0.9961218 0.9959574 0.99542546 0.9947158 0.99303913 0.99367934 0.99324197 0.9926496 0.99328643 0.99259645 0.991305 0.9903897 0.99229074 0.99455917 0.9950812 0.9956582 0.9954593 0.9961797 0.9956534 0.9966009 0.9958396 0.9949147 0.99649024 0.9969857 0.99678856 0.9959989 0.9943492 0.9938136 0.994709 0.9959249 0.9962273 0.996041 0.9963182 0.9902656 0.988556 0.9870851 0.9951621 0.9935755 0.9931332 0.9964359 0.99681497 0.9962588 0.99651754 0.99552315 0.99623704 0.9940848 0.98920786 0.99610186 0.99543965 0.9956213 0.99279404 0.9934659 0.9914216 0.98985016 0.9939246 0.99405813 0.99468094 0.9939202 0.9921856 0.99161434 0.9915077 0.989203 0.9964964 0.9961827 0.99569315 0.9957685 0.99644774 0.9954971 0.9946154 0.99546844 0.9959134 0.99666727 0.9966302 0.9964141 0.9952074 0.99368453 0.9961033 0.99540246 0.9961877 0.9942429 0.99321395 0.99006337 0.9947774 0.9891063 0.9901448 0.9946274 0.9915719 0.987247 0.98803246 0.9902672 0.99511963 0.98870575 0.9946796 0.99224764 0.99529755 0.9955247 0.993102 0.9940175 0.9936056 0.9930667 0.9945597 0.9925119 0.99284875 0.9936794 0.9933478 0.993631 0.9935349 0.9942895 0.9933527 0.99351144 0.9934391 0.9957185 0.9941641 0.9938287 0.99572414 0.9951665 0.9947691 0.9946032 0.99355185 0.99653625 0.99693274 0.99703586 0.99773914 0.99778605 0.9959735 0.99704087 0.9974036 0.9945272 0.99385715 0.99341315 0.9960213 0.99692655 0.997157 0.9970491 0.9973153 0.99580115 0.996482 0.99699473 0.99841386 0.99735016 0.99755526 0.99700326 0.9983913 1.0000002 0.99883765 0.9985569 0.9959198 0.99532986 0.9955181 0.9943749 0.9956987 0.99592924 0.9964482 0.9960915 0.99418247 0.99489385 0.9947019 0.9966973 0.9959052 0.9954246 0.99625856 0.99678147 0.9966041 0.9969199 0.9974267 0.9974239 0.9974521 0.9979882 0.99766284 0.995052 0.9971078 0.9970116 0.9972803 0.9972253 0.99619335 0.99666625 0.99650043 0.9973916 0.99746954 0.9974586 0.99610835 0.99642235 0.9966109 0.9961394 0.99445856 0.9953056 0.996054 0.99589217 0.99483657 0.995985 0.99571395 0.99426734 0.995932 0.99582684 0.9949836 0.9960486 0.99560356 0.9960498 0.99305534 0.99104583 0.9879418 0.990568 0.9917657 0.9911648 0.9893023 0.9864146 0.9949669 0.9954602 0.9965593 0.99739075 0.9970523 0.997082 0.99688095 0.99719834 0.99723864 0.99510133 0.9949378 0.995168 0.9962624 0.9970202 0.99598694 0.9966298 0.9944194 0.99069536 0.98929447 0.9864847 0.98995227 0.99183315 0.9911057 0.99085957 0.98982155 0.99345905 0.99073887 0.9879567 0.99172467 0.9893587 0.99013036 0.99123204 0.9869577 0.98678863 0.98899424 0.9895213 0.9921564 0.98897666 0.98627996 0.98779875
SvetolikVladimir_SRP18951VladimirSKaznjenoNeverstvo-L2_7 0.99060863 0.9952749 0.9943149 0.99141455 0.9922135 0.9943964 0.9919588 0.9894619 0.994617 0.99276507 0.99456 0.99534 0.9938941 0.9942512 0.9939058 0.9917158 0.9911447 0.99164027 0.993209 0.99484295 0.9921885 0.9932727 0.99224514 0.992131 0.9919485 0.9907808 0.992114 0.9893599 0.9921336 0.99124813 0.9911841 0.9925219 0.99180853 0.9827478 0.9802692 0.9898194 0.9888632 0.98699254 0.9945463 0.9945193 0.99461067 0.993932 0.9947428 0.9917685 0.9910549 0.9927759 0.9937676 0.9949244 0.9953353 0.99473023 0.99701685 0.99694806 0.99648976 0.9958674 0.99571085 0.9926376 0.99236745 0.985047 0.98888975 0.99414855 0.9942423 0.99042314 0.9949805 0.9945098 0.9908006 0.991491 0.9969877 0.9970939 0.9976465 0.9966009 0.9955249 0.9954982 0.99672014 0.9970002 0.9973574 0.9962724 0.99455273 0.9945422 0.99683666 0.9973634 0.99538165 0.9922609 0.99314153 0.9949387 0.9920966 0.9954573 0.99441695 0.99570996 0.996036 0.9947545 0.995253 0.99159586 0.99401003 0.99338865 0.99359125 0.99532896 0.99464864 0.9957348 0.9944448 0.9945918 0.99244857 0.9934575 0.9937386 0.9951315 0.993913 0.99448675 0.9927019 0.99395084 0.99543476 0.995386 0.9954192 0.99527997 0.99507207 0.9948751 0.9952629 0.9942214 0.99618834 0.99534726 0.99552 0.9960895 0.99685 0.9961592 0.99536455 0.9949336 0.9955959 0.9961706 0.9956107 0.9953896 0.9938394 0.9955523 0.9953363 0.99541014 0.9961049 0.9964494 0.99685496 0.98812485 0.990925 0.9916249 0.9920382 0.99329716 0.9925378 0.98994017 0.99210006 0.9963514 0.9952305 0.9955184 0.9958977 0.99607986 0.9975165 0.9972097 0.9906243 0.99215263 0.9911812 0.98893654 0.9950081 0.9944642 0.99466884 0.99298835 0.99299395 0.99642617 0.9958526 0.9952894 0.99469656 0.9953677 0.99593574 0.993845 0.9938321 0.9958242 0.9950982 0.99603283 0.99491113 0.99322325 0.99436724 0.9940828 0.99198085 0.9926367 0.99326503 0.9905656 0.9891149 0.99532735 0.994496 0.9926731 0.99308676 0.99419 0.9910756 0.98961955 0.99488443 0.99515015 0.9955493 0.99574965 0.9927689 0.99387085 0.99143577 0.9944361 0.993036 0.99515194 0.99489194 0.9971072 0.99737203 0.99793065 0.9966866 0.9968535 0.99719816 0.99621195 0.9969603 0.99649245 0.99543256 0.99655914 0.9950092 0.99346435 0.9945339 0.99616647 0.9927732 0.99228156 0.9945019 0.9923035 0.99355066 0.9923375 0.9937515 0.9924815 0.99321026 0.98946357 0.9886381 0.9914498 0.9934452 0.9927591 0.99582356 0.99527633 0.9937184 0.9937638 0.9928968 0.9850325 0.9896405 0.99386 0.99379635 0.9926726 0.99374187 0.9945564 0.99049306 0.9924243 0.99420816 0.99046904 0.98436093 0.9901052 0.9923036 0.99416167 0.9938221 0.9943116 0.9959837 0.9932204 0.99705213 0.9975735 0.99640584 0.99639666 0.9923245 0.9969594 0.9963222 0.9952728 0.9960773 0.9940304 0.996705 0.99674785 0.9958733 0.99390346 0.99669963 0.9974813 0.99722 0.9957506 0.9945441 0.9946164 0.99534315 0.9952892 0.9964154 0.9966241 0.9967811 0.99634683 0.99469537 0.9946698 0.9924656 0.9950568 0.9950995 0.99458313 0.9940172 0.99535656 0.99401224 0.99441165 0.9933999 0.99438804 0.99480546 0.99310786 0.9932798 0.995358 0.99547106 0.99562854 0.9945242 0.99574536 0.99576855 0.99610746 0.99614614 0.9963478 0.99582785 0.9948014 0.9927926 0.99327314 0.9932315 0.99239165 0.9928083 0.99233556 0.99076545 0.9894741 0.9924671 0.99473405 0.9946768 0.9951613 0.99506855 0.99550474 0.99600154 0.9965481 0.99468595 0.99383116 0.99537295 0.99569994 0.9957664 0.9946339 0.9928843 0.9924768 0.9932165 0.9950159 0.99537885 0.9949632 0.99531424 0.9887193 0.98671985 0.9855315 0.9948707 0.9931777 0.99302655 0.99597955 0.99585176 0.99548954 0.9959571 0.99444866 0.99499667 0.9928525 0.98726785 0.9952327 0.9945427 0.99471325 0.99113494 0.99200827 0.989926 0.9880779 0.9924742 0.99254394 0.99380857 0.99280405 0.9911596 0.99030524 0.98989797 0.9879209 0.99593455 0.9956823 0.99463713 0.99508095 0.9959032 0.99501246 0.99498487 0.99600226 0.99639344 0.99685043 0.9965799 0.99574363 0.9943439 0.99231446 0.99516165 0.9944056 0.99517435 0.99279886 0.99164015 0.9882295 0.9935187 0.9874405 0.98859185 0.993561 0.9903231 0.98570454 0.98639745 0.9888626 0.9945486 0.98669195 0.99345523 0.9905984 0.99387926 0.9944353 0.9925221 0.9936484 0.9933737 0.9922022 0.9936252 0.9909469 0.99188423 0.9938867 0.99267954 0.99282444 0.992347 0.9936505 0.99236465 0.99231255 0.9923845 0.99492687 0.9938551 0.99383444 0.9951574 0.99452543 0.99464536 0.9946594 0.9938252 0.99594206 0.9967383 0.99653536 0.99706095 0.9970524 0.9960452 0.99670035 0.9971652 0.99432063 0.99397343 0.9936403 0.9951187 0.99649364 0.99628437 0.9965569 0.9962936 0.99534523 0.9960991 0.99699146 0.99744403 0.99643916 0.9977825 0.9967475 0.9981883 0.99883765 0.9999997 0.9988659 0.99610054 0.995701 0.99537104 0.99416536 0.9954913 0.99576205 0.99649656 0.99617237 0.9942433 0.99464417 0.99494654 0.99603385 0.9955683 0.9953422 0.9960074 0.9965455 0.99680424 0.99716234 0.99726945 0.9973419 0.9974167 0.99809235 0.9972913 0.9956136 0.99675894 0.99696946 0.9975087 0.9973395 0.9965028 0.996532 0.9958139 0.99700403 0.9976674 0.99711084 0.99584305 0.99635136 0.9968383 0.9961389 0.99521035 0.996062 0.99563324 0.9962162 0.99455917 0.995988 0.99546474 0.9937351 0.9957016 0.99578404 0.9947571 0.99567896 0.9957887 0.99577904 0.9911547 0.9892655 0.98626286 0.9885973 0.9898755 0.9891725 0.9870628 0.98404366 0.99507654 0.9952431 0.996597 0.99730456 0.99683213 0.9968524 0.9966512 0.9972063 0.99714017 0.99504423 0.9951426 0.9953608 0.99673194 0.9971841 0.9957427 0.9969039 0.99389654 0.98998076 0.9884557 0.985763 0.9886287 0.9909469 0.9902228 0.9900618 0.98903096 0.99274737 0.9894274 0.9865505 0.99091905 0.9879653 0.9888898 0.9904326 0.9859386 0.985491 0.98783404 0.98848635 0.99116164 0.9887214 0.9854908 0.9869909
SvetolikVladimir_SRP18951VladimirSKaznjenoNeverstvo-L2_8 0.99020505 0.9944535 0.9946941 0.9925163 0.9931724 0.99248534 0.99037933 0.9870817 0.9954888 0.9941472 0.9957604 0.99551195 0.99552244 0.9959373 0.99414486 0.99334455 0.99199104 0.99209887 0.9930618 0.9954515 0.9941902 0.9947554 0.99186516 0.99257964 0.9926351 0.99307346 0.9932582 0.9924014 0.993477 0.9935025 0.9933111 0.9934466 0.99357665 0.98597616 0.9837468 0.99012536 0.9891524 0.9885629 0.99482274 0.9949987 0.9957158 0.99569035 0.99503046 0.9939346 0.9912288 0.9929544 0.9950967 0.9958949 0.99633366 0.9960865 0.99679106 0.9962951 0.9964478 0.99550617 0.9950747 0.99274915 0.9918656 0.9848261 0.98909146 0.99429965 0.9940267 0.9909275 0.9946837 0.994057 0.9892834 0.99003386 0.9966553 0.99601996 0.9971388 0.99584997 0.9938155 0.993714 0.9954211 0.9968742 0.99645895 0.9968945 0.9933511 0.9931777 0.99625796 0.99707115 0.9939682 0.9926861 0.99312806 0.99667335 0.9937394 0.99674636 0.9963439 0.99678135 0.99737877 0.9953715 0.99572736 0.99343693 0.9927664 0.99211264 0.9925142 0.99421984 0.9931911 0.99521595 0.9929871 0.99413395 0.9910038 0.9924929 0.99288505 0.99545616 0.9952727 0.99344844 0.99384826 0.9947604 0.9950112 0.9953806 0.9955806 0.995833 0.99559885 0.99515545 0.9952954 0.9951662 0.9947081 0.99427414 0.99357206 0.9942973 0.99555075 0.99468404 0.9948814 0.994708 0.9956574 0.9950518 0.9960237 0.99478555 0.99203324 0.9939382 0.99449044 0.99445593 0.9960911 0.9961013 0.99565643 0.9899313 0.9915289 0.9917896 0.99295187 0.9941126 0.9939157 0.99129164 0.9930449 0.99598104 0.99478596 0.9953723 0.99415886 0.9940533 0.9963185 0.9961422 0.9888677 0.9897411 0.9882156 0.9858807 0.99495566 0.9950334 0.9955847 0.99448645 0.99434996 0.99768496 0.997396 0.9965284 0.9968239 0.9964267 0.9971286 0.9956063 0.99558085 0.9968597 0.9956425 0.99648565 0.9958826 0.9960469 0.996299 0.99642867 0.9953473 0.9953283 0.9940198 0.99233735 0.9910959 0.99536645 0.995144 0.9945615 0.99472934 0.9961739 0.99288803 0.9914093 0.9953458 0.99612457 0.9961577 0.99633074 0.99451864 0.9946349 0.99394685 0.99557793 0.99487025 0.99553955 0.9944904 0.99599046 0.9958599 0.9974034 0.9960522 0.9970256 0.99748397 0.9962574 0.99592793 0.995989 0.9956223 0.99648935 0.9945336 0.99275017 0.9942525 0.9971229 0.99367905 0.9923465 0.9949673 0.9943698 0.99436015 0.9937967 0.9956335 0.992467 0.99357444 0.99024516 0.9894348 0.9924487 0.9941383 0.9931247 0.9972161 0.9952425 0.9937056 0.99298334 0.9936926 0.9829693 0.9881012 0.9933598 0.9930365 0.99034333 0.99219126 0.99384654 0.9877005 0.99098706 0.9945567 0.9934063 0.98833 0.9923035 0.9937485 0.9925147 0.9925164 0.9934697 0.99450076 0.9898354 0.99673766 0.99761397 0.99616724 0.9946798 0.98956263 0.9950436 0.994959 0.9941112 0.9940082 0.9923326 0.99522465 0.99521065 0.9944187 0.99133885 0.99493515 0.99607706 0.9959598 0.99445987 0.9924346 0.9943117 0.99527574 0.99471813 0.99556285 0.9965237 0.994923 0.99537367 0.99346155 0.9939672 0.9926101 0.9955146 0.99524105 0.9932362 0.99224573 0.99500865 0.9942593 0.99291193 0.9909984 0.9926221 0.99348027 0.9917175 0.9922557 0.9940375 0.99464774 0.9949806 0.992723 0.9942469 0.99420404 0.99499 0.9950497 0.99434096 0.9937401 0.995951 0.99462503 0.99454665 0.99543697 0.99480987 0.995151 0.9939661 0.9895088 0.98857874 0.9909624 0.9939996 0.99484503 0.99464977 0.9937545 0.99533737 0.9941611 0.99551374 0.9942183 0.9933888 0.99617726 0.99603176 0.9965596 0.9956752 0.9949273 0.99461055 0.9952059 0.995162 0.9950463 0.99507666 0.9953548 0.9897661 0.9889959 0.9875327 0.9966429 0.9958925 0.99541956 0.9951178 0.9962473 0.99603623 0.99604124 0.99557173 0.9958211 0.9945558 0.9895931 0.99541026 0.9955799 0.99545944 0.992091 0.99367505 0.9914586 0.9904251 0.9928202 0.99293864 0.99349713 0.9934556 0.9909721 0.9905746 0.99102706 0.9924683 0.995669 0.9946296 0.9951179 0.9945122 0.9954199 0.9944646 0.994152 0.9952143 0.99580026 0.99633807 0.99688727 0.9963744 0.9943181 0.9939233 0.99515045 0.9944789 0.9952117 0.9944182 0.99309814 0.9913006 0.99409235 0.990081 0.99119073 0.99472475 0.99253184 0.98943007 0.989449 0.9917995 0.993936 0.98934764 0.99400043 0.9929541 0.994108 0.99436647 0.9950584 0.99518657 0.9951374 0.9944095 0.9955683 0.99363935 0.99178886 0.9921091 0.9920049 0.9921148 0.9926124 0.9928441 0.992229 0.9928095 0.9923519 0.9951302 0.9938548 0.9942835 0.9953672 0.9954619 0.99413836 0.9940929 0.9941798 0.9963923 0.9968355 0.99689716 0.9967377 0.9972277 0.9946508 0.99546283 0.99626356 0.992633 0.9920916 0.99158686 0.99661046 0.9960762 0.99601996 0.99649036 0.9962383 0.99537265 0.99644715 0.99688816 0.9977024 0.99842954 0.9962051 0.9958888 0.99779654 0.9985569 0.9988659 0.99999976 0.9958863 0.99516964 0.99505395 0.99517435 0.995705 0.995336 0.9967912 0.99511915 0.99352306 0.994508 0.99296445 0.99689513 0.995786 0.9947235 0.99533117 0.99570346 0.9951812 0.9962711 0.99721235 0.99693084 0.99716747 0.9972281 0.996374 0.9928943 0.99624 0.99548256 0.9976373 0.9973955 0.9951455 0.99606717 0.9963156 0.9975137 0.99752694 0.9970342 0.99623245 0.99560827 0.99607885 0.9952433 0.9932817 0.99445784 0.9955072 0.99444187 0.9925749 0.99513686 0.99508476 0.99444073 0.9956908 0.99564123 0.9951053 0.99585855 0.9953082 0.9961004 0.9920736 0.9897962 0.9870773 0.9889763 0.99193406 0.9904153 0.98781204 0.9850341 0.9928681 0.9937563 0.9956119 0.99719316 0.9974318 0.9966412 0.9957251 0.99673676 0.99708796 0.9929618 0.9930982 0.9936353 0.99539655 0.9970069 0.9960072 0.9967801 0.99536663 0.99304926 0.99268997 0.990332 0.99228656 0.99373615 0.9932182 0.9930323 0.99286777 0.995146 0.99274135 0.99107295 0.9941626 0.9915261 0.99250007 0.9939645 0.9900309 0.9900866 0.9916573 0.99221784 0.99400586 0.9869338 0.98423374 0.98641217
SxisxkovicxDragomir_SRP19200DragomirSJedanOd-L2_1 0.9872576 0.99362093 0.99226105 0.98989886 0.9910176 0.9914593 0.98867047 0.9855886 0.9952949 0.9924015 0.993908 0.9947038 0.9935416 0.99364144 0.9924872 0.99060607 0.9889158 0.98944116 0.99159837 0.9945815 0.99132764 0.9922143 0.9924555 0.99189454 0.99097025 0.98951733 0.9906106 0.98844326 0.99126166 0.9901821 0.98988235 0.99205446 0.99056435 0.9817782 0.9787291 0.9888362 0.98724174 0.9849614 0.9944888 0.9950378 0.9944079 0.99396086 0.99435246 0.9912036 0.99016976 0.9921288 0.99377364 0.9948878 0.9954117 0.9941687 0.9970617 0.9961831 0.99523205 0.9931067 0.9932048 0.9901823 0.98940295 0.98104143 0.98525786 0.9913167 0.9906133 0.9874603 0.99236524 0.9911039 0.9858396 0.9869243 0.995081 0.9950837 0.9956105 0.9977689 0.995038 0.9943099 0.9954564 0.9963998 0.9960041 0.99550205 0.99314797 0.9924933 0.99540806 0.9968207 0.9936085 0.99198806 0.99275404 0.99661976 0.9942227 0.99694544 0.9954232 0.9966974 0.9966149 0.9952388 0.99661195 0.9893322 0.99298114 0.9908938 0.99171424 0.9941721 0.99255925 0.99535316 0.99318796 0.9925907 0.9897147 0.9904474 0.9913441 0.9965545 0.9944241 0.9952372 0.99288166 0.99430096 0.9959866 0.99570554 0.99661547 0.99543875 0.9957082 0.9949578 0.99667716 0.9937313 0.9962565 0.9974202 0.9956716 0.99572635 0.99626285 0.9950412 0.99456906 0.99519485 0.99622095 0.9955426 0.99450266 0.9949649 0.9922288 0.9942946 0.9940179 0.99431485 0.9959589 0.9958967 0.9949112 0.9855003 0.98880506 0.98989075 0.9906633 0.99465144 0.9937426 0.9911293 0.9935391 0.9965175 0.99628687 0.9964872 0.99613714 0.9956542 0.9969471 0.9972558 0.98924226 0.9909572 0.98908406 0.9872232 0.995526 0.9946263 0.9933956 0.9923501 0.9918669 0.9948299 0.99344 0.993153 0.9920194 0.9931835 0.9936878 0.9911973 0.9908151 0.9941587 0.9927323 0.9950928 0.99307334 0.99133235 0.9941029 0.9934048 0.991125 0.9915228 0.991522 0.98863155 0.98715776 0.99492055 0.99430937 0.99180657 0.9926691 0.99470305 0.9931655 0.9914311 0.9949086 0.99515873 0.9963783 0.99435574 0.99099445 0.9933418 0.98997474 0.9926947 0.9911751 0.99414206 0.99490505 0.99688035 0.9963458 0.99662834 0.995258 0.9965615 0.9969097 0.99433494 0.9957632 0.9964808 0.99493116 0.99701893 0.99444515 0.99190766 0.99296534 0.9960448 0.9920619 0.99071264 0.9930782 0.9912562 0.9922623 0.9905828 0.99237204 0.9900599 0.99026394 0.9860168 0.9844866 0.98810893 0.9917442 0.9906979 0.99551415 0.99329287 0.9917207 0.99139684 0.9905361 0.98440397 0.9891153 0.99485296 0.99413633 0.99339956 0.99459374 0.9936237 0.99195135 0.9922512 0.99468154 0.9903352 0.9842189 0.9899445 0.9922796 0.99475735 0.9940953 0.9916322 0.99409795 0.9907729 0.99497384 0.9956099 0.9946774 0.9935712 0.9904485 0.9955356 0.9946246 0.99310535 0.9940704 0.9927663 0.9958766 0.99530244 0.99517095 0.99342483 0.9966755 0.9975451 0.9967222 0.99493605 0.99311733 0.9938184 0.9941261 0.99447864 0.99563396 0.99604464 0.9963526 0.995596 0.9929711 0.9938147 0.9937946 0.99567556 0.9952851 0.992802 0.9920873 0.9942198 0.99235964 0.99248916 0.9910444 0.9930098 0.99347466 0.9914006 0.9918722 0.9942053 0.9939463 0.9941391 0.99414784 0.9954127 0.99472636 0.9962658 0.9951907 0.99534553 0.9942494 0.99498475 0.9933996 0.9930204 0.99348366 0.99231786 0.9931521 0.9924107 0.9888634 0.9879126 0.9912524 0.99699 0.9960799 0.9962886 0.9950789 0.99609333 0.99630415 0.9968115 0.9947064 0.9935406 0.9944064 0.9951175 0.9951042 0.9948971 0.9926553 0.9922678 0.9926865 0.9940501 0.99489075 0.99439293 0.9943212 0.9868788 0.9849652 0.9826354 0.99564016 0.9938051 0.99453723 0.9952415 0.9949011 0.99525183 0.9951278 0.992807 0.9938458 0.9912634 0.9853117 0.99496406 0.99446905 0.9951103 0.99090344 0.9910737 0.9886501 0.9870436 0.99138534 0.9914221 0.991838 0.9903773 0.9887147 0.9875562 0.98758394 0.98641145 0.99772936 0.99699754 0.9957598 0.9957784 0.99661905 0.9953334 0.9968061 0.997233 0.9978793 0.9973529 0.9966039 0.9962405 0.9928436 0.9897373 0.9940561 0.99320674 0.99416965 0.99143314 0.9902782 0.98591685 0.9922943 0.98478687 0.9862399 0.99265254 0.9880427 0.9842183 0.9835056 0.9867913 0.99338144 0.98433965 0.9921005 0.9885596 0.9924154 0.9923188 0.99297255 0.994215 0.9938747 0.9920494 0.9934596 0.99179757 0.99394715 0.99462616 0.9936844 0.99399906 0.9929793 0.9948377 0.9933733 0.9921427 0.9929149 0.9935962 0.99135584 0.9911372 0.9936817 0.99463844 0.9931833 0.9930584 0.99213517 0.9965536 0.99610066 0.9964719 0.99684197 0.9969884 0.99641854 0.99567455 0.9975138 0.9920495 0.99230134 0.99256426 0.99614775 0.9972783 0.9969086 0.9967909 0.99609333 0.9948473 0.99646074 0.9970534 0.99591446 0.9951704 0.9946176 0.9962238 0.9973868 0.9959198 0.99610054 0.9958863 0.99999994 0.9988881 0.99756324 0.9967939 0.9970114 0.99718153 0.99757874 0.99696857 0.9960403 0.99602026 0.99562687 0.99483216 0.99415445 0.99348843 0.9945767 0.993865 0.9952868 0.9967705 0.9951625 0.99584746 0.99701786 0.99715143 0.9956633 0.994244 0.9960744 0.99607015 0.9981535 0.9965403 0.99518824 0.9954141 0.99567133 0.996869 0.99634486 0.9961251 0.99456936 0.9946013 0.9950494 0.9941634 0.9932789 0.9942424 0.99455035 0.99497694 0.9930412 0.99694264 0.995093 0.994547 0.99690276 0.99612087 0.9942955 0.9965547 0.99542713 0.9962114 0.9896854 0.98715043 0.9821573 0.9855868 0.98687726 0.9859673 0.98361725 0.98115754 0.9958147 0.99619055 0.9974266 0.9979447 0.9975786 0.9982346 0.9970168 0.9969239 0.99777627 0.995691 0.99657017 0.9965872 0.99806213 0.9988719 0.99828035 0.99852 0.9945456 0.98796785 0.98818874 0.98491085 0.9885762 0.9906525 0.9901915 0.99017704 0.98852956 0.99170214 0.98744357 0.984375 0.98917943 0.98542815 0.9873872 0.9894933 0.98368794 0.98375493 0.9861302 0.9867723 0.9889495 0.985611 0.9809935 0.98297036
SxisxkovicxDragomir_SRP19200DragomirSJedanOd-L2_2 0.9865112 0.9921726 0.9911628 0.99009526 0.9902903 0.98998016 0.9874174 0.9853474 0.99299043 0.99002004 0.9920277 0.99265665 0.9918087 0.9918433 0.9903243 0.98875177 0.9870386 0.9873766 0.9895922 0.9927518 0.989195 0.99058163 0.99040234 0.99006146 0.9890719 0.9878423 0.98886645 0.9869645 0.9885868 0.9876598 0.98768264 0.9892409 0.98827255 0.9797538 0.9770602 0.985785 0.9846122 0.98232913 0.99223846 0.993821 0.9928364 0.99233365 0.99282074 0.99003905 0.9877064 0.9898671 0.99218297 0.9939111 0.99382484 0.9928782 0.99605584 0.99548686 0.9950903 0.99269265 0.9927955 0.98854816 0.9879572 0.97832924 0.98357034 0.989721 0.98951346 0.98574036 0.99001336 0.9888429 0.9834697 0.9847444 0.994069 0.9933578 0.9944909 0.9969098 0.9939463 0.9923603 0.9943167 0.99513596 0.994882 0.9939863 0.99081695 0.9904891 0.9945386 0.99566466 0.99224764 0.9915793 0.99188286 0.99612874 0.99492925 0.99658084 0.9951247 0.99646837 0.9958028 0.9953649 0.99654865 0.9878388 0.9916665 0.98988867 0.99062496 0.9938735 0.9926524 0.9955902 0.9925289 0.99221516 0.98886377 0.9896227 0.9907228 0.9960207 0.99422807 0.995195 0.9933903 0.99458826 0.9960094 0.9963279 0.99664474 0.99631846 0.9960617 0.9950089 0.9967604 0.99465656 0.9949308 0.99651444 0.9948149 0.9951372 0.9952476 0.9941466 0.99249554 0.99310553 0.9949832 0.9942382 0.9934029 0.99288 0.9902873 0.99310637 0.9929549 0.992938 0.99481606 0.99519277 0.99373186 0.98361313 0.98721945 0.98836905 0.9888473 0.995183 0.99494195 0.9930387 0.9948791 0.995127 0.9948173 0.9950762 0.99524134 0.9949068 0.99642134 0.9966024 0.987144 0.9896138 0.98871446 0.986319 0.9939907 0.99283797 0.9919747 0.9923286 0.99232084 0.99383676 0.99258137 0.9924468 0.99112654 0.99238926 0.99267584 0.990639 0.9895788 0.9928429 0.9913666 0.994257 0.9920777 0.990706 0.99287266 0.99267524 0.9906233 0.9913421 0.98953396 0.9867572 0.98532367 0.9935142 0.99295014 0.9902868 0.9915712 0.99465233 0.9927392 0.9915103 0.9932678 0.9941957 0.9956223 0.9939107 0.9886495 0.9908767 0.9880723 0.9905537 0.98966426 0.99229854 0.99289435 0.9955657 0.9961375 0.99626744 0.9953617 0.99659055 0.99669075 0.99468666 0.99542814 0.99707675 0.9955933 0.9975682 0.9946395 0.9922475 0.99372894 0.9965007 0.98964036 0.9879188 0.99079835 0.9892906 0.9896894 0.98872364 0.99031895 0.9873956 0.9879486 0.98464113 0.98303515 0.9864907 0.9898923 0.98883796 0.994915 0.9913908 0.99040073 0.98958987 0.9889334 0.9810563 0.9870492 0.9938369 0.99357146 0.9931171 0.9945857 0.9940596 0.9904686 0.99199104 0.99378264 0.9898877 0.983753 0.98964673 0.99183625 0.9944618 0.99399054 0.98965997 0.99228334 0.9901079 0.9941988 0.9952438 0.99393183 0.99244213 0.98801285 0.994264 0.9925583 0.991894 0.99270934 0.9907487 0.9940056 0.9939272 0.99462306 0.9922207 0.99607563 0.9970297 0.9963156 0.994416 0.9932031 0.9930971 0.99325615 0.99398065 0.9940581 0.9955624 0.99563015 0.99441975 0.9911482 0.9919471 0.9933994 0.9942047 0.9944834 0.9911534 0.99005395 0.9932153 0.99113977 0.99134815 0.99021345 0.99134743 0.99175584 0.9896909 0.98959136 0.9930713 0.99223495 0.9931635 0.9927169 0.99443233 0.9942613 0.9950292 0.9940765 0.9949006 0.9935858 0.9930017 0.9919763 0.99056226 0.9917091 0.99039865 0.9916012 0.990395 0.9875162 0.9873664 0.9911909 0.995035 0.99412644 0.99463487 0.9937457 0.99455327 0.9954445 0.99607766 0.9922691 0.9911873 0.9926783 0.9936768 0.9936437 0.99437904 0.992085 0.9925796 0.9927025 0.99262655 0.99386585 0.99270725 0.99262524 0.9865372 0.98462945 0.9826757 0.9956567 0.993684 0.9950664 0.99325365 0.99349415 0.99388206 0.99431044 0.9914309 0.9924998 0.9903495 0.98360294 0.99329203 0.9935821 0.9941214 0.9888901 0.9898909 0.9874674 0.9857351 0.9889037 0.98966444 0.9900379 0.98882174 0.9863963 0.9858498 0.985447 0.9856591 0.99658394 0.9956893 0.9943826 0.99498487 0.9955725 0.9939905 0.995185 0.9966524 0.9968904 0.9961868 0.9955427 0.9949625 0.9914196 0.98861897 0.99248576 0.991488 0.9925455 0.9900012 0.98858154 0.9848264 0.9903583 0.9835639 0.9846933 0.9910237 0.9871702 0.98299897 0.9821268 0.9854944 0.9912179 0.9825543 0.9901067 0.986765 0.9906912 0.9911281 0.99235827 0.9935146 0.99318564 0.99097997 0.9922007 0.99052745 0.9930704 0.99372286 0.99239993 0.99235356 0.9916863 0.9933773 0.99125904 0.99021655 0.9915041 0.9924422 0.9910056 0.9911602 0.99261856 0.99389774 0.99244004 0.9923789 0.9919083 0.9959345 0.9950613 0.99584764 0.99555784 0.99617606 0.99578935 0.99456096 0.9973372 0.9912361 0.99156404 0.99188334 0.99587077 0.996929 0.9966734 0.9958611 0.9953126 0.9933405 0.9948547 0.9962962 0.9947876 0.99469686 0.9930703 0.9946328 0.99647903 0.99532986 0.995701 0.99516964 0.9988881 0.99999964 0.9960342 0.99556243 0.9953489 0.9962113 0.99693096 0.99537367 0.99417025 0.9941276 0.9940487 0.9931464 0.9926647 0.99177366 0.9935138 0.99237794 0.993632 0.9958071 0.99402165 0.99477637 0.99572295 0.99668443 0.9943057 0.9936748 0.99442214 0.9947929 0.9969746 0.995616 0.99345756 0.99418765 0.99415636 0.99535453 0.9956251 0.9946085 0.99301946 0.99302226 0.99410826 0.9933989 0.9926974 0.99473417 0.99415755 0.99477327 0.9915793 0.99657977 0.9947732 0.9943821 0.9961928 0.99566656 0.9936359 0.99604404 0.99544626 0.995754 0.9890444 0.986534 0.98113364 0.9848094 0.98614293 0.98555136 0.98298925 0.98057026 0.9944617 0.99448806 0.99581146 0.99653405 0.9974146 0.9976075 0.9959868 0.9964003 0.99679786 0.99356455 0.99492884 0.994524 0.9967986 0.997716 0.99628323 0.99753594 0.9936688 0.9874747 0.98742205 0.984634 0.98640704 0.98893636 0.989032 0.98858666 0.9876492 0.9903073 0.98577344 0.9829713 0.9879121 0.98427504 0.98590034 0.988499 0.98361295 0.9830718 0.9855765 0.9856754 0.98751223 0.9834973 0.97888625 0.98024535
TaletovPeraS_SRP19060PeraTNovac-L2_1 0.9882734 0.9944628 0.9923519 0.98949 0.99140394 0.9914313 0.9877049 0.98322505 0.9961612 0.99417365 0.99496025 0.99582946 0.9944258 0.99463135 0.99441856 0.992367 0.9906039 0.9911567 0.99312055 0.9967734 0.9936746 0.993886 0.9956419 0.9951591 0.99426156 0.9919826 0.9934745 0.9908343 0.9941134 0.9924053 0.9918153 0.99479395 0.99261093 0.9836347 0.98011565 0.99087334 0.99003637 0.98685986 0.9952427 0.9955289 0.99476624 0.9940428 0.9939021 0.9911693 0.9908415 0.9936102 0.9942674 0.9950485 0.99639344 0.99353606 0.9966276 0.9953993 0.99300736 0.9917464 0.9905574 0.9909381 0.99024373 0.98215765 0.9863942 0.99201596 0.99096197 0.9890249 0.99366844 0.99180174 0.98749614 0.98873204 0.9943675 0.9948371 0.9943544 0.9974235 0.99564683 0.9957057 0.9941017 0.9958612 0.9957149 0.9952972 0.9947283 0.992962 0.9942806 0.99711674 0.9934338 0.9896016 0.99137986 0.9944248 0.99217016 0.9946128 0.9936192 0.99462175 0.99568826 0.99198985 0.99375504 0.9902225 0.9922906 0.9912912 0.9914075 0.9930735 0.9903348 0.9932116 0.9916488 0.9906841 0.98896873 0.99059534 0.99189436 0.9949463 0.9930755 0.9949507 0.99174106 0.9933413 0.9956987 0.9945782 0.99562454 0.994266 0.9938673 0.9937039 0.9946389 0.9920424 0.9964128 0.9972384 0.99637103 0.9962576 0.9961442 0.99499756 0.99614376 0.9971825 0.9975359 0.9972168 0.99543977 0.9971834 0.9935271 0.995939 0.9959825 0.9961209 0.9969504 0.99684525 0.99635303 0.9871715 0.9895588 0.99013406 0.99116087 0.9914239 0.99164325 0.9877006 0.9906224 0.9958525 0.996587 0.9964751 0.99499184 0.9952646 0.9957601 0.9967213 0.98968035 0.99134123 0.9888024 0.98699033 0.9959107 0.99553674 0.9946841 0.9908817 0.9896727 0.9931716 0.9924859 0.9920364 0.99108297 0.99182814 0.9929913 0.9908519 0.9908656 0.9945184 0.9919147 0.9949956 0.99274963 0.99095684 0.99440974 0.99308264 0.99064964 0.9909711 0.9924598 0.9896339 0.9886171 0.9958883 0.99525434 0.9932155 0.99404615 0.9942376 0.99305975 0.99116373 0.9948802 0.9941957 0.9953863 0.9930697 0.99230206 0.9949201 0.99106693 0.99390405 0.99199057 0.99583715 0.9959638 0.9968491 0.99541986 0.9959064 0.9924961 0.9946005 0.9952663 0.9925008 0.99468553 0.9934913 0.9919373 0.99506384 0.9906917 0.9877467 0.98887193 0.9933484 0.99341697 0.9931842 0.9943536 0.99200517 0.99438566 0.991169 0.99298364 0.9918395 0.9910907 0.9854862 0.98420906 0.9884845 0.9914424 0.9899881 0.99400014 0.99344933 0.9909258 0.9908093 0.9901545 0.98851997 0.9920796 0.9950259 0.99259406 0.99243534 0.9933751 0.9909898 0.99099916 0.99015325 0.9941978 0.98927265 0.9840061 0.9893556 0.9918184 0.9934002 0.992817 0.9918472 0.9957548 0.9914528 0.9943605 0.9955303 0.9944327 0.99258256 0.9919746 0.9950045 0.9958795 0.99295187 0.99476457 0.99384624 0.9966724 0.99522704 0.9931109 0.99294424 0.9949329 0.9969715 0.9961078 0.99333835 0.9910292 0.9939787 0.9947008 0.99420136 0.9963694 0.99582523 0.9950504 0.9950902 0.99352545 0.9955366 0.9941312 0.99612516 0.99538606 0.9929872 0.99311054 0.99474543 0.9928142 0.9921507 0.9900785 0.9936414 0.994303 0.99214107 0.9928691 0.9947681 0.99444675 0.9944755 0.99314946 0.9938501 0.9931453 0.99658054 0.99425983 0.9937913 0.9925355 0.9945709 0.99337745 0.99332243 0.9936402 0.99249667 0.9932364 0.99196476 0.9912551 0.9893024 0.99091333 0.9966476 0.9964742 0.99659497 0.9949224 0.99585265 0.9955488 0.9960555 0.99618584 0.9946337 0.99411625 0.9950653 0.99476886 0.9945945 0.99253684 0.9916974 0.9920044 0.9957451 0.9961498 0.9962785 0.99649596 0.9854749 0.9837306 0.981216 0.9937779 0.9929396 0.9926954 0.9968447 0.99636626 0.9961794 0.99536645 0.9937663 0.9947192 0.99175906 0.9870629 0.9952781 0.99365634 0.994613 0.99225754 0.9915538 0.9885958 0.9875704 0.99373966 0.9922012 0.9930559 0.991345 0.9900737 0.9884033 0.98793113 0.98496443 0.9977144 0.99733204 0.9959902 0.99587834 0.99658966 0.9957566 0.9961177 0.9964099 0.99773717 0.9973157 0.9957411 0.99625754 0.9934629 0.9905349 0.9948638 0.99453145 0.99509656 0.9917622 0.99210745 0.9861648 0.99334174 0.98577046 0.9870805 0.99306536 0.9883272 0.98426414 0.98396707 0.98717403 0.9947836 0.9852118 0.99301815 0.9898807 0.99370664 0.99292797 0.9922993 0.99446166 0.9937629 0.99227875 0.993517 0.9918261 0.9948313 0.9953086 0.9948627 0.9959493 0.99482304 0.9964706 0.99503917 0.9941002 0.99476355 0.99486506 0.99124706 0.9905969 0.9940062 0.9938245 0.99229443 0.99221635 0.99053395 0.99465036 0.99487543 0.99534816 0.99627894 0.9964835 0.9957721 0.99508744 0.99645126 0.99036777 0.9907082 0.9907336 0.9950582 0.9959026 0.99517274 0.9957905 0.99562865 0.9936221 0.9953024 0.99517757 0.99501544 0.9945042 0.99489 0.99786013 0.9971741 0.9955181 0.99537104 0.99505395 0.99756324 0.9960342 0.99999976 0.99875134 0.99915755 0.99921167 0.99884313 0.9991321 0.99899715 0.9987149 0.99831825 0.9949876 0.99439853 0.9935921 0.99441826 0.99389064 0.99597734 0.99650913 0.99542284 0.9956873 0.997142 0.9960868 0.9961329 0.9933806 0.99727976 0.99676985 0.9982634 0.9952976 0.99446744 0.9959308 0.996915 0.9973859 0.9959315 0.9971477 0.995449 0.9949964 0.99519503 0.99484605 0.9916974 0.99322754 0.99381584 0.9945996 0.99473774 0.9970346 0.9953605 0.9942601 0.99609494 0.99505043 0.99309856 0.9963969 0.994136 0.9960332 0.9908037 0.9889706 0.98323435 0.98698306 0.98809403 0.9873477 0.9856016 0.9822256 0.9957791 0.9968277 0.9971939 0.99701023 0.9965503 0.99721146 0.9968077 0.996063 0.9972187 0.9965178 0.9960592 0.99674594 0.99775565 0.99826014 0.9979246 0.99713457 0.9945841 0.9879995 0.9880512 0.98433924 0.9898094 0.991078 0.990479 0.990912 0.98863524 0.99226296 0.9883802 0.984641 0.9891239 0.9865829 0.9885474 0.98950195 0.98362684 0.9842068 0.98683035 0.987427 0.9897472 0.9859644 0.98133683 0.9837516
TaletovPeraS_SRP19060PeraTNovac-L2_2 0.9868102 0.9925715 0.9918028 0.9904177 0.99167675 0.9882388 0.9850933 0.9793467 0.9958624 0.99440706 0.99501157 0.99486053 0.99505633 0.9953394 0.99349374 0.992772 0.9899174 0.99036 0.9916269 0.99616534 0.9942401 0.9940274 0.9940273 0.994141 0.9934189 0.99259984 0.99286795 0.99203193 0.9936005 0.9929457 0.9921326 0.9939447 0.9926548 0.9844982 0.9813995 0.98911023 0.9885365 0.98637044 0.9942085 0.99519134 0.9949218 0.9948687 0.99310493 0.9921926 0.98932457 0.992337 0.9944676 0.99537516 0.9966799 0.9941274 0.99589276 0.9944648 0.9925504 0.9901081 0.98869145 0.989805 0.9886875 0.9799892 0.9850596 0.9909628 0.98958313 0.98820806 0.9919232 0.9899116 0.98442125 0.9857888 0.992612 0.99244577 0.99265456 0.99659985 0.99309576 0.9927444 0.9916719 0.99509954 0.99408674 0.994985 0.9918297 0.99015707 0.9927971 0.99643904 0.9910712 0.9889177 0.9901225 0.99568355 0.99383175 0.99567264 0.9952199 0.9954943 0.99654084 0.99214476 0.99402463 0.9905437 0.9896573 0.98921275 0.9897609 0.991465 0.9886349 0.99281335 0.98981744 0.9898064 0.9867169 0.9888443 0.99043053 0.99489105 0.99404484 0.9933537 0.99267197 0.99399865 0.995032 0.99475944 0.99570644 0.9949965 0.99391246 0.99354386 0.9943637 0.9927495 0.99427384 0.99618655 0.9944335 0.9947488 0.994758 0.99319017 0.99432707 0.9960829 0.9972557 0.99564064 0.99516857 0.99572295 0.9902831 0.99369824 0.994506 0.994289 0.9962765 0.99622494 0.9944068 0.98705226 0.98825806 0.98862576 0.9906107 0.9921507 0.99331343 0.98966384 0.99202895 0.9947189 0.9955436 0.99577606 0.9921241 0.992152 0.9936742 0.99503154 0.98602164 0.9870301 0.984062 0.982337 0.9947327 0.99481654 0.9945446 0.9914706 0.9905979 0.992844 0.9928543 0.99156237 0.99152863 0.9911322 0.9926684 0.9913371 0.99091274 0.9941503 0.99068534 0.994416 0.9923839 0.99233353 0.9951029 0.99463344 0.9929351 0.9928044 0.9907545 0.98927236 0.98848933 0.9948785 0.9949893 0.99386203 0.99488676 0.9953837 0.9951238 0.99326503 0.9942931 0.99399394 0.99539536 0.99282295 0.99242 0.9942982 0.99233276 0.99362284 0.9926951 0.9952016 0.99466217 0.9944811 0.9928391 0.9944996 0.9908095 0.99380034 0.99447495 0.9917447 0.9925978 0.9926196 0.9918656 0.9947389 0.9898219 0.9868896 0.98858285 0.9939654 0.99300337 0.9913576 0.99310774 0.9929518 0.9933622 0.99168247 0.9935865 0.9898592 0.98993915 0.98486793 0.98353183 0.98820955 0.9907643 0.9886002 0.99459255 0.9920189 0.98955417 0.98842716 0.98960453 0.9844166 0.9893831 0.9941308 0.99146706 0.9898127 0.99201727 0.990136 0.9874081 0.9887495 0.99404204 0.9917156 0.98684597 0.99109405 0.99280965 0.99168074 0.9914341 0.9894176 0.99317706 0.9875386 0.9935674 0.9954564 0.99346346 0.9901172 0.9873558 0.9920083 0.9932207 0.9910185 0.99142516 0.9911097 0.9939749 0.99275315 0.9907965 0.988896 0.99251264 0.9951806 0.9943925 0.9914973 0.9885402 0.9929745 0.99373466 0.9928159 0.9942941 0.9949769 0.9924389 0.99301845 0.99118084 0.9938447 0.9940541 0.99585867 0.99493796 0.9903325 0.98998886 0.99358886 0.9925257 0.9892684 0.9861327 0.99051535 0.9915294 0.98924273 0.9902431 0.99266547 0.99258274 0.99292874 0.98980796 0.9912404 0.9907306 0.99471503 0.9922933 0.9908704 0.9890143 0.9948823 0.9943419 0.9933721 0.99486285 0.99416465 0.99454707 0.9924767 0.9896115 0.988192 0.9893121 0.9954442 0.996016 0.99550146 0.99306226 0.99503 0.9933405 0.9947529 0.99427086 0.9928434 0.9934711 0.99418783 0.99419385 0.9948153 0.99366736 0.9934442 0.9932866 0.99493635 0.9951833 0.99542916 0.9956339 0.9855115 0.9851071 0.9822684 0.99546707 0.99533087 0.99516124 0.9946285 0.9957359 0.99581885 0.9947648 0.99382347 0.9942484 0.9923601 0.9877293 0.9941395 0.9937482 0.99439615 0.9917779 0.99195164 0.98866767 0.9886678 0.99247724 0.9909922 0.9909772 0.9901858 0.9878644 0.9866717 0.9869464 0.9882625 0.99717885 0.9957887 0.9958558 0.99537444 0.99606824 0.99513733 0.9944854 0.9955675 0.99690175 0.99621075 0.99537647 0.996103 0.99233776 0.99069256 0.9936757 0.9932076 0.9940582 0.99217314 0.99238 0.98759884 0.99235487 0.98691994 0.9880227 0.9928133 0.98942137 0.9866712 0.98534095 0.9886622 0.9926354 0.9859031 0.9918067 0.9905689 0.992386 0.9916713 0.9940294 0.99556017 0.994997 0.9933938 0.9942655 0.9932364 0.9942677 0.9928464 0.9935339 0.9944645 0.99445 0.99514645 0.9938996 0.99351746 0.9940018 0.99398875 0.99000067 0.98983055 0.99303406 0.9938359 0.99023217 0.99008596 0.98952097 0.9938673 0.99393666 0.9946813 0.99471027 0.99577886 0.99320483 0.9925138 0.99468094 0.98701954 0.98720145 0.98710644 0.9957376 0.9944384 0.9938566 0.9946809 0.994499 0.9919939 0.9941591 0.99404335 0.99433595 0.99562645 0.9924878 0.99627304 0.99623436 0.9943749 0.99416536 0.99517435 0.9967939 0.99556243 0.99875134 1.0000002 0.9988352 0.9986767 0.9991465 0.9973758 0.9977537 0.99796945 0.9955677 0.9943719 0.99326354 0.9916681 0.9926264 0.99196386 0.9938625 0.9953696 0.9940746 0.9940821 0.99611336 0.99434835 0.99414575 0.9899133 0.99575907 0.9944097 0.9979696 0.9946077 0.99174476 0.9943974 0.9965603 0.9967623 0.99498373 0.99583244 0.9947072 0.99317485 0.9937759 0.9933437 0.98866165 0.99134076 0.99323934 0.9923209 0.9914775 0.9964543 0.99523413 0.99522567 0.9960987 0.99496794 0.9933398 0.9967775 0.99393183 0.99652845 0.99031717 0.98777294 0.9822986 0.98564106 0.98842216 0.9866582 0.98440504 0.98094237 0.9921627 0.9944401 0.99536055 0.9961702 0.99675095 0.99616796 0.9949571 0.9948632 0.99651223 0.9929102 0.9926782 0.9936566 0.9954271 0.9971895 0.9969719 0.9963502 0.9950679 0.98977184 0.9910395 0.9876423 0.99195397 0.9923742 0.9923315 0.99261475 0.9912631 0.9933864 0.98988223 0.9875741 0.99107724 0.98876125 0.9907179 0.99196523 0.98655033 0.98746264 0.98946655 0.9898234 0.991185 0.9821827 0.9781839 0.98093635
TaletovPeraS_SRP19060PeraTNovac-L2_3 0.98941827 0.99482554 0.9936561 0.9910283 0.9925825 0.99163276 0.9884801 0.98375285 0.9971043 0.9954205 0.9959886 0.99647325 0.9957503 0.9959359 0.99541336 0.99348176 0.991817 0.9923468 0.9936272 0.9970769 0.9948939 0.99491185 0.9953906 0.9948051 0.99468607 0.9933616 0.994194 0.99194205 0.994948 0.9937334 0.99305755 0.99552584 0.9937261 0.98551136 0.98237085 0.9917371 0.99084675 0.98872554 0.99546164 0.9953892 0.99534845 0.9950289 0.99409807 0.99236983 0.9912226 0.9937341 0.99480546 0.99591804 0.99706495 0.9949596 0.9972623 0.9961248 0.9942028 0.99279016 0.9913957 0.9916235 0.9908426 0.98325837 0.98734224 0.9929153 0.9920222 0.9895957 0.9941858 0.9924678 0.98772305 0.98890626 0.9947947 0.99509907 0.99460757 0.99700874 0.9955085 0.9953054 0.9940358 0.9966216 0.99613225 0.9965022 0.99459445 0.99358886 0.9950038 0.9972879 0.99347115 0.98986304 0.9912126 0.99540955 0.9928742 0.99511945 0.9944382 0.9952091 0.9963898 0.9925076 0.9942884 0.99213386 0.99269176 0.99221087 0.99269944 0.99362326 0.9910133 0.9935694 0.99262136 0.99234444 0.99003243 0.99170375 0.9929033 0.99541414 0.9938582 0.99522066 0.99322 0.99458015 0.99626875 0.99546814 0.9963032 0.99496037 0.99456036 0.99446845 0.994916 0.9929035 0.9965267 0.9968869 0.99588037 0.9958906 0.9961042 0.99505484 0.99648356 0.99730235 0.99741244 0.99688566 0.9961165 0.99707913 0.99256015 0.9951079 0.9953277 0.9954761 0.99670786 0.9966639 0.99617237 0.98900014 0.9899715 0.99072385 0.99194825 0.99220425 0.9927722 0.98888284 0.9914935 0.9964894 0.9971356 0.996979 0.9946982 0.99421555 0.9955806 0.9965222 0.9891739 0.99014086 0.987679 0.9853401 0.9963675 0.99602413 0.99557394 0.99170023 0.99081486 0.9942009 0.9942688 0.99309564 0.9926028 0.99251395 0.9941927 0.99267614 0.9926623 0.9956059 0.9932682 0.99591655 0.9943726 0.9930406 0.99597454 0.9949722 0.9929397 0.9929323 0.9936805 0.9915792 0.99047625 0.9965801 0.99639744 0.9949586 0.99543595 0.99516594 0.9950071 0.9931377 0.99572015 0.995 0.99643564 0.9944749 0.9940954 0.995959 0.9931355 0.9953318 0.9936114 0.99632466 0.99637103 0.99651957 0.9948282 0.9963808 0.992751 0.99453396 0.99530536 0.9925412 0.9944924 0.9937894 0.99276733 0.995193 0.9914416 0.98871636 0.98981255 0.993931 0.9947213 0.9940873 0.9952117 0.99366724 0.99536705 0.99299103 0.9944733 0.9928158 0.99250257 0.9876909 0.9865719 0.9906133 0.99326575 0.99168277 0.99552447 0.9943585 0.9924914 0.99184215 0.9919869 0.98772466 0.9913985 0.99589163 0.99357766 0.99216264 0.9937998 0.9922811 0.9906008 0.99134547 0.9957133 0.9917933 0.98665386 0.9914579 0.9936403 0.9938197 0.9935539 0.9921727 0.9955634 0.990211 0.99493194 0.99621564 0.9946224 0.9926646 0.99122083 0.99455696 0.99598867 0.99391514 0.9942683 0.99368674 0.99618423 0.9951321 0.9934079 0.99258757 0.9947637 0.99695414 0.9964789 0.9939219 0.99134374 0.99449253 0.9951982 0.99444485 0.9960799 0.9960344 0.9943603 0.99492323 0.9936283 0.99565476 0.99431825 0.99667996 0.99576384 0.99346584 0.99304444 0.99560195 0.9940443 0.99223566 0.989439 0.99322814 0.9942456 0.99195355 0.99312997 0.9950255 0.9949098 0.9950383 0.99292964 0.9938773 0.9931632 0.9963804 0.9950249 0.99376494 0.9920691 0.99638486 0.9949391 0.9951821 0.99535465 0.99475014 0.99493074 0.9938578 0.991663 0.9898783 0.9914128 0.99673855 0.9968674 0.9966265 0.9946492 0.9960093 0.99554205 0.99584633 0.9964846 0.9955453 0.99563813 0.99618095 0.99621934 0.99545366 0.99378324 0.993063 0.99355793 0.99638236 0.9967267 0.99691576 0.99700403 0.98677707 0.985397 0.98313075 0.99530035 0.99462855 0.99397206 0.99682045 0.99697304 0.99675196 0.99592406 0.99499035 0.99537617 0.9931188 0.98855007 0.9957321 0.99459124 0.99525297 0.99273556 0.99270207 0.9896618 0.9890651 0.99432874 0.9931601 0.99375767 0.992486 0.991001 0.98954445 0.9896349 0.98787755 0.9970867 0.99612844 0.99568105 0.99520594 0.9960087 0.99527293 0.9959297 0.9963728 0.9976457 0.99747604 0.9964685 0.9967545 0.99441254 0.9918804 0.9949667 0.99507 0.99540365 0.9926319 0.9932278 0.9878658 0.99393797 0.9878647 0.98923624 0.99459475 0.99053246 0.9869884 0.98669314 0.9895366 0.9950038 0.9868089 0.9933828 0.9912787 0.9941574 0.9933432 0.99389946 0.99589396 0.9951587 0.9939346 0.99506664 0.99359643 0.99445426 0.9944469 0.9938181 0.99518555 0.99469054 0.9957394 0.9948405 0.9944028 0.994598 0.99565226 0.9921143 0.9918033 0.9945012 0.99457604 0.99299765 0.9927153 0.9915302 0.995357 0.9954295 0.9956518 0.99673605 0.9966118 0.9945577 0.9947599 0.9959463 0.9902017 0.99022007 0.9898932 0.99601364 0.995956 0.9951418 0.996276 0.99602526 0.9939822 0.9954747 0.9953334 0.9961333 0.9958306 0.9951069 0.99746186 0.99718416 0.9956987 0.9954913 0.995705 0.9970114 0.9953489 0.99915755 0.9988352 0.9999997 0.99890023 0.9991269 0.9987897 0.9986455 0.99885684 0.99735165 0.99604386 0.99496025 0.9940722 0.99471164 0.9941581 0.995756 0.99667674 0.99621487 0.99578923 0.99692583 0.99610126 0.9964383 0.99304456 0.99771535 0.9966059 0.9985471 0.99593514 0.9948382 0.99686503 0.9972813 0.99805474 0.9967404 0.9976972 0.9965978 0.9956118 0.9959477 0.99538535 0.991753 0.9934239 0.9948845 0.99471587 0.99436015 0.99697655 0.99631643 0.99529946 0.99683064 0.99624234 0.99481606 0.99721396 0.99540436 0.99693775 0.9918436 0.989652 0.98457307 0.9879248 0.98950654 0.9883698 0.9865837 0.983028 0.99439394 0.99594855 0.9969779 0.99737716 0.9970753 0.99740416 0.996704 0.9964762 0.9974583 0.9956058 0.994942 0.9961129 0.99692845 0.9980675 0.9980389 0.9973687 0.9958333 0.990304 0.9903345 0.9869852 0.9917962 0.9927395 0.99211586 0.99256307 0.9906261 0.9941611 0.9905784 0.98742634 0.99155736 0.9889723 0.9910163 0.9917154 0.986139 0.98666424 0.98910093 0.9899171 0.9919311 0.9862591 0.9824846 0.9851796
TaletovPeraS_SRP19060PeraTNovac-L2_4 0.9897662 0.99541533 0.9936521 0.9911057 0.99243087 0.99225736 0.9888582 0.98433244 0.99617016 0.99451774 0.9952184 0.99620855 0.9948661 0.9947977 0.9948513 0.99304855 0.991297 0.99221504 0.9937748 0.9965283 0.99336785 0.99385035 0.9963087 0.9955917 0.99485636 0.9925429 0.99382913 0.99102145 0.9940088 0.9922308 0.9917178 0.9944107 0.9922764 0.9840546 0.9807462 0.9912559 0.9909218 0.9875716 0.9958068 0.9963895 0.99527967 0.9945117 0.9946811 0.99204457 0.9917809 0.9945628 0.9948296 0.9957277 0.9968856 0.9940073 0.99680924 0.99539614 0.9933258 0.99263054 0.9907923 0.99219877 0.9918405 0.9836505 0.9880623 0.9927082 0.99186033 0.9903025 0.9940402 0.9923574 0.9886586 0.98987645 0.99412477 0.99441767 0.9940017 0.998029 0.9956812 0.9960036 0.9942434 0.995967 0.9959564 0.9955434 0.9945772 0.993139 0.9950844 0.99756134 0.993782 0.99039096 0.9922364 0.99480486 0.99318296 0.99528 0.9942864 0.99561864 0.99611694 0.99322635 0.9947742 0.99027926 0.99211246 0.99149734 0.9917211 0.99331987 0.9906546 0.9937405 0.99180156 0.99108166 0.98917764 0.99097645 0.9919063 0.9944063 0.9929314 0.99517816 0.99217665 0.99366057 0.99571174 0.994898 0.99577963 0.995008 0.99418813 0.994235 0.994946 0.99264586 0.9961071 0.997088 0.99618953 0.99633825 0.9961257 0.99450904 0.99601865 0.9970739 0.99795663 0.99777746 0.9959131 0.9975426 0.9941658 0.99651885 0.9968671 0.996795 0.9975398 0.9976976 0.99676627 0.9879654 0.99053276 0.991207 0.99213004 0.9930628 0.9933518 0.9896239 0.9923688 0.9961186 0.99597335 0.9958947 0.995309 0.995685 0.9962212 0.9968564 0.990633 0.99141 0.98888934 0.98750997 0.9956969 0.99510515 0.99468553 0.9916623 0.99085695 0.9924653 0.9926728 0.99099565 0.9907947 0.99090093 0.99234647 0.9907028 0.9910245 0.99410295 0.9916092 0.99457145 0.9925529 0.99071187 0.9939813 0.9932402 0.9908201 0.99148446 0.9919125 0.9894584 0.98858774 0.9961426 0.99531406 0.99323994 0.9943287 0.99438107 0.9930128 0.9908169 0.9951503 0.99462384 0.99571824 0.9942894 0.9922926 0.9942327 0.99096996 0.9936034 0.99216413 0.99584854 0.99586654 0.9971357 0.99613494 0.9964293 0.99319476 0.99460363 0.9956451 0.99351054 0.9956561 0.993886 0.99293107 0.995341 0.9913999 0.98877335 0.9901583 0.99404114 0.99363923 0.99300444 0.99433327 0.99258024 0.9943256 0.99224055 0.9933275 0.99211204 0.9919526 0.98652446 0.9852971 0.9893659 0.9920634 0.9904161 0.99437267 0.99367315 0.9916884 0.9911098 0.99106306 0.9896712 0.99374974 0.9956192 0.9936994 0.9933506 0.9945174 0.9921595 0.99098366 0.9918995 0.9946515 0.98957765 0.9831393 0.9893177 0.9915646 0.994123 0.99366295 0.9929047 0.9960346 0.99204314 0.9956275 0.9968412 0.99576515 0.99363166 0.99187773 0.9951581 0.99585766 0.99398696 0.99510425 0.99348426 0.9961724 0.9951462 0.9928198 0.9921978 0.99497193 0.99680454 0.99595445 0.9932864 0.9910093 0.9944532 0.9949459 0.99491 0.99644876 0.99633205 0.9950149 0.994928 0.99461675 0.9963388 0.9955011 0.99687994 0.9962971 0.9936187 0.993781 0.9953094 0.99459124 0.99256533 0.98994166 0.99421316 0.994642 0.9917615 0.99359065 0.9955151 0.9953594 0.9953556 0.9936002 0.99449587 0.9940305 0.9972254 0.9949677 0.9942135 0.99267703 0.99424887 0.9925386 0.9926683 0.9929753 0.9922205 0.99257576 0.99108887 0.99262065 0.99109983 0.992536 0.9962128 0.99608666 0.9966686 0.99546653 0.9960414 0.99580324 0.99638665 0.99656165 0.99523574 0.99450743 0.9958444 0.995206 0.995479 0.993672 0.9930835 0.99347585 0.99625367 0.9961865 0.9963738 0.99665856 0.98778164 0.9861874 0.9839945 0.9947933 0.99343944 0.9935587 0.9969958 0.99664396 0.9965789 0.99619794 0.9944305 0.9955586 0.99244773 0.9877947 0.9957964 0.9947278 0.9954492 0.99336934 0.99244314 0.98991984 0.98907393 0.99450654 0.9930523 0.9934658 0.9919405 0.99091876 0.9894371 0.9888567 0.985654 0.99809736 0.9977641 0.9966632 0.9967323 0.99752533 0.99720526 0.9960248 0.99695027 0.99777573 0.99762404 0.9966219 0.99721605 0.994013 0.9908756 0.99521434 0.99480444 0.9952488 0.99234676 0.9930133 0.98668575 0.9939159 0.9863635 0.98742455 0.99343854 0.98923063 0.9850069 0.9848808 0.98780364 0.9950459 0.9860586 0.9934048 0.9904561 0.9944672 0.9939709 0.9921367 0.9938371 0.99315643 0.9915713 0.99322265 0.992784 0.9962601 0.99632037 0.99627525 0.9969455 0.9965611 0.99753165 0.996302 0.9956998 0.9963736 0.9950849 0.9912341 0.9908407 0.99467254 0.9935233 0.9917774 0.9916358 0.9898151 0.9943205 0.9948076 0.9952265 0.99622345 0.9964099 0.99575484 0.9948492 0.9962496 0.99080604 0.990247 0.99024737 0.99518573 0.9956153 0.99537164 0.9955321 0.99576735 0.9932639 0.9949343 0.9949981 0.9958339 0.99497604 0.99540454 0.9975701 0.99710417 0.99592924 0.99576205 0.995336 0.99718153 0.9962113 0.99921167 0.9986767 0.99890023 1.0000005 0.999222 0.9990413 0.9983767 0.9982758 0.9980831 0.9947963 0.9940782 0.99343836 0.9945631 0.99433595 0.99653 0.9964393 0.9953588 0.9964701 0.9976094 0.99628484 0.99668753 0.9937999 0.9974288 0.9966226 0.9983616 0.9954982 0.99465114 0.9958855 0.9971629 0.9971783 0.9959693 0.9970935 0.9955917 0.9955597 0.9961382 0.99591005 0.99202585 0.993898 0.99505925 0.99492013 0.99485207 0.9976762 0.99622905 0.99463487 0.99638635 0.9955737 0.9936172 0.9970095 0.9950421 0.9966978 0.9914843 0.9893908 0.984051 0.9875864 0.98852473 0.98787194 0.98630714 0.9828303 0.9954279 0.9970067 0.99730194 0.99717027 0.9969562 0.9972612 0.9972426 0.9965594 0.9976197 0.9960131 0.9958133 0.9962295 0.9974351 0.99784636 0.99701375 0.99671024 0.9941278 0.9877518 0.9876336 0.9836636 0.9893245 0.9903676 0.9901969 0.9902927 0.98833877 0.99214023 0.988022 0.98467857 0.988797 0.9869126 0.9884073 0.9892696 0.983832 0.9840192 0.98674333 0.9871063 0.98963386 0.98617256 0.9825007 0.98424214
TaletovPeraS_SRP19060PeraTNovac-L2_5 0.98972744 0.9947794 0.99380124 0.99253833 0.99348646 0.99106276 0.98797476 0.9834001 0.9966006 0.99492204 0.9958956 0.9959836 0.995992 0.9962094 0.9947827 0.9934959 0.9913981 0.99184847 0.99308604 0.99700856 0.99484545 0.9951731 0.9947343 0.9945457 0.9942593 0.9933114 0.993781 0.99224925 0.9942937 0.99342054 0.99277264 0.9944516 0.99342436 0.98532236 0.9825347 0.99019384 0.9895663 0.98757106 0.9951663 0.9959751 0.9956191 0.9957217 0.99463546 0.99316096 0.9906391 0.99336857 0.99517244 0.99645627 0.99735564 0.9956983 0.99756646 0.9965642 0.995065 0.99323016 0.99180865 0.9916222 0.99081933 0.98220414 0.98732555 0.9929421 0.9921083 0.9896194 0.99361455 0.991976 0.9869775 0.9881952 0.99518365 0.9947878 0.99515253 0.9976125 0.9951344 0.9943504 0.9941899 0.99677396 0.99620664 0.9966088 0.9935913 0.9924796 0.995206 0.99779326 0.9933547 0.99093914 0.9919631 0.99666315 0.99483985 0.99666417 0.99619097 0.9967617 0.9974293 0.9942148 0.995597 0.9920288 0.9921559 0.99186945 0.99233305 0.9939304 0.9917546 0.99487424 0.9925221 0.9926378 0.98981375 0.9917714 0.9930103 0.99629843 0.9954977 0.99527574 0.99447167 0.9957664 0.99671197 0.9966234 0.9972582 0.9968015 0.99581915 0.995498 0.9959896 0.9947147 0.99605465 0.9970495 0.9958799 0.99626917 0.9963268 0.99506474 0.9958132 0.9968747 0.9978442 0.99699634 0.9965135 0.99662524 0.99218047 0.99529314 0.9958998 0.99562645 0.9973949 0.9975107 0.9963382 0.98849237 0.9898827 0.9904894 0.9919257 0.99425787 0.99512 0.9919403 0.99406993 0.99640346 0.9966658 0.99698764 0.99456626 0.9943382 0.99599254 0.99670774 0.988065 0.98909503 0.9869819 0.98464906 0.9957912 0.99538624 0.9952381 0.9932873 0.9927727 0.9943499 0.99453676 0.9931003 0.99288833 0.99260867 0.9941304 0.9931486 0.99260736 0.9954509 0.9928454 0.99582607 0.99404216 0.99350363 0.99602556 0.99553454 0.9937015 0.993914 0.99274224 0.99094707 0.9901492 0.9963409 0.9962988 0.99488163 0.99581224 0.9965664 0.99537396 0.9938961 0.99533063 0.99546444 0.99683225 0.995132 0.9935172 0.99515635 0.99304944 0.99469763 0.9938886 0.99622077 0.99572206 0.99633455 0.99550134 0.99691373 0.99396586 0.995857 0.99654436 0.9944037 0.99518824 0.994989 0.994255 0.996652 0.9926018 0.9899351 0.99166244 0.99578005 0.9939599 0.9926136 0.9946567 0.9939721 0.99451035 0.99315405 0.99469924 0.99179584 0.99197173 0.9877292 0.98646903 0.99055463 0.9928306 0.9909755 0.9962573 0.9939153 0.99210143 0.9909651 0.9918064 0.9858347 0.9908669 0.9955058 0.9932292 0.99182063 0.99385124 0.9929952 0.98914367 0.9913609 0.995523 0.99241114 0.98695725 0.9918929 0.9936975 0.9938022 0.99360824 0.99176264 0.9947611 0.989975 0.99552834 0.9971357 0.9954135 0.99289674 0.98955595 0.99433625 0.9950135 0.99355376 0.99380183 0.9926955 0.9955139 0.994644 0.99344677 0.9914448 0.9948879 0.99720013 0.99654126 0.9939099 0.99147034 0.99479985 0.99555725 0.99503547 0.99594903 0.99689376 0.9946674 0.99493825 0.99314594 0.9952229 0.9949199 0.99662715 0.9961704 0.992532 0.9920002 0.9954232 0.9942691 0.9917135 0.9891004 0.99250287 0.99350226 0.99121815 0.99215156 0.9945952 0.9944612 0.9951298 0.9924147 0.99387306 0.99372184 0.99635506 0.9948165 0.99385715 0.99234617 0.9960375 0.99519384 0.9944586 0.99555856 0.9949112 0.9952213 0.99364096 0.9914831 0.99021363 0.9918981 0.9960801 0.9965693 0.99640584 0.9946071 0.9960419 0.9951775 0.99637693 0.9956315 0.99443054 0.99543697 0.99612504 0.9961342 0.996245 0.9948044 0.99470645 0.9948473 0.9962871 0.99664587 0.9965669 0.99671376 0.9879703 0.98702437 0.98476475 0.99683726 0.9961386 0.9961563 0.9961687 0.99710655 0.99701446 0.996623 0.9952725 0.9956544 0.9937843 0.98844826 0.9955234 0.99517155 0.9956045 0.99252576 0.9929525 0.9899073 0.9893896 0.99348164 0.9924994 0.99280584 0.9918845 0.98976207 0.9886601 0.98848784 0.98944306 0.99764985 0.99657017 0.9963752 0.99612045 0.9968272 0.99584323 0.99533284 0.99675393 0.9976616 0.99742997 0.9968223 0.9970268 0.9941533 0.9922298 0.9948623 0.994647 0.9953527 0.99330044 0.99325067 0.98874146 0.9935814 0.9883757 0.9894317 0.99434024 0.9912717 0.9879048 0.98717237 0.9901668 0.99425817 0.98720986 0.9931157 0.99156344 0.9939906 0.9934966 0.9947467 0.99623364 0.9957989 0.9942323 0.994949 0.99392456 0.99440163 0.9941051 0.9940583 0.99477077 0.9948512 0.9955468 0.994326 0.99414396 0.9944717 0.99562705 0.99246097 0.992243 0.9948741 0.99529505 0.99267167 0.9925496 0.9919276 0.99593437 0.99568677 0.99631876 0.9964902 0.99714285 0.99491495 0.9945912 0.9965187 0.99012244 0.98995054 0.98979163 0.9970867 0.99656135 0.99600863 0.9965478 0.9964269 0.99380434 0.9954311 0.99580485 0.99641436 0.9969356 0.99486595 0.99729013 0.9976384 0.9964482 0.99649656 0.9967912 0.99757874 0.99693096 0.99884313 0.9991465 0.9991269 0.999222 0.99999976 0.99837214 0.99807686 0.99843794 0.9966872 0.9957595 0.994886 0.99361175 0.9946605 0.9941227 0.9955687 0.99706745 0.9960588 0.9962111 0.99739325 0.9966132 0.9962073 0.9928042 0.9971286 0.9961519 0.998811 0.9965949 0.9941432 0.99626946 0.997406 0.9979284 0.9971245 0.99738926 0.9963097 0.9952632 0.9960655 0.99553615 0.9918221 0.9942672 0.9953726 0.99489385 0.99357396 0.9974834 0.9969175 0.9962974 0.9973561 0.9966756 0.9952418 0.99788165 0.9960532 0.99757135 0.9919786 0.9893869 0.9845129 0.9876951 0.9899732 0.98870224 0.9865302 0.98290116 0.99407256 0.99561197 0.9967174 0.9976056 0.99817 0.99771726 0.9968216 0.99703133 0.9979169 0.99456567 0.9943984 0.99516636 0.9968937 0.99827725 0.9975153 0.9976659 0.99590915 0.9910987 0.99133545 0.988353 0.99175835 0.9928006 0.992754 0.99277216 0.9914799 0.99420196 0.99051404 0.98801816 0.99189895 0.9894904 0.9912551 0.9925587 0.9875826 0.98788285 0.99017835 0.9905306 0.9920928 0.9849095 0.9813148 0.98364383
TaletovPeraS_SRP19060PeraTNovac-L2_6 0.98901486 0.9954449 0.99324393 0.9892901 0.99129045 0.9937163 0.9904294 0.98631525 0.9961426 0.99379426 0.9946967 0.99637806 0.99427634 0.9943038 0.9951217 0.9921634 0.9912205 0.99221027 0.9941079 0.99628496 0.9927662 0.9933205 0.99616694 0.9949811 0.99440974 0.991432 0.9933204 0.9894669 0.9941936 0.99204797 0.99157834 0.9950268 0.9923981 0.98257303 0.97901905 0.9919297 0.9910702 0.98757255 0.99547446 0.9954346 0.9944782 0.9933395 0.9941552 0.99053395 0.9915656 0.9942966 0.9938442 0.994715 0.9962711 0.99310815 0.99684095 0.99566555 0.99336636 0.9931212 0.99206996 0.99179995 0.9914754 0.98418427 0.98764074 0.9928129 0.9921127 0.98974293 0.9945346 0.9927533 0.989851 0.99088013 0.99475497 0.99587697 0.99493104 0.9975289 0.9964653 0.9972856 0.995247 0.9963019 0.99653006 0.99561465 0.9960867 0.9947883 0.9953611 0.99745315 0.9950761 0.9892329 0.9915775 0.9933717 0.9907339 0.9937386 0.99240226 0.9941622 0.9949998 0.991873 0.99343276 0.9898596 0.99327046 0.9929476 0.99292535 0.9937595 0.99149907 0.99338466 0.9929282 0.9916302 0.99079466 0.9919113 0.9926356 0.9942368 0.99171287 0.9947923 0.9907797 0.99246395 0.9953981 0.99411213 0.9951213 0.99353 0.9932662 0.9933176 0.99433374 0.991067 0.9971678 0.99739546 0.99721634 0.99714094 0.9971162 0.996048 0.9970215 0.99744415 0.99749535 0.9980078 0.9955976 0.99795103 0.9951488 0.9968577 0.9966249 0.997007 0.9969656 0.9969864 0.9972773 0.98737526 0.99009705 0.99092376 0.99143493 0.9911233 0.99073446 0.9867613 0.989828 0.9963959 0.99658567 0.9963032 0.996372 0.99646777 0.9968042 0.99750274 0.99159694 0.99327356 0.9911475 0.9895552 0.9959778 0.9951799 0.9945502 0.98972535 0.98890376 0.9930601 0.9923447 0.99172 0.99089175 0.9916796 0.9928189 0.99014807 0.9906992 0.99414474 0.99254984 0.9947695 0.992766 0.98992586 0.9934619 0.99193734 0.9892383 0.98979604 0.9930101 0.9896815 0.98821664 0.996118 0.99504715 0.99264324 0.9934097 0.99272573 0.99141884 0.9893382 0.99503213 0.99410427 0.99532354 0.99366826 0.9924826 0.9950193 0.99054354 0.9941419 0.9917694 0.9960129 0.9965648 0.9975307 0.99635893 0.99635684 0.99321294 0.9940664 0.99517345 0.992766 0.99562997 0.9934232 0.9919714 0.9944457 0.99125046 0.9888767 0.9895606 0.9925895 0.9937912 0.9941915 0.9949516 0.9917753 0.99482447 0.9914212 0.9929444 0.9930769 0.9924232 0.98675656 0.98566437 0.98947465 0.9924259 0.99131596 0.9938123 0.99429387 0.992203 0.99230784 0.9909391 0.99093664 0.9937973 0.9953612 0.99331814 0.99340785 0.9938248 0.99207914 0.99218214 0.9915721 0.9940938 0.9880457 0.9819658 0.98818064 0.99095416 0.9941362 0.99344456 0.9936459 0.99731535 0.99347043 0.9955341 0.99614364 0.9954616 0.9947182 0.9941421 0.9963607 0.99709237 0.99472046 0.9964305 0.99522245 0.99762285 0.9966137 0.99402416 0.99427265 0.9958562 0.99740225 0.99672085 0.99444413 0.9923508 0.994274 0.9949308 0.99466634 0.99697953 0.9959074 0.9959109 0.99569184 0.99523866 0.99641675 0.9938503 0.99604774 0.9953468 0.9948517 0.99503154 0.99524206 0.9935583 0.99388397 0.99199677 0.9953053 0.9958423 0.9936965 0.99440914 0.99595374 0.99574065 0.9954016 0.9952247 0.99543387 0.99482924 0.99757653 0.9958205 0.99561125 0.9944528 0.9949377 0.9925053 0.9936928 0.9929201 0.9920532 0.9923564 0.9918416 0.99231863 0.9899383 0.99202675 0.99669766 0.9961051 0.996712 0.9956578 0.9956858 0.9965436 0.99645036 0.99701416 0.99571925 0.99458134 0.9956231 0.9953619 0.99389464 0.991548 0.9905094 0.99136597 0.99620914 0.996194 0.99640584 0.9966608 0.9857691 0.98351276 0.98137546 0.99307245 0.99164087 0.99123687 0.9976922 0.996451 0.9960826 0.9957575 0.99372596 0.9948451 0.9912547 0.98684174 0.99556446 0.9937575 0.99472755 0.99279386 0.99155766 0.9890263 0.98753387 0.9944677 0.9929222 0.9941496 0.9922149 0.99183214 0.98983186 0.98917395 0.9836893 0.99744064 0.9975362 0.9955486 0.995896 0.9968533 0.9965501 0.99655175 0.9968083 0.9976871 0.99773246 0.9963009 0.996525 0.99389035 0.9900482 0.9950469 0.99479914 0.9949487 0.9910384 0.99171513 0.98480177 0.99353874 0.98476136 0.98626757 0.9931949 0.9878148 0.9830689 0.98333704 0.9864338 0.9956341 0.9845479 0.9932539 0.9892104 0.9942192 0.9935754 0.9905969 0.9931068 0.9924408 0.99087346 0.9924512 0.99072206 0.99463767 0.9959948 0.9950947 0.99623924 0.99513847 0.99673325 0.9955236 0.99462205 0.9951563 0.99521035 0.99189246 0.9911092 0.99460924 0.99314594 0.99303484 0.9929942 0.99078983 0.99475366 0.9953524 0.9953545 0.99693406 0.99626535 0.99654514 0.9961118 0.9968229 0.99260575 0.99238205 0.99237597 0.9942287 0.9960816 0.9953604 0.9959702 0.99598956 0.99431187 0.9957363 0.9956133 0.9955482 0.99373585 0.9963811 0.9981798 0.997258 0.9960915 0.99617237 0.99511915 0.99696857 0.99537367 0.9991321 0.9973758 0.9987897 0.9990413 0.99837214 1.0000001 0.99895126 0.9986425 0.9992272 0.9950599 0.9947573 0.9945499 0.99514437 0.99514693 0.9971005 0.9967229 0.9960995 0.9967445 0.9975922 0.9967837 0.9974037 0.99542063 0.9981518 0.9979286 0.998036 0.99558765 0.99612534 0.99663764 0.9967283 0.9974564 0.99660337 0.997846 0.9959893 0.99633133 0.9965246 0.9960896 0.99337006 0.99428475 0.99455583 0.995738 0.9962515 0.9968812 0.9956396 0.9933971 0.99595594 0.9951979 0.9932978 0.99622035 0.9945113 0.9957094 0.99009913 0.9885128 0.98327106 0.9868062 0.9871855 0.9868661 0.98537534 0.9819945 0.9970865 0.9977098 0.99795467 0.99743366 0.9961163 0.9972619 0.9975319 0.9966649 0.99756426 0.9974621 0.9969888 0.9976131 0.99817276 0.99806756 0.99744815 0.9969142 0.9935054 0.9865888 0.9857883 0.9819641 0.9881105 0.9895526 0.9885888 0.98923963 0.9866095 0.99161714 0.9873318 0.9832287 0.98804843 0.9856587 0.9873726 0.98802775 0.9819312 0.9822501 0.9852136 0.9860154 0.9890539 0.98816097 0.98401713 0.98613554
TaletovPeraS_SRP19060PeraTNovac-L2_7 0.98585296 0.9928306 0.9905416 0.9873986 0.98977375 0.9900422 0.98627055 0.98107255 0.9960263 0.9937252 0.99430794 0.99552304 0.9944095 0.9945809 0.99443567 0.99156183 0.99010533 0.9905808 0.99271154 0.9962276 0.9933598 0.9933674 0.9949467 0.99404657 0.99346477 0.9909411 0.9924671 0.98935795 0.99383557 0.9923595 0.99126816 0.99488616 0.99247915 0.98191047 0.97839165 0.9898184 0.9886932 0.98573047 0.9936956 0.9940385 0.9932343 0.99262106 0.99190503 0.98897606 0.9886984 0.99204993 0.9927309 0.9936023 0.99563485 0.99203086 0.9960669 0.99474573 0.9919041 0.9900296 0.9891671 0.98921865 0.98828197 0.97995573 0.9843272 0.99094063 0.98978555 0.9870837 0.9922149 0.98987734 0.98594815 0.98709565 0.99281496 0.9939101 0.9931032 0.99616617 0.9948151 0.99479914 0.99277586 0.9956254 0.99512887 0.9950181 0.994575 0.9928223 0.9932445 0.9968108 0.9934252 0.98672414 0.9888579 0.9919421 0.9890569 0.9922001 0.9913979 0.9926029 0.9940914 0.98907864 0.99146366 0.9892896 0.9908793 0.9914861 0.9916034 0.9919806 0.9888911 0.9916364 0.99087644 0.9894711 0.9886046 0.99052805 0.9918609 0.9940866 0.9917045 0.9931 0.9902507 0.9921994 0.9950613 0.99362296 0.9949932 0.99288446 0.99210095 0.9922222 0.9929424 0.9899054 0.99597037 0.9968824 0.99668795 0.9962733 0.9961 0.994948 0.9963107 0.99749655 0.9970309 0.99703383 0.9950639 0.9969834 0.9922452 0.99503464 0.995124 0.99525714 0.9958644 0.995803 0.9957712 0.9856866 0.98722255 0.9879372 0.9888361 0.98830366 0.9889509 0.98441064 0.98781884 0.99450284 0.99635 0.9965875 0.9937859 0.9937165 0.99431324 0.99592406 0.9876819 0.98972154 0.9876729 0.9850793 0.9951718 0.99451435 0.99394035 0.98790896 0.98701555 0.99117404 0.9902578 0.9904216 0.9888753 0.9897773 0.9911081 0.9892217 0.9889142 0.9932523 0.99033207 0.9938442 0.99146247 0.9894173 0.9935004 0.9914984 0.98890984 0.98908025 0.9917158 0.98906803 0.9878043 0.9952312 0.99514616 0.99273676 0.9936328 0.9924411 0.9920357 0.99036926 0.9936882 0.9925614 0.9946338 0.99114233 0.99173266 0.9953397 0.9909028 0.993812 0.9914258 0.9958367 0.9962978 0.9956029 0.993418 0.9944238 0.9901426 0.99253654 0.9931782 0.99034226 0.9924342 0.9910721 0.9895954 0.9935027 0.9883371 0.9853406 0.9862306 0.9910109 0.99276304 0.9927226 0.9935342 0.99106956 0.99350584 0.98983574 0.9921398 0.99104506 0.99011534 0.9845648 0.98335373 0.98776174 0.9908803 0.98916113 0.9925494 0.9924949 0.98997724 0.9899268 0.9890939 0.9876549 0.9909596 0.99439836 0.99076474 0.9903799 0.9917268 0.98959345 0.989414 0.98822373 0.993204 0.9880302 0.98318374 0.9881607 0.9906462 0.99168205 0.9915888 0.9896558 0.9949554 0.99006486 0.99232215 0.99367285 0.99218863 0.9909089 0.99106145 0.99359107 0.99511516 0.9916052 0.9936923 0.9937306 0.9957199 0.99428564 0.99198085 0.99208796 0.993339 0.99618566 0.995302 0.99268574 0.9899219 0.99300677 0.99433607 0.9928309 0.9956126 0.99451387 0.9938441 0.9940633 0.9920176 0.9944211 0.9920432 0.9945231 0.99309605 0.991705 0.99199075 0.9937216 0.99087524 0.990853 0.9887976 0.99270356 0.9935743 0.99216133 0.99126333 0.9939928 0.99307954 0.99324566 0.99198955 0.9924984 0.99189484 0.9957618 0.99334353 0.9928255 0.9914751 0.99477947 0.9938701 0.9943504 0.9939352 0.9930918 0.9936358 0.99276954 0.99002063 0.9873016 0.989156 0.99589336 0.9959107 0.995416 0.99323845 0.9943029 0.99417216 0.9948499 0.995632 0.9940934 0.9930687 0.9938547 0.9938487 0.9929005 0.9905926 0.9897289 0.98990107 0.9952047 0.99571234 0.995998 0.99610186 0.98227525 0.98044276 0.9775003 0.9921005 0.9917954 0.9908447 0.9965145 0.99607515 0.99595684 0.9950949 0.9929462 0.9933295 0.9903915 0.9854025 0.9941969 0.99220365 0.99338377 0.99108094 0.9903159 0.9865959 0.9854709 0.992882 0.9908005 0.99219155 0.99006766 0.98904884 0.9869852 0.98617536 0.98309433 0.9966561 0.99623716 0.9949893 0.99542284 0.9959061 0.99455845 0.994334 0.9946351 0.9961777 0.99557024 0.9934813 0.9939715 0.9921676 0.98883736 0.9933193 0.9932351 0.99359643 0.98961383 0.9905443 0.9839171 0.99155843 0.98408926 0.98562425 0.99210316 0.9868792 0.9830576 0.9824757 0.9860005 0.9935647 0.98317146 0.99130607 0.9880453 0.99231666 0.99111307 0.99053895 0.99399817 0.99323505 0.99153286 0.99212503 0.9896054 0.99265504 0.99334574 0.9927756 0.99467945 0.99329174 0.9952141 0.9936609 0.9925725 0.9930237 0.9945326 0.9906107 0.98971677 0.99251467 0.99295825 0.9914831 0.9916029 0.9898312 0.9932434 0.99361 0.99427825 0.99519295 0.995472 0.99448293 0.99416107 0.9956796 0.9888656 0.98942417 0.9897162 0.9934623 0.9944167 0.99332875 0.99464345 0.994201 0.9923455 0.99407154 0.9938777 0.9935288 0.992924 0.9938256 0.9974828 0.99595225 0.99418247 0.9942433 0.99352306 0.9960403 0.99417025 0.99899715 0.9977537 0.9986455 0.9983767 0.99807686 0.99895126 0.99999994 0.99945796 0.9981252 0.9943998 0.9945107 0.99371344 0.9942486 0.9933679 0.9950689 0.9960645 0.9942914 0.9941324 0.9958476 0.99461645 0.99504316 0.992614 0.9969889 0.99645305 0.997063 0.9936172 0.993108 0.9952639 0.9958301 0.996975 0.99530214 0.99624145 0.9947811 0.9938115 0.99430686 0.99364585 0.9901559 0.9919944 0.9921489 0.9942155 0.9944202 0.9957039 0.99459463 0.99329543 0.9955388 0.9941121 0.9921292 0.9958078 0.9927506 0.994846 0.98883706 0.9869483 0.9809823 0.98482275 0.9861241 0.98521894 0.9834492 0.9794132 0.9944531 0.99565697 0.99586266 0.9955934 0.9946622 0.99552304 0.99512184 0.9941443 0.9955501 0.99545 0.99445796 0.9955029 0.9963463 0.99688256 0.9968557 0.9956352 0.99359214 0.986837 0.9865987 0.98333263 0.9890941 0.99008006 0.98918337 0.99013215 0.987301 0.9909985 0.9872311 0.9830598 0.98797446 0.98525345 0.9876431 0.9884654 0.9820294 0.9830499 0.98579437 0.9865997 0.98871356 0.98438835 0.9794586 0.9825362
TaletovPeraS_SRP19060PeraTNovac-L2_8 0.9879996 0.993881 0.99199337 0.9896097 0.9917726 0.9901843 0.98671097 0.9816541 0.99661654 0.99497753 0.99548906 0.9962884 0.99568325 0.9959353 0.995534 0.99322236 0.9917234 0.99216 0.9937649 0.9972013 0.994992 0.99506915 0.99538195 0.99477124 0.99457395 0.9927125 0.9938848 0.9912568 0.9950579 0.9938374 0.9927273 0.99573416 0.993811 0.98538005 0.9821723 0.9913382 0.99032974 0.9881976 0.9949743 0.9949847 0.9947759 0.99476594 0.99357605 0.99139017 0.99038416 0.9934168 0.99454296 0.99531484 0.9969542 0.99406874 0.99704266 0.9957319 0.9933126 0.9914743 0.9902757 0.99072903 0.98962927 0.9818535 0.9862553 0.9924969 0.9913952 0.9887601 0.99355996 0.9914049 0.98719746 0.98818386 0.9941892 0.9947156 0.99426794 0.99634075 0.9949917 0.99417865 0.9927943 0.9961579 0.99544436 0.99602187 0.99473464 0.993114 0.9940752 0.9972573 0.9935988 0.9887364 0.9903772 0.99350184 0.99069047 0.9934685 0.9931154 0.99385244 0.9953443 0.9907293 0.9928559 0.99166507 0.99148756 0.99233425 0.9925148 0.9926323 0.98948 0.9923372 0.9912528 0.9905004 0.98952234 0.99179614 0.99299484 0.9950721 0.9934683 0.99395543 0.9923113 0.99397033 0.99607116 0.9949203 0.99608386 0.9943296 0.9936518 0.99398065 0.9938704 0.9918478 0.99613327 0.99686563 0.99658686 0.9962463 0.9962913 0.994913 0.9968101 0.9976447 0.9972496 0.99691176 0.9958406 0.9968812 0.99250937 0.9952067 0.99549776 0.99544626 0.99652123 0.99631757 0.9961163 0.98818153 0.9891433 0.98970723 0.9908337 0.989875 0.9908279 0.98640287 0.9894928 0.99546343 0.9969274 0.99730164 0.99381065 0.9935706 0.99454343 0.99590695 0.9879956 0.989188 0.9872939 0.9843995 0.9958538 0.9954375 0.9950497 0.990019 0.98928005 0.99214774 0.99193496 0.99152386 0.99063116 0.99081445 0.9922777 0.99137026 0.9910331 0.9947714 0.9918487 0.9948334 0.9928224 0.9914663 0.994973 0.99330485 0.9910569 0.99127424 0.9934722 0.99147916 0.9905466 0.9963865 0.9965246 0.9947081 0.9953678 0.99438465 0.9935 0.9918161 0.9949092 0.9940771 0.9957475 0.992797 0.9936865 0.99646086 0.99295145 0.9952892 0.9935063 0.99681497 0.9968571 0.99582374 0.99350715 0.9952807 0.991135 0.99368143 0.9942454 0.99161655 0.99307716 0.9916289 0.9906207 0.99408555 0.9891728 0.9862204 0.98732424 0.99230456 0.9942683 0.9939644 0.9949379 0.9931851 0.99487555 0.9918473 0.9941119 0.99248946 0.9918009 0.98687685 0.98568726 0.98989534 0.99262154 0.9908173 0.9942854 0.9936577 0.9913119 0.9908079 0.9909541 0.98731464 0.9908474 0.9953611 0.99171877 0.99057364 0.9923275 0.99086136 0.9890398 0.9891546 0.994692 0.99005103 0.9851238 0.9899272 0.99196863 0.9922833 0.9925743 0.9904577 0.9946481 0.9890298 0.99283546 0.9943172 0.9929636 0.9910695 0.99050236 0.9936266 0.9952264 0.9925123 0.9936695 0.99326164 0.9954655 0.9940174 0.99212825 0.99151796 0.99319494 0.996177 0.9954328 0.9927172 0.9896476 0.9942868 0.99568164 0.9943603 0.996388 0.9958342 0.99400747 0.9949554 0.992531 0.9951883 0.9930453 0.9954411 0.9941577 0.9920862 0.9919264 0.99479336 0.99220234 0.9911948 0.9887795 0.99277806 0.9938086 0.9922352 0.99219346 0.99435955 0.9936312 0.9944522 0.9918531 0.99291563 0.99226296 0.99587953 0.9939413 0.9928996 0.9916091 0.9955927 0.9949443 0.99528146 0.9951777 0.9945702 0.99489665 0.99390465 0.99135876 0.98904717 0.9903774 0.99595064 0.9967057 0.9959209 0.99357504 0.9952709 0.9941 0.9953122 0.99644744 0.99527764 0.9948527 0.9953053 0.9953314 0.99459827 0.9926842 0.99177104 0.9919777 0.9960687 0.99658 0.99683845 0.9969769 0.9846109 0.9832593 0.9804986 0.99365926 0.99338347 0.9922573 0.99698067 0.9970757 0.99700326 0.99621785 0.9946491 0.994661 0.9923944 0.98767567 0.9954754 0.9937389 0.99460477 0.99232805 0.992018 0.9883685 0.98754275 0.99392027 0.9920987 0.9932092 0.9914651 0.990208 0.9884086 0.98773104 0.9860882 0.99693906 0.99621975 0.995924 0.9957574 0.9961798 0.99467945 0.99362785 0.9941478 0.99583584 0.9956131 0.9940098 0.99472696 0.9937942 0.9911695 0.99463725 0.9946809 0.9951765 0.9919127 0.9925546 0.98700744 0.99318373 0.98703414 0.98860455 0.99415135 0.98975825 0.98637444 0.98598546 0.98900694 0.9946211 0.98632747 0.99285376 0.9905282 0.9939081 0.99261856 0.9924306 0.995235 0.99450964 0.99331945 0.99381906 0.99182844 0.99284214 0.9928511 0.99282795 0.99460167 0.99370664 0.9951394 0.994097 0.9934298 0.99330026 0.9956986 0.99199516 0.990979 0.9934902 0.99423015 0.99220294 0.99206597 0.9907302 0.9943342 0.99429274 0.995023 0.9959166 0.99629074 0.99408305 0.99433374 0.9957814 0.98905605 0.98927015 0.98936975 0.994909 0.9950588 0.99414617 0.9955142 0.995302 0.99314743 0.9944891 0.9942801 0.99478334 0.9945172 0.9941829 0.9973047 0.9963581 0.99489385 0.99464417 0.994508 0.99602026 0.9941276 0.9987149 0.99796945 0.99885684 0.9982758 0.99843794 0.9986425 0.99945796 1.0000001 0.9975669 0.9952933 0.99512976 0.9940293 0.99456215 0.99369043 0.99475104 0.9964311 0.9951985 0.99503636 0.9964515 0.99528366 0.99541235 0.99243844 0.99724567 0.9963708 0.99751216 0.9947198 0.9934203 0.9960483 0.99703985 0.9977487 0.9962122 0.99688524 0.99583626 0.9946066 0.9950879 0.99426115 0.990336 0.99246883 0.99336505 0.9942997 0.9942103 0.995995 0.99549806 0.9946206 0.99626136 0.99520975 0.9937281 0.9966262 0.99398386 0.99578774 0.99094284 0.98899263 0.98377657 0.98694617 0.9887323 0.9875866 0.9858232 0.98198813 0.99375075 0.99500847 0.9957212 0.99615014 0.99554545 0.9958645 0.9952901 0.9949071 0.9960197 0.99485976 0.9938511 0.9949095 0.99589634 0.9968993 0.99703825 0.995816 0.9948476 0.9892676 0.98898304 0.9858534 0.9915345 0.9922484 0.99134463 0.99216026 0.989596 0.9927484 0.98957586 0.9858882 0.99018055 0.9876459 0.98997474 0.990636 0.9847729 0.9856506 0.98813295 0.9890005 0.990818 0.9852616 0.9811441 0.98416483
TaletovPeraS_SRP19060PeraTNovac-L2_9 0.98780614 0.9944939 0.99117744 0.98625493 0.9886832 0.99291277 0.98923457 0.9862853 0.9939152 0.9913211 0.99228656 0.9947389 0.991514 0.9915931 0.99333644 0.98952717 0.9889886 0.99034053 0.9928523 0.99434865 0.9898912 0.9906517 0.99549437 0.99350715 0.9926047 0.9884551 0.9911884 0.98601526 0.99168634 0.9887835 0.9882688 0.992826 0.9892304 0.979645 0.9755751 0.9906306 0.9900077 0.9851803 0.9943461 0.9938346 0.99231964 0.99100214 0.9928399 0.9877266 0.99045604 0.99342155 0.99177253 0.99257576 0.9942933 0.9905524 0.99526703 0.9943934 0.99146426 0.9918792 0.9911239 0.9901091 0.9901329 0.9826601 0.98575604 0.9908082 0.99025816 0.9877639 0.9936168 0.9919221 0.98958445 0.99046284 0.99350095 0.9953559 0.9936721 0.9966694 0.99551505 0.9972267 0.9939421 0.99422926 0.99508315 0.993152 0.99569637 0.99422693 0.9938251 0.9958962 0.9939943 0.9875813 0.99034935 0.99079967 0.98775786 0.9913617 0.98954004 0.99172837 0.9924297 0.9901009 0.9916855 0.98696876 0.99200386 0.99151134 0.9913684 0.9921948 0.9898528 0.991473 0.9912108 0.9892252 0.9894406 0.9903377 0.9908556 0.99203986 0.98894346 0.99382937 0.9881136 0.99009365 0.9938756 0.9922503 0.9931851 0.9912454 0.991123 0.99135417 0.99224514 0.9886871 0.99625236 0.9964858 0.99694943 0.9965075 0.99622416 0.9949933 0.9958508 0.99598724 0.9958752 0.9971557 0.9934602 0.9970684 0.99535125 0.9966203 0.9957536 0.996175 0.9954714 0.9955497 0.9963815 0.9846138 0.9885662 0.989469 0.9896705 0.9887582 0.9879443 0.9837215 0.98707736 0.9953278 0.99559623 0.994756 0.99598086 0.9967444 0.9960814 0.9965973 0.99177533 0.9943327 0.9924731 0.9911882 0.99429643 0.99340475 0.99226797 0.987138 0.98609185 0.9906385 0.98959535 0.9891753 0.9880571 0.9893557 0.99017423 0.9873303 0.98804384 0.9920011 0.9905242 0.99260604 0.99016577 0.98646873 0.9906387 0.9886372 0.98533654 0.98613995 0.9911727 0.9870171 0.9855232 0.9946632 0.99297476 0.9897466 0.99068415 0.99003226 0.98836595 0.98608136 0.99329275 0.9918185 0.9931108 0.9915111 0.98997146 0.99314725 0.98725384 0.9919767 0.98898023 0.99435556 0.995254 0.9970893 0.99594027 0.99498594 0.9918663 0.9924925 0.99348843 0.9910322 0.99478006 0.9918771 0.9899805 0.9926166 0.98984754 0.9877573 0.9880261 0.99028283 0.9917255 0.9931537 0.99337876 0.98881185 0.99337757 0.9888394 0.9902117 0.9918973 0.99062765 0.98402 0.98287296 0.9867888 0.98998 0.98915446 0.9912483 0.9925398 0.99026406 0.99106973 0.9886686 0.99174 0.99386954 0.99404335 0.9922913 0.99389666 0.9933824 0.99069476 0.99324983 0.99097735 0.99254966 0.9848087 0.9785027 0.9857167 0.9889387 0.9940024 0.9930154 0.9931597 0.9970302 0.99484324 0.99394846 0.9944216 0.9940126 0.9943022 0.9951795 0.9961765 0.9968131 0.993819 0.99650776 0.9949332 0.99774593 0.99639344 0.99298346 0.9946476 0.9951851 0.9963944 0.995623 0.9931402 0.99132186 0.9928977 0.99367607 0.9937104 0.99631816 0.99437594 0.9954806 0.9953191 0.9948686 0.99576056 0.99228454 0.99428684 0.9936585 0.99458474 0.9951004 0.99373597 0.9918728 0.99361384 0.99238706 0.9956344 0.99575835 0.9931339 0.99419224 0.99543864 0.9949313 0.9944407 0.9948706 0.9947461 0.9938384 0.99675226 0.9947606 0.99503005 0.9939788 0.99217 0.9892776 0.9909108 0.9896041 0.98840636 0.98888826 0.9885858 0.99187267 0.9890143 0.9914694 0.9954612 0.99434495 0.9952924 0.9948735 0.99433905 0.9960426 0.99532145 0.9961872 0.99467915 0.9925215 0.9938974 0.9931846 0.99186134 0.9888939 0.9875202 0.98861694 0.9942057 0.9945478 0.994574 0.99499375 0.98329335 0.9803169 0.9783216 0.9899886 0.9880103 0.98771906 0.9970039 0.9946181 0.9940823 0.993904 0.9913573 0.9928062 0.9882718 0.9837448 0.9942361 0.9913388 0.99256897 0.9907834 0.9887267 0.98617744 0.98429626 0.9929249 0.9909403 0.99272126 0.9900069 0.9903635 0.9878377 0.9865534 0.97861606 0.9963784 0.99728644 0.9940366 0.99487346 0.9957727 0.9957524 0.9956633 0.9956466 0.9964964 0.9964547 0.9943855 0.99469954 0.99250865 0.9875515 0.9940224 0.993598 0.9938352 0.9887376 0.9895927 0.98154676 0.9920519 0.98151827 0.9831333 0.9910492 0.98482245 0.9790061 0.97990954 0.9830203 0.99485433 0.98172045 0.991652 0.98639256 0.99307203 0.99237555 0.9870903 0.9901449 0.98920137 0.9875044 0.9894405 0.9875462 0.99373186 0.99617285 0.99508065 0.9961241 0.9941219 0.99642634 0.99499774 0.9934723 0.9941599 0.99364245 0.9902008 0.9892486 0.992905 0.9908693 0.99160194 0.9916113 0.98883337 0.9925686 0.9931562 0.99304193 0.9954709 0.99433285 0.9957875 0.9952354 0.9957358 0.9923732 0.9922423 0.9922771 0.99135983 0.9946934 0.9939808 0.99415815 0.9944281 0.99261934 0.9937527 0.99363166 0.9937889 0.990773 0.99608034 0.9976731 0.9960862 0.9947019 0.99494654 0.99296445 0.99562687 0.9940487 0.99831825 0.9955677 0.99735165 0.9980831 0.9966872 0.9992272 0.9981252 0.9975669 1.0 0.99270725 0.99250793 0.9928946 0.9936778 0.9938478 0.99653363 0.9953837 0.9944134 0.9956528 0.99660164 0.995983 0.99657756 0.9958432 0.99707377 0.9973986 0.9964198 0.99405223 0.9956781 0.99529755 0.99515957 0.9956364 0.9948216 0.99625766 0.9939412 0.99537545 0.9953019 0.99490464 0.99274313 0.99311185 0.9925796 0.9946045 0.99598837 0.99563485 0.9937704 0.99097383 0.99399954 0.99332374 0.9910871 0.99412316 0.9928084 0.99347955 0.988081 0.98699754 0.9814544 0.9850643 0.9845343 0.9847226 0.9834725 0.9800528 0.9975483 0.9975445 0.9972635 0.99602675 0.99404776 0.9958486 0.99682397 0.9952884 0.9960875 0.99779695 0.99727297 0.9976834 0.997846 0.99683625 0.9960373 0.99548113 0.9907361 0.9827661 0.98151445 0.9772291 0.9844397 0.986246 0.98495644 0.98567224 0.9824922 0.988018 0.9832355 0.9782135 0.9838614 0.9811316 0.9829754 0.98369706 0.9770312 0.97718996 0.9805133 0.9814612 0.98505104 0.9875665 0.9829709 0.98474604
TasicxDimitrijeS_SRP19024MickoHarambasa-L2_1 0.99123156 0.9946472 0.99494416 0.99237686 0.9933153 0.99332964 0.99120235 0.9860253 0.99688035 0.99637675 0.9972866 0.9970285 0.996601 0.99695027 0.9966959 0.9953416 0.99473155 0.99436355 0.99528056 0.99723136 0.99626 0.99639416 0.9933573 0.9936718 0.9942087 0.9943517 0.99477154 0.99298745 0.9955454 0.9956506 0.9950892 0.9956689 0.9958196 0.9898675 0.98766935 0.9928433 0.9912764 0.99141127 0.99462485 0.9945151 0.9953365 0.9951953 0.9941615 0.993496 0.9911727 0.99290895 0.99507606 0.99590915 0.99648684 0.99673116 0.9977809 0.9970776 0.9964855 0.99409777 0.9930808 0.9940934 0.99296147 0.9867835 0.99019843 0.99637395 0.995888 0.99222106 0.99571794 0.9943964 0.98962617 0.99051654 0.9960418 0.99573916 0.9961936 0.995268 0.9958697 0.993768 0.9955396 0.99811465 0.9975779 0.998503 0.9953393 0.99475706 0.9967728 0.9973694 0.9953013 0.9929007 0.99338233 0.994889 0.99201 0.9950044 0.99494237 0.99529415 0.9964535 0.99273866 0.99464136 0.99611336 0.99524105 0.9950546 0.995195 0.99578214 0.9938666 0.9951702 0.9948153 0.9952546 0.9933168 0.9951279 0.99581796 0.99627197 0.99537253 0.9951598 0.99457324 0.99554366 0.99650896 0.9958033 0.9960409 0.99508315 0.9956432 0.9958009 0.9957414 0.99437904 0.9965338 0.9952505 0.99464786 0.9946389 0.9959841 0.9952677 0.99742115 0.99739224 0.9967498 0.99622697 0.9977467 0.9959354 0.9927957 0.99449086 0.994808 0.9952939 0.9964738 0.9962787 0.9962065 0.99325144 0.99261135 0.99322736 0.99390554 0.9908752 0.99126625 0.98727435 0.9901129 0.9961256 0.9963654 0.9972868 0.9947524 0.99374676 0.9957739 0.99649197 0.9901023 0.9894574 0.9883246 0.984743 0.9974681 0.9966871 0.9970894 0.99425584 0.9938612 0.9959894 0.9964943 0.99575233 0.99497133 0.99487805 0.9963845 0.99619794 0.9961944 0.99834883 0.9968057 0.9981252 0.99776715 0.99625206 0.99786294 0.99698555 0.9955832 0.99579036 0.9969318 0.9953247 0.99423 0.9972291 0.9972807 0.99646896 0.9958679 0.9951462 0.9942646 0.99269825 0.9975466 0.99746215 0.99756944 0.99666834 0.99711 0.9974899 0.9964456 0.9978383 0.99664307 0.99726415 0.99709463 0.9957974 0.9942487 0.9966026 0.993658 0.9951698 0.99560493 0.9931375 0.99455863 0.9937278 0.99311596 0.99518085 0.99165666 0.98879206 0.98999494 0.9948975 0.995654 0.9942672 0.9965935 0.9958569 0.99560034 0.9948423 0.9964636 0.9945703 0.99502814 0.9927006 0.99197584 0.99449325 0.99667585 0.9953869 0.9965739 0.996891 0.99579304 0.9952512 0.99576235 0.9842634 0.9877942 0.99611866 0.99454564 0.9910098 0.99340737 0.9937907 0.9893907 0.9908691 0.9963048 0.99310523 0.98799676 0.99160784 0.9932239 0.9924345 0.9935595 0.9925547 0.9944506 0.987776 0.99491507 0.99551195 0.99406654 0.9930123 0.9905039 0.994535 0.99602175 0.9948182 0.99441177 0.9937093 0.99421155 0.99460524 0.9937601 0.99178845 0.9942085 0.99621964 0.99608433 0.995001 0.9923504 0.9963524 0.9969476 0.99555564 0.99575156 0.99630666 0.9944682 0.995697 0.99359745 0.9950701 0.99263537 0.9963752 0.99510425 0.9935384 0.9926317 0.99682564 0.9942533 0.99278796 0.9906206 0.9932081 0.9945371 0.9931426 0.9931767 0.9956824 0.9951785 0.9959591 0.9934667 0.9945605 0.99399865 0.9957816 0.99600667 0.994374 0.99330825 0.99710494 0.9963995 0.99719584 0.996483 0.9960039 0.996511 0.9968325 0.99189067 0.99066013 0.9922773 0.99628687 0.9973802 0.9963288 0.9947686 0.99638534 0.99502784 0.9960987 0.99631554 0.9963489 0.9978728 0.9974675 0.9981038 0.99616146 0.99491346 0.99381596 0.9944167 0.99697554 0.9970858 0.9972854 0.9973004 0.9896426 0.98849714 0.986392 0.9955372 0.9950942 0.9933444 0.9966389 0.9975681 0.99760664 0.9971601 0.9969488 0.996634 0.99575317 0.99068016 0.99654126 0.9956866 0.9960295 0.9931078 0.99447805 0.9920287 0.9908239 0.9946959 0.99460435 0.99551463 0.994644 0.9924425 0.9920612 0.9925319 0.992172 0.99532324 0.9944712 0.99548745 0.99443877 0.9949943 0.9935789 0.9925695 0.9926694 0.9940961 0.9951153 0.9950016 0.99506265 0.9967142 0.9958414 0.99640894 0.9966894 0.99657404 0.99544585 0.9954725 0.992952 0.99625635 0.9930831 0.9942879 0.9971607 0.994331 0.9917713 0.9917408 0.9940908 0.9957026 0.99153095 0.9957925 0.99451077 0.99565774 0.9952348 0.9960217 0.99681365 0.9963497 0.996366 0.9973805 0.99414635 0.9918759 0.99235237 0.9912701 0.99264836 0.99247336 0.9934801 0.99276006 0.9934137 0.9928036 0.9964935 0.9944459 0.9939835 0.99521965 0.9960353 0.9952955 0.99485064 0.99416214 0.99662405 0.9975015 0.9979522 0.9979743 0.9978631 0.99459606 0.996306 0.9960185 0.9917037 0.9916871 0.9914414 0.99655163 0.9959596 0.9959398 0.9971979 0.99671507 0.9967828 0.99723804 0.9968146 0.99664783 0.9968462 0.9951405 0.99515367 0.9960631 0.9966973 0.99603385 0.99689513 0.99483216 0.9931464 0.9949876 0.9943719 0.99604386 0.9947963 0.9957595 0.9950599 0.9943998 0.9952933 0.99270725 0.9999999 0.99890196 0.9982626 0.9985579 0.9979303 0.9957947 0.9968507 0.9973445 0.99597114 0.995933 0.99604 0.99631846 0.99279946 0.9964781 0.99650526 0.99664366 0.9958961 0.9945991 0.9971886 0.99708647 0.99818957 0.9967226 0.9973062 0.99807245 0.9968183 0.9965933 0.99606854 0.99369925 0.99470145 0.99608624 0.9957782 0.99460316 0.9955984 0.99597764 0.99504685 0.9963172 0.99626213 0.9951323 0.996329 0.9950713 0.996211 0.993613 0.99159783 0.988232 0.9908112 0.9930587 0.9918376 0.9902656 0.98715025 0.9915771 0.9929483 0.99448276 0.9957889 0.995909 0.9958271 0.9944204 0.9951442 0.99517715 0.99336547 0.9920089 0.99313134 0.99368966 0.99545646 0.99591136 0.9949137 0.99674004 0.9943226 0.9927836 0.99025756 0.99447066 0.995782 0.9947688 0.9952801 0.9939357 0.9968474 0.99516106 0.9924415 0.9957021 0.9932492 0.99451005 0.9951198 0.991307 0.9913459 0.99302334 0.99421895 0.9960852 0.98954463 0.986271 0.9890708
TasicxDimitrijeS_SRP19024MickoHarambasa-L2_2 0.98985654 0.99386275 0.99418604 0.99163425 0.99289346 0.99333525 0.9913889 0.9859012 0.99573195 0.99548686 0.9963318 0.99642575 0.99598914 0.9961966 0.9965238 0.9948453 0.99461097 0.9941604 0.99525326 0.99676085 0.99534595 0.9957632 0.9922033 0.9929208 0.9932008 0.9926623 0.9937253 0.99165314 0.99510944 0.9952105 0.99474174 0.99518776 0.9956845 0.98816997 0.98616123 0.99242264 0.99057233 0.99100155 0.99375975 0.9944314 0.99498266 0.99423796 0.99340326 0.9924046 0.990631 0.9922327 0.99459577 0.99511933 0.99587834 0.9955526 0.9971511 0.99621797 0.9956318 0.9930017 0.99270666 0.9935073 0.99227875 0.9863198 0.9899865 0.99648136 0.99598014 0.9919904 0.99456495 0.9931587 0.98967326 0.99036556 0.99546075 0.99502295 0.99588317 0.99481255 0.9959829 0.9931637 0.99574584 0.9982068 0.9976438 0.99832386 0.9954576 0.9947851 0.9966152 0.99745965 0.996506 0.9921312 0.99295205 0.9928955 0.99035174 0.99378884 0.99375033 0.9943951 0.995665 0.99134034 0.9932625 0.9951605 0.9954985 0.9958206 0.9954484 0.99609673 0.9940547 0.9952946 0.9949475 0.99479496 0.9936531 0.99574155 0.9965133 0.99589545 0.9949003 0.99387676 0.99313956 0.9940902 0.9959442 0.99479103 0.99519175 0.9942898 0.9945569 0.9949832 0.9950611 0.9930944 0.9961848 0.99506277 0.99499446 0.9949275 0.99620074 0.9953408 0.99772197 0.99746543 0.9967706 0.9963402 0.9978699 0.99582756 0.9928838 0.99492335 0.9954003 0.9957884 0.9964409 0.99636495 0.9965401 0.99264234 0.9921755 0.9928909 0.99314874 0.989026 0.98941064 0.98520684 0.98848295 0.9944563 0.9949956 0.996682 0.99458975 0.99359065 0.99549574 0.996584 0.98982817 0.9898143 0.98929995 0.9855916 0.9973908 0.9965085 0.99670583 0.99314946 0.9931286 0.99445736 0.994562 0.9942919 0.993215 0.993901 0.9949616 0.9943012 0.9943056 0.9971714 0.99567634 0.9971795 0.99646544 0.9941939 0.9962303 0.99491596 0.993111 0.9939426 0.996222 0.99467474 0.9935302 0.99650806 0.9965538 0.9955577 0.99496275 0.9935223 0.9921419 0.990559 0.99659324 0.9966166 0.9968535 0.9951846 0.9959428 0.99715716 0.9954711 0.9972941 0.9960828 0.9972933 0.9973037 0.9954697 0.99369514 0.99589264 0.9929291 0.99494195 0.99533176 0.99345887 0.9938924 0.9924712 0.9919145 0.9944026 0.9902649 0.9873041 0.98858553 0.993784 0.9950977 0.99415314 0.99626946 0.9948951 0.9950198 0.99391073 0.9958372 0.9942828 0.99465597 0.99269116 0.9921381 0.9942204 0.9963987 0.99552906 0.995314 0.9968612 0.99542725 0.9950845 0.9950378 0.9831048 0.9869832 0.9954541 0.9933701 0.98978245 0.9921674 0.993346 0.98782945 0.98931843 0.99505293 0.99058217 0.98505527 0.98885715 0.99092114 0.99110985 0.9925091 0.9915643 0.9943957 0.9873488 0.99388397 0.99438083 0.99354106 0.9924398 0.9903673 0.99439967 0.9954728 0.99402356 0.9944657 0.9940686 0.9939266 0.9942369 0.99411356 0.99194425 0.99392796 0.99615556 0.99607664 0.99538803 0.99285614 0.9961694 0.9970262 0.99550503 0.99616843 0.9963242 0.99503314 0.9958278 0.9925349 0.9941244 0.99125975 0.9950856 0.9939661 0.9928193 0.99185276 0.9963157 0.99235874 0.9927313 0.9909259 0.99283034 0.9939141 0.994359 0.99189585 0.9952171 0.99400306 0.9950985 0.99317133 0.9941486 0.99403787 0.9956602 0.99512625 0.99426425 0.9938694 0.99597377 0.995564 0.9966767 0.99533725 0.99485195 0.9956326 0.9961573 0.99088854 0.9898996 0.9913164 0.9954022 0.9967557 0.99583197 0.9941854 0.9957825 0.9941131 0.996056 0.9954584 0.99561423 0.99652964 0.99616635 0.9968426 0.99454856 0.9932142 0.9921718 0.9924578 0.9966424 0.9966096 0.9968695 0.9969686 0.9882232 0.98693347 0.98471856 0.9940264 0.99349177 0.99165744 0.9966349 0.99740183 0.99759233 0.9972774 0.99636525 0.9957257 0.994862 0.9897699 0.9958044 0.99490535 0.99533045 0.9926393 0.99380463 0.9910432 0.98945534 0.9939277 0.99397266 0.9953246 0.9941939 0.99223787 0.9919374 0.9913416 0.99020904 0.9952979 0.9945069 0.9956218 0.99511045 0.9953434 0.99338406 0.9916599 0.99153554 0.993289 0.99410665 0.9935464 0.993825 0.99587953 0.9949 0.9959111 0.9959864 0.9957394 0.99451125 0.9944868 0.9916624 0.99528635 0.99183935 0.9929209 0.9959714 0.9929935 0.99033344 0.9903593 0.99295634 0.9953269 0.9905784 0.9952922 0.99345493 0.99496025 0.99474436 0.9942026 0.995661 0.99531436 0.9952464 0.99594545 0.9920044 0.9905279 0.9912465 0.9900887 0.9920824 0.99180454 0.9928366 0.9917111 0.99227357 0.9919733 0.9961546 0.9944972 0.9931711 0.99416804 0.99534875 0.9949915 0.99448645 0.9936509 0.9961075 0.9974159 0.9981694 0.9974908 0.99812835 0.9955186 0.9967846 0.99655646 0.9919491 0.99240404 0.99254644 0.9956987 0.9956887 0.9954148 0.99694705 0.99612486 0.99696887 0.9972941 0.9969187 0.9952723 0.9954341 0.99415004 0.99475235 0.99553937 0.9959052 0.9955683 0.995786 0.99415445 0.9926647 0.99439853 0.99326354 0.99496025 0.9940782 0.994886 0.9947573 0.9945107 0.99512976 0.99250793 0.99890196 0.9999995 0.99880266 0.99870825 0.9979931 0.9952424 0.99678576 0.99683005 0.99555814 0.99579364 0.9956961 0.99555206 0.99272823 0.9964252 0.9966688 0.9960067 0.99463946 0.9939298 0.9967403 0.99664533 0.9978394 0.99648815 0.99687594 0.9977132 0.9961005 0.9962347 0.9958005 0.9935733 0.9953264 0.99537784 0.99670863 0.99532783 0.9952244 0.99544555 0.99435455 0.99595726 0.99545103 0.9941362 0.995918 0.99410194 0.9955055 0.99258745 0.99101794 0.98746127 0.98998296 0.9919024 0.9910033 0.98946697 0.9864204 0.9912008 0.99230593 0.9935399 0.9947237 0.99458313 0.9946174 0.99315166 0.99411577 0.9942619 0.9923955 0.99135494 0.9919928 0.9930208 0.9943743 0.99470365 0.99342215 0.995287 0.9927869 0.9904364 0.98814654 0.99291295 0.99443895 0.99341094 0.99396795 0.99233663 0.9952548 0.9938504 0.9904458 0.9939697 0.9917764 0.99281615 0.9936 0.98965967 0.98981726 0.9917196 0.9926828 0.9946312 0.99014246 0.9864777 0.9892482
TasicxDimitrijeS_SRP19024MickoHarambasa-L2_3 0.9894916 0.9939433 0.99370843 0.98966205 0.9911649 0.9945717 0.99324745 0.987352 0.99455065 0.99379694 0.99469423 0.9957136 0.9938579 0.993973 0.9952638 0.99259824 0.9927374 0.9926704 0.99425066 0.9950876 0.99293953 0.99347085 0.992626 0.9919404 0.99241114 0.9910056 0.9925727 0.988729 0.993446 0.99271536 0.99234915 0.99407756 0.9932982 0.98478895 0.98211324 0.9913564 0.9894946 0.98866403 0.99277705 0.99265665 0.9929633 0.99194276 0.99236274 0.98965275 0.9898763 0.9914522 0.99261576 0.99316764 0.9939483 0.9938021 0.9963989 0.99581796 0.99509084 0.9929832 0.9926674 0.9929719 0.99204475 0.9866507 0.9891855 0.99609786 0.9959305 0.99115026 0.9946616 0.993456 0.99076396 0.99113655 0.9950887 0.99586576 0.9953961 0.9943167 0.99591386 0.99450934 0.9958436 0.997436 0.9976518 0.99719244 0.9959216 0.9956283 0.9963663 0.9967907 0.9966272 0.9909247 0.99197847 0.9910732 0.98804855 0.99183726 0.9910834 0.99236965 0.99354136 0.99039304 0.99216014 0.99270743 0.9954171 0.9958142 0.9952344 0.9956577 0.9942207 0.99430406 0.99525034 0.9943181 0.9940539 0.99521834 0.9955076 0.9939173 0.9922319 0.99352276 0.99105763 0.99234605 0.9948457 0.9933972 0.99351907 0.99215746 0.99284077 0.99329495 0.99353385 0.99101394 0.9956746 0.99433744 0.99487007 0.99441206 0.99622065 0.99527436 0.99726117 0.996714 0.9954725 0.9961545 0.9964012 0.9958185 0.9932352 0.99437064 0.99431664 0.99500287 0.99492973 0.99498975 0.99577475 0.9902519 0.9908099 0.99185467 0.9917471 0.9880771 0.9876769 0.98375326 0.9870555 0.99467266 0.9948212 0.9959721 0.99501616 0.99442893 0.9958676 0.99646944 0.99075377 0.99106324 0.990623 0.98730683 0.9964989 0.99485826 0.9949977 0.9909094 0.9909001 0.9928322 0.9928472 0.9922694 0.9909878 0.9919025 0.9930824 0.9924482 0.99283254 0.9954849 0.9946271 0.99547714 0.99486536 0.9915391 0.9943304 0.9926791 0.9903469 0.9913731 0.99460834 0.9921119 0.99083996 0.9953769 0.994961 0.9929138 0.9923547 0.9914655 0.9896972 0.9877857 0.9952972 0.99474794 0.9950143 0.99398607 0.99391246 0.99547714 0.9926625 0.9955725 0.9933519 0.9955396 0.9962262 0.99556226 0.99410135 0.9955622 0.99284303 0.99359566 0.99401605 0.9921642 0.99403626 0.9920987 0.99129236 0.993289 0.9903452 0.98769194 0.98840934 0.99216175 0.9937411 0.99348754 0.9951592 0.992877 0.99411947 0.99258304 0.9937345 0.99377996 0.9940851 0.99158823 0.99111927 0.9928788 0.9952373 0.99481493 0.99335146 0.99595875 0.9950174 0.9955471 0.99434817 0.98515517 0.98783344 0.9946515 0.9938071 0.99101686 0.99291736 0.99289703 0.99021524 0.9899815 0.99429625 0.98807335 0.9816723 0.9868298 0.9893998 0.99183095 0.99295074 0.99262273 0.99573153 0.9900572 0.99399 0.99409467 0.99309766 0.99400777 0.9927824 0.9955282 0.99671984 0.99503636 0.9958422 0.99646026 0.9951037 0.99591076 0.994228 0.99331427 0.9943828 0.99582654 0.9959531 0.99594855 0.9940319 0.99493706 0.99565953 0.9947603 0.99549997 0.9949192 0.99457467 0.995351 0.9940709 0.99511504 0.9915584 0.99516296 0.99367476 0.9946273 0.9938468 0.9966379 0.9930314 0.994757 0.99312794 0.9948277 0.99571204 0.995869 0.99362326 0.9965148 0.9952651 0.9958544 0.99446845 0.99476814 0.99407005 0.9956324 0.99593866 0.99496 0.9943578 0.9950095 0.992994 0.9957917 0.9927571 0.9923809 0.99284077 0.99454427 0.9906498 0.98902893 0.99115413 0.9953158 0.99575186 0.9950759 0.9940239 0.9947585 0.99484193 0.9954219 0.9951119 0.995355 0.9953301 0.9954767 0.99565655 0.9934058 0.9914971 0.9901397 0.99077594 0.9954962 0.9953964 0.9956373 0.9957354 0.9875128 0.985458 0.98322237 0.9917406 0.99057615 0.9889759 0.9963219 0.99611163 0.9961209 0.99615604 0.9949104 0.9945476 0.99269855 0.98736465 0.99502087 0.9932873 0.9938799 0.99125093 0.99176943 0.9894279 0.9872612 0.99316436 0.99283886 0.99444926 0.9925949 0.99179715 0.9907709 0.99018353 0.9865674 0.9945439 0.9945715 0.9946787 0.9944814 0.99489504 0.9936516 0.99189454 0.9913176 0.99294186 0.9938693 0.99303764 0.9930594 0.9948055 0.99258435 0.99485314 0.9948616 0.9945613 0.9921131 0.99250466 0.9881702 0.9941638 0.9885774 0.99002165 0.99433696 0.99023646 0.98655087 0.9869199 0.9895746 0.9946959 0.9872068 0.9938093 0.9904742 0.9938806 0.9935334 0.99136907 0.9933429 0.9928109 0.99252015 0.99375737 0.9901234 0.99024457 0.99229014 0.9904341 0.9922817 0.99112546 0.99296737 0.9920392 0.99208677 0.99166465 0.994835 0.99267644 0.9915317 0.9929838 0.99320805 0.9939798 0.99363697 0.9919585 0.99487096 0.9971905 0.9972066 0.9973275 0.9968252 0.99545234 0.9974632 0.99583405 0.9939648 0.9945027 0.99410874 0.9934124 0.99469244 0.9946875 0.995759 0.9952688 0.9972105 0.9971186 0.99632716 0.9947864 0.9932594 0.99540544 0.9948211 0.9953559 0.9954246 0.9953422 0.9947235 0.99348843 0.99177366 0.9935921 0.9916681 0.9940722 0.99343836 0.99361175 0.9945499 0.99371344 0.9940293 0.9928946 0.9982626 0.99880266 0.9999999 0.99880254 0.99880433 0.99639034 0.99678785 0.99597317 0.99527824 0.99516034 0.9956248 0.995916 0.99443984 0.99621326 0.99728453 0.99491704 0.9942634 0.99465364 0.9962684 0.99511683 0.9964902 0.995667 0.9960761 0.9969685 0.9964666 0.996483 0.995863 0.9948539 0.99511707 0.99532855 0.99672174 0.9960079 0.99423033 0.9940505 0.99223924 0.9944423 0.9943417 0.9926145 0.99421954 0.9934213 0.99392945 0.9911986 0.9897096 0.9862387 0.98918974 0.9897076 0.9893006 0.98829657 0.9849363 0.99213445 0.9932832 0.99415183 0.99450445 0.9936626 0.9943848 0.99369484 0.9939283 0.99394196 0.9935361 0.9922154 0.9930632 0.9931749 0.9938507 0.99396354 0.99315614 0.9927201 0.9892035 0.98643863 0.98368 0.9893761 0.9912136 0.989733 0.9904397 0.9883062 0.9927352 0.99079984 0.9867333 0.9913188 0.9880183 0.98936075 0.99008405 0.9853712 0.98523676 0.9874942 0.98902196 0.992037 0.9902783 0.98643035 0.9886724
TasicxDimitrijeS_SRP19024MickoHarambasa-L2_4 0.9900022 0.99468124 0.99385923 0.9901576 0.9911613 0.99429333 0.9921182 0.9877727 0.9951395 0.9939353 0.9950169 0.99603236 0.9943955 0.99453104 0.99554735 0.9930961 0.99302286 0.99316025 0.9947676 0.99550873 0.9929033 0.9937204 0.9927615 0.99225336 0.99239415 0.99100125 0.9922414 0.98900163 0.993162 0.99244416 0.99214745 0.9935155 0.99305683 0.9855831 0.9831351 0.99121666 0.9896918 0.9884648 0.9932918 0.99354994 0.9932468 0.9923179 0.99273527 0.99039835 0.9899178 0.9918857 0.99291396 0.99371797 0.99451935 0.9942895 0.99698937 0.99640304 0.99551255 0.9935937 0.99320054 0.9935713 0.9930582 0.98612905 0.98948014 0.99556464 0.99548525 0.99128056 0.99502194 0.9936148 0.9906802 0.9913115 0.9954495 0.99559915 0.995816 0.9959692 0.99685067 0.99502486 0.9964366 0.9977447 0.9977537 0.99738514 0.9963087 0.9955374 0.9972041 0.9975448 0.99684834 0.99204886 0.9933243 0.99234575 0.9895681 0.99342704 0.99259037 0.99399555 0.9945299 0.9916316 0.9935714 0.99307 0.99560463 0.9948709 0.99491173 0.9959935 0.9941515 0.9950161 0.9946973 0.9942324 0.9933108 0.99466527 0.99509716 0.99499226 0.99326485 0.99467415 0.9922087 0.99349064 0.9959278 0.9947682 0.99491113 0.99381196 0.99433017 0.99459016 0.99505734 0.992453 0.9966654 0.9956905 0.9958306 0.99568486 0.9965812 0.9957098 0.99720645 0.9970961 0.9964927 0.99701446 0.9968722 0.996205 0.9943476 0.995642 0.9955881 0.9961455 0.99640137 0.9963171 0.99674404 0.99064404 0.9914757 0.9926412 0.99240977 0.9897945 0.98949945 0.9855218 0.9888742 0.99527836 0.9954357 0.996404 0.9964212 0.9958331 0.9969326 0.99759626 0.99159926 0.99169946 0.9912034 0.9879893 0.99682415 0.99521214 0.9954142 0.992034 0.992014 0.9936006 0.99347204 0.99308664 0.9916408 0.9925684 0.99361485 0.9929735 0.9930071 0.99618447 0.99502945 0.9966425 0.9955977 0.99228644 0.9949123 0.99364126 0.99141216 0.9922599 0.9950763 0.99234116 0.99103993 0.996421 0.99573195 0.9935952 0.9932869 0.99228376 0.9909719 0.9893011 0.9964825 0.99623203 0.9965551 0.99540997 0.99426544 0.99581313 0.99296355 0.9957364 0.9939941 0.99639934 0.996907 0.99646413 0.9954616 0.9963824 0.99374807 0.9946553 0.9952948 0.99307275 0.9951683 0.9935052 0.9925348 0.99462885 0.9915221 0.98881835 0.98967594 0.9936445 0.9938365 0.9929984 0.99543285 0.99313116 0.9942801 0.9926484 0.9940096 0.9937799 0.9939302 0.99104166 0.99029857 0.9926244 0.9951739 0.99407667 0.99430436 0.9957035 0.9948596 0.99478626 0.9938406 0.98534465 0.9889562 0.99597394 0.9948621 0.9926544 0.9942401 0.99387705 0.9911681 0.99148387 0.9951118 0.9893455 0.9833245 0.9883267 0.9908669 0.9932074 0.9940616 0.9926882 0.99529326 0.99091864 0.99502194 0.99504155 0.9939506 0.99416363 0.9924767 0.9957631 0.99631447 0.99496055 0.99583596 0.994534 0.9949289 0.99535006 0.9940465 0.9931798 0.9950124 0.9965703 0.9961563 0.99529624 0.993376 0.99620044 0.9966964 0.99594194 0.9965037 0.996124 0.99612784 0.9962555 0.9942031 0.9950164 0.9916575 0.9951138 0.99404573 0.99415094 0.9937887 0.9961294 0.9931582 0.99397343 0.9927276 0.994652 0.99539554 0.9945234 0.99330336 0.9963483 0.99534184 0.99577206 0.9949369 0.9957589 0.9953995 0.9967238 0.9962276 0.99584424 0.9951033 0.9947186 0.9934692 0.99492294 0.99317956 0.9925363 0.99341065 0.99421287 0.99194896 0.990455 0.99289423 0.9962764 0.9965736 0.99610716 0.99563307 0.995958 0.9958177 0.99667877 0.9960476 0.9959812 0.99599403 0.99613196 0.9964086 0.99459326 0.99241257 0.9913735 0.992167 0.99608684 0.9961905 0.99634254 0.99642307 0.9883205 0.9862405 0.98412055 0.99338645 0.9920408 0.9908032 0.99705297 0.99670523 0.99672097 0.9968781 0.9951041 0.9953253 0.9933229 0.98761183 0.9958583 0.99460363 0.99512833 0.9922837 0.99265575 0.99047303 0.9883245 0.99396276 0.9937853 0.9951074 0.9933979 0.9920726 0.9914325 0.9907697 0.98724926 0.99524015 0.9953661 0.99496806 0.9951584 0.9955536 0.9943832 0.9929218 0.99297214 0.99400896 0.9948787 0.9940342 0.99405026 0.99585 0.99332744 0.9959313 0.9959332 0.99563754 0.9931386 0.9935488 0.9890313 0.9950177 0.9895115 0.990594 0.9951375 0.9910548 0.9872225 0.98761076 0.9904437 0.9953945 0.98814183 0.9948024 0.9913018 0.9948648 0.9946085 0.99241513 0.99401975 0.99345636 0.99292994 0.9942983 0.9905274 0.9917314 0.9934795 0.9921313 0.99344736 0.9925946 0.9941856 0.9930212 0.9928636 0.9928376 0.9951229 0.9931314 0.99219525 0.9937988 0.9938909 0.9944525 0.99408937 0.992455 0.99556905 0.9968699 0.9975671 0.99774647 0.9974869 0.9964174 0.997513 0.99720913 0.99366605 0.9934734 0.9938833 0.99444884 0.9957422 0.995927 0.99655247 0.9960703 0.99646634 0.99687123 0.9967069 0.99544233 0.994323 0.99541277 0.99556786 0.99589044 0.99625856 0.9960074 0.99533117 0.9945767 0.9935138 0.99441826 0.9926264 0.99471164 0.9945631 0.9946605 0.99514437 0.9942486 0.99456215 0.9936778 0.9985579 0.99870825 0.99880254 1.0 0.99893814 0.9970218 0.99689376 0.9963593 0.9960685 0.9961362 0.9964529 0.99668103 0.9950703 0.9964677 0.9975011 0.99580467 0.9949131 0.9952561 0.9967136 0.99608254 0.99720365 0.9961498 0.99660254 0.99693155 0.9967026 0.9966878 0.99657553 0.99510425 0.9960366 0.9956178 0.9974568 0.99663126 0.9956541 0.9950156 0.9930771 0.99528927 0.99500066 0.9930714 0.99533165 0.9940758 0.99484736 0.99159807 0.98987883 0.98578024 0.98899895 0.98987466 0.9895434 0.9882406 0.98517174 0.99316305 0.9940498 0.9947466 0.99522305 0.99475306 0.99544585 0.9946631 0.99483544 0.9947537 0.99409974 0.99294376 0.9934123 0.99397975 0.9946403 0.9943993 0.9936144 0.9939021 0.9901145 0.9876528 0.9848856 0.9898577 0.9918294 0.9907177 0.9912609 0.9892599 0.9933113 0.99085325 0.986974 0.99125725 0.98883665 0.9898154 0.99070656 0.98652214 0.9861479 0.98856246 0.98947316 0.99197876 0.9905296 0.98651963 0.9885539
TasicxDimitrijeS_SRP19024MickoHarambasa-L2_5 0.9910007 0.9955542 0.99474174 0.9900983 0.9913052 0.9957408 0.9939388 0.98964536 0.9946249 0.9936214 0.994614 0.99598753 0.9936167 0.9937103 0.9951736 0.99253255 0.99267167 0.99321616 0.99476546 0.99490774 0.99208426 0.99299467 0.993466 0.9927056 0.9928807 0.99103063 0.99263626 0.9886137 0.99316746 0.99181443 0.99177265 0.99351 0.9924714 0.98462033 0.9818863 0.99238455 0.9909434 0.9892391 0.9941464 0.9938178 0.99372625 0.99240345 0.9937566 0.9903356 0.99154395 0.99319196 0.9931701 0.9937033 0.9945284 0.9939852 0.9964054 0.99592125 0.995047 0.9943526 0.99365944 0.99440783 0.9942122 0.9885206 0.9909842 0.9963415 0.9963181 0.9924677 0.9962683 0.9952891 0.9930044 0.9935391 0.995875 0.9964484 0.996093 0.9958658 0.99643546 0.9961474 0.9966708 0.99706477 0.99759465 0.9967461 0.9968082 0.9961496 0.9973185 0.99750155 0.9970415 0.9924173 0.99401116 0.99203086 0.9890138 0.99295825 0.99180806 0.9935779 0.9940314 0.9920324 0.99324834 0.99217993 0.99556416 0.9953892 0.994887 0.99572766 0.9944505 0.9947581 0.99492717 0.99414665 0.99359983 0.99491656 0.99495506 0.993555 0.9919467 0.9939621 0.99105996 0.99230415 0.9946253 0.99351764 0.99347186 0.99269366 0.993417 0.993727 0.99418837 0.99164754 0.9959719 0.9948117 0.99525946 0.9952119 0.9965677 0.99539244 0.99724865 0.99661785 0.9960876 0.99720925 0.99657524 0.99682844 0.99550307 0.99615824 0.99595934 0.99666244 0.99614763 0.9961248 0.9970519 0.9901084 0.9918641 0.99303085 0.99294424 0.99013555 0.98908913 0.985332 0.9885221 0.995747 0.99494237 0.99552506 0.99628025 0.9961438 0.99706525 0.997125 0.99297714 0.9929217 0.9919672 0.98966706 0.99618036 0.9948078 0.9949262 0.99144286 0.9914267 0.99342376 0.9934257 0.99236333 0.9914639 0.9923186 0.9934436 0.9921522 0.99308175 0.99545586 0.99505603 0.9956174 0.99461126 0.99116397 0.9937138 0.9925146 0.9900176 0.9911674 0.99426526 0.9912959 0.9899693 0.99566406 0.99434555 0.99235183 0.9919634 0.9914082 0.9889877 0.9869057 0.99579704 0.9953171 0.99509674 0.99516165 0.9937074 0.9947941 0.9916499 0.99512297 0.99306554 0.99568653 0.99611634 0.99672204 0.99604076 0.9965603 0.99435043 0.99426776 0.9952038 0.9934853 0.99590695 0.99329823 0.9924885 0.9937437 0.9918732 0.98951644 0.9903522 0.99310964 0.9939225 0.9940765 0.9957273 0.9930661 0.99474126 0.9931911 0.9938717 0.99441075 0.99481606 0.9911417 0.990626 0.99280477 0.99486214 0.99435186 0.99359125 0.99621123 0.9949379 0.99560905 0.9943328 0.9876512 0.99064183 0.9948171 0.99453104 0.9926546 0.99378914 0.99344575 0.9914516 0.99181604 0.99411595 0.9876954 0.98070675 0.98669374 0.9894041 0.99317384 0.9934605 0.99494994 0.9969992 0.99271435 0.9961949 0.99594516 0.9953476 0.9961651 0.99422157 0.99680084 0.99747497 0.99617714 0.9970804 0.9960542 0.99616057 0.99667746 0.9941175 0.9933334 0.99511594 0.99605787 0.9958967 0.995424 0.99377054 0.9954925 0.99590904 0.9957031 0.99637246 0.9955572 0.9956393 0.99600196 0.9958385 0.99611765 0.9924086 0.99569607 0.9946189 0.99570864 0.99551076 0.99646676 0.9946743 0.99544555 0.9939184 0.9958998 0.9965002 0.9951111 0.9951105 0.99698037 0.99665457 0.9965373 0.99578863 0.996031 0.9957663 0.9969027 0.9967953 0.99616015 0.99561423 0.9942003 0.99148774 0.9941408 0.99165326 0.99110436 0.99163294 0.99267673 0.9926171 0.99078417 0.99290156 0.9956725 0.99576944 0.9959233 0.99593115 0.9958377 0.9960301 0.9964603 0.99597526 0.9959807 0.99574995 0.99622333 0.99606186 0.9940538 0.9921993 0.9908112 0.9919329 0.9957882 0.9954315 0.99578846 0.9961331 0.9892983 0.9870518 0.98529166 0.99237674 0.9905407 0.9895026 0.9969661 0.99620306 0.9959469 0.99628675 0.9948116 0.9953166 0.9925867 0.98737746 0.99551874 0.9940224 0.99444914 0.99226743 0.9919404 0.99021673 0.9880647 0.994194 0.9936425 0.99501324 0.99325776 0.99284464 0.99169445 0.9911746 0.9858559 0.99504757 0.9955512 0.9948463 0.9948178 0.9955693 0.99541485 0.9933799 0.99321413 0.9939868 0.995267 0.99475175 0.994757 0.9956544 0.99297714 0.9961219 0.99586105 0.995565 0.99314356 0.9934932 0.988374 0.99534225 0.98870707 0.989782 0.9945068 0.99034053 0.98583543 0.986805 0.9892584 0.9959836 0.9876826 0.9947664 0.9910872 0.9951398 0.99512935 0.99084306 0.9922861 0.9917792 0.99124265 0.9930642 0.99037194 0.9919009 0.994244 0.9931044 0.9941091 0.9932818 0.99469507 0.9939233 0.9938719 0.9936852 0.99481744 0.9926141 0.9917116 0.9941198 0.9929124 0.9939023 0.99369484 0.99162906 0.9946357 0.996967 0.9968991 0.9975604 0.99695164 0.9963647 0.99779314 0.9964496 0.99509823 0.9946028 0.9942972 0.99320215 0.99495584 0.99533856 0.99561775 0.99568814 0.9966091 0.99692595 0.99640703 0.99595773 0.99376386 0.9969392 0.99598134 0.9963846 0.99678147 0.9965455 0.99570346 0.993865 0.99237794 0.99389064 0.99196386 0.9941581 0.99433595 0.9941227 0.99514693 0.9933679 0.99369043 0.9938478 0.9979303 0.9979931 0.99880433 0.99893814 0.99999964 0.99829304 0.99702793 0.9962645 0.99679023 0.99655944 0.99668026 0.99738353 0.99565136 0.99676645 0.9977123 0.9956175 0.9953162 0.99613756 0.9963235 0.9957603 0.9965683 0.9960801 0.9967172 0.99680793 0.9975958 0.9973211 0.9970991 0.99561197 0.9959396 0.99606895 0.99689126 0.99689174 0.99504554 0.9945437 0.9918854 0.99431217 0.9943612 0.99268603 0.9944264 0.99383515 0.99431545 0.9914636 0.98981935 0.98649853 0.98935854 0.98956335 0.9894806 0.9884073 0.9852281 0.9935754 0.99463737 0.9951728 0.9954123 0.99430853 0.9951427 0.9951999 0.99505377 0.99498075 0.9945407 0.9934467 0.99407446 0.9941565 0.994429 0.9937842 0.9935074 0.9920967 0.9881821 0.9855913 0.9822615 0.98821276 0.99024236 0.98905873 0.98935115 0.98730016 0.9920447 0.98946965 0.9855255 0.9900485 0.98730844 0.9881589 0.9889204 0.9841591 0.98377323 0.9863268 0.98754245 0.9908425 0.9914424 0.9880735 0.9896442
TasicxDimitrijeS_SRP19024MickoHarambasa-L2_6 0.99036855 0.99644744 0.99420106 0.9887396 0.9902506 0.99603903 0.9933957 0.98926765 0.99479675 0.99273473 0.99358743 0.99578214 0.9924401 0.99246234 0.9940225 0.99083126 0.99035245 0.9916449 0.9936591 0.9942364 0.9902617 0.99115634 0.9946974 0.9930722 0.99268657 0.98954964 0.9915403 0.9868359 0.99201095 0.9895541 0.9892789 0.992559 0.9902999 0.9809521 0.9774186 0.9913829 0.9904459 0.9865772 0.9945327 0.99383986 0.9930525 0.9913178 0.99359244 0.9886802 0.99142545 0.99367964 0.99210656 0.9929018 0.9941625 0.9924761 0.9960257 0.9953326 0.9935157 0.9934961 0.9924405 0.9931874 0.9937472 0.98696166 0.9893669 0.9941311 0.9939583 0.9909602 0.99581575 0.9948469 0.99295515 0.99361944 0.99497414 0.9962573 0.9952644 0.9972374 0.99673086 0.99802995 0.9970927 0.9964055 0.99731237 0.9955269 0.99734324 0.99644095 0.99688977 0.9977118 0.99674296 0.99077535 0.9930728 0.992048 0.98909473 0.9930124 0.9911471 0.9933819 0.99360156 0.9918101 0.9929816 0.9887199 0.9947522 0.9935538 0.99368125 0.99464417 0.9933465 0.9940149 0.9941086 0.9927542 0.99216413 0.9928461 0.9928138 0.99265647 0.9901809 0.9940193 0.9891153 0.9908914 0.99383044 0.9925809 0.9929363 0.9920028 0.992288 0.9925324 0.99362975 0.9900132 0.99634546 0.99581504 0.99588484 0.99598044 0.9967468 0.9954412 0.996492 0.99658436 0.9964815 0.99804604 0.995224 0.9979341 0.99636006 0.99697703 0.99631965 0.997144 0.99635017 0.99636465 0.9974857 0.98653585 0.989819 0.9911327 0.9913117 0.99094176 0.98935205 0.98578537 0.9890032 0.9965936 0.99542046 0.99521255 0.9968056 0.9974122 0.99751616 0.99747795 0.9936561 0.9942924 0.99200076 0.99121934 0.9953417 0.99398345 0.99332964 0.9896792 0.9894341 0.9924485 0.9918968 0.99051887 0.98968947 0.9907202 0.99210334 0.98935294 0.99060035 0.99349976 0.9928172 0.9941881 0.9923789 0.98838776 0.99199504 0.9907675 0.98767906 0.98854697 0.9920084 0.988005 0.98684037 0.9951564 0.9931117 0.99032384 0.99048 0.99042755 0.9883495 0.98605436 0.9948117 0.9938163 0.9940648 0.9940106 0.9914256 0.9933625 0.98848104 0.992862 0.9902754 0.9946248 0.99547863 0.997615 0.99719954 0.99633086 0.9940851 0.9936255 0.9948578 0.9928339 0.9965378 0.9934573 0.99206 0.9933842 0.99196494 0.989936 0.9905564 0.99225134 0.99301493 0.9934672 0.9945711 0.99112433 0.9943148 0.9917587 0.99209464 0.99340993 0.9932467 0.9876243 0.9868704 0.9898642 0.99240166 0.9916863 0.99224967 0.9945566 0.99304134 0.9938969 0.99171793 0.9909276 0.99370664 0.9944663 0.99436235 0.9942573 0.99441504 0.9921463 0.9936252 0.9926579 0.9931313 0.98590416 0.97854495 0.98571795 0.98899734 0.9944012 0.9935091 0.9960341 0.99830604 0.9960474 0.99693775 0.99677765 0.9961451 0.99727464 0.9960102 0.9977944 0.9983017 0.99614924 0.99785405 0.996434 0.9979459 0.99776995 0.99426746 0.99476767 0.9964498 0.99679476 0.99621826 0.9950636 0.993801 0.9941767 0.99431163 0.9947984 0.9965162 0.9949589 0.9961432 0.9955249 0.99716103 0.99702823 0.9933828 0.9960787 0.9953304 0.9965968 0.9972304 0.99569726 0.99530697 0.9956737 0.9940422 0.9969235 0.9971502 0.99445766 0.99601805 0.9973448 0.9975469 0.99609977 0.9967989 0.9965426 0.9958615 0.9978878 0.9969331 0.99667364 0.9957258 0.9936257 0.989931 0.9925891 0.9903033 0.9897974 0.9899537 0.9905577 0.9934249 0.9910236 0.9933815 0.99678516 0.9956427 0.9967707 0.99738383 0.9962925 0.9975629 0.9968688 0.99636304 0.9955846 0.9942515 0.9954571 0.99477786 0.99321187 0.9907217 0.9893782 0.99077535 0.99545276 0.99501854 0.995373 0.9959264 0.9878862 0.9852159 0.9832947 0.9917073 0.9894219 0.98924065 0.9971978 0.9952546 0.99487877 0.9950556 0.992931 0.99441713 0.99029726 0.98489213 0.99490637 0.9928431 0.993479 0.99167985 0.98998857 0.98835856 0.9863241 0.9938533 0.9925311 0.9938352 0.991477 0.9918411 0.98986894 0.9891841 0.9825435 0.99582905 0.9967309 0.99434215 0.9948682 0.99603885 0.9968473 0.9964131 0.9962932 0.99655586 0.99738574 0.996402 0.99617004 0.99421924 0.989988 0.99537134 0.9948334 0.9948876 0.99111617 0.9917432 0.984427 0.9941361 0.98459756 0.98580974 0.9924044 0.9870125 0.981619 0.9825697 0.9853992 0.9955479 0.9838964 0.99322236 0.98849 0.99404085 0.9939657 0.9890838 0.9909729 0.99038815 0.9889486 0.99128956 0.98924816 0.99372727 0.99648046 0.99563247 0.9959875 0.9946198 0.9965508 0.99545676 0.9946564 0.99504817 0.9936777 0.99042475 0.98975986 0.9941677 0.9914935 0.99234766 0.9925624 0.989536 0.9936836 0.9958777 0.99535996 0.99699026 0.9960615 0.9969599 0.9975162 0.99629986 0.99507135 0.994414 0.9941196 0.99234784 0.9948718 0.99506086 0.9949799 0.9952141 0.9951692 0.99608815 0.99581164 0.99600667 0.9927918 0.9979687 0.99760586 0.99709445 0.9966041 0.99680424 0.9951812 0.9952868 0.993632 0.99597734 0.9938625 0.995756 0.99653 0.9955687 0.9971005 0.9950689 0.99475104 0.99653363 0.9957947 0.9952424 0.99639034 0.9970218 0.99829304 0.99999976 0.9974887 0.99558485 0.9969303 0.9975009 0.99681354 0.99811876 0.9965876 0.99719197 0.9980653 0.9967356 0.995472 0.99706924 0.9960375 0.9956815 0.99613696 0.99583334 0.9968736 0.99558294 0.9975598 0.99703014 0.9969585 0.995639 0.9953203 0.99541575 0.9964898 0.99752784 0.99597245 0.99440247 0.99114615 0.994229 0.993986 0.99196666 0.9943768 0.9936668 0.99440354 0.9895058 0.9875441 0.98342437 0.98688054 0.9862746 0.98637617 0.98530716 0.98172504 0.996362 0.9975517 0.9975069 0.9967519 0.9950146 0.99646217 0.99746764 0.99620986 0.996638 0.9971244 0.99629116 0.99689287 0.9967875 0.99631256 0.9952869 0.99525976 0.9908619 0.98457766 0.9829949 0.9788673 0.98553497 0.9877932 0.9868117 0.9870376 0.9843079 0.989751 0.9855956 0.981342 0.98659986 0.983575 0.9849099 0.98580694 0.9795616 0.97950405 0.9825371 0.98373944 0.9875052 0.9905463 0.98688877 0.9881648
TasicxDimitrijeS_SRP19024MickoHarambasa-L2_7 0.990219 0.99515706 0.9936658 0.99116534 0.99242806 0.993367 0.9907507 0.98630965 0.9959575 0.9943497 0.9954755 0.99631596 0.99493074 0.99517214 0.9945951 0.99218804 0.9912257 0.99153686 0.9933808 0.99589425 0.99339116 0.994158 0.99339294 0.99268377 0.9927573 0.99125785 0.9926419 0.9892646 0.99272525 0.9917718 0.99111533 0.99349546 0.992415 0.98416317 0.98145694 0.99028856 0.9887827 0.98725045 0.9940795 0.9938851 0.99425465 0.993967 0.9941266 0.9907672 0.9902827 0.99231726 0.993679 0.99503237 0.9956175 0.9951378 0.9980109 0.9976269 0.99648625 0.99395233 0.99345034 0.9921188 0.99163556 0.98411405 0.9878869 0.9945865 0.9942513 0.9898679 0.9947955 0.9937339 0.98922855 0.99004763 0.996464 0.9966847 0.99688643 0.9966532 0.9965614 0.99495107 0.99630094 0.997898 0.99773467 0.997136 0.9954413 0.99499553 0.99670875 0.9982894 0.9958364 0.9924383 0.99304557 0.99468493 0.99209684 0.9949155 0.9942301 0.99498063 0.99586666 0.9931825 0.99488074 0.9918499 0.99471706 0.99461305 0.99462503 0.99601007 0.9943039 0.9957472 0.9950018 0.9944118 0.9926306 0.9944824 0.9953396 0.9966518 0.99523515 0.99550235 0.99357736 0.9952777 0.9967504 0.9961051 0.99638015 0.9954059 0.99552023 0.9955753 0.99590427 0.9938554 0.99666506 0.9966451 0.9964452 0.9963263 0.9971224 0.99604434 0.99686766 0.997038 0.99671555 0.99712497 0.9964989 0.99651504 0.99323684 0.99548715 0.9953345 0.9956958 0.9964877 0.9965932 0.9970198 0.9878835 0.9894629 0.99049187 0.9912441 0.9923521 0.9924063 0.98913044 0.9919175 0.9967575 0.9969917 0.99778104 0.99551636 0.99552226 0.9966835 0.99717784 0.9892931 0.9905249 0.9893906 0.9866801 0.99636436 0.9950522 0.99445325 0.9924748 0.99246675 0.9938917 0.9935587 0.9929104 0.9915475 0.992507 0.99387425 0.9928046 0.99232346 0.99550724 0.99377245 0.9959096 0.9942216 0.99204886 0.99507886 0.99380314 0.9912383 0.99217594 0.9935543 0.99101156 0.9903438 0.9960784 0.9959506 0.99356496 0.9935798 0.99448365 0.9926758 0.99133295 0.9952249 0.9949422 0.9959657 0.9945326 0.9930002 0.99535227 0.9919887 0.9947704 0.9931983 0.995757 0.99632514 0.99681604 0.9959986 0.9972389 0.9948178 0.99598956 0.99623924 0.9941032 0.99559206 0.99479765 0.9935118 0.9959762 0.99273145 0.9900403 0.99131787 0.9948067 0.99344784 0.9928791 0.9948542 0.9930125 0.9937566 0.9924928 0.9938399 0.99240017 0.9926227 0.9889885 0.98802596 0.9910774 0.9937476 0.992577 0.9952154 0.9950195 0.99349725 0.99355036 0.9928406 0.9853302 0.989313 0.99524045 0.9940067 0.9925256 0.9943381 0.9934512 0.99119955 0.9912716 0.9952138 0.9897803 0.98372215 0.9892849 0.991684 0.994072 0.99456215 0.9928813 0.99601156 0.9920779 0.9950238 0.9960716 0.9945662 0.99463385 0.99228805 0.9963343 0.99693877 0.99493766 0.99591076 0.995589 0.99673146 0.9965767 0.99532 0.99407387 0.99623 0.9978554 0.997605 0.9959901 0.99410653 0.9953151 0.99605674 0.99562174 0.99640656 0.99653333 0.99609536 0.99640137 0.9945556 0.99581695 0.9939872 0.9964665 0.9956987 0.99446094 0.99393797 0.9966852 0.994209 0.9944136 0.9927873 0.994869 0.99554694 0.99426335 0.99390393 0.9966676 0.9957728 0.99627984 0.9947636 0.9958237 0.9949673 0.99692494 0.9965668 0.9960642 0.99502254 0.9957773 0.99460995 0.9953722 0.99437034 0.993778 0.9941695 0.9945159 0.99207956 0.9904594 0.9927321 0.9970172 0.9973421 0.99710405 0.99604565 0.9968942 0.99682677 0.9974495 0.9955437 0.994904 0.9956096 0.99610245 0.9959241 0.99498963 0.992835 0.99215186 0.9924609 0.996016 0.99677086 0.996332 0.99664915 0.9879507 0.9859805 0.9838842 0.99479234 0.9936338 0.99318874 0.9964762 0.99651325 0.9964529 0.9965822 0.99462366 0.9947238 0.9928034 0.98612344 0.9953134 0.9938239 0.9942835 0.9905193 0.99112874 0.9882324 0.98651755 0.99229 0.9917933 0.9931076 0.99123734 0.98983663 0.98845804 0.9878644 0.9872359 0.9966009 0.99621415 0.99554056 0.99560714 0.99618316 0.9947551 0.9946859 0.99515617 0.99622285 0.99665344 0.99551094 0.9952092 0.9945821 0.99223477 0.9952785 0.99502915 0.9957251 0.9928561 0.9923714 0.9880113 0.99386907 0.9878682 0.9893226 0.99440545 0.9905054 0.986817 0.98650163 0.98942673 0.9946854 0.9862778 0.9930197 0.9904127 0.99386483 0.99368376 0.9932429 0.9954208 0.9948935 0.99379545 0.99432904 0.99164855 0.99142367 0.9934365 0.9922281 0.9933004 0.99191654 0.9942139 0.99259806 0.99194133 0.99197656 0.99526054 0.99294156 0.99190027 0.9942361 0.99492896 0.99402624 0.9941112 0.99250406 0.9963154 0.99700814 0.9972278 0.99750346 0.99789554 0.99583125 0.9970001 0.9971974 0.9930075 0.99364346 0.99340755 0.99586624 0.9967456 0.99650717 0.9970181 0.9965648 0.9959757 0.9965157 0.9969593 0.99673545 0.9955399 0.9966322 0.9968881 0.9976444 0.9969199 0.99716234 0.9962711 0.9967705 0.9958071 0.99650913 0.9953696 0.99667674 0.9964393 0.99706745 0.9967229 0.9960645 0.9964311 0.9953837 0.9968507 0.99678576 0.99678785 0.99689376 0.99702793 0.9974887 1.0 0.9963323 0.9961823 0.99704343 0.99744004 0.9967141 0.99522865 0.9969889 0.99767447 0.9973823 0.99643445 0.9954608 0.9969296 0.9964912 0.9976544 0.99735934 0.99702156 0.9966256 0.9966113 0.99667346 0.9958429 0.99453366 0.995766 0.99591833 0.9968301 0.9954581 0.9964677 0.9957689 0.99471575 0.9964566 0.9962107 0.9945748 0.99624586 0.9957002 0.9960085 0.9918488 0.9894298 0.98540866 0.9885775 0.98962057 0.9888061 0.98713887 0.9833175 0.9946262 0.9955103 0.99659514 0.9971229 0.9968839 0.9972964 0.9966899 0.996692 0.9968263 0.9954784 0.9948373 0.9956324 0.9964074 0.9973099 0.99692327 0.9969701 0.9943978 0.9897309 0.9884185 0.98580223 0.989818 0.99196845 0.9913653 0.9914195 0.9891513 0.9924448 0.9894937 0.9858506 0.99106 0.986986 0.98910445 0.9907072 0.9850812 0.985277 0.98758304 0.9888209 0.99101293 0.98787946 0.98387283 0.98590887
TodorovicxPera_SRP18892PeraTodSilazakSPrestola-L2_1 0.99335647 0.9964714 0.996328 0.9935297 0.99477005 0.99566257 0.993589 0.9910655 0.99538916 0.9950096 0.9962673 0.9965226 0.9954207 0.99569106 0.99604434 0.9945066 0.99444026 0.9945681 0.9952415 0.9965478 0.99466246 0.99547446 0.993383 0.9939872 0.9942548 0.9936795 0.99474996 0.9924104 0.9951503 0.9943098 0.9943996 0.99495196 0.99483347 0.9878504 0.9855844 0.99319816 0.9921223 0.9914837 0.99561554 0.9953183 0.9957376 0.99528146 0.995361 0.9941663 0.9931271 0.9941112 0.99545807 0.99631107 0.996238 0.99624616 0.9973934 0.9970409 0.9968685 0.99703825 0.99657196 0.9945025 0.9937115 0.9881114 0.991461 0.995932 0.9961536 0.99277467 0.9961653 0.99544674 0.9918266 0.9925254 0.99741685 0.9970721 0.9975269 0.9954231 0.99664104 0.9950299 0.9964766 0.9972943 0.997577 0.9974999 0.9955009 0.99556875 0.9971743 0.9966991 0.9957689 0.99363816 0.99431986 0.9948879 0.9923385 0.995063 0.99475664 0.9956642 0.9964789 0.99419 0.9948078 0.9949806 0.9963534 0.9951543 0.99529845 0.9965502 0.99485344 0.99558467 0.9954643 0.996124 0.99441487 0.99526215 0.9954514 0.9952996 0.9942923 0.99524957 0.99385047 0.99452955 0.9958322 0.99510914 0.9951983 0.99490255 0.9954667 0.99564844 0.9954987 0.99443936 0.99690914 0.9946594 0.9947141 0.9948516 0.99585325 0.9955854 0.9966655 0.9956658 0.99580353 0.9957668 0.99661 0.9955027 0.9941263 0.995206 0.995229 0.99556077 0.9962372 0.99637973 0.99657923 0.9927951 0.9938106 0.9945742 0.99461854 0.9926358 0.99216664 0.98877054 0.99104977 0.9965966 0.9953868 0.9959238 0.996284 0.99528897 0.99720305 0.99687606 0.9922616 0.99254465 0.9919019 0.9891101 0.9970096 0.99671 0.99661005 0.9940847 0.99376917 0.9972166 0.99727786 0.99637884 0.996633 0.9967674 0.9972158 0.9958432 0.9963924 0.9974214 0.9978548 0.99746865 0.9972714 0.99525976 0.9959996 0.9956317 0.9937516 0.99445844 0.9970148 0.9951351 0.99371153 0.99690694 0.99619216 0.9954772 0.9953395 0.9948553 0.9926226 0.99102235 0.9966006 0.99690896 0.99668443 0.9972186 0.9956924 0.99562836 0.99411297 0.99641 0.9952632 0.99609256 0.995876 0.9970857 0.99630594 0.99803233 0.99624515 0.9966993 0.9971828 0.99565464 0.9966613 0.9956012 0.9952853 0.9958812 0.99432427 0.9925804 0.99325776 0.9956335 0.99536824 0.99458796 0.99679357 0.9947743 0.99592984 0.9946493 0.99562156 0.9955942 0.9957586 0.993608 0.99296427 0.99489 0.996519 0.99600685 0.99684274 0.9968663 0.99615026 0.99571073 0.9953301 0.98602 0.9896341 0.9960338 0.99532324 0.992541 0.99387765 0.9961402 0.9904621 0.99311984 0.99611175 0.992223 0.9864199 0.99135476 0.99353534 0.9943347 0.9946484 0.9952539 0.99598217 0.99067634 0.9966414 0.99685144 0.99642086 0.99565756 0.99297947 0.99665886 0.99682176 0.9966686 0.9961677 0.9938852 0.99589396 0.9963354 0.9959781 0.9939727 0.995898 0.99698746 0.9973019 0.9960788 0.9946465 0.9967486 0.99703246 0.99686265 0.9972285 0.9974576 0.996588 0.9974153 0.99527127 0.99559236 0.99324924 0.99619734 0.99598664 0.99559397 0.9942506 0.9972924 0.99488753 0.99519295 0.9936875 0.9946221 0.9953652 0.99408036 0.9945956 0.9962632 0.99634457 0.9967264 0.9951475 0.9964628 0.9961122 0.9964072 0.99689704 0.99648184 0.9960146 0.9957149 0.99392134 0.9947656 0.9943311 0.99367356 0.9939359 0.9940488 0.99212146 0.99164623 0.9930532 0.994982 0.99570364 0.99594176 0.9951423 0.9962288 0.9960828 0.9963451 0.9961375 0.9959942 0.9973421 0.9972195 0.9977355 0.99527085 0.9939449 0.9930031 0.99386674 0.99708235 0.9971172 0.99693054 0.9969217 0.99035573 0.98869026 0.98755175 0.9953067 0.99381936 0.9925964 0.9969778 0.99714684 0.9967339 0.99664795 0.99643815 0.99651676 0.99511963 0.99128544 0.99666333 0.99583656 0.99609596 0.99364454 0.9947287 0.9925848 0.9911717 0.9948427 0.9955064 0.9964911 0.9959117 0.9942657 0.99365014 0.9935892 0.99068516 0.9953371 0.99474704 0.99469113 0.99390876 0.994797 0.9937516 0.99421155 0.9943323 0.99529684 0.9963857 0.99624205 0.9962002 0.99661136 0.99514544 0.9964112 0.99656284 0.99665797 0.9950686 0.994503 0.99165064 0.99610144 0.9912022 0.99249244 0.99628377 0.99346906 0.9892942 0.99056184 0.99220425 0.99629027 0.9905818 0.995885 0.99382436 0.99611896 0.99613255 0.9941026 0.9948438 0.9942339 0.99422014 0.9957395 0.9934502 0.9926887 0.99333686 0.9917767 0.992709 0.992816 0.9934101 0.9928824 0.9935504 0.9932067 0.9969248 0.9961909 0.9956356 0.99630576 0.9957327 0.99666154 0.9958222 0.9954196 0.99764085 0.99769163 0.997312 0.99836534 0.9975266 0.99571854 0.99701554 0.9968098 0.9944438 0.99407285 0.99385446 0.9967576 0.9975313 0.99698746 0.9980743 0.9979192 0.9970349 0.99686104 0.99713904 0.9972994 0.9963648 0.9962828 0.99516267 0.99665475 0.9974267 0.99726945 0.99721235 0.9951625 0.99402165 0.99542284 0.9940746 0.99621487 0.9953588 0.9960588 0.9960995 0.9942914 0.9951985 0.9944134 0.9973445 0.99683005 0.99597317 0.9963593 0.9962645 0.99558485 0.9963323 1.0000001 0.99806523 0.99726 0.9979954 0.9980161 0.99537545 0.99797696 0.9972735 0.9976728 0.99758947 0.997547 0.99893224 0.9971092 0.998234 0.9986476 0.9987345 0.99785876 0.997534 0.9977962 0.99719906 0.9958354 0.9966954 0.99717224 0.9970264 0.9956804 0.9960981 0.99649495 0.9950891 0.9964853 0.9969751 0.9963761 0.9964501 0.9966775 0.9966076 0.99378914 0.9925401 0.9899912 0.9919073 0.9930134 0.9925463 0.9907964 0.9884414 0.99402815 0.99433166 0.995907 0.99680734 0.9963469 0.9963519 0.995836 0.997073 0.99682087 0.99458283 0.9942619 0.99469185 0.9956886 0.9962313 0.9962146 0.9962013 0.9958974 0.9928431 0.9906666 0.9878814 0.99196297 0.9938431 0.99283785 0.9929251 0.9917213 0.99568313 0.99314046 0.989989 0.99349993 0.9915878 0.99239826 0.9927654 0.9890775 0.9886463 0.9909179 0.99165004 0.9942722 0.99182844 0.9894813 0.9912
TodorovicxPera_SRP18892PeraTodSilazakSPrestola-L2_10 0.9943497 0.99792486 0.9972196 0.9937256 0.9948194 0.9968178 0.9947941 0.992692 0.9954407 0.99487466 0.99600035 0.99712074 0.99511945 0.9950465 0.99617326 0.99454856 0.9942486 0.99534523 0.9962466 0.99625725 0.99316174 0.9946314 0.99572355 0.99545324 0.99533767 0.9935231 0.994943 0.99169236 0.9950212 0.993147 0.99352777 0.9948546 0.9936084 0.98721796 0.98462117 0.9941617 0.993586 0.9913944 0.99697584 0.9967732 0.99610966 0.9953634 0.9969311 0.9941753 0.9952369 0.9963261 0.99595356 0.9963244 0.9965603 0.9959122 0.99726415 0.9963987 0.99602586 0.99751943 0.99622804 0.99625266 0.9961637 0.9908609 0.99396664 0.9967128 0.99676967 0.994653 0.99734914 0.99667394 0.9947522 0.99528164 0.9973711 0.9971309 0.9972959 0.9975563 0.9970378 0.99656105 0.996948 0.9967482 0.99731255 0.9967101 0.99641055 0.9959672 0.99806386 0.9973812 0.996305 0.99532163 0.9968151 0.99528754 0.99319094 0.9960109 0.99512774 0.9967842 0.9967903 0.9962921 0.99638724 0.99339926 0.9959623 0.9943347 0.9940327 0.9963102 0.99448544 0.9957522 0.9943873 0.9946037 0.99324626 0.9942886 0.99391407 0.99416673 0.9932431 0.99549603 0.9927451 0.9934604 0.9951403 0.99449545 0.99450964 0.9947768 0.9952683 0.9955176 0.9957214 0.9940769 0.9959787 0.9950908 0.99487555 0.9951167 0.99592054 0.9943014 0.9967978 0.99579257 0.99678266 0.9970975 0.9966924 0.9968981 0.99695176 0.99712294 0.9974013 0.9975011 0.9977417 0.9977584 0.99758726 0.99216014 0.9954153 0.99621534 0.9963249 0.9946023 0.9933635 0.9902735 0.99269557 0.997347 0.9948706 0.99517906 0.9975973 0.99744296 0.99841577 0.997413 0.9950766 0.9946134 0.99329937 0.9918916 0.9962999 0.9957738 0.9954745 0.9941378 0.99389434 0.9950581 0.995511 0.9931301 0.99417514 0.9941395 0.99478936 0.993368 0.99472797 0.9957936 0.9961887 0.99566466 0.995008 0.9923891 0.9939506 0.9935495 0.99127674 0.9926884 0.99550796 0.9929709 0.9920316 0.99697745 0.99537426 0.9940465 0.9942369 0.99411523 0.9902552 0.9877581 0.9966151 0.9969273 0.9961874 0.99756986 0.99438953 0.99433863 0.9919629 0.9950668 0.9940417 0.99600524 0.9958974 0.99864846 0.99833685 0.9984375 0.9972242 0.99691033 0.99816906 0.9972034 0.9986154 0.9958687 0.9955829 0.9955597 0.9948493 0.99317884 0.994203 0.9958353 0.99536645 0.99512225 0.99727076 0.99473685 0.9966134 0.9952191 0.9954409 0.9963351 0.99665433 0.99293673 0.9921808 0.9944484 0.9958443 0.99549955 0.9961596 0.99681383 0.9958732 0.9952108 0.9950713 0.99057424 0.99411815 0.9959946 0.99604625 0.9947118 0.99507135 0.9958291 0.9920104 0.9947203 0.995509 0.989627 0.98204297 0.9887519 0.9912238 0.9955944 0.9951645 0.99741757 0.9973508 0.99336886 0.9982516 0.99818087 0.99880105 0.99752986 0.9944012 0.9976124 0.9974508 0.99785346 0.99783343 0.9943223 0.9969691 0.99690974 0.9951759 0.9939932 0.9964582 0.99672997 0.996629 0.9951207 0.9935639 0.99676156 0.9967397 0.99769187 0.9979781 0.99783456 0.99723333 0.99740255 0.997183 0.997404 0.9951419 0.99699986 0.9972325 0.9966786 0.99609137 0.9970815 0.99651545 0.9962967 0.99393827 0.9963036 0.99629974 0.9941168 0.99667275 0.9969771 0.9975361 0.99784577 0.9967132 0.9979253 0.9976293 0.99808794 0.9975685 0.9972408 0.9970293 0.99372107 0.9908688 0.99233335 0.99181503 0.9910211 0.9912692 0.9908715 0.9943113 0.9936488 0.99503124 0.99513066 0.9957023 0.99678934 0.9967611 0.9970719 0.9968705 0.9973987 0.9972119 0.99695456 0.99693644 0.9976411 0.9972253 0.99606293 0.99490243 0.99366975 0.9948809 0.9969818 0.9963321 0.99648994 0.99674046 0.9928783 0.9909636 0.99001914 0.99518746 0.9927259 0.9924085 0.9980102 0.9970527 0.99687487 0.99728745 0.996182 0.99720275 0.9944558 0.99064773 0.99771816 0.99673796 0.99686474 0.99520093 0.9944907 0.9932771 0.9917376 0.9960941 0.99603504 0.99666786 0.995672 0.99549496 0.9943402 0.99367166 0.9881363 0.996635 0.99671966 0.99631184 0.99542904 0.9965101 0.9967978 0.9953584 0.9956102 0.9960527 0.99736977 0.99744666 0.9978279 0.99687284 0.99438965 0.9973336 0.99727076 0.9970024 0.9952314 0.9951646 0.9904552 0.9969385 0.98992276 0.99096364 0.99572164 0.9924279 0.9874804 0.9890582 0.990672 0.9975147 0.9903683 0.99659204 0.99337727 0.99725825 0.997313 0.99215484 0.9922682 0.99182135 0.99135983 0.99383086 0.993894 0.99525213 0.99615407 0.99578094 0.9960105 0.9961738 0.9962317 0.9963746 0.9966002 0.9963373 0.9963772 0.99476486 0.99397403 0.9967774 0.99433565 0.9949353 0.9943378 0.9929275 0.9960418 0.9972689 0.9967911 0.99821377 0.9971648 0.99713665 0.99716204 0.99709624 0.9957388 0.99410444 0.993824 0.9954368 0.9966873 0.9970409 0.99689144 0.997448 0.9965485 0.9970248 0.9970028 0.99767363 0.9955269 0.9973772 0.9960537 0.99710786 0.9974239 0.9973419 0.99693084 0.99584746 0.99477637 0.9956873 0.9940821 0.99578923 0.9964701 0.9962111 0.9967445 0.9941324 0.99503636 0.9956528 0.99597114 0.99555814 0.99527824 0.9960685 0.99679023 0.9969303 0.9961823 0.99806523 1.0000002 0.99900466 0.9987639 0.9987885 0.9966599 0.99820364 0.99764836 0.99785393 0.9976419 0.9982305 0.9978898 0.99780357 0.9977162 0.99794537 0.99863493 0.99750936 0.99837357 0.9987871 0.998449 0.9959892 0.99696064 0.99788976 0.9968837 0.9964914 0.9965959 0.9960583 0.9937347 0.9956987 0.99611044 0.995017 0.99599975 0.9962738 0.9963076 0.9938291 0.99257666 0.9898475 0.99171257 0.9919244 0.99195284 0.99070466 0.98837537 0.9956113 0.99609095 0.99694157 0.99735206 0.9964925 0.9967448 0.9973901 0.9977118 0.99759674 0.99565226 0.9958937 0.9957573 0.9967898 0.9965479 0.99565977 0.9957978 0.99365574 0.9895267 0.98743737 0.9834833 0.98954296 0.9911781 0.99062943 0.99019843 0.9887262 0.9933258 0.99008745 0.98664176 0.9903236 0.9886868 0.9891564 0.9897389 0.9855244 0.98479074 0.9873783 0.9879837 0.9913959 0.9926984 0.9907662 0.99154824
TodorovicxPera_SRP18892PeraTodSilazakSPrestola-L2_11 0.992101 0.9972341 0.99602866 0.9923907 0.99384487 0.99538326 0.9929766 0.98964494 0.9960217 0.994818 0.99586904 0.99706984 0.99528503 0.9953175 0.99582213 0.9941966 0.9931076 0.99428815 0.9955891 0.99638796 0.9931732 0.9942232 0.9954064 0.9950414 0.9944071 0.9924096 0.99380684 0.9909598 0.9946165 0.99288285 0.9927372 0.99457866 0.99323475 0.9861826 0.9832221 0.99339694 0.99265534 0.98991203 0.99702007 0.99710655 0.99639577 0.9955953 0.9967546 0.9936064 0.99432826 0.99619156 0.99608374 0.9962219 0.99717754 0.99544245 0.9973782 0.9961412 0.9951874 0.9955922 0.994581 0.99503326 0.9950323 0.9884861 0.9919502 0.99575424 0.9952556 0.9934712 0.9965911 0.99555105 0.993355 0.993876 0.99668646 0.9966626 0.9969909 0.9986757 0.9965583 0.99663985 0.99700487 0.99730575 0.997425 0.99697584 0.9968759 0.9957624 0.99773055 0.99840826 0.99664235 0.99397635 0.9958333 0.99562836 0.99326044 0.99659216 0.99554586 0.99696934 0.9972164 0.995508 0.9962044 0.9921151 0.99525875 0.9936799 0.9937752 0.99571896 0.9935512 0.9959224 0.9938129 0.9936316 0.99240357 0.99350387 0.9934723 0.99509776 0.9938822 0.99502045 0.9923645 0.99348867 0.9955961 0.9948894 0.9952964 0.99519354 0.9951427 0.9954466 0.99592555 0.99374706 0.99635327 0.9966089 0.9960529 0.9964108 0.99704045 0.9950173 0.99702156 0.99684155 0.99792516 0.9978651 0.9968255 0.99777526 0.9967888 0.9977463 0.9978327 0.9980188 0.99841344 0.9982629 0.99790454 0.99038196 0.9937551 0.99452 0.99510956 0.9939816 0.99308115 0.9897451 0.9924837 0.9970033 0.99549925 0.9958954 0.9971175 0.99751997 0.99813354 0.99803466 0.9937669 0.99404633 0.99180347 0.990936 0.99662787 0.9962411 0.99557716 0.9934893 0.9931859 0.994784 0.9945588 0.99279183 0.9932988 0.9935491 0.9942868 0.9924188 0.99338394 0.9957167 0.9948849 0.99577034 0.99423575 0.9919772 0.9944103 0.9937245 0.9913853 0.99234384 0.9943664 0.991631 0.99085414 0.99669385 0.99527717 0.9936754 0.99399114 0.9943601 0.99119437 0.98881304 0.9967512 0.99680066 0.99663246 0.99648494 0.9940078 0.9951266 0.9919274 0.9951016 0.9938562 0.9966382 0.9966544 0.9985238 0.99775416 0.9976243 0.9958986 0.99685705 0.99786174 0.9963367 0.9977847 0.9950944 0.9944155 0.99545103 0.9936346 0.9916265 0.99276257 0.99547744 0.9953058 0.9949714 0.99691164 0.99438787 0.9965265 0.9944579 0.99553776 0.99526155 0.9954852 0.99067855 0.9897956 0.99282473 0.99470997 0.99381185 0.9956809 0.9961148 0.99449944 0.9939426 0.9936059 0.9896641 0.99363315 0.99574935 0.9951146 0.993867 0.99449635 0.9940971 0.99153125 0.99298143 0.99507475 0.9895474 0.9825902 0.98872364 0.99131495 0.9947432 0.99423456 0.9963317 0.9972566 0.9934715 0.99766207 0.99793005 0.99813145 0.9967065 0.99408704 0.9974052 0.99728566 0.99651504 0.9971871 0.9945461 0.9975179 0.9969178 0.99488926 0.99378043 0.99644905 0.9971948 0.99661934 0.9949188 0.99296117 0.9962258 0.9965293 0.99698126 0.9982804 0.9977201 0.997347 0.99736595 0.99648386 0.9970421 0.99486905 0.9969402 0.99687946 0.9957398 0.9956074 0.99614954 0.99550843 0.99501735 0.9929244 0.9958055 0.99594086 0.9937663 0.99560356 0.9965705 0.9969376 0.99667156 0.99604946 0.99712247 0.9966485 0.9983369 0.9968264 0.99656856 0.99612355 0.9944407 0.99206275 0.99314094 0.992787 0.9921477 0.992486 0.9917909 0.99396306 0.9927712 0.9943648 0.9965153 0.9968842 0.9976858 0.997417 0.9978995 0.9969526 0.99795544 0.9972333 0.9965216 0.99628335 0.99702156 0.99671185 0.9958284 0.9943689 0.9932497 0.9942702 0.9967644 0.9964034 0.9966861 0.9970767 0.99077266 0.9891306 0.98738116 0.9952763 0.9932828 0.9930743 0.9980297 0.9970615 0.9970239 0.997023 0.9953682 0.99655366 0.99357903 0.9891677 0.99721545 0.99609196 0.99639386 0.99461395 0.9935565 0.9917798 0.9904356 0.9954488 0.99470305 0.99537426 0.99402416 0.99363893 0.9922961 0.991507 0.9876799 0.9978607 0.9977495 0.9971635 0.9967309 0.9977589 0.99769604 0.9965357 0.99675214 0.99748015 0.99814236 0.9976869 0.99808925 0.99606645 0.9933897 0.9973684 0.99683005 0.99702305 0.9948169 0.9946524 0.98946196 0.9961813 0.98854995 0.9896899 0.99503696 0.99108267 0.9867071 0.98739386 0.9899433 0.99685764 0.98898137 0.9958735 0.9926278 0.99636585 0.9964153 0.9925775 0.9932769 0.99292684 0.99195474 0.99412054 0.99308044 0.9955134 0.9960357 0.99653316 0.99691355 0.9966744 0.9972054 0.9967004 0.9964792 0.99641466 0.99585015 0.9934786 0.9924592 0.9962869 0.9946272 0.993932 0.99352646 0.99201256 0.9959247 0.99701864 0.99698097 0.9980192 0.9977722 0.99754965 0.9973094 0.99764526 0.9946012 0.99353015 0.9936215 0.99574894 0.99679077 0.99700654 0.9969469 0.9971427 0.9963132 0.997382 0.9972833 0.9972755 0.9958986 0.9970477 0.99734807 0.99781525 0.9974521 0.9974167 0.99716747 0.99701786 0.99572295 0.997142 0.99611336 0.99692583 0.9976094 0.99739325 0.9975922 0.9958476 0.9964515 0.99660164 0.995933 0.99579364 0.99516034 0.9961362 0.99655944 0.9975009 0.99704343 0.99726 0.99900466 0.9999999 0.998377 0.99840075 0.9958854 0.9983473 0.9978088 0.99865687 0.9970731 0.99739224 0.99742466 0.9983754 0.9982059 0.99767786 0.99852794 0.99708056 0.9978292 0.997902 0.9975465 0.99497885 0.9961078 0.9967878 0.9966056 0.9966028 0.9972837 0.9959376 0.99411654 0.9963691 0.99598354 0.99456203 0.9966623 0.99558234 0.99671865 0.99232835 0.9907254 0.9870142 0.989326 0.990252 0.98967725 0.98809993 0.9854165 0.9961135 0.9970626 0.9975904 0.9979172 0.99706405 0.99734235 0.99769425 0.99745864 0.9980931 0.99612457 0.9962161 0.996196 0.99748933 0.9975645 0.9967825 0.9964535 0.9936405 0.98879635 0.9878081 0.9839028 0.9900378 0.9914725 0.99082184 0.99070656 0.9889566 0.9928455 0.98946023 0.9860756 0.9899453 0.98784995 0.98884314 0.9899607 0.9847487 0.9847352 0.9871665 0.98783064 0.9907624 0.99115676 0.98830134 0.98978
TodorovicxPera_SRP18892PeraTodSilazakSPrestola-L2_12 0.9927658 0.9967489 0.99571884 0.99254304 0.99355936 0.99545455 0.99325424 0.9919626 0.99468905 0.99324983 0.99481153 0.9958749 0.993939 0.9942257 0.99452555 0.99230164 0.9920222 0.99286264 0.9943746 0.99532044 0.99204135 0.99355376 0.9938632 0.99317145 0.9932002 0.9916357 0.9931439 0.98953104 0.992851 0.99121386 0.9916313 0.99311954 0.9918348 0.9851429 0.982669 0.9918279 0.9908278 0.98881274 0.99573135 0.99539495 0.99503636 0.9947995 0.99605054 0.99286306 0.99307775 0.9941383 0.9947812 0.9957996 0.9957316 0.99558187 0.9976928 0.9976685 0.99735254 0.99748015 0.9971688 0.9944943 0.99406916 0.9875972 0.99104583 0.99538195 0.9956144 0.9919642 0.99642 0.9959607 0.99222875 0.9929091 0.9982216 0.99805796 0.9981828 0.99769175 0.99700165 0.996317 0.99693865 0.9969488 0.9974978 0.9962896 0.9955819 0.99539644 0.9977286 0.99736357 0.99577516 0.9948898 0.9958305 0.996105 0.9936067 0.99631035 0.99507713 0.99662656 0.9964755 0.99673665 0.99702895 0.9924468 0.99594724 0.9944079 0.9942513 0.9968456 0.9954233 0.9965369 0.9952535 0.9951172 0.9934134 0.99425507 0.99445707 0.9956726 0.99455047 0.9966789 0.9943167 0.99522614 0.9967363 0.996309 0.99610704 0.9959856 0.9967295 0.9965199 0.9969044 0.995454 0.9968919 0.99610615 0.99609816 0.9963935 0.9969319 0.9959178 0.99642015 0.99546236 0.99612194 0.99674743 0.99619275 0.99606484 0.99554837 0.99641687 0.99615604 0.99635804 0.996869 0.9969902 0.99691886 0.98982364 0.9931816 0.99425924 0.99432373 0.9952721 0.9941458 0.99157196 0.9935275 0.9973798 0.99593043 0.9960929 0.9980893 0.9976762 0.998829 0.9981245 0.9931274 0.994273 0.99377906 0.99169755 0.9964138 0.9954236 0.9949554 0.99374825 0.99360776 0.9958721 0.9955544 0.99443436 0.9940966 0.9948823 0.995311 0.99399805 0.99427855 0.9961255 0.99640584 0.9963443 0.9952812 0.9927541 0.9946013 0.9940789 0.99160093 0.99284816 0.9945765 0.99177426 0.9903741 0.996413 0.9952637 0.9933277 0.9935654 0.99504966 0.99157315 0.98970133 0.9960034 0.9964078 0.9965145 0.9969504 0.9933564 0.99440217 0.9914526 0.9949184 0.993468 0.9955786 0.99584115 0.99839246 0.9984994 0.998916 0.99823457 0.9978872 0.99857277 0.9969677 0.99849546 0.9974966 0.9967554 0.9971656 0.996495 0.9945939 0.9955429 0.9967494 0.99403596 0.99369955 0.99612373 0.9934088 0.99511844 0.99367344 0.9942081 0.99438334 0.9946418 0.9912962 0.9903419 0.99288195 0.99470437 0.9943265 0.99660695 0.99602515 0.995333 0.9951482 0.9942801 0.9871978 0.991288 0.99585474 0.99609655 0.9950906 0.99589604 0.996601 0.9930475 0.99472666 0.9962132 0.99069923 0.9837944 0.99042064 0.99296206 0.9966004 0.99626774 0.99586445 0.9970494 0.99406093 0.99763626 0.9979087 0.9973579 0.9972767 0.9940388 0.99816144 0.99742585 0.9972412 0.99753404 0.99503875 0.99777865 0.9977557 0.99631894 0.99510527 0.9975296 0.9981307 0.997999 0.9963362 0.9951231 0.9966429 0.9966967 0.99757224 0.9977764 0.9979976 0.99797577 0.99791765 0.99624157 0.9964463 0.9949405 0.99667156 0.9967338 0.9963728 0.9952238 0.99698985 0.99545884 0.99661607 0.99542236 0.9961502 0.9963952 0.99457586 0.99565494 0.9969566 0.9969276 0.9977235 0.99660796 0.9979674 0.9978429 0.9977756 0.9977664 0.99786013 0.99751174 0.99424005 0.99191916 0.99280643 0.9922317 0.99109375 0.99172574 0.991675 0.9928681 0.9920495 0.9945736 0.9957868 0.9959363 0.99651134 0.99637 0.99676174 0.9974318 0.9977026 0.9961982 0.9958223 0.99654114 0.99713534 0.9968277 0.9961595 0.9942352 0.9936027 0.9944857 0.995919 0.99646646 0.9959621 0.9960429 0.99113894 0.9887054 0.98754567 0.9955384 0.9930555 0.9931202 0.9973468 0.9966354 0.99620223 0.9968171 0.9953185 0.99591565 0.993521 0.98837674 0.9967188 0.9957333 0.9959689 0.9926521 0.9929522 0.99101746 0.98917794 0.9938593 0.99429774 0.9951794 0.99389356 0.99287 0.99179244 0.9912446 0.98715216 0.9968034 0.9968429 0.99569863 0.99549186 0.99623585 0.9958248 0.9957641 0.99623567 0.9965606 0.9973427 0.9968941 0.9966351 0.99601656 0.9932534 0.99640954 0.99619603 0.9964617 0.9938693 0.99317116 0.98903906 0.9952469 0.9883797 0.9895584 0.99491316 0.99144113 0.9863166 0.9873205 0.9895321 0.996315 0.98806065 0.9949651 0.99138576 0.9957849 0.9959992 0.9924348 0.9934817 0.99291444 0.99192345 0.9937355 0.99262047 0.99352396 0.995333 0.99402833 0.9944348 0.9938154 0.9948372 0.99422276 0.9937879 0.99397147 0.99623847 0.9952526 0.99464804 0.9959551 0.9952499 0.99593985 0.99532706 0.9943551 0.9972246 0.9976622 0.99731475 0.9984339 0.9977266 0.9973028 0.9976631 0.9982945 0.99621546 0.9955382 0.9951916 0.99599385 0.9981403 0.99828213 0.9978349 0.998109 0.99670506 0.9971173 0.9977347 0.99769723 0.9956533 0.9974522 0.9966772 0.99809515 0.9979882 0.99809235 0.9972281 0.99715143 0.99668443 0.9960868 0.99434835 0.99610126 0.99628484 0.9966132 0.9967837 0.99461645 0.99528366 0.995983 0.99604 0.9956961 0.9956248 0.9964529 0.99668026 0.99681354 0.99744004 0.9979954 0.9987639 0.998377 1.0000006 0.99855846 0.9976922 0.9980844 0.9983546 0.9979779 0.99854636 0.9982889 0.9980172 0.99700546 0.9977868 0.99850595 0.99818337 0.9970817 0.99784946 0.99833673 0.99779063 0.996559 0.99767816 0.9974315 0.997553 0.9960787 0.9969214 0.996253 0.994584 0.9964987 0.99697524 0.9956796 0.9964252 0.99717325 0.9963919 0.9932401 0.9915367 0.98800325 0.990679 0.9909083 0.99089056 0.98922116 0.986659 0.9963081 0.9961508 0.99727625 0.99793345 0.9973595 0.9978743 0.99770844 0.99814355 0.99789524 0.99608225 0.99636805 0.99634147 0.9973389 0.9973761 0.9963392 0.99724275 0.9939789 0.98938507 0.9875222 0.9842137 0.9883753 0.99063915 0.98999923 0.9896048 0.98820543 0.99278283 0.98911744 0.98538244 0.99025923 0.9873401 0.98824525 0.98966855 0.98514855 0.98430955 0.9869256 0.9876027 0.9906143 0.9910115 0.9877783 0.98856217
TodorovicxPera_SRP18892PeraTodSilazakSPrestola-L2_13 0.9932572 0.9979426 0.9966171 0.9918362 0.9932615 0.99721557 0.99502397 0.99265856 0.99586165 0.9943651 0.99524826 0.9968927 0.9943219 0.9943407 0.99569917 0.9931505 0.992913 0.9941469 0.9955057 0.9954206 0.9920249 0.9932448 0.9954885 0.9944603 0.994519 0.9924637 0.99383235 0.9897579 0.99438643 0.9919779 0.9921423 0.9943637 0.99250513 0.98492706 0.98197305 0.99353963 0.9927492 0.98991734 0.9961724 0.99522674 0.99469894 0.993844 0.9953823 0.99194866 0.9938688 0.9950905 0.994217 0.9948947 0.9954757 0.9945537 0.99693155 0.9962875 0.99544185 0.99694633 0.99575114 0.9954025 0.9954378 0.98979545 0.99241835 0.9959512 0.9960934 0.9932892 0.9973324 0.99665254 0.99424905 0.9948977 0.9968881 0.99731857 0.9966627 0.9973358 0.99741536 0.99827266 0.997421 0.9969019 0.9978514 0.99665284 0.9976062 0.99706924 0.99800676 0.99750113 0.9967732 0.9930403 0.9949609 0.9940705 0.99168646 0.99450636 0.99311733 0.99514604 0.9953743 0.9943454 0.9948439 0.991733 0.9961942 0.9945791 0.994594 0.9960496 0.9943794 0.9950425 0.99490166 0.9944806 0.99367154 0.9940791 0.9938425 0.99336207 0.99166346 0.9952966 0.9918985 0.9929809 0.99525416 0.99409246 0.99419934 0.99385554 0.99447215 0.9945833 0.9952194 0.99267924 0.9966832 0.99532515 0.9953439 0.9956812 0.99647385 0.9952835 0.9971305 0.99657303 0.99662745 0.99780756 0.9962811 0.9977762 0.9967896 0.99693435 0.99675614 0.9973263 0.9969812 0.9970099 0.99744993 0.9905098 0.99337316 0.99452233 0.99457026 0.9932064 0.99175346 0.9884344 0.9909296 0.9970038 0.9953025 0.99517095 0.99799263 0.99761456 0.9985223 0.9979781 0.99517584 0.9951905 0.9936733 0.99213487 0.99669814 0.9956387 0.9953648 0.99171513 0.9913325 0.99489486 0.9947218 0.9930801 0.99310255 0.99349225 0.9944011 0.9925224 0.9940483 0.9955923 0.996079 0.99564093 0.99479276 0.99159735 0.99412954 0.9932738 0.9907614 0.99170667 0.9947286 0.99152404 0.9900384 0.99648225 0.99474055 0.99297416 0.9929674 0.9930577 0.9900967 0.9878005 0.9961893 0.99595827 0.9957999 0.9965353 0.99388504 0.994656 0.99117523 0.99490803 0.99293995 0.9959177 0.99632376 0.99868584 0.9980835 0.9980842 0.99651456 0.99559385 0.9969797 0.9953258 0.9982662 0.9953649 0.99462306 0.99488574 0.9942932 0.9925525 0.99315524 0.99423826 0.9952999 0.9952765 0.9970437 0.9938313 0.99653244 0.99454653 0.9944726 0.99618423 0.99606556 0.9917099 0.9911216 0.9936182 0.99508494 0.9947081 0.9950247 0.9963977 0.9957328 0.99578774 0.9947276 0.99166244 0.99441856 0.99584067 0.9958857 0.9947318 0.99510336 0.9950535 0.99318224 0.994382 0.9953556 0.98908925 0.98189354 0.9885748 0.9916669 0.99566585 0.9951062 0.99739075 0.9984956 0.995095 0.99823505 0.9978775 0.9976898 0.99796677 0.99608105 0.99836826 0.99862546 0.99801517 0.9984184 0.9958644 0.997962 0.9980408 0.9952718 0.9949336 0.9968061 0.9972157 0.99700344 0.9958635 0.9943714 0.9958369 0.995962 0.99648225 0.9977028 0.996761 0.9969121 0.9968747 0.99819535 0.9977505 0.99490756 0.99715465 0.99680233 0.99786043 0.9976113 0.99731493 0.99681497 0.9971908 0.9954199 0.99721706 0.99758273 0.9953293 0.9972373 0.99788964 0.9986349 0.99777967 0.99759144 0.99800354 0.9976659 0.9985427 0.99817413 0.99779433 0.99715745 0.99461496 0.9910238 0.99353325 0.9916575 0.9911065 0.99115086 0.9916085 0.99402714 0.9925622 0.9942849 0.99611896 0.9958273 0.99686044 0.99710906 0.9966475 0.997443 0.9969941 0.9974287 0.99707425 0.9965623 0.997411 0.9970319 0.9953147 0.9934082 0.99219817 0.9936497 0.99707836 0.99665344 0.99695116 0.9970356 0.9910959 0.98861784 0.98725873 0.99393255 0.9916084 0.9908997 0.9981607 0.9967422 0.9962113 0.996434 0.99517095 0.9962813 0.99306226 0.9887383 0.9969784 0.9953665 0.99574226 0.9940733 0.9930383 0.99142736 0.9896358 0.9958884 0.9953186 0.9960816 0.99457014 0.9946393 0.993151 0.99277043 0.9861717 0.99620926 0.9964541 0.9951649 0.9948558 0.99588835 0.99652886 0.9963513 0.9962912 0.9965379 0.99769866 0.9972718 0.99728614 0.9958955 0.9923655 0.9962324 0.99627626 0.9960163 0.9930937 0.99368536 0.98754 0.9956824 0.9874001 0.988673 0.99457794 0.99028456 0.9849833 0.9864059 0.9885644 0.9967697 0.9873707 0.99516565 0.9911116 0.99592716 0.99589396 0.99093276 0.99220824 0.9915206 0.9906189 0.9931541 0.99246156 0.99433684 0.996111 0.9951634 0.9957289 0.9952307 0.9960051 0.99577993 0.99553025 0.99565977 0.9960543 0.99387944 0.993364 0.99633867 0.9937998 0.9950405 0.99468595 0.9925819 0.9959383 0.99745476 0.9966854 0.9984063 0.9969779 0.9973201 0.99796265 0.99723196 0.99661756 0.9952953 0.9949389 0.9947759 0.996732 0.9969213 0.9967323 0.99747306 0.99669534 0.99719155 0.9971661 0.99771744 0.99473923 0.99807036 0.9972009 0.9975963 0.99766284 0.9972913 0.996374 0.9956633 0.9943057 0.9961329 0.99414575 0.9964383 0.99668753 0.9962073 0.9974037 0.99504316 0.99541235 0.99657756 0.99631846 0.99555206 0.995916 0.99668103 0.99738353 0.99811876 0.9967141 0.9980161 0.9987885 0.99840075 0.99855846 0.9999996 0.9976858 0.9987669 0.9987147 0.9977475 0.99726534 0.9986559 0.99818784 0.99712455 0.9977013 0.99774975 0.998633 0.997559 0.99865776 0.99873364 0.9984428 0.9966936 0.9969416 0.99746495 0.99752647 0.9979349 0.9964439 0.99573517 0.9930453 0.99553156 0.99576044 0.9943408 0.99576426 0.9957113 0.99575937 0.9924885 0.99081624 0.9872618 0.9901807 0.98976684 0.98990273 0.98886925 0.98584014 0.99673456 0.9975933 0.99808896 0.9979806 0.99643624 0.9974586 0.99826163 0.99785346 0.9978976 0.9971281 0.99666965 0.9971008 0.99724 0.9968598 0.9962712 0.99629736 0.99284655 0.98762304 0.98582685 0.9818571 0.98786515 0.9896741 0.98869985 0.9887251 0.9867434 0.9925194 0.9887473 0.9848 0.98939186 0.9871421 0.98794025 0.9885183 0.98326236 0.98282737 0.98568726 0.9867141 0.9904745 0.99277735 0.9898584 0.99104726
TodorovicxPera_SRP18892PeraTodSilazakSPrestola-L2_14 0.9897506 0.99479705 0.9927524 0.9869355 0.9883408 0.9961624 0.99433374 0.9941186 0.99120945 0.9888885 0.99048084 0.99345815 0.9891641 0.9891051 0.99171036 0.987566 0.9883864 0.989918 0.99211663 0.9911175 0.9863111 0.988184 0.9924873 0.9898895 0.98984647 0.98611903 0.9890255 0.9825623 0.9885012 0.9857942 0.98618144 0.9897486 0.9867471 0.9780882 0.9747447 0.98945296 0.98845404 0.98440427 0.99229884 0.99128973 0.98998374 0.9886856 0.9922897 0.9862993 0.9899086 0.9915082 0.98966146 0.9908277 0.9912818 0.9901699 0.9948131 0.9950944 0.99436826 0.9952757 0.9957665 0.99158144 0.9920231 0.98575574 0.9877298 0.99245024 0.99326277 0.98862517 0.9937913 0.9933696 0.9915636 0.9921147 0.9947645 0.9965534 0.99494725 0.9956428 0.9959454 0.9968485 0.9960921 0.99427253 0.9960735 0.992938 0.9955662 0.9959271 0.9960158 0.99479204 0.995588 0.99050313 0.99243057 0.9901075 0.9868503 0.9908851 0.9885694 0.9916133 0.9911113 0.99228156 0.99295646 0.986944 0.9951332 0.99379855 0.99354327 0.9952351 0.9942638 0.9938557 0.9945935 0.9929996 0.99338675 0.9927176 0.9923471 0.99114734 0.9880748 0.9940076 0.98847854 0.98984104 0.9933917 0.99214035 0.99191487 0.9907255 0.99183214 0.99204695 0.9930461 0.98959595 0.9954931 0.99432707 0.99532616 0.99504715 0.99567735 0.9947948 0.99500245 0.9934857 0.9934233 0.9957837 0.99288666 0.9949144 0.9955764 0.99534076 0.9939924 0.9946485 0.9935278 0.994033 0.9952847 0.98488694 0.9895704 0.99127275 0.99007833 0.99006706 0.98790973 0.9848488 0.9875343 0.99531543 0.99361885 0.99309444 0.99809223 0.998021 0.99794596 0.997112 0.9938354 0.99601984 0.9960855 0.9944628 0.99385643 0.991958 0.9910454 0.9875683 0.987768 0.99141914 0.99038464 0.9895279 0.9887481 0.9902275 0.9903806 0.988463 0.98927724 0.9917819 0.99333566 0.99274945 0.9915165 0.9864086 0.98927444 0.9879245 0.98452556 0.9860322 0.99143636 0.98695153 0.9848537 0.9935484 0.9914742 0.98770016 0.98805964 0.9883006 0.98588437 0.9835722 0.992881 0.9923942 0.9928684 0.9934733 0.9889392 0.99091595 0.9855503 0.9909829 0.98797834 0.9921318 0.99371153 0.9971876 0.9974882 0.99621373 0.99550277 0.99372846 0.9945574 0.99287266 0.9967108 0.9945683 0.99320346 0.9933023 0.99406725 0.9927905 0.9926365 0.99174994 0.99026376 0.99143606 0.9927826 0.98761874 0.9917942 0.9887405 0.9886321 0.9921685 0.99180114 0.9878019 0.9869403 0.98879653 0.9918193 0.9920235 0.9913453 0.99330914 0.993255 0.9944499 0.9909721 0.989113 0.99138004 0.9940163 0.99540925 0.9961598 0.9954719 0.9952563 0.99569297 0.9946388 0.99323344 0.9844587 0.9765519 0.9849118 0.98868996 0.9963467 0.99551094 0.9952897 0.99711084 0.9967367 0.99550337 0.99489546 0.99471855 0.9976948 0.99672526 0.9980481 0.9974936 0.996916 0.99834687 0.99596447 0.9975526 0.9981972 0.9954822 0.99679255 0.9971262 0.99665695 0.9966633 0.9961132 0.995666 0.99396837 0.9936776 0.9947255 0.99541384 0.993928 0.99660873 0.9961823 0.9963922 0.99508524 0.99153197 0.9933423 0.99317485 0.99715555 0.99643356 0.99500936 0.9927641 0.9972813 0.99702775 0.9972626 0.9970553 0.9947839 0.9954851 0.9971407 0.996353 0.9959909 0.9978443 0.99805564 0.997393 0.9969442 0.9974605 0.9984919 0.9978478 0.9907378 0.98658514 0.9896364 0.98662686 0.9856007 0.9859153 0.98752046 0.99142116 0.9897725 0.99359584 0.9943208 0.99275476 0.99406207 0.99504256 0.99360573 0.9973595 0.99561214 0.9945253 0.9943326 0.9928404 0.99398273 0.9935309 0.9911973 0.9880624 0.9867869 0.988391 0.992856 0.99324024 0.99268055 0.9927551 0.9862326 0.9822946 0.98138106 0.9897146 0.98623693 0.9862208 0.9958715 0.99298555 0.9924418 0.9935335 0.9908014 0.99209076 0.98787224 0.98259056 0.9938711 0.9915482 0.99225545 0.98923767 0.9882127 0.9866509 0.9837066 0.9912278 0.991325 0.9933938 0.99062717 0.99138653 0.989269 0.98807436 0.9783935 0.9937109 0.99511737 0.9918126 0.9928013 0.993761 0.9940574 0.99479187 0.99441504 0.994412 0.99532986 0.993859 0.9932942 0.9931856 0.9876561 0.99344033 0.9931742 0.99305075 0.9882116 0.9883716 0.9812634 0.9919853 0.9812931 0.9828569 0.9908798 0.9850715 0.9782159 0.980073 0.98250586 0.9943387 0.98123115 0.99144834 0.9852192 0.99283916 0.9932071 0.98586184 0.9881017 0.98729324 0.9858829 0.9884314 0.98617864 0.991675 0.9956607 0.99292845 0.993476 0.9914088 0.9939534 0.99289966 0.9917258 0.992018 0.9929252 0.99200356 0.9913576 0.9927368 0.9903896 0.99393815 0.9934569 0.99110496 0.99415016 0.99505466 0.99403137 0.99654365 0.99427396 0.9967231 0.9972621 0.9964844 0.99750197 0.99680823 0.9969206 0.9907357 0.9956034 0.99575436 0.9949845 0.9952937 0.9949922 0.9946898 0.9951396 0.9943802 0.989706 0.9969318 0.9947303 0.9950024 0.995052 0.9956136 0.9928943 0.994244 0.9936748 0.9933806 0.9899133 0.99304456 0.9937999 0.9928042 0.99542063 0.992614 0.99243844 0.9958432 0.99279946 0.99272823 0.99443984 0.9950703 0.99565136 0.9965876 0.99522865 0.99537545 0.9966599 0.9958854 0.9976922 0.9976858 1.0000002 0.9964411 0.99802566 0.9945695 0.995176 0.99803275 0.9962988 0.99328065 0.9943643 0.99537706 0.9955449 0.9941537 0.9969343 0.9970959 0.9964366 0.997413 0.9967687 0.9949733 0.99724966 0.99690473 0.9943742 0.9929918 0.98943585 0.99307156 0.9939311 0.9917687 0.9927952 0.99434626 0.9925383 0.9879488 0.98704016 0.98345846 0.9864551 0.98449045 0.9854869 0.98452234 0.98163736 0.9969109 0.9961164 0.9963265 0.99529713 0.99319714 0.99526954 0.9963907 0.9956658 0.9951544 0.9965602 0.9964777 0.9964661 0.9962209 0.99467015 0.99356705 0.9944452 0.9887239 0.98200846 0.9788394 0.975026 0.98103195 0.9839796 0.9826425 0.98263395 0.980103 0.98711723 0.98225826 0.9769886 0.98355407 0.97982097 0.98092544 0.98209906 0.97640234 0.9752245 0.9786386 0.9799611 0.9844137 0.991428 0.9877353 0.98803157
TodorovicxPera_SRP18892PeraTodSilazakSPrestola-L2_15 0.9922296 0.9970758 0.99615014 0.99232167 0.9940823 0.9954578 0.99322486 0.9898925 0.9964717 0.9954831 0.99611795 0.99739236 0.99570537 0.9956569 0.99652565 0.9941794 0.9938427 0.9946608 0.995866 0.9966278 0.99380827 0.99462044 0.9954782 0.9950184 0.9950583 0.99331796 0.9946042 0.99110615 0.9956743 0.99385196 0.9939075 0.9957995 0.99415356 0.9856455 0.9827684 0.9936601 0.9926449 0.990441 0.9961725 0.9959875 0.99549335 0.99465793 0.9952206 0.99268913 0.99353004 0.9950319 0.9951601 0.99573016 0.99649775 0.9950299 0.99732465 0.9963505 0.9953383 0.9959782 0.99490654 0.9949129 0.9944153 0.9884588 0.9919324 0.9958628 0.995563 0.9931222 0.99654853 0.9955516 0.99277455 0.9935744 0.996684 0.9968118 0.9963548 0.9973377 0.9971787 0.9973999 0.9961641 0.9972833 0.9975106 0.99707556 0.9970251 0.9964239 0.99739385 0.99785036 0.996329 0.9924001 0.99431425 0.994222 0.99183345 0.9945296 0.993563 0.99531525 0.9962013 0.9937853 0.99454856 0.9928455 0.9953337 0.9944915 0.9943402 0.9957656 0.9932587 0.99459803 0.9942793 0.9939338 0.9927527 0.99393505 0.9941761 0.9942107 0.99273205 0.9950651 0.9925697 0.9935664 0.9958923 0.99444646 0.9950585 0.9943294 0.99462277 0.9948171 0.9953003 0.9928632 0.99660087 0.9958436 0.9958425 0.99601954 0.9965394 0.99503535 0.9976777 0.9972998 0.9972561 0.9977166 0.9969988 0.9979267 0.9954496 0.9965637 0.9968094 0.99712646 0.99716735 0.9972457 0.99722856 0.99119663 0.99330556 0.9942015 0.9943388 0.99245083 0.99174297 0.9880575 0.9908239 0.99636066 0.995713 0.9960917 0.99709785 0.9963843 0.99757874 0.99778163 0.99341106 0.9940702 0.99258995 0.990547 0.99723905 0.9965148 0.9963982 0.99168414 0.9912677 0.99458337 0.9946348 0.99311817 0.9931442 0.99348575 0.9945462 0.99289614 0.9940405 0.9958539 0.9954542 0.99585783 0.9950146 0.9923126 0.99487734 0.9938329 0.99140656 0.9923836 0.9949132 0.9925609 0.9911009 0.99679506 0.9958629 0.99437696 0.9945733 0.99395454 0.9914974 0.98921895 0.99614835 0.99587286 0.9963721 0.9957619 0.99435556 0.9957429 0.99271786 0.99588686 0.993957 0.99678946 0.99701303 0.99815845 0.9968674 0.9978944 0.9954527 0.99570835 0.9968215 0.9952458 0.99705565 0.9946782 0.9942386 0.9952514 0.9933008 0.99095404 0.9918964 0.9942361 0.9959298 0.9957002 0.99710494 0.99464136 0.9969 0.99476427 0.9952713 0.99600536 0.99599713 0.99191326 0.9912654 0.9940405 0.9954974 0.99484414 0.9954931 0.9963839 0.99539167 0.9950841 0.99461055 0.9901221 0.9933862 0.9963093 0.99514115 0.9933927 0.9945484 0.9945912 0.99163043 0.9932218 0.99591535 0.9900178 0.9832617 0.9893011 0.992012 0.99484026 0.9947655 0.99561054 0.99816036 0.9930384 0.9971689 0.9974498 0.9969739 0.99607843 0.99440295 0.99712574 0.99789274 0.99697095 0.9972547 0.995759 0.99773484 0.9972959 0.9949408 0.99428004 0.9957578 0.9972435 0.99710995 0.9954273 0.9935094 0.996179 0.99657744 0.9965038 0.9980526 0.99725765 0.9964098 0.9967077 0.9962678 0.9971577 0.9948943 0.9971948 0.9964793 0.9963687 0.99592066 0.9972593 0.9957131 0.99581075 0.9934843 0.99595517 0.9964095 0.9951305 0.9956531 0.99713665 0.9972063 0.99720234 0.9958398 0.9966048 0.99649227 0.9980262 0.99705166 0.99642223 0.9957696 0.9952073 0.99255425 0.9945934 0.99322075 0.9926355 0.9927967 0.992636 0.99312603 0.9916853 0.9930185 0.9961759 0.99653447 0.9970484 0.9960927 0.9965322 0.9964816 0.9969817 0.9974149 0.9970793 0.9964391 0.99702185 0.9968771 0.9954692 0.9939901 0.9929552 0.9937436 0.9975621 0.9972899 0.99765134 0.9976914 0.99022967 0.98814195 0.98634994 0.9943738 0.9927047 0.99176884 0.9985145 0.9978052 0.9973639 0.9972876 0.996167 0.9965989 0.99397814 0.9902203 0.9973186 0.99600565 0.99649066 0.9948726 0.9943431 0.99206024 0.9906533 0.99626267 0.9957051 0.99643713 0.99514747 0.9948065 0.9933485 0.9928119 0.98697805 0.9970451 0.9966583 0.9962996 0.995925 0.99662846 0.9964967 0.99595326 0.9958048 0.9966862 0.9973567 0.9965718 0.9969173 0.99585193 0.9929011 0.9960036 0.99632174 0.9959466 0.9933325 0.9940983 0.9882683 0.995473 0.988326 0.9896033 0.994904 0.9908753 0.98621863 0.9870814 0.9893733 0.9965376 0.987936 0.9950324 0.99174666 0.9957075 0.9954055 0.9917551 0.99365485 0.99297404 0.992049 0.99399465 0.99300855 0.99438447 0.9950604 0.99418736 0.9957081 0.99539334 0.9958341 0.99560654 0.99544114 0.99551505 0.99687535 0.9944239 0.9935246 0.9959067 0.99466985 0.9950594 0.99443686 0.992825 0.9956752 0.9972441 0.9968715 0.9981705 0.99734867 0.9969281 0.9972886 0.9974805 0.99470764 0.9938559 0.9935919 0.99525636 0.99644655 0.9961983 0.9967987 0.99714553 0.9961016 0.9970738 0.996887 0.9972219 0.99521804 0.9969083 0.9975521 0.99770045 0.9971078 0.99675894 0.99624 0.9960744 0.99442214 0.99727976 0.99575907 0.99771535 0.9974288 0.9971286 0.9981518 0.9969889 0.99724567 0.99707377 0.9964781 0.9964252 0.99621326 0.9964677 0.99676645 0.99719197 0.9969889 0.99797696 0.99820364 0.9983473 0.9980844 0.9987669 0.9964411 0.9999997 0.9987642 0.9982288 0.99704504 0.99770474 0.9985232 0.99770325 0.9985593 0.998264 0.99901676 0.9980931 0.9977759 0.9984229 0.99790555 0.9947373 0.9962009 0.99701667 0.9972761 0.99724436 0.99682826 0.9964524 0.99443424 0.9966028 0.9963814 0.99506056 0.9969205 0.99598837 0.99659073 0.99332255 0.9918915 0.9878814 0.99085826 0.9909555 0.9907352 0.9894158 0.9864309 0.99565107 0.9967288 0.99740946 0.99761945 0.9963818 0.9970659 0.9971602 0.99715954 0.9976659 0.9961867 0.99559987 0.9962957 0.99684685 0.9969625 0.99663025 0.9961422 0.9941381 0.9889245 0.9872453 0.9836082 0.9897096 0.9909459 0.9901176 0.99034935 0.98841166 0.99361557 0.9902622 0.98630214 0.99056435 0.98874605 0.9896566 0.99005514 0.98494774 0.9848569 0.98768723 0.9883735 0.99174076 0.9909784 0.9880013 0.9897525
TodorovicxPera_SRP18892PeraTodSilazakSPrestola-L2_16 0.9911922 0.99638516 0.99481535 0.9900882 0.9918963 0.99621433 0.99408174 0.9906829 0.9955746 0.9940005 0.9949332 0.9968497 0.9940438 0.99417126 0.9958623 0.9926475 0.9926986 0.9935623 0.9955008 0.9957304 0.9921758 0.9932103 0.99533266 0.993924 0.9938436 0.99125147 0.9932159 0.9884303 0.9938951 0.99190676 0.99177074 0.9946197 0.99261194 0.98385984 0.980825 0.9925727 0.9915016 0.98851484 0.9947105 0.9944521 0.99367595 0.9926059 0.99405855 0.99022794 0.9917059 0.9937476 0.9933293 0.99409544 0.99514884 0.99388474 0.9974641 0.9970374 0.9956115 0.99510485 0.9948952 0.9940323 0.9937763 0.9875034 0.99024093 0.9954668 0.99538803 0.99186087 0.99625826 0.9950993 0.99252605 0.9932863 0.99621844 0.99719685 0.9962903 0.99736685 0.9978151 0.9980142 0.99707437 0.9974235 0.9981044 0.9965822 0.9976393 0.99683905 0.9973087 0.9977856 0.99716014 0.99201554 0.99395555 0.99297917 0.99010205 0.99358916 0.9921336 0.9941594 0.994665 0.9928683 0.9941817 0.9915224 0.9961109 0.9955311 0.99507976 0.9964385 0.9944278 0.9951333 0.99522465 0.9940349 0.9940419 0.99484867 0.9949523 0.99444616 0.99201506 0.99547356 0.99170667 0.9931275 0.9960761 0.99450123 0.99478096 0.9936014 0.9942372 0.9944408 0.9953251 0.9920752 0.9974808 0.9967397 0.99721557 0.9971707 0.99771476 0.99673367 0.99805033 0.9976912 0.99725544 0.9983471 0.99670285 0.99808395 0.9964612 0.9973948 0.9969434 0.9974647 0.99698174 0.9970948 0.9977682 0.9893676 0.99202937 0.9931326 0.99295324 0.9909122 0.9899129 0.98619604 0.98916394 0.9965996 0.9963906 0.99649715 0.99798286 0.9978159 0.99836755 0.9986858 0.9938693 0.9956372 0.9947822 0.9929095 0.99711883 0.9956431 0.99525696 0.99060065 0.9903467 0.993871 0.9931183 0.99263686 0.99162257 0.9928582 0.9936169 0.99170107 0.99243957 0.99548477 0.9951308 0.995895 0.99455756 0.99066854 0.99392545 0.99228996 0.98946935 0.9904985 0.9945561 0.9911278 0.9895533 0.9965606 0.99522537 0.99276125 0.99282813 0.99217767 0.99029636 0.98823136 0.9960768 0.9953572 0.9959564 0.9952053 0.9935798 0.9956817 0.99135697 0.99541724 0.9929661 0.9966138 0.99741876 0.9982841 0.99730754 0.9973974 0.99512744 0.995112 0.99615484 0.99400616 0.99695885 0.9945772 0.993394 0.99491394 0.9931475 0.99099874 0.991517 0.9933776 0.9945389 0.9947025 0.9961279 0.99265397 0.99546385 0.99277055 0.99338436 0.9949244 0.9945015 0.9902468 0.98962384 0.99221325 0.99454314 0.9939347 0.99429643 0.9960267 0.99506 0.99549407 0.99366415 0.99023014 0.99275714 0.9960989 0.9953182 0.9947521 0.9951938 0.99440926 0.9937569 0.993062 0.9952479 0.9881437 0.9814201 0.98783594 0.99117374 0.99556255 0.9953862 0.9952395 0.9985832 0.995195 0.9966566 0.9967041 0.9959822 0.99681014 0.9958451 0.9979328 0.99872136 0.9971101 0.9983984 0.99738353 0.9984417 0.9984069 0.9952955 0.99580634 0.99691904 0.9980154 0.9977809 0.99649054 0.9948523 0.9962673 0.9965176 0.99632955 0.997666 0.99657667 0.99738526 0.99739 0.99687403 0.9973 0.9940022 0.99663174 0.9958283 0.9970626 0.9967745 0.99711764 0.99478555 0.9969945 0.99566406 0.99741644 0.9977715 0.99674904 0.9961318 0.9981279 0.9974919 0.9974675 0.99724936 0.99752206 0.9969859 0.99853885 0.99777436 0.9976868 0.9968338 0.9946879 0.99193305 0.9943368 0.992037 0.9912009 0.99166775 0.99260396 0.99373496 0.9917428 0.9940587 0.99711317 0.9966582 0.99712586 0.9968065 0.99640524 0.99780935 0.9974338 0.99714535 0.99670166 0.9956139 0.9964134 0.9962607 0.9943076 0.99194086 0.9907839 0.9917835 0.99682945 0.996948 0.99701273 0.9971454 0.9881739 0.98526883 0.98350394 0.9927355 0.9907663 0.9898822 0.9984122 0.99695677 0.9964819 0.99671066 0.994803 0.995387 0.9922578 0.9874155 0.99637973 0.99430716 0.99510896 0.9928606 0.9921441 0.9898809 0.9877812 0.9948074 0.9939786 0.995665 0.9935484 0.99330974 0.9916642 0.9906999 0.98391414 0.99677944 0.9971675 0.99545974 0.99587053 0.9965043 0.99638665 0.99581766 0.9956235 0.99632066 0.99703735 0.9956902 0.9958533 0.9956064 0.99170834 0.99607456 0.99607676 0.9957372 0.99202144 0.99278015 0.98631185 0.9949736 0.98657846 0.9878814 0.9941972 0.9893283 0.98404366 0.9848335 0.9876145 0.99641526 0.98589426 0.99443215 0.9899432 0.9952193 0.9950551 0.9905906 0.9930458 0.99221855 0.99111795 0.99293745 0.99041885 0.9935775 0.9957465 0.99409676 0.9956102 0.99414665 0.9959187 0.99480563 0.9942579 0.9945989 0.996125 0.9939534 0.9929416 0.9951002 0.9938469 0.995166 0.9950408 0.9926768 0.9958062 0.997517 0.99711174 0.99851215 0.9974577 0.99799293 0.99856657 0.99809456 0.9961941 0.9959804 0.9957993 0.9941847 0.9968325 0.99669874 0.99701035 0.9972702 0.9969939 0.9975551 0.9973259 0.99626845 0.9935759 0.997586 0.9976533 0.9974119 0.9970116 0.99696946 0.99548256 0.99607015 0.9947929 0.99676985 0.9944097 0.9966059 0.9966226 0.9961519 0.9979286 0.99645305 0.9963708 0.9973986 0.99650526 0.9966688 0.99728453 0.9975011 0.9977123 0.9980653 0.99767447 0.9972735 0.99764836 0.9978088 0.9983546 0.9987147 0.99802566 0.9987642 0.9999999 0.99732876 0.9965309 0.9977561 0.9980134 0.9968372 0.99776113 0.9974576 0.99823976 0.997471 0.99818456 0.99819505 0.997983 0.99619085 0.99695265 0.99635655 0.99803436 0.99828196 0.99684626 0.9959313 0.99342835 0.9959955 0.99590033 0.99399906 0.9960286 0.99547243 0.995626 0.9916624 0.99039143 0.9860369 0.98936194 0.9888824 0.98905003 0.9880395 0.9846788 0.9968729 0.99730015 0.9974354 0.9972076 0.9956853 0.99698335 0.9972576 0.99678683 0.99697393 0.99727666 0.9963706 0.99695194 0.99709713 0.9967543 0.9963394 0.9959337 0.9929269 0.98717034 0.9848889 0.98129874 0.98751837 0.98958915 0.98836386 0.9887868 0.9861836 0.9919294 0.9882336 0.98354644 0.98898995 0.9860786 0.98725593 0.9881438 0.98244786 0.9822933 0.9851757 0.98637784 0.9899825 0.99194294 0.98791087 0.9894161
TodorovicxPera_SRP18892PeraTodSilazakSPrestola-L2_2 0.9911746 0.9962993 0.995589 0.9932156 0.99435335 0.99386626 0.99128073 0.98728836 0.9971449 0.9955432 0.9965405 0.9969454 0.9960645 0.99622273 0.9955385 0.9941494 0.99260527 0.9932257 0.99443144 0.9970379 0.9943965 0.9949939 0.99490994 0.9950091 0.99460495 0.9934799 0.99417853 0.9924575 0.99486715 0.99382615 0.99360037 0.99508417 0.99404013 0.9861344 0.98348325 0.99218446 0.9913151 0.98941725 0.9963825 0.99694806 0.9965674 0.9960883 0.9957961 0.99402136 0.9927681 0.9945966 0.99597436 0.9968773 0.9974799 0.99616843 0.9979478 0.99691117 0.99577016 0.9947788 0.9938783 0.99368286 0.99320364 0.9858307 0.9899642 0.99475455 0.99402183 0.99180144 0.99533343 0.9940166 0.98999095 0.990839 0.996336 0.9958688 0.9964471 0.9984497 0.99651057 0.99568343 0.99617034 0.9975627 0.9973148 0.99740374 0.9952569 0.99437535 0.99698293 0.99830455 0.9951736 0.99308944 0.99431133 0.99710816 0.99508333 0.9974786 0.9965639 0.9976419 0.998152 0.9955998 0.99663144 0.9929264 0.99460626 0.99322355 0.99359596 0.9956548 0.9937909 0.99616754 0.99431676 0.9943826 0.99173784 0.99296904 0.9937736 0.99640507 0.99524975 0.99587876 0.99426645 0.9953208 0.9967458 0.99638146 0.9969386 0.9965948 0.9962818 0.9960731 0.9968619 0.9948998 0.99701774 0.9973378 0.9961712 0.996603 0.99702185 0.9957252 0.9964377 0.99695975 0.99798465 0.9972485 0.9969319 0.99714017 0.99397695 0.9961022 0.99643075 0.9965408 0.99789405 0.9978702 0.9970012 0.98999345 0.9920728 0.9928335 0.9938127 0.9948643 0.99459976 0.99176556 0.9940371 0.99736524 0.99672747 0.99710166 0.9962239 0.9957634 0.9975239 0.9977088 0.9909339 0.9915275 0.9893344 0.9875548 0.99704945 0.9968611 0.9964051 0.99401504 0.9935034 0.99628145 0.9960513 0.99461794 0.9947455 0.9948435 0.99591887 0.99405473 0.9942926 0.9965048 0.9950903 0.99682313 0.9953635 0.9940776 0.99612784 0.9957735 0.9938231 0.994184 0.99421024 0.9919752 0.99096954 0.9969311 0.9962317 0.99499303 0.99557894 0.996122 0.9946019 0.9926734 0.99663585 0.9967433 0.99742496 0.996414 0.99446166 0.9955938 0.99328184 0.9954579 0.9944177 0.9966447 0.9965822 0.9977619 0.99681777 0.99775845 0.99559724 0.996832 0.99759835 0.99569446 0.9967633 0.99619055 0.9953775 0.996811 0.99418455 0.99199486 0.9932348 0.99649906 0.9952296 0.99409133 0.9961777 0.9948901 0.99588495 0.9944858 0.99561554 0.99376804 0.994119 0.9900679 0.9889915 0.99240875 0.9944152 0.9932063 0.99694383 0.9956586 0.9939822 0.99306357 0.9933618 0.98713136 0.99180293 0.99615 0.9947956 0.9931487 0.99467695 0.9944564 0.9908712 0.9929899 0.995923 0.99233615 0.98623526 0.99147326 0.99377507 0.9949618 0.9943547 0.99415904 0.99624217 0.9914721 0.9973976 0.9981879 0.99728644 0.99510616 0.99163264 0.99630415 0.99643815 0.995525 0.9956273 0.9941065 0.99677616 0.9962647 0.9950448 0.9931522 0.99644697 0.9977635 0.9973173 0.9953017 0.9933446 0.9957563 0.9960743 0.9960879 0.9971185 0.99754196 0.99640036 0.9962732 0.99465543 0.9959456 0.9951626 0.99718815 0.99700004 0.9942052 0.99363047 0.9962401 0.99512684 0.9935551 0.9910457 0.99377966 0.99449307 0.99279773 0.99370205 0.99551415 0.9957367 0.99600875 0.9944638 0.9958801 0.9955862 0.9975106 0.9962361 0.9956167 0.994642 0.9963053 0.99448085 0.9946609 0.995156 0.99439484 0.99474436 0.99361956 0.9924504 0.9913912 0.99315834 0.99711084 0.9972179 0.9975368 0.99625844 0.9973902 0.99667937 0.99740654 0.99637103 0.99563634 0.99624205 0.9968157 0.9968242 0.9964086 0.9950691 0.9945548 0.99505347 0.9971189 0.9971802 0.99725974 0.9972619 0.9897724 0.98845553 0.98649645 0.99690765 0.9955453 0.9954466 0.9973317 0.9974305 0.99736273 0.9969976 0.9958608 0.99645776 0.9944565 0.9897717 0.9967872 0.9963738 0.99671626 0.9939921 0.99407417 0.99173903 0.9908563 0.994815 0.9943764 0.99468964 0.993782 0.992144 0.9911466 0.991156 0.9896881 0.9979316 0.9969046 0.9966719 0.9962422 0.9970045 0.9964755 0.9967034 0.9974493 0.9981965 0.9981631 0.99782276 0.9979439 0.99542546 0.9933046 0.996256 0.9959591 0.99629253 0.9943661 0.9941954 0.989707 0.9951872 0.9891137 0.99027205 0.99507284 0.99180394 0.9878664 0.9879494 0.99055123 0.99581623 0.9885785 0.9948933 0.9925296 0.99513584 0.9950098 0.99472284 0.99577034 0.99527013 0.99393487 0.99559593 0.9943788 0.9953128 0.99515826 0.99485636 0.9953496 0.99546087 0.9960618 0.99527675 0.99510205 0.9954483 0.9963627 0.99376506 0.99356824 0.99629 0.9959675 0.994492 0.9940764 0.99320054 0.9966381 0.9972092 0.99725413 0.9977919 0.9979975 0.9965788 0.99634147 0.9975058 0.9925269 0.99221355 0.9918857 0.9970981 0.9972176 0.996694 0.9972696 0.9971451 0.9956468 0.99711347 0.9974163 0.9974608 0.9972193 0.99602675 0.99762154 0.9984283 0.9972803 0.9975087 0.9976373 0.9981535 0.9969746 0.9982634 0.9979696 0.9985471 0.9983616 0.998811 0.998036 0.997063 0.99751216 0.9964198 0.99664366 0.9960067 0.99491704 0.99580467 0.9956175 0.9967356 0.9973823 0.9976728 0.99785393 0.99865687 0.9979779 0.9977475 0.9945695 0.9982288 0.99732876 0.99999976 0.9977857 0.9964439 0.9976849 0.99825656 0.9987382 0.99825835 0.9985907 0.99732393 0.996784 0.9973732 0.9969043 0.99394417 0.9957991 0.99667263 0.99618965 0.99510825 0.9979714 0.9970319 0.9960518 0.9976921 0.99719995 0.9958315 0.9979573 0.9966098 0.9979743 0.99275863 0.9905647 0.9863558 0.9891248 0.9906497 0.98962355 0.9877069 0.98478484 0.9950827 0.99639606 0.9976401 0.9984115 0.9982677 0.998143 0.9973905 0.99779576 0.9985921 0.99553126 0.99568075 0.99610776 0.9977622 0.99858904 0.9980236 0.9980662 0.9960625 0.99112403 0.99085814 0.987351 0.99193174 0.99321747 0.99289626 0.9928492 0.9915234 0.9949087 0.99122775 0.988364 0.9921766 0.9899103 0.9912317 0.9923822 0.9874232 0.9873393 0.98976195 0.990288 0.9926169 0.9886597 0.9852311 0.9870928
TodorovicxPera_SRP18892PeraTodSilazakSPrestola-L2_3 0.9928118 0.99588764 0.9956605 0.99343735 0.99410444 0.9936671 0.99159163 0.9897954 0.99466556 0.9934149 0.9948442 0.9949778 0.9943233 0.9947454 0.9937294 0.9921383 0.9913492 0.99202776 0.99291027 0.99499094 0.99277174 0.99401456 0.9924569 0.99210393 0.99251086 0.9922107 0.9927744 0.9905855 0.9926925 0.99180126 0.9920116 0.9926553 0.9920617 0.9854541 0.98323613 0.9905679 0.9894583 0.9883293 0.99485755 0.994845 0.9949149 0.99531484 0.9954345 0.9934985 0.99183893 0.9929274 0.99458456 0.99588925 0.99566543 0.9965877 0.9973822 0.99764967 0.99750787 0.99730605 0.996831 0.9934536 0.9928202 0.98587894 0.989944 0.9944934 0.9944835 0.99074733 0.9952971 0.9950045 0.9895226 0.99045455 0.9975873 0.99680734 0.9974734 0.9965285 0.9952859 0.9942368 0.99521357 0.9962327 0.9962443 0.99605525 0.99341565 0.99347484 0.99664855 0.99626017 0.9935437 0.9944769 0.9949817 0.99737483 0.99437875 0.997023 0.99614805 0.99718595 0.99705505 0.9970818 0.99702454 0.99321836 0.9942748 0.9926976 0.99296135 0.995661 0.99439245 0.9957361 0.99424905 0.9949787 0.99169576 0.9928248 0.9933454 0.99551064 0.9950558 0.99539196 0.9951012 0.9957138 0.9956766 0.9960587 0.9961184 0.99615395 0.9968398 0.996292 0.9965949 0.995784 0.99560714 0.99480265 0.99411935 0.9946324 0.9953447 0.99475706 0.9949129 0.99426764 0.9951072 0.99500793 0.99561065 0.99449015 0.9926605 0.99399674 0.99402535 0.9940757 0.9957526 0.9957561 0.9953928 0.98953277 0.9918786 0.99280393 0.9934622 0.9962883 0.99520767 0.9931602 0.99458784 0.9976795 0.99598837 0.9960728 0.99621665 0.9950359 0.9975084 0.9966101 0.9904198 0.9912261 0.9903504 0.9880428 0.9952537 0.9947659 0.99454087 0.99429274 0.9941972 0.9965881 0.9967761 0.994889 0.9952957 0.9952244 0.99616015 0.9949652 0.99501526 0.99607325 0.9962268 0.99624455 0.99563277 0.9943552 0.9952846 0.9954204 0.9935199 0.9942331 0.9941378 0.99203503 0.99075526 0.9958428 0.99518365 0.99399596 0.9943732 0.9959793 0.9931896 0.9917357 0.9953182 0.99612874 0.99649143 0.99706435 0.9935088 0.99376744 0.9922284 0.99460816 0.99364567 0.9946013 0.9942857 0.9967427 0.9968541 0.9983748 0.9978431 0.99747646 0.9981179 0.99658954 0.99703217 0.9975253 0.99723864 0.99725866 0.99707705 0.99508655 0.9962309 0.9974455 0.9939266 0.9926142 0.9953867 0.9942581 0.9945829 0.994174 0.99465936 0.9934005 0.99402314 0.9914356 0.9904449 0.99310786 0.99457455 0.9937309 0.9974946 0.9951435 0.9946926 0.9938679 0.99407154 0.9843422 0.9891703 0.9952483 0.9951548 0.99325895 0.99480146 0.9962629 0.99105835 0.99456304 0.99630713 0.99292296 0.9862686 0.9923195 0.99414814 0.9958214 0.99516636 0.9946894 0.99527895 0.9910238 0.9973446 0.99783534 0.99672335 0.99585444 0.99089986 0.99613106 0.99584955 0.99621147 0.9953299 0.99302995 0.9962036 0.99616474 0.9950863 0.99266326 0.99600327 0.99692893 0.9969806 0.9951512 0.9936446 0.99594855 0.9958808 0.9966415 0.9961446 0.99736524 0.9960711 0.9963868 0.99443185 0.99511826 0.9942054 0.99630594 0.9963516 0.9944921 0.99294215 0.99612504 0.9954598 0.99464166 0.99272615 0.99358565 0.9944667 0.99263465 0.99389476 0.9952197 0.9956274 0.99680305 0.99414676 0.9960945 0.99628747 0.9960958 0.9965663 0.99591464 0.9952495 0.99507225 0.9929486 0.99321663 0.9936969 0.9928059 0.9929932 0.9925447 0.9913736 0.9906404 0.99307877 0.99482834 0.99518555 0.9955904 0.99487126 0.9959048 0.9958308 0.99638945 0.9949663 0.99448884 0.99658895 0.9965506 0.99675596 0.9961422 0.9948703 0.9944868 0.99525183 0.99533707 0.9959768 0.9954121 0.99534047 0.9910911 0.9893569 0.9881115 0.99668825 0.9946039 0.9948019 0.9958259 0.9962108 0.99585986 0.9962172 0.9955927 0.9957248 0.9940354 0.9890147 0.9960703 0.9960525 0.99598837 0.9921355 0.99331266 0.9911496 0.9900046 0.9931156 0.9937325 0.9942252 0.99363464 0.9918476 0.9909372 0.99102616 0.9898026 0.9957258 0.994946 0.99453056 0.9936448 0.9945568 0.99431854 0.994981 0.99589425 0.9959351 0.9967223 0.9969828 0.9963427 0.995455 0.99342763 0.9949928 0.9952425 0.9956475 0.9941033 0.99297386 0.9900264 0.9946701 0.9895489 0.99053645 0.99488807 0.9925829 0.9878638 0.9886318 0.9904556 0.99482846 0.9883431 0.9937888 0.9917344 0.9946916 0.99457353 0.9939281 0.9943445 0.99395967 0.9930092 0.9942565 0.9937115 0.99233294 0.993324 0.9922721 0.9924016 0.9926011 0.99292576 0.9928279 0.99288154 0.99275327 0.9957537 0.99480283 0.9948763 0.99571735 0.9957657 0.9954553 0.9949028 0.99458283 0.9970418 0.99712914 0.99661314 0.9976198 0.99693906 0.9950728 0.99580896 0.99661344 0.99390495 0.99330896 0.992248 0.9965321 0.99723905 0.9973357 0.9971713 0.99753994 0.99565786 0.9962743 0.9969003 0.99741185 0.9964011 0.9961528 0.9957849 0.99759775 0.9972253 0.9973395 0.9973955 0.9965403 0.995616 0.9952976 0.9946077 0.99593514 0.9954982 0.9965949 0.99558765 0.9936172 0.9947198 0.99405223 0.9958961 0.99463946 0.9942634 0.9949131 0.9953162 0.995472 0.99643445 0.99758947 0.9976419 0.9970731 0.99854636 0.99726534 0.995176 0.99704504 0.9965309 0.9977857 1.0000004 0.9972314 0.9973545 0.99635726 0.99746794 0.99839157 0.99751145 0.9965032 0.9966532 0.9973998 0.9965974 0.9945351 0.9960442 0.99683535 0.9954204 0.9934186 0.99624926 0.9965108 0.9953594 0.9967581 0.9973411 0.9967453 0.99668825 0.9974961 0.99684304 0.9928945 0.9904117 0.98776406 0.98985434 0.99123687 0.99058443 0.9883701 0.9856191 0.99372536 0.9939622 0.995928 0.99754405 0.99737126 0.9971709 0.99638134 0.9975183 0.9974067 0.99385464 0.9940973 0.99462575 0.9957772 0.9968238 0.99597174 0.99709237 0.99490875 0.99132764 0.99016434 0.9872346 0.99003106 0.9920176 0.99179924 0.99128854 0.9902786 0.9941301 0.9904499 0.98781264 0.99216264 0.98907447 0.9901464 0.99158394 0.98743623 0.9866147 0.9889798 0.98969465 0.9920674 0.98812777 0.98569936 0.9867933
TodorovicxPera_SRP18892PeraTodSilazakSPrestola-L2_4 0.99161345 0.996452 0.9949484 0.98927915 0.99082977 0.9970655 0.9950718 0.9940531 0.99370605 0.991844 0.99313873 0.99508524 0.99196476 0.9919092 0.99361736 0.99035573 0.99074835 0.9921955 0.9936614 0.99312794 0.9893993 0.990784 0.99306715 0.9915166 0.9916189 0.98918676 0.99111617 0.98644334 0.991567 0.9891862 0.989574 0.9920781 0.98988205 0.9818999 0.97876316 0.9920849 0.99088925 0.9879978 0.99485165 0.99350107 0.9929273 0.9918727 0.9944298 0.98998034 0.9928485 0.99369216 0.9923686 0.9932096 0.9936401 0.993057 0.9957766 0.9956969 0.9950135 0.9968727 0.99692863 0.9934447 0.9936013 0.9883895 0.9902811 0.9939542 0.9943691 0.99081993 0.9958439 0.9956412 0.99322784 0.9937165 0.9964296 0.9974718 0.9966838 0.9959452 0.99632055 0.9973857 0.997066 0.9955825 0.9966909 0.99494934 0.9962443 0.99660265 0.9970842 0.99564165 0.995839 0.9923167 0.9941189 0.9930328 0.98922193 0.99345416 0.9915795 0.99391806 0.9938517 0.99391836 0.9941033 0.9898651 0.99611586 0.9935775 0.99386847 0.99548435 0.99434745 0.9942403 0.9949947 0.994362 0.9933225 0.99288446 0.99244297 0.9925038 0.9900674 0.9941827 0.98965234 0.9907683 0.9931767 0.99224174 0.9923666 0.99142855 0.99291044 0.9928844 0.9938784 0.9906815 0.9960401 0.994206 0.9944154 0.9943842 0.99550027 0.99482644 0.99564946 0.99422276 0.9942004 0.99570453 0.99397886 0.9956027 0.9960567 0.99542904 0.9944751 0.99536437 0.9948063 0.9948873 0.99605685 0.9881501 0.9919881 0.99343926 0.9929945 0.99235666 0.98965776 0.9865971 0.98918927 0.9967375 0.99439365 0.99386245 0.9981539 0.9975342 0.9982995 0.99717945 0.99474984 0.9955505 0.9942169 0.9930994 0.9949374 0.9940181 0.992908 0.99009675 0.9898896 0.9946129 0.99385214 0.99226165 0.99245095 0.9932735 0.9936699 0.99065524 0.9922082 0.99372435 0.99552476 0.9942379 0.99350137 0.9894564 0.9915263 0.9907735 0.98784256 0.98882806 0.9937886 0.9899672 0.98812205 0.99485034 0.9928833 0.99059594 0.9904664 0.9905114 0.9877455 0.98519546 0.9946933 0.99437183 0.9943499 0.9954817 0.9918396 0.9927342 0.98860943 0.9930814 0.99057007 0.9934686 0.9944464 0.99803114 0.9978912 0.9973249 0.9967493 0.99516195 0.99628156 0.9945165 0.99757147 0.99544907 0.99446297 0.99388874 0.9953788 0.99424297 0.9940663 0.99355006 0.99292 0.99360687 0.9952413 0.990958 0.9944839 0.9919271 0.9920395 0.99461746 0.994496 0.99032235 0.9895334 0.9916384 0.9940592 0.99423087 0.99394983 0.9952551 0.9948589 0.9954921 0.99307245 0.9897892 0.99217665 0.9945449 0.99565154 0.99507856 0.9946612 0.9951788 0.9945586 0.9948758 0.99428076 0.98731554 0.9800299 0.9872347 0.9904769 0.99602586 0.99478936 0.9973773 0.997574 0.9952619 0.99734604 0.996467 0.99677163 0.9983944 0.9967177 0.9985973 0.99794936 0.99765396 0.9980345 0.9953868 0.9979522 0.9981632 0.99617296 0.9962496 0.99738204 0.99670863 0.99680465 0.99595433 0.9951672 0.99473894 0.9944946 0.99551487 0.9966648 0.99554026 0.9972283 0.9968748 0.99710506 0.9958442 0.9920859 0.9949616 0.99485666 0.99751437 0.9968045 0.99562573 0.9946025 0.9969246 0.99603844 0.99672186 0.9967835 0.9944968 0.99636114 0.9966533 0.9973707 0.99633443 0.99774027 0.99810344 0.9974978 0.9971895 0.9977864 0.9980308 0.9976269 0.99325985 0.9889247 0.9916075 0.9897297 0.98887956 0.9888344 0.9898863 0.99183583 0.99026775 0.99316806 0.9950255 0.9940325 0.9953816 0.9960405 0.9952671 0.99727005 0.9959029 0.9960422 0.9957065 0.995328 0.9957626 0.9956906 0.9927313 0.9904618 0.98892134 0.9907439 0.9943477 0.994201 0.99418336 0.9942376 0.9888908 0.9859121 0.9850345 0.9922592 0.98911047 0.9888409 0.99676925 0.9945213 0.99397415 0.9943701 0.9929237 0.99417084 0.9904462 0.9862874 0.9955307 0.9938228 0.99413025 0.99188834 0.9908986 0.98967797 0.9874784 0.99362403 0.9938387 0.99512446 0.9934579 0.9939401 0.9920911 0.99178165 0.98359597 0.99448705 0.9951471 0.99283516 0.9925464 0.99400675 0.99466306 0.99652743 0.99590147 0.99586827 0.9970461 0.9964911 0.9959391 0.99480325 0.99057525 0.9949319 0.9949745 0.9948302 0.99138886 0.9910726 0.985348 0.994351 0.9850622 0.9866334 0.9931391 0.98819923 0.9822998 0.9841675 0.98621035 0.99599653 0.985218 0.99386865 0.98892903 0.9945668 0.9946302 0.9886731 0.9897404 0.9890702 0.98830533 0.9909869 0.98976666 0.9924972 0.9954001 0.993451 0.9938446 0.9928016 0.99415267 0.9940828 0.9934393 0.99333787 0.9941519 0.9930254 0.9924973 0.994792 0.9921278 0.9950906 0.9943429 0.99257666 0.995463 0.9963575 0.99505824 0.9976472 0.995384 0.99658394 0.9973032 0.9963182 0.9970274 0.99592197 0.9957165 0.9930011 0.99631685 0.9964171 0.9963674 0.99646527 0.9961843 0.99621737 0.9962314 0.9965347 0.9926424 0.9977892 0.9956087 0.9962842 0.99619335 0.9965028 0.9951455 0.99518824 0.99345756 0.99446744 0.99174476 0.9948382 0.99465114 0.9941432 0.99612534 0.993108 0.9934203 0.9956781 0.9945991 0.9939298 0.99465364 0.9952561 0.99613756 0.99706924 0.9954608 0.997547 0.9982305 0.99739224 0.9982889 0.9986559 0.99803275 0.99770474 0.9977561 0.9964439 0.9972314 1.000001 0.9976487 0.99502426 0.9962886 0.9971082 0.9976363 0.9957903 0.997858 0.9977192 0.9970161 0.9973397 0.9961678 0.9961124 0.9965249 0.9966143 0.9948891 0.9939432 0.99080145 0.9941463 0.9948189 0.99362445 0.9938379 0.99509555 0.99395293 0.9899438 0.9886214 0.98582304 0.9881665 0.9873808 0.98763674 0.98632145 0.9840395 0.9968156 0.9964292 0.9973324 0.99702436 0.99467605 0.9962858 0.99726474 0.996983 0.99684846 0.9968758 0.9970061 0.997177 0.99708927 0.99608827 0.9956091 0.9959657 0.9912209 0.98557955 0.9832674 0.97930896 0.98517406 0.9876901 0.9864368 0.98646647 0.98417926 0.9904288 0.9862248 0.98192894 0.98712385 0.98405206 0.98504657 0.9857415 0.98031485 0.97951925 0.98251873 0.98373 0.9878484 0.99252105 0.989755 0.9907066
TodorovicxPera_SRP18892PeraTodSilazakSPrestola-L2_5 0.99354136 0.99676114 0.9962729 0.9933914 0.99468386 0.99582964 0.99353385 0.9908227 0.99584275 0.9951813 0.99612933 0.9967152 0.99547696 0.9956372 0.9962827 0.99401313 0.9937476 0.99436355 0.9952566 0.9963411 0.99401367 0.99482477 0.9940034 0.99354005 0.9940033 0.9927937 0.99410987 0.99082845 0.9946744 0.9934983 0.9932909 0.99480534 0.99391603 0.98751456 0.98518777 0.9929217 0.99174637 0.9905657 0.99508023 0.99468195 0.99477565 0.9946593 0.99484336 0.9927765 0.9922888 0.993548 0.9946253 0.9956532 0.9959452 0.9959943 0.9978789 0.99758744 0.99704945 0.9965864 0.99594164 0.99405026 0.9936094 0.9874629 0.99090385 0.995924 0.9959288 0.9919195 0.99593866 0.99506116 0.991395 0.99200666 0.99691874 0.99683917 0.99697423 0.9962085 0.9973119 0.9954934 0.99660724 0.9977153 0.998014 0.9976654 0.99622285 0.99649763 0.9977121 0.997036 0.99615973 0.99317205 0.9940708 0.99470586 0.99232155 0.99497813 0.994457 0.9955579 0.9965014 0.99406993 0.9951783 0.9945836 0.9967027 0.9955718 0.99569094 0.9971669 0.9948994 0.995691 0.9958183 0.9962206 0.9945599 0.9954091 0.99584436 0.99548495 0.9941895 0.9960965 0.9941212 0.9949255 0.996596 0.99568146 0.9957367 0.99510205 0.99564993 0.9960823 0.9958899 0.99420696 0.9971765 0.9955026 0.9954699 0.99534947 0.9960977 0.9955348 0.99744743 0.99659634 0.9965094 0.9966186 0.997119 0.9963856 0.99434894 0.99555945 0.99548006 0.995715 0.9964765 0.9967145 0.9968877 0.99222547 0.99321204 0.9943262 0.9944421 0.9921647 0.9919885 0.9884599 0.99092793 0.99695826 0.9963467 0.9967006 0.9968516 0.9959 0.9975344 0.9974074 0.99203384 0.99251556 0.99200183 0.9889239 0.99732137 0.99653244 0.99607 0.9932405 0.9932379 0.9958639 0.9960951 0.9947888 0.9945846 0.994791 0.9958279 0.99485993 0.9953548 0.99706066 0.9972155 0.9972905 0.99698794 0.99430764 0.9961586 0.99518955 0.9929789 0.99399054 0.9966041 0.9943847 0.9930872 0.9971077 0.9966415 0.9952006 0.99480265 0.9945508 0.9934763 0.9918667 0.9967631 0.99683845 0.99722636 0.9969128 0.9956119 0.9962992 0.99402374 0.9965707 0.9951326 0.99636894 0.99680257 0.9973842 0.9961841 0.9978008 0.99553645 0.99621177 0.99662405 0.99483556 0.9964483 0.99476266 0.99412197 0.9953458 0.9934201 0.9912216 0.99196374 0.9947361 0.99585557 0.9953087 0.99725527 0.994993 0.99651206 0.99491704 0.99570805 0.9961347 0.99617785 0.9941022 0.99331135 0.9953371 0.99661046 0.9959168 0.9965398 0.99676555 0.9964291 0.9956538 0.99528956 0.986697 0.9900883 0.99717337 0.99624145 0.9937266 0.99501836 0.9962867 0.992101 0.993778 0.99708015 0.9918036 0.98561424 0.99085534 0.99329656 0.99524105 0.9956966 0.9949397 0.9963794 0.99122524 0.9963114 0.99659544 0.9959283 0.9953492 0.9936204 0.9965841 0.9975362 0.99714 0.996628 0.9948901 0.9962977 0.9967436 0.9960288 0.995107 0.9964009 0.9976818 0.99791086 0.99636984 0.994732 0.99719375 0.9972786 0.99688447 0.997342 0.9973436 0.9965104 0.9972701 0.9952951 0.9960409 0.9937501 0.9963447 0.9961086 0.99572104 0.99444616 0.99768955 0.99492055 0.9952062 0.99338037 0.9949403 0.9957111 0.99457896 0.9948408 0.99699515 0.9963275 0.9970354 0.99557227 0.99692786 0.99636716 0.997218 0.99748856 0.9969322 0.9961293 0.9957883 0.9937844 0.9951195 0.9941088 0.99362636 0.9935732 0.99401516 0.993198 0.9924204 0.9941954 0.99617964 0.99672 0.99669874 0.99576765 0.9966438 0.99687195 0.99681354 0.99678314 0.99697435 0.9974546 0.9974332 0.9977516 0.99542046 0.9936444 0.9926144 0.99346936 0.9972782 0.9977107 0.9973507 0.99718 0.9900276 0.98802745 0.98656213 0.9951385 0.9936378 0.9924082 0.9975149 0.99701047 0.996709 0.99671847 0.9959297 0.9957674 0.994062 0.9892999 0.9967624 0.99542856 0.9957791 0.992694 0.9935157 0.99089223 0.98943347 0.9944814 0.99486417 0.9961351 0.99483114 0.9935994 0.992576 0.99204844 0.9891609 0.99567413 0.9949866 0.9948823 0.9940353 0.9948988 0.99382496 0.99487555 0.9947391 0.99584115 0.9967501 0.99601835 0.9959404 0.997073 0.9945548 0.9964603 0.9969573 0.99679804 0.994439 0.99458206 0.99057674 0.99600786 0.99059314 0.9920238 0.9966082 0.9933048 0.9889781 0.98997843 0.9918983 0.9965549 0.9895256 0.9952303 0.9927171 0.9959766 0.9956825 0.99372697 0.9951071 0.9944556 0.9940433 0.9953322 0.993266 0.99289316 0.994198 0.9921645 0.9936192 0.9931115 0.99426955 0.9936893 0.9939217 0.99356717 0.9973383 0.99612534 0.9953367 0.9963217 0.99606615 0.997164 0.99616736 0.99526644 0.99720037 0.9976502 0.99735534 0.9986576 0.9974033 0.99584 0.99709666 0.99689794 0.9941803 0.99406433 0.99375206 0.99651235 0.9974753 0.9969281 0.99791145 0.9977598 0.9969641 0.99704045 0.99728703 0.9971716 0.99572575 0.99644196 0.99565935 0.99662143 0.99666625 0.996532 0.99606717 0.9954141 0.99418765 0.9959308 0.9943974 0.99686503 0.9958855 0.99626946 0.99663764 0.9952639 0.9960483 0.99529755 0.9971886 0.9967403 0.9962684 0.9967136 0.9963235 0.9960375 0.9969296 0.99893224 0.9978898 0.99742466 0.9980172 0.99818784 0.9962988 0.9985232 0.9980134 0.9976849 0.9973545 0.9976487 1.0000004 0.9974888 0.99856126 0.99840814 0.9986106 0.998372 0.9979482 0.99838763 0.9975177 0.99585843 0.99700254 0.9972595 0.99762803 0.99640626 0.9967178 0.99697465 0.9955394 0.9971454 0.9975279 0.99664 0.9970414 0.9970407 0.9969251 0.99326944 0.99177563 0.9883926 0.9906948 0.99151045 0.9910278 0.98961705 0.9865852 0.99434125 0.9948229 0.99621 0.99678904 0.99633706 0.99673855 0.9962851 0.9969502 0.99680865 0.99511033 0.99441445 0.99516517 0.9958202 0.99624217 0.9965217 0.99600005 0.99544543 0.99187326 0.9893928 0.9865249 0.991223 0.99296993 0.99206215 0.9922112 0.99057555 0.9948022 0.9917471 0.9880003 0.9923045 0.98977834 0.99104697 0.9917797 0.98743105 0.98681927 0.98928785 0.9902997 0.9930424 0.9918365 0.98902726 0.9910024
TodorovicxPera_SRP18892PeraTodSilazakSPrestola-L2_6 0.9942247 0.9972099 0.9968458 0.9949433 0.9963108 0.993703 0.9910484 0.9866048 0.99671555 0.99715036 0.99766016 0.9978115 0.99693465 0.99726015 0.9978352 0.9971625 0.99603015 0.99661565 0.9971959 0.9983098 0.996307 0.9970362 0.99583834 0.9963758 0.9962631 0.9950094 0.9960528 0.9941344 0.99660945 0.9956492 0.9953783 0.9962645 0.99582773 0.9920128 0.98974025 0.99533844 0.99494076 0.9936101 0.99759173 0.99777365 0.99771935 0.99759 0.9972347 0.9963294 0.9950985 0.99675643 0.9978028 0.99802226 0.9985862 0.9975558 0.99798465 0.99669874 0.9955399 0.9945705 0.9925894 0.9963598 0.9957007 0.9897379 0.9936109 0.9971068 0.9962021 0.995145 0.9972333 0.9958942 0.992519 0.99333143 0.9964708 0.9955152 0.99600375 0.9977756 0.9968417 0.99427366 0.9949284 0.9972892 0.9967537 0.9976323 0.9959043 0.9945614 0.99702764 0.9981028 0.9952529 0.9948353 0.99597913 0.9960421 0.99445015 0.9966337 0.9965599 0.9970224 0.9979558 0.9950627 0.99638623 0.995983 0.9949172 0.9940536 0.9940107 0.99560374 0.99272937 0.9954725 0.993158 0.9936673 0.9921365 0.99459344 0.99502146 0.996073 0.9958228 0.99607766 0.9949691 0.99566823 0.99700665 0.99614704 0.99651504 0.99638444 0.99628484 0.9968919 0.9963939 0.9954095 0.9965745 0.99634874 0.99543464 0.9958294 0.9960829 0.9940939 0.9975281 0.99758345 0.9983312 0.9973767 0.9980206 0.99714744 0.9954507 0.997234 0.99795705 0.99764 0.9988786 0.9987081 0.9976808 0.9944722 0.9954968 0.99588424 0.99689794 0.99307114 0.9936202 0.9896743 0.9924072 0.996698 0.99616224 0.9969545 0.99535733 0.99515617 0.9962758 0.9967441 0.99266136 0.99149036 0.9896587 0.9876338 0.99799633 0.99803644 0.99781483 0.9956404 0.9950164 0.99442255 0.99566966 0.9934191 0.9942338 0.9936838 0.9950258 0.9951525 0.9957412 0.9978133 0.9958141 0.99733436 0.9962374 0.9945832 0.99672765 0.996171 0.9942912 0.9952436 0.9964341 0.99518317 0.99494857 0.99850184 0.99774235 0.99718344 0.99712324 0.9960596 0.99428 0.9920778 0.99836844 0.99815935 0.9978092 0.99732614 0.99702454 0.99731684 0.99566954 0.9974093 0.9971144 0.9983989 0.99781 0.9972128 0.9954532 0.9971334 0.9940582 0.9961611 0.9970569 0.99515796 0.996207 0.9935918 0.9934363 0.9951172 0.9914522 0.9887754 0.9904369 0.9952911 0.99745464 0.99645776 0.99823904 0.9973676 0.99787056 0.9968625 0.99766314 0.996488 0.99657464 0.9929781 0.9920644 0.9951304 0.996689 0.99519354 0.9969667 0.99729526 0.9955785 0.9942225 0.9955556 0.9880024 0.9922025 0.9974587 0.99529594 0.99299896 0.99464226 0.99407345 0.9898052 0.9925022 0.99697965 0.9923308 0.9857524 0.9910485 0.99295 0.9941177 0.99477607 0.9944827 0.9954235 0.98902047 0.9958791 0.997051 0.9967392 0.99337196 0.9910351 0.9949502 0.9962296 0.9959338 0.99538827 0.9925311 0.9952369 0.9943648 0.9929427 0.991378 0.9943244 0.99644303 0.99590194 0.9934071 0.9904764 0.9978765 0.9978612 0.9977516 0.99787325 0.9982923 0.9957485 0.99694216 0.9949477 0.9970619 0.9955507 0.9975164 0.99724823 0.9940146 0.9935459 0.9970948 0.99577045 0.99295455 0.9897336 0.9939165 0.9943908 0.9923004 0.9948611 0.99601066 0.9957825 0.99701756 0.99365836 0.9953338 0.99491674 0.9975119 0.9958459 0.9942457 0.99340266 0.99473596 0.9939383 0.99419147 0.9944934 0.99400973 0.9944224 0.99318963 0.9957939 0.9951966 0.99510896 0.99655545 0.9981781 0.9980869 0.996711 0.9983586 0.9956563 0.9977162 0.99774724 0.99766105 0.99771696 0.9980178 0.99761593 0.99743265 0.9966803 0.9953699 0.99593973 0.9983066 0.998181 0.99841833 0.99869823 0.9921834 0.99131423 0.9895356 0.99617684 0.9949313 0.9939237 0.9982314 0.9985381 0.99852216 0.998209 0.997773 0.99809265 0.99664533 0.9928174 0.9981729 0.9971292 0.99741924 0.9959021 0.9957833 0.99361044 0.9931203 0.99691325 0.99620533 0.99647456 0.995636 0.99419206 0.9935639 0.9928564 0.99084455 0.99745166 0.9966951 0.9978338 0.9966485 0.9970125 0.99630785 0.99359095 0.9940289 0.9955697 0.99643344 0.99626553 0.9973939 0.99791324 0.9964272 0.99841046 0.99851173 0.9984182 0.9973459 0.99782526 0.9935822 0.99802303 0.99331695 0.99411434 0.99762434 0.99509 0.99178445 0.99227786 0.994262 0.997796 0.99360687 0.99764234 0.9962436 0.99783045 0.9975114 0.9956167 0.9957717 0.99524796 0.9950743 0.9969436 0.9956669 0.9956069 0.9945034 0.9951506 0.9961922 0.9964704 0.99650234 0.9961099 0.9966419 0.9963323 0.9975588 0.994817 0.9934857 0.9965191 0.996119 0.993997 0.99319 0.9922716 0.9958059 0.9967977 0.99714684 0.99782723 0.9980792 0.99552864 0.9957094 0.9964543 0.9910772 0.9900845 0.9900957 0.9969183 0.9961594 0.99626 0.9971367 0.9975166 0.9956469 0.9964897 0.99637586 0.99682397 0.9966504 0.99502355 0.99592894 0.99645865 0.99650043 0.9958139 0.9963156 0.99567133 0.99415636 0.996915 0.9965603 0.9972813 0.9971629 0.997406 0.9967283 0.9958301 0.99703985 0.99515957 0.99708647 0.99664533 0.99511683 0.99608254 0.9957603 0.9956815 0.9964912 0.9971092 0.99780357 0.9983754 0.99700546 0.99712455 0.99328065 0.99770325 0.9968372 0.99825656 0.99635726 0.99502426 0.9974888 1.0000007 0.9985651 0.9970039 0.9982068 0.9981811 0.99742234 0.9973326 0.99744743 0.99267876 0.9953459 0.99703395 0.9957598 0.9953614 0.997719 0.9975065 0.9965616 0.99736357 0.99705803 0.9960871 0.99784446 0.99625885 0.9978898 0.9954496 0.9940319 0.99065864 0.9925883 0.99406654 0.9931594 0.9919879 0.98925436 0.99301475 0.99455535 0.99551773 0.9968262 0.99688554 0.9963515 0.9957926 0.99649173 0.9967412 0.99411464 0.9934059 0.9938509 0.9951083 0.9961687 0.9962569 0.99491787 0.9962564 0.99261796 0.9914274 0.98765886 0.9945312 0.99511987 0.9946914 0.99464065 0.9930141 0.9960075 0.99364257 0.9905698 0.9932952 0.99238443 0.9932224 0.9936574 0.9895427 0.9895053 0.9916202 0.9922455 0.99447566 0.99113554 0.9887522 0.9905634
TodorovicxPera_SRP18892PeraTodSilazakSPrestola-L2_7 0.9914501 0.99592286 0.9954328 0.9929528 0.99434817 0.99371153 0.99098116 0.98684084 0.9978764 0.9968911 0.9978515 0.997942 0.99783504 0.9980712 0.9971867 0.9956164 0.99457175 0.99468243 0.9958644 0.99798226 0.9964365 0.99679065 0.9946369 0.9947672 0.99488634 0.9945229 0.9951238 0.99325585 0.9961304 0.99571574 0.995059 0.9962245 0.99587053 0.98888826 0.9866225 0.9930394 0.9917178 0.99098533 0.9959216 0.9960636 0.9963481 0.99632317 0.9953051 0.9941488 0.9921994 0.99417293 0.9960096 0.9968418 0.99778616 0.9970336 0.9986149 0.9976459 0.9967669 0.9953163 0.9946309 0.99405825 0.9931159 0.98620045 0.990409 0.9959751 0.9953076 0.99209845 0.99595857 0.9945387 0.990118 0.9909481 0.99672556 0.9964705 0.99718475 0.99731547 0.9966395 0.99512553 0.9960883 0.99854815 0.99788135 0.99868417 0.9960867 0.9953269 0.9974105 0.9983975 0.99592286 0.9935 0.994385 0.99638504 0.99360055 0.99674165 0.9965723 0.9970919 0.9980661 0.99432045 0.9959116 0.99548537 0.9953354 0.9946374 0.99491495 0.9964214 0.9935322 0.9958845 0.9944408 0.99486494 0.99269736 0.9946805 0.9954752 0.99718535 0.99620247 0.9957461 0.99498254 0.99603826 0.99723375 0.9966788 0.99723434 0.99645317 0.9964949 0.99656 0.99670017 0.9951156 0.99717355 0.99681515 0.99626476 0.99630314 0.9969501 0.99596584 0.9978907 0.998128 0.998109 0.9974203 0.99827117 0.997333 0.9941208 0.9960888 0.9965426 0.9967086 0.99809676 0.99789286 0.99758667 0.9922517 0.99287796 0.9935667 0.9944949 0.99275744 0.9930851 0.98917884 0.99184144 0.99696314 0.99718744 0.9979729 0.99594295 0.99522066 0.99692404 0.99751866 0.9905558 0.9910867 0.98974293 0.98686033 0.99760413 0.9970968 0.99703354 0.99405235 0.99378407 0.99631876 0.9962998 0.9955131 0.9950412 0.99515903 0.99634624 0.9952594 0.995293 0.9978662 0.9962357 0.9978699 0.9969031 0.9955991 0.9977147 0.9966372 0.9949014 0.99518573 0.9965805 0.9948969 0.9937256 0.9976981 0.9977591 0.99677515 0.9966712 0.99621224 0.9949057 0.9933953 0.99754214 0.99763167 0.9983738 0.996808 0.99644446 0.9977387 0.99587935 0.9976636 0.99658746 0.9979798 0.9978166 0.9975285 0.9958295 0.99773055 0.99484295 0.99684167 0.9974515 0.995083 0.9958493 0.99480176 0.99419945 0.9964001 0.9928704 0.9901029 0.9913914 0.99602133 0.99616104 0.99502635 0.997364 0.9960513 0.99665487 0.9950728 0.9968361 0.99521327 0.9953743 0.9920745 0.9912729 0.99430716 0.99617475 0.99475473 0.9976056 0.9966538 0.9952359 0.99414325 0.9947736 0.9861883 0.99024093 0.99669373 0.9946272 0.9919257 0.9937512 0.99442893 0.98981434 0.99167746 0.9967343 0.99326086 0.9882599 0.9921766 0.9940864 0.99379104 0.99427396 0.9934404 0.99601835 0.99000686 0.99620354 0.9969415 0.9958681 0.99406964 0.99160624 0.9955859 0.9968163 0.99536353 0.99545616 0.9941994 0.99622864 0.9958577 0.99469024 0.99293107 0.9954444 0.9975807 0.99722445 0.9952835 0.9925416 0.99702865 0.99789697 0.99666727 0.9976438 0.99794894 0.99639595 0.9971357 0.9944719 0.99603415 0.993973 0.9971161 0.9962773 0.99419963 0.9934437 0.9968845 0.9946298 0.9937371 0.9914555 0.9942302 0.9951314 0.9940639 0.9938374 0.996097 0.9957852 0.9964314 0.99424624 0.9957422 0.99528825 0.9974214 0.996392 0.9955735 0.99469584 0.99727917 0.9966578 0.99675906 0.99693125 0.99630123 0.9967643 0.9961264 0.9928782 0.99164766 0.9931731 0.9970522 0.9981645 0.99765456 0.99600565 0.9977548 0.9961299 0.99752456 0.99743253 0.9967805 0.9978293 0.9976572 0.9981885 0.99658453 0.9952264 0.9944302 0.99488246 0.9977615 0.99809206 0.9982239 0.99818724 0.9894046 0.9880561 0.985968 0.9967822 0.9962534 0.9949071 0.9978646 0.99830496 0.998302 0.99783725 0.9969648 0.99681544 0.995336 0.990361 0.99741596 0.99650264 0.99685603 0.99390906 0.9946091 0.99161273 0.9905968 0.99524 0.99486417 0.99571854 0.99481374 0.99282765 0.99203837 0.99180067 0.9912906 0.9972557 0.99611837 0.9965764 0.99581695 0.9964916 0.99515724 0.99499166 0.99536234 0.9965301 0.99709356 0.99648625 0.99663305 0.99668765 0.99528426 0.99697584 0.9972067 0.99721843 0.99558365 0.99549353 0.9921312 0.9962495 0.99187726 0.9931178 0.9969835 0.9939931 0.9908576 0.9908941 0.9933337 0.9962677 0.9906325 0.9956135 0.9941663 0.9961285 0.9956338 0.9957031 0.9971263 0.99672943 0.99617636 0.99676096 0.9944728 0.9933814 0.9936 0.993086 0.9944228 0.9942906 0.9950132 0.994292 0.9945105 0.9941923 0.99757457 0.99554 0.9948931 0.9964981 0.99710387 0.9960709 0.9956429 0.9948403 0.99728745 0.9977039 0.99818 0.99848455 0.9986238 0.99602765 0.99672115 0.99758154 0.9923058 0.9921471 0.99209 0.99761724 0.99721396 0.99688524 0.9980378 0.9975478 0.9966606 0.9977969 0.99768037 0.9974471 0.9975836 0.9958985 0.9969474 0.9974763 0.9973916 0.99700403 0.9975137 0.996869 0.99535453 0.9973859 0.9967623 0.99805474 0.9971783 0.9979284 0.9974564 0.996975 0.9977487 0.9956364 0.99818957 0.9978394 0.9964902 0.99720365 0.9965683 0.99613696 0.9976544 0.998234 0.9977162 0.9982059 0.9977868 0.9977013 0.9943643 0.9985593 0.99776113 0.9987382 0.99746794 0.9962886 0.99856126 0.9985651 1.0000001 0.9984907 0.99887663 0.9983981 0.9972121 0.9975394 0.9967617 0.9936586 0.99565876 0.99648535 0.99670225 0.99557763 0.99698764 0.99697083 0.99617475 0.9976906 0.9971863 0.9961754 0.9977268 0.99613684 0.9973869 0.99359983 0.991476 0.98745644 0.99006814 0.99238104 0.9911354 0.9891317 0.98593307 0.99410486 0.995109 0.9963397 0.9974784 0.9972581 0.99716055 0.99626964 0.9966005 0.9972244 0.99494475 0.9942852 0.9950714 0.9962184 0.9975156 0.9978027 0.99684536 0.9971188 0.99373716 0.9926863 0.99003685 0.99404037 0.99527985 0.99471635 0.99496305 0.9934344 0.9960214 0.9935528 0.99054945 0.9943218 0.99182475 0.99338573 0.9943714 0.9897527 0.9900872 0.9920399 0.9928777 0.99455106 0.98919547 0.9858589 0.98855966
TodorovicxPera_SRP18892PeraTodSilazakSPrestola-L2_8 0.99219775 0.99607223 0.99599355 0.9937896 0.99464875 0.99463713 0.9927686 0.9902492 0.9958038 0.99452317 0.9957536 0.9961216 0.99562204 0.9958119 0.9952631 0.99334013 0.99281967 0.9931511 0.9941156 0.9961431 0.9939301 0.99509084 0.99291515 0.9931406 0.9934625 0.9929244 0.99367 0.99149567 0.994392 0.99348676 0.9935177 0.99421954 0.9939988 0.9856658 0.98353785 0.9912997 0.9899896 0.98934466 0.9946749 0.99505496 0.99523467 0.99508435 0.9948452 0.9932406 0.99161595 0.9929043 0.99482995 0.9960054 0.99605197 0.99636286 0.9977689 0.99743295 0.99738663 0.99713176 0.99659204 0.9935462 0.9928613 0.9861953 0.9903637 0.99532807 0.9953144 0.99141985 0.9951215 0.9943046 0.9905921 0.99115777 0.99779403 0.9968238 0.99785763 0.9963032 0.9963701 0.9947643 0.99646646 0.9977046 0.997608 0.9976245 0.99515146 0.9951801 0.99764067 0.9974026 0.9957475 0.99357015 0.9942676 0.9961926 0.9938364 0.99611896 0.99559677 0.996658 0.99721855 0.9955147 0.9957685 0.9938561 0.9955144 0.9948026 0.99493736 0.9966861 0.9952673 0.9961914 0.9954182 0.9960944 0.9935818 0.99472004 0.9951119 0.9959694 0.9951189 0.99553996 0.9946714 0.9955493 0.9966558 0.9963292 0.99633694 0.9964169 0.99649286 0.996245 0.99654526 0.9951745 0.9963514 0.9953717 0.9950136 0.9953683 0.996301 0.9954055 0.9964397 0.9957074 0.9962312 0.9960518 0.996814 0.9957248 0.99293566 0.9947231 0.99501306 0.9951591 0.99638927 0.9964557 0.99649096 0.9904861 0.9919587 0.99291927 0.99335384 0.99466485 0.9942931 0.99180734 0.99367905 0.99706554 0.9960284 0.99677205 0.99617577 0.99499524 0.9975258 0.9972182 0.99041784 0.991403 0.9906794 0.9877197 0.9964481 0.99578893 0.9957166 0.99389875 0.9939501 0.9966894 0.9966371 0.99533117 0.9953716 0.99547493 0.9964225 0.9950414 0.995277 0.9966279 0.9964534 0.9969131 0.9962116 0.99470943 0.9960222 0.9954965 0.99364793 0.9944178 0.9953893 0.99341154 0.99198717 0.99643695 0.99592084 0.99487007 0.99518204 0.996004 0.9928976 0.991614 0.9955733 0.9964273 0.9969478 0.99668443 0.9942422 0.99517584 0.9931826 0.9955461 0.99442106 0.99576986 0.99565357 0.9970852 0.9966624 0.99850583 0.9971532 0.99742365 0.9979691 0.99691904 0.9969928 0.99658877 0.9962259 0.9966868 0.9953734 0.993487 0.99456275 0.9964654 0.994928 0.9938775 0.99615747 0.9946368 0.99546283 0.9944457 0.99548936 0.9944113 0.99492466 0.9925559 0.99173766 0.9941741 0.9953341 0.99490714 0.9971774 0.9959191 0.99539274 0.99435383 0.9945435 0.9848817 0.98948854 0.9955679 0.9947723 0.99214536 0.99391603 0.9960229 0.98981893 0.9931839 0.9959015 0.9920094 0.9856642 0.99104756 0.9932216 0.99448293 0.9946529 0.9944732 0.9959575 0.99082273 0.997124 0.9975274 0.9968504 0.9956124 0.99156433 0.99649274 0.99631894 0.9962232 0.99569464 0.993924 0.9963042 0.9964984 0.9962216 0.9935949 0.99614793 0.9975167 0.99778557 0.99606204 0.9947407 0.9961351 0.99670064 0.9968664 0.9970778 0.99785656 0.99645984 0.9967696 0.9944204 0.9953672 0.99394566 0.99627846 0.9964309 0.99477714 0.9934538 0.9968666 0.99508494 0.9947619 0.9928332 0.99374133 0.99465346 0.9938555 0.9936868 0.99566424 0.9957941 0.9967595 0.99487174 0.9963433 0.99642766 0.99676317 0.9970111 0.9966599 0.9962263 0.99644566 0.9944622 0.99514824 0.9950485 0.99445134 0.99458104 0.99433076 0.9915168 0.99073035 0.9929005 0.9952336 0.99586475 0.99611974 0.9951105 0.9961981 0.9959559 0.99682367 0.9954469 0.9952798 0.9968902 0.9967773 0.9972729 0.9958942 0.99448633 0.9942083 0.9948592 0.99662024 0.9968906 0.9965651 0.9966367 0.9904711 0.9887992 0.9872297 0.99635994 0.994854 0.9943836 0.996903 0.99728733 0.99699825 0.9972225 0.99613845 0.9959391 0.9946598 0.9896504 0.9964192 0.9960449 0.9961555 0.99285424 0.9940078 0.99143255 0.9900511 0.99374086 0.9943285 0.9951747 0.99438053 0.9927447 0.99196047 0.9916049 0.99038947 0.99611676 0.9950085 0.9951853 0.9946508 0.9953722 0.9944925 0.99506533 0.99580187 0.99638593 0.9970551 0.9969505 0.9964689 0.9953583 0.9937001 0.99519646 0.99533415 0.99545693 0.9936955 0.9931959 0.9899265 0.99446285 0.98959124 0.99082017 0.99509686 0.9923816 0.9881574 0.98893857 0.9909657 0.9950809 0.9882595 0.993927 0.9918688 0.9945221 0.99447757 0.9940335 0.9953541 0.99498093 0.9939793 0.99503064 0.9936574 0.99189794 0.9926998 0.99145716 0.9924306 0.9926715 0.9929389 0.9925462 0.99276835 0.99279165 0.9965554 0.9955356 0.99494624 0.9958691 0.99593115 0.9959256 0.9955021 0.99500054 0.9973982 0.9979074 0.99775237 0.9981813 0.9978284 0.9961481 0.99696743 0.99767274 0.99428517 0.9939624 0.9933476 0.9970426 0.9974533 0.9969094 0.9975734 0.9974339 0.9965246 0.99717677 0.9978485 0.9977312 0.99695873 0.9961495 0.9964661 0.99802047 0.99746954 0.9976674 0.99752694 0.99634486 0.9956251 0.9959315 0.99498373 0.9967404 0.9959693 0.9971245 0.99660337 0.99530214 0.9962122 0.9948216 0.9967226 0.99648815 0.995667 0.9961498 0.9960801 0.99583334 0.99735934 0.9986476 0.99794537 0.99767786 0.99850595 0.99774975 0.99537706 0.998264 0.9974576 0.99825835 0.99839157 0.9971082 0.99840814 0.9970039 0.9984907 0.9999997 0.9987484 0.99781483 0.9970723 0.9980384 0.9970816 0.99514973 0.9969457 0.99728763 0.99708235 0.9952653 0.99639815 0.99664974 0.99550855 0.99701834 0.9972695 0.99635714 0.9970483 0.9970685 0.99698216 0.993307 0.99123 0.98794615 0.9902642 0.9915831 0.99112105 0.98907757 0.98620456 0.99396485 0.9944299 0.9962372 0.99756885 0.99733883 0.9973381 0.9965162 0.9976783 0.9976162 0.9940923 0.9942175 0.9947448 0.9961937 0.9971446 0.99644786 0.9971094 0.99542356 0.99189293 0.9902174 0.9876622 0.99075943 0.9927212 0.99207664 0.992134 0.99085224 0.9946711 0.99149305 0.98850554 0.99257433 0.99007756 0.9911867 0.9922403 0.98793066 0.9875856 0.99005836 0.990644 0.9930461 0.9895849 0.98678184 0.98864865
TodorovicxPera_SRP18892PeraTodSilazakSPrestola-L2_9 0.9930221 0.9972309 0.99658567 0.9934526 0.99479395 0.9956638 0.9934205 0.989923 0.9970432 0.9961104 0.99694526 0.9976467 0.9963349 0.9963912 0.99695367 0.9951622 0.9947303 0.9953376 0.99613607 0.9974343 0.9949991 0.99586666 0.99539864 0.9955053 0.99552935 0.9943304 0.9953435 0.99264413 0.9965291 0.99506 0.9950955 0.99638987 0.99545026 0.98771346 0.98507094 0.9943667 0.9933331 0.99166214 0.9964438 0.9964473 0.99620914 0.9955942 0.9959296 0.9941171 0.9938861 0.9954318 0.9959677 0.9965463 0.99715 0.9961446 0.99767506 0.9966996 0.9958243 0.99634963 0.995173 0.99535644 0.99498826 0.9891885 0.99259317 0.9965146 0.9961544 0.9939232 0.99692 0.9958471 0.992817 0.9936811 0.99727976 0.9968838 0.9971727 0.9971845 0.9973444 0.99669516 0.9967894 0.9977265 0.9977814 0.9978132 0.9967472 0.9960081 0.9975951 0.9978762 0.99620086 0.9934415 0.99507266 0.99543977 0.99321955 0.99564475 0.99502844 0.99621296 0.99705255 0.9944758 0.99517524 0.9944221 0.99617785 0.9950361 0.99491996 0.99645936 0.99427307 0.9955169 0.99494034 0.9951248 0.99354684 0.99481106 0.9950987 0.99536276 0.99412525 0.99573815 0.9936632 0.994495 0.9963153 0.9952574 0.9956443 0.9952999 0.99561197 0.99572283 0.99616706 0.99412704 0.99705553 0.9960043 0.9957366 0.9961225 0.9967291 0.9955933 0.9977264 0.997311 0.99757457 0.9974936 0.99747205 0.997575 0.995477 0.99675745 0.99699956 0.9972924 0.9977653 0.99768037 0.99767894 0.9925888 0.9942913 0.9950142 0.9952948 0.99325573 0.9926728 0.98920673 0.9917478 0.99682105 0.995914 0.996407 0.996998 0.996213 0.99775183 0.99780107 0.99313295 0.9935235 0.99176836 0.98968875 0.9974301 0.99700457 0.9968829 0.9934405 0.99290407 0.99611866 0.99621475 0.99474937 0.9950401 0.9951212 0.9962591 0.9944491 0.9954308 0.99710995 0.9967001 0.9971265 0.9963041 0.99406046 0.9960128 0.9951953 0.9931457 0.9939271 0.9963794 0.9940577 0.9928599 0.99722147 0.9962755 0.995478 0.99547577 0.9949605 0.9925882 0.9906202 0.9969861 0.9970863 0.99710965 0.99702245 0.99567336 0.9963793 0.9939659 0.9966506 0.99523485 0.99723446 0.9970809 0.997991 0.997047 0.99815166 0.99591225 0.99639505 0.99750733 0.9958139 0.99739903 0.9952905 0.99469787 0.99557185 0.993615 0.9913778 0.99238634 0.99517643 0.9962797 0.99576724 0.9975976 0.9953654 0.99710166 0.9952203 0.99612105 0.99615484 0.996256 0.9924739 0.99180734 0.99453706 0.9960335 0.99531204 0.99648154 0.9969549 0.99582374 0.99509263 0.9950242 0.9895101 0.9927649 0.9962469 0.99493563 0.99286234 0.9940069 0.99463296 0.99067277 0.99280435 0.99577725 0.99079406 0.984493 0.9898766 0.99243414 0.9944836 0.99423647 0.9957981 0.9973868 0.99192554 0.997524 0.99777603 0.9975666 0.9961089 0.9935947 0.9969419 0.9975351 0.99695194 0.9968368 0.9948233 0.9971507 0.996707 0.99509734 0.99372053 0.9959743 0.9973682 0.99720216 0.9954582 0.9935738 0.99659824 0.99690354 0.9968445 0.9978754 0.9977452 0.9965526 0.99696606 0.99600494 0.99687403 0.99458385 0.99716336 0.99691844 0.9958958 0.99524146 0.9971884 0.9957448 0.9951623 0.992934 0.9950678 0.9958455 0.99442536 0.995383 0.9965501 0.99696356 0.9971015 0.9957373 0.99670833 0.99653554 0.9978578 0.99718094 0.9964866 0.99587935 0.9960397 0.9937516 0.9950305 0.9944363 0.9937627 0.9939994 0.99381554 0.99367017 0.9925063 0.99358773 0.9963 0.99694014 0.9975809 0.9964986 0.9971377 0.99653256 0.99725014 0.99746996 0.9970956 0.99738157 0.9976372 0.99795836 0.9958993 0.9946587 0.99364007 0.9945803 0.99800515 0.99765384 0.997952 0.99803734 0.9908459 0.98908275 0.9876046 0.995457 0.9939635 0.9930267 0.9983258 0.9981235 0.99768317 0.9974379 0.9966859 0.99721646 0.9951785 0.9913561 0.99741733 0.9964656 0.9968476 0.9951171 0.9949567 0.9929518 0.9917332 0.9963722 0.99602413 0.9968548 0.99596566 0.995055 0.99392945 0.9937554 0.98934996 0.99682236 0.99617743 0.99609953 0.9953046 0.99621356 0.99595726 0.9958631 0.99599487 0.9968381 0.997802 0.99741936 0.9977061 0.99668515 0.9945784 0.9967941 0.99708307 0.9967873 0.99484175 0.9951143 0.9904135 0.99639446 0.99038285 0.9914825 0.9960401 0.99257994 0.98822254 0.9891424 0.99131054 0.9970696 0.98983485 0.9961703 0.9935068 0.9963817 0.99631405 0.9936814 0.9948628 0.9943037 0.9937342 0.9954806 0.9940091 0.9942466 0.99460536 0.993908 0.99512327 0.995255 0.9953884 0.9951526 0.9954526 0.99536246 0.9970615 0.9951701 0.9942275 0.99679255 0.9954463 0.9955992 0.995034 0.9937817 0.9968673 0.9977017 0.997536 0.99861336 0.99788004 0.99687326 0.99730825 0.99750125 0.9943591 0.99359715 0.9932343 0.99658126 0.99722844 0.99691397 0.99768287 0.9977883 0.9967568 0.997594 0.99739635 0.9976729 0.9964401 0.9968152 0.9971499 0.9976816 0.9974586 0.99711084 0.9970342 0.9961251 0.9946085 0.9971477 0.99583244 0.9976972 0.9970935 0.99738926 0.997846 0.99624145 0.99688524 0.99625766 0.9973062 0.99687594 0.9960761 0.99660254 0.9967172 0.9968736 0.99702156 0.9987345 0.99863493 0.99852794 0.99818337 0.998633 0.9955449 0.99901676 0.99823976 0.9985907 0.99751145 0.9976363 0.9986106 0.9982068 0.99887663 0.9987484 1.0000004 0.9985302 0.9981299 0.9983563 0.9980465 0.9949812 0.99640185 0.9973758 0.9970701 0.99681294 0.9970238 0.99685323 0.9950505 0.99681 0.9967788 0.9957077 0.9971458 0.99629915 0.9971745 0.99392694 0.99244386 0.9889005 0.991413 0.99222666 0.991821 0.990393 0.9875694 0.9952679 0.99610406 0.99708873 0.997717 0.99697053 0.9973403 0.99715996 0.9976024 0.99783736 0.995869 0.9953091 0.9959719 0.996807 0.9973086 0.99704915 0.9966202 0.9953657 0.99112064 0.9895503 0.98607546 0.9915535 0.99296457 0.99214196 0.9923018 0.9905971 0.9952544 0.9922096 0.98878855 0.9925175 0.99085665 0.9916637 0.9919878 0.9874466 0.98733246 0.9898575 0.99058163 0.99350214 0.9917777 0.9890769 0.99102426
TodorovicxPera_SRP18933PeraTodSmrtKaradjordja-L2_1 0.9940668 0.99657315 0.9973609 0.99515176 0.9960408 0.99541146 0.9937784 0.9891958 0.9966309 0.99682987 0.9972427 0.997267 0.99664634 0.99686646 0.9977365 0.99627006 0.9956562 0.99610245 0.9964964 0.9974729 0.9957495 0.99643326 0.99478847 0.99471706 0.99550503 0.9948567 0.9955913 0.9929591 0.996799 0.9958444 0.995816 0.99642277 0.996141 0.99039996 0.9883909 0.9943695 0.9932622 0.99291533 0.99547136 0.99526906 0.99576026 0.99587756 0.9952758 0.9943837 0.9930714 0.9941689 0.9956438 0.9964816 0.99676543 0.99740463 0.99774724 0.9969938 0.99666446 0.9956807 0.9939665 0.9959347 0.99505794 0.9901707 0.9935148 0.9980432 0.9975036 0.9943885 0.9967112 0.9956452 0.9923639 0.99288565 0.99698 0.9960187 0.9962094 0.9959159 0.996784 0.9947237 0.9960952 0.9980225 0.99793196 0.9984502 0.9961984 0.99604195 0.9978076 0.99745554 0.99602133 0.9935432 0.99450904 0.99522686 0.99345833 0.99539787 0.99517834 0.99584246 0.99702346 0.9942938 0.99525905 0.99618536 0.9965665 0.996091 0.9957651 0.99706715 0.9951607 0.9959851 0.99570364 0.9963731 0.994761 0.99619657 0.9964664 0.9954225 0.99504864 0.9957367 0.99494076 0.99548525 0.9965861 0.99564743 0.9955379 0.9954812 0.9958414 0.99630165 0.99610215 0.99471265 0.99612665 0.99488485 0.9941067 0.99446964 0.9956343 0.9941406 0.9981225 0.9974561 0.9973687 0.9970027 0.9984714 0.9969798 0.9938892 0.99539495 0.9962582 0.996253 0.99729 0.99740666 0.9967976 0.99475104 0.99463713 0.9953919 0.9961993 0.99238646 0.9927546 0.9893249 0.9916698 0.9961203 0.99551135 0.9964612 0.9954674 0.9943148 0.99651164 0.9966951 0.9917432 0.99087 0.98980033 0.9868599 0.997884 0.99701 0.99718505 0.99482864 0.9946574 0.9949008 0.9962945 0.9938557 0.9942669 0.99376315 0.99544716 0.99567807 0.99650246 0.9978655 0.99711454 0.99723434 0.997269 0.99523324 0.99724954 0.99626434 0.9946153 0.9957681 0.99684507 0.9952993 0.99441135 0.9976711 0.99723786 0.99670154 0.9960469 0.99538904 0.99366623 0.9916512 0.9974956 0.99755925 0.99737114 0.9972238 0.99729043 0.99726665 0.99613786 0.9977766 0.99698955 0.9976193 0.99734056 0.9965582 0.99508804 0.9973452 0.9947042 0.9954904 0.99653685 0.99505395 0.9961009 0.9936075 0.99349695 0.9944244 0.9919014 0.98912007 0.99079806 0.99451256 0.99761003 0.99652624 0.9984041 0.99735206 0.99781424 0.9973213 0.99758637 0.9972662 0.99765724 0.99568754 0.99514526 0.99718237 0.9977937 0.9970745 0.99693847 0.997935 0.9973354 0.9961306 0.9972796 0.98719084 0.9905238 0.99664366 0.99537796 0.9919015 0.9940466 0.99508274 0.9894099 0.9922869 0.9969565 0.9921384 0.9852155 0.99018157 0.99233365 0.99357766 0.994533 0.99479383 0.9960295 0.9887306 0.9963533 0.9969353 0.9962961 0.99444264 0.9916773 0.9953101 0.99706244 0.99720764 0.99582577 0.994425 0.9952425 0.99559003 0.9947609 0.99292 0.99512684 0.99677277 0.99715066 0.99567705 0.9932903 0.99714017 0.9970198 0.99668205 0.996576 0.9971799 0.99463946 0.99585754 0.9949785 0.9965716 0.9947238 0.9973031 0.9969755 0.9951944 0.9939692 0.9982672 0.99615127 0.99445164 0.991383 0.99387336 0.9949413 0.99405026 0.9948438 0.9966633 0.99636626 0.9974615 0.99465925 0.9956542 0.99558985 0.9969634 0.99704325 0.99528635 0.99449015 0.99612164 0.9942591 0.9959138 0.9947906 0.9945797 0.9944188 0.99476814 0.99408394 0.993411 0.9940934 0.99598503 0.9974468 0.99701595 0.995385 0.9967022 0.9953536 0.99665177 0.9966967 0.9974333 0.99813014 0.9980781 0.99824643 0.9965127 0.995697 0.9946887 0.9952936 0.99813086 0.9977388 0.99800855 0.9980725 0.9925894 0.99123657 0.98967254 0.9957583 0.9946303 0.9932239 0.9976202 0.9980012 0.9977501 0.99777514 0.9975835 0.99713254 0.9962322 0.99176395 0.99719507 0.9962129 0.9963653 0.99426687 0.9950222 0.99267185 0.9917199 0.99586976 0.9956757 0.99632955 0.9954744 0.99433213 0.9935895 0.9933354 0.9916189 0.99567 0.9945554 0.996143 0.99456865 0.99515134 0.99463075 0.99343425 0.9933366 0.99483436 0.99617475 0.99621487 0.9965484 0.99734163 0.995761 0.996528 0.99737 0.9966806 0.99557203 0.9964085 0.9924842 0.99674046 0.99299145 0.9938984 0.9972162 0.99484605 0.991663 0.9920845 0.99408287 0.99682564 0.99184626 0.99611187 0.99457276 0.9961491 0.9960261 0.9950972 0.9957112 0.9953196 0.9950316 0.99660355 0.99531853 0.9927573 0.9931736 0.99190027 0.9937393 0.993965 0.99406546 0.9939626 0.99486136 0.9944246 0.9974193 0.99536335 0.9941204 0.9960409 0.99564934 0.9954033 0.9945324 0.99369466 0.99652994 0.99837095 0.99810565 0.9982985 0.9975464 0.99531263 0.99646115 0.9959868 0.9930068 0.9923905 0.99182844 0.9967628 0.9962893 0.99619037 0.9972357 0.99738926 0.99723446 0.997627 0.997329 0.9971011 0.9962519 0.99540555 0.9951799 0.99632126 0.99610835 0.99584305 0.99623245 0.99456936 0.99301946 0.995449 0.9947072 0.9965978 0.9955917 0.9963097 0.9959893 0.9947811 0.99583626 0.9939412 0.99807245 0.9977132 0.9969685 0.99693155 0.99680793 0.99558294 0.9966256 0.99785876 0.99750936 0.99708056 0.9970817 0.997559 0.9941537 0.9980931 0.997471 0.99732393 0.9965032 0.9957903 0.998372 0.9981811 0.9983981 0.99781483 0.9985302 0.9999998 0.9983297 0.9987042 0.99836373 0.99475396 0.9968201 0.9981316 0.9971395 0.9961742 0.99646324 0.99713314 0.9958878 0.99669147 0.99709 0.9962094 0.99708706 0.99654937 0.9970532 0.9950154 0.99329674 0.9899516 0.99239105 0.9935738 0.9928561 0.99182785 0.98860925 0.99230224 0.99389416 0.99532974 0.9966552 0.9965901 0.99637735 0.99565816 0.9967531 0.99652076 0.9935142 0.99247545 0.9935634 0.9942318 0.9953721 0.99556494 0.9947261 0.9954325 0.9928329 0.99061525 0.98757726 0.9930158 0.9940089 0.99326384 0.9934242 0.9921535 0.99647164 0.99421555 0.99112195 0.9944389 0.9927491 0.9934114 0.99399483 0.99013245 0.9897419 0.991834 0.9927511 0.9955425 0.9922254 0.98956776 0.99180454
TodorovicxPera_SRP18933PeraTodSmrtKaradjordja-L2_2 0.99454707 0.9976067 0.9972794 0.992876 0.9939784 0.9978686 0.99621654 0.9930212 0.9953573 0.994857 0.99559444 0.99693143 0.9943155 0.9943697 0.9965839 0.99414897 0.9941318 0.9954221 0.996351 0.99565434 0.99268293 0.99382854 0.99534917 0.9939753 0.99432147 0.99215865 0.9939555 0.98949075 0.99439144 0.9923739 0.9923514 0.9944504 0.99298733 0.9876429 0.98490715 0.9950278 0.9941432 0.99181086 0.9961367 0.9950749 0.99496716 0.9942679 0.9961982 0.99253684 0.99421155 0.9955876 0.99464786 0.99538076 0.9959159 0.9955807 0.9972629 0.9968028 0.9960495 0.99621063 0.99484885 0.99608 0.99625564 0.99155223 0.99351794 0.9973996 0.9972359 0.9942476 0.9974941 0.99686503 0.994905 0.9952774 0.9968036 0.9971464 0.9964197 0.996791 0.9972242 0.99670184 0.9975256 0.9972579 0.99818844 0.9971202 0.9978019 0.9978453 0.9985257 0.9974388 0.9973341 0.99392277 0.9955319 0.99402493 0.99135816 0.9946325 0.99343455 0.9950499 0.9953779 0.99455625 0.9953669 0.99321973 0.99769026 0.9968099 0.9966271 0.9973515 0.9961845 0.9963597 0.9967228 0.9963672 0.996093 0.99649125 0.99604416 0.9941021 0.99256015 0.99586284 0.99249935 0.9934679 0.99545795 0.9944946 0.9942368 0.99383724 0.99469006 0.99533623 0.99543774 0.9930938 0.9969493 0.995505 0.9951199 0.9952926 0.9966168 0.99507666 0.9981502 0.99688333 0.99688864 0.9978239 0.9971582 0.99755913 0.99703074 0.9972105 0.99688697 0.997288 0.99706084 0.99721646 0.9976989 0.9920707 0.994276 0.9953934 0.9955666 0.9922912 0.9912677 0.98774314 0.99045783 0.99736494 0.99561894 0.995637 0.99734914 0.99718904 0.9979373 0.9975081 0.99501276 0.994644 0.99322164 0.9917824 0.9970995 0.9961624 0.99536264 0.9933375 0.9932566 0.99420065 0.9948218 0.99250895 0.99278253 0.9929377 0.99416965 0.99323285 0.99472785 0.9964187 0.99672985 0.9963266 0.9957261 0.9921043 0.99460596 0.99351573 0.99105656 0.99237907 0.995759 0.99273646 0.9917553 0.99706197 0.9952479 0.99356216 0.99302244 0.99266636 0.9906414 0.98808575 0.997183 0.99669397 0.9961418 0.9970784 0.99543345 0.99558675 0.99248743 0.9959565 0.99431896 0.9963299 0.9968711 0.9979202 0.9972142 0.9973885 0.9955852 0.99519515 0.996367 0.99475735 0.99761945 0.9939042 0.9933454 0.99356186 0.99292916 0.9909347 0.99192005 0.9936348 0.99621344 0.99656034 0.9975903 0.9946072 0.9969321 0.9954425 0.9952044 0.99709535 0.9971662 0.99368715 0.9930687 0.99494207 0.9965925 0.99639887 0.99519217 0.9977309 0.99714667 0.99716055 0.9963178 0.99071944 0.99299735 0.9962866 0.996584 0.9948751 0.9955575 0.99529374 0.99334896 0.9942199 0.99588156 0.9889611 0.9810376 0.98789275 0.9906979 0.9953213 0.9954218 0.99783844 0.9977368 0.99327093 0.9972733 0.99711275 0.99736905 0.99760485 0.9958169 0.99784833 0.99880904 0.9988839 0.9983514 0.9959412 0.99727947 0.9977749 0.9957853 0.99540126 0.99698895 0.99720436 0.9974257 0.99652225 0.9948769 0.99683875 0.9963238 0.9969591 0.9968558 0.99644977 0.9961545 0.99694395 0.9977327 0.9977157 0.9943975 0.9970553 0.9969499 0.99774176 0.9970602 0.9978091 0.99683046 0.99654007 0.99443245 0.99676126 0.99727374 0.99453783 0.9974189 0.9982133 0.998213 0.99804056 0.99772036 0.99784803 0.9972834 0.99828434 0.9987547 0.9976336 0.996746 0.99477476 0.9911935 0.9938623 0.99178386 0.9914492 0.99124885 0.9922484 0.99591917 0.9946941 0.99634004 0.99651456 0.99664456 0.9973912 0.99740964 0.99716085 0.9975748 0.9973588 0.99733543 0.99785703 0.9974358 0.9979161 0.99761117 0.99521023 0.99356914 0.9919659 0.993482 0.9969338 0.9965644 0.9966361 0.997047 0.991982 0.9895997 0.98851293 0.993638 0.99121815 0.9903801 0.9978226 0.996387 0.9961605 0.9965341 0.99548405 0.9961931 0.9934809 0.9888023 0.9967808 0.9948405 0.99519163 0.9934372 0.9926786 0.9911607 0.9895806 0.9953331 0.99489146 0.9962131 0.9944135 0.99461484 0.99311095 0.99249923 0.98684245 0.9955537 0.99584776 0.9952965 0.99435276 0.99544674 0.99601597 0.9950785 0.9946306 0.99545145 0.9971865 0.9969333 0.99698263 0.9973393 0.99385804 0.99718034 0.99736124 0.9969359 0.99442154 0.99501085 0.9895533 0.9969879 0.98975784 0.9909204 0.9961225 0.9920833 0.9873873 0.9887627 0.9906817 0.99760276 0.98949844 0.99596846 0.9926537 0.99652696 0.9967989 0.9921779 0.992758 0.99226063 0.9916905 0.9942508 0.99280095 0.99399173 0.9959848 0.9946813 0.9956028 0.9948388 0.99584824 0.9956519 0.99579036 0.99541116 0.9962292 0.99428123 0.99324465 0.996297 0.9938169 0.99515927 0.9945542 0.99267477 0.99583733 0.9977353 0.99687976 0.99851775 0.9967546 0.99661124 0.997702 0.99608785 0.995784 0.9947296 0.99440175 0.9946197 0.9962335 0.9966161 0.9967892 0.9972385 0.997454 0.9972864 0.99700433 0.9971268 0.99420124 0.9975364 0.995557 0.99618286 0.99642235 0.99635136 0.99560827 0.9946013 0.99302226 0.9949964 0.99317485 0.9956118 0.9955597 0.9952632 0.99633133 0.9938115 0.9946066 0.99537545 0.9968183 0.9961005 0.9964666 0.9967026 0.9975958 0.9975598 0.9966113 0.997534 0.99837357 0.9978292 0.99784946 0.99865776 0.9969343 0.9977759 0.99818456 0.996784 0.9966532 0.997858 0.9979482 0.99742234 0.9972121 0.9970723 0.9981299 0.9983297 1.0000007 0.9991509 0.9988733 0.9972431 0.99744844 0.998062 0.9974388 0.99778205 0.99652064 0.9961805 0.9934119 0.99552375 0.99637103 0.99516034 0.99569964 0.9961961 0.9958786 0.99290967 0.9915238 0.9885685 0.9908292 0.9906058 0.9905758 0.98987085 0.98676 0.9949705 0.99580544 0.9965661 0.9968715 0.99561083 0.9964795 0.99705327 0.99701023 0.99659264 0.9959986 0.99509656 0.99574125 0.99563783 0.99555165 0.9953247 0.9948791 0.99275416 0.9885207 0.98596215 0.9820244 0.9890869 0.9909392 0.9898466 0.9898975 0.98775303 0.9930993 0.989843 0.9859943 0.9903448 0.98787475 0.9886691 0.98931587 0.98440576 0.9837594 0.9863089 0.98771626 0.9915205 0.99452436 0.992072 0.99335444
TodorovicxPera_SRP18933PeraTodSmrtKaradjordja-L2_3 0.99460775 0.99753314 0.9977387 0.9944241 0.9950137 0.99740475 0.99611324 0.993226 0.9954517 0.9949882 0.9957223 0.99678344 0.9948825 0.99474436 0.9963529 0.9941113 0.9939746 0.99520755 0.9958241 0.9958761 0.9928621 0.99423426 0.9954956 0.99437183 0.99495065 0.9931446 0.9945187 0.99046576 0.9947329 0.99290437 0.9931769 0.994735 0.99338686 0.9868654 0.9844515 0.9937149 0.99297214 0.99104476 0.99560297 0.99530643 0.9948762 0.99450386 0.9957143 0.9928723 0.99357593 0.99473584 0.99468255 0.9956809 0.9959055 0.9958887 0.99752927 0.99706334 0.99678534 0.997102 0.9956717 0.996068 0.99598116 0.99069434 0.9936215 0.997458 0.99748796 0.994135 0.9967369 0.99603236 0.9938987 0.9943788 0.9968713 0.996613 0.99635345 0.9970763 0.9971804 0.996306 0.9969834 0.99729735 0.9980836 0.9972652 0.9966542 0.99694514 0.99854434 0.99749374 0.9969095 0.9940803 0.9955325 0.99477136 0.99283504 0.99518275 0.99417275 0.9959897 0.9960829 0.99554074 0.99599355 0.993521 0.99703366 0.9964974 0.9960642 0.9976717 0.9963757 0.99673885 0.9966281 0.99656713 0.9954753 0.9960654 0.995904 0.99413335 0.99312854 0.99597853 0.99362475 0.9943478 0.9959611 0.99522996 0.9949307 0.995036 0.9954596 0.99588776 0.9960139 0.9941782 0.99625313 0.9952093 0.99492157 0.99531025 0.9963102 0.99475276 0.9976224 0.9964721 0.99694633 0.9976655 0.99754655 0.997241 0.99574953 0.9964911 0.9967653 0.9968138 0.99708307 0.9974572 0.99726605 0.99200106 0.99410176 0.9953103 0.9953617 0.9939023 0.99324787 0.9903807 0.9925745 0.9972062 0.99533606 0.9956877 0.9972777 0.9965762 0.9982023 0.9974875 0.9937853 0.99349636 0.9927192 0.9906738 0.9967699 0.9957067 0.9955031 0.9936264 0.99389875 0.99421895 0.99518096 0.992384 0.9930775 0.99290735 0.9942241 0.9937384 0.9949332 0.9960408 0.99656343 0.99602044 0.9957588 0.99269617 0.9946724 0.99401975 0.9917487 0.9933399 0.9951223 0.9926938 0.9915985 0.99695146 0.9956599 0.99409825 0.99402916 0.99392116 0.9914645 0.98912174 0.99643517 0.9966399 0.99651873 0.99738216 0.99491125 0.9949513 0.99271536 0.9956352 0.9943672 0.99617046 0.99637854 0.9977818 0.9974107 0.99812835 0.99658424 0.9958005 0.99700993 0.9961074 0.99789757 0.99519664 0.9950805 0.9949415 0.99431175 0.9923063 0.9935772 0.99489516 0.99604994 0.9956442 0.9972656 0.9950336 0.9965807 0.99576277 0.995265 0.9965533 0.9970825 0.99448454 0.99392486 0.99569255 0.9966887 0.9964223 0.9959469 0.99720573 0.99708307 0.99636775 0.99631345 0.9896741 0.99298817 0.9965646 0.9966709 0.9947582 0.99582267 0.9965833 0.9923233 0.99508303 0.9963342 0.9900864 0.98198855 0.9888752 0.9914989 0.99588627 0.99586344 0.99691606 0.99753153 0.99288493 0.9980537 0.9980878 0.9979739 0.9975264 0.99438715 0.99741864 0.9981171 0.9989973 0.99795103 0.99575675 0.9967988 0.9975411 0.995871 0.9947242 0.99682456 0.99737775 0.99780434 0.99678856 0.9953725 0.9969408 0.9965379 0.99713665 0.99680024 0.9970403 0.9959164 0.9964835 0.9968852 0.99735904 0.99530965 0.9971152 0.99720156 0.99708235 0.9960025 0.9981413 0.9969805 0.9965354 0.99406296 0.99589866 0.99648565 0.9946617 0.996385 0.99784124 0.9976697 0.99834317 0.99688035 0.99777097 0.9978652 0.99816316 0.9985656 0.9976035 0.99680865 0.99491405 0.99144715 0.99381626 0.9921883 0.9918318 0.99154776 0.9922121 0.9948077 0.99402225 0.99573153 0.99569535 0.9960969 0.99677277 0.99637127 0.99633497 0.9970744 0.9971306 0.9966218 0.9972737 0.9971374 0.99773693 0.99747145 0.9958864 0.99461544 0.99367267 0.99469286 0.99730825 0.9967702 0.99681705 0.99691844 0.9928613 0.9906699 0.9895999 0.99506855 0.9927362 0.9922358 0.9977671 0.99694574 0.99673086 0.99739057 0.9962133 0.9965254 0.99426097 0.9895946 0.99699247 0.9959866 0.99617094 0.9939055 0.9937738 0.9920352 0.9905105 0.9953449 0.9953065 0.9963405 0.9949174 0.99476576 0.9934302 0.992736 0.9879368 0.9958649 0.99563515 0.9956177 0.9947967 0.9956653 0.99612635 0.995014 0.9951946 0.9957741 0.99715126 0.9970414 0.99705684 0.99693173 0.9938675 0.99631387 0.99675715 0.9962313 0.99409467 0.9947573 0.9895074 0.99622613 0.9898605 0.9908388 0.9958042 0.99260944 0.987734 0.9889852 0.99082756 0.9969019 0.9891651 0.9953221 0.99228007 0.99613875 0.9963342 0.99239755 0.9931933 0.9927031 0.9918135 0.99404925 0.99373543 0.99408203 0.99568045 0.9941652 0.99507487 0.99504656 0.9954188 0.9954246 0.9957297 0.9955816 0.9967218 0.9951477 0.99442005 0.99643314 0.994391 0.9955045 0.9948336 0.99343425 0.9960246 0.9979813 0.99719524 0.9983912 0.9969102 0.99667835 0.9973005 0.99668044 0.9957864 0.99462956 0.9941134 0.99523354 0.9964505 0.9967037 0.9967676 0.997298 0.9970221 0.9971649 0.99721843 0.9973107 0.9949115 0.997041 0.9957095 0.996725 0.9966109 0.9968383 0.99607885 0.9950494 0.99410826 0.99519503 0.9937759 0.9959477 0.9961382 0.9960655 0.9965246 0.99430686 0.9950879 0.9953019 0.9965933 0.9962347 0.996483 0.9966878 0.9973211 0.99703014 0.99667346 0.9977962 0.9987871 0.997902 0.99833673 0.99873364 0.9970959 0.9984229 0.99819505 0.9973732 0.9973998 0.9977192 0.99838763 0.9973326 0.9975394 0.9980384 0.9983563 0.9987042 0.9991509 0.99999964 0.9993535 0.9970052 0.9983455 0.9988334 0.99808717 0.99724853 0.9968844 0.99695796 0.9944277 0.9961912 0.9970523 0.9958728 0.99660635 0.99722385 0.9967166 0.99365145 0.9920089 0.98901546 0.991298 0.991166 0.9912607 0.9903418 0.9871671 0.9943987 0.99544466 0.9964519 0.997016 0.99629813 0.996663 0.99697995 0.99745613 0.9970907 0.9949358 0.99444973 0.99503154 0.9956179 0.9956932 0.9949502 0.995202 0.99331844 0.98938406 0.98682725 0.98316485 0.98899746 0.99070716 0.9900424 0.9898771 0.9883493 0.9936635 0.9901966 0.98655415 0.99090064 0.98869973 0.9892686 0.9900453 0.9857337 0.9847013 0.9874233 0.9883937 0.992018 0.9930563 0.99077874 0.99183744
TodorovicxPera_SRP18933PeraTodSmrtKaradjordja-L2_4 0.9953746 0.9978722 0.9979442 0.9946921 0.9952593 0.9972664 0.99586755 0.99283934 0.9947473 0.9948315 0.9953459 0.9965412 0.99416935 0.99415267 0.9966116 0.9947515 0.9947881 0.9960356 0.99653316 0.99582595 0.9924596 0.994079 0.99554944 0.9948472 0.9952205 0.9931139 0.9946146 0.9906626 0.9948095 0.9927622 0.9934274 0.99455583 0.99338096 0.9873257 0.9850204 0.9943828 0.99409103 0.991775 0.9957026 0.9958133 0.99501836 0.9941064 0.9956454 0.9933498 0.99421704 0.9952775 0.99477863 0.99563134 0.9956814 0.99557847 0.996811 0.9962721 0.9956609 0.996245 0.9943475 0.9971031 0.9971743 0.99216986 0.99499124 0.9976485 0.9976956 0.9954593 0.99712497 0.9963889 0.99462754 0.9953481 0.9963973 0.9957011 0.9953515 0.99713856 0.99762845 0.99633825 0.996423 0.9965569 0.9973644 0.99646515 0.9964082 0.99609625 0.99805987 0.99713486 0.9964152 0.99423265 0.9960614 0.9939494 0.9926545 0.99468136 0.99359065 0.99555343 0.9954885 0.99513036 0.99552375 0.99343586 0.99668014 0.9958075 0.99517566 0.99709815 0.9957603 0.9962027 0.9956851 0.9955263 0.99473166 0.9956774 0.99538374 0.99335235 0.9924415 0.99594456 0.99322903 0.9937454 0.995607 0.99457175 0.99425393 0.99460727 0.99507797 0.9955607 0.9958115 0.9938455 0.9961074 0.9949537 0.99462056 0.9952863 0.9958043 0.9940735 0.9971662 0.996256 0.99695337 0.9976635 0.9972991 0.99710137 0.99622035 0.9970266 0.9974873 0.99741155 0.9973877 0.9977991 0.9972875 0.99295425 0.99505216 0.9961793 0.9960526 0.99358726 0.9929093 0.98989826 0.99227554 0.99641424 0.994478 0.99484783 0.99726456 0.99652225 0.9978976 0.99736553 0.99500024 0.99406344 0.9931318 0.9914942 0.9969979 0.99598694 0.99595493 0.9938442 0.9937355 0.99323547 0.99462515 0.9915277 0.9925358 0.9923584 0.9936354 0.993357 0.9947441 0.9958513 0.9961078 0.9958599 0.9954198 0.99182653 0.99382764 0.993468 0.9911625 0.99292034 0.99479574 0.9923826 0.991422 0.9971568 0.9953495 0.9940596 0.99408436 0.99303347 0.9906626 0.9881141 0.99666816 0.9966229 0.99604875 0.9973917 0.99470717 0.99444777 0.99223685 0.99528086 0.9943019 0.9963364 0.9963187 0.99753535 0.9972787 0.9977912 0.9960309 0.99508387 0.9967303 0.99581116 0.9979049 0.9947515 0.9947598 0.9944532 0.99356234 0.99145055 0.9929324 0.99434835 0.9960828 0.9955211 0.997209 0.99506295 0.9965829 0.99604183 0.9949731 0.9966543 0.9969999 0.9941259 0.9935919 0.9954762 0.996423 0.99602246 0.9953271 0.99722147 0.9969548 0.9961782 0.9961507 0.9905327 0.99397343 0.9967142 0.9965581 0.9950515 0.9959631 0.99601406 0.99207026 0.9951393 0.99602455 0.9893792 0.98077905 0.9881825 0.9909919 0.99586844 0.9956974 0.99689716 0.99738836 0.99261314 0.99799895 0.99812835 0.9981235 0.9968753 0.993848 0.9969129 0.9975518 0.9988514 0.9978361 0.99466753 0.9961708 0.9965558 0.9944802 0.99361646 0.99603355 0.9967611 0.99699366 0.99561447 0.99420935 0.9971924 0.9962054 0.99738526 0.9967946 0.99703103 0.99585515 0.99604064 0.9969003 0.99745804 0.9955008 0.9970491 0.99729663 0.99671435 0.9959339 0.99786264 0.99718916 0.9961616 0.9933754 0.99564075 0.9959966 0.99403393 0.9963433 0.9975789 0.9975481 0.9982574 0.9965134 0.99729556 0.9977411 0.99820006 0.99787164 0.9968288 0.99599665 0.9931966 0.9898926 0.9920923 0.9905827 0.9900999 0.99013054 0.990463 0.9958967 0.9953143 0.99624705 0.9953334 0.9958031 0.9968497 0.9967016 0.9962861 0.99669 0.99715835 0.99652994 0.99724734 0.9965009 0.9974571 0.9968585 0.9957796 0.9947571 0.99369144 0.99480176 0.99761844 0.9968726 0.9970311 0.99718994 0.9936398 0.99142754 0.990597 0.9943294 0.9916076 0.9912892 0.9979745 0.99714625 0.9967742 0.99746454 0.9964352 0.9972034 0.99489874 0.9909362 0.9970832 0.99619615 0.9964644 0.99502605 0.9945366 0.99329823 0.9919233 0.9964357 0.9962606 0.9969045 0.9956942 0.99558264 0.99459666 0.9937223 0.9869241 0.99557626 0.99568456 0.99562085 0.99496496 0.9956286 0.99651563 0.9942408 0.99456424 0.9950404 0.9965817 0.99660486 0.9970895 0.99708986 0.99388325 0.9965313 0.9970494 0.9961482 0.994202 0.9954451 0.9893685 0.9966667 0.9900789 0.99053353 0.99539596 0.9923524 0.98717016 0.9885841 0.9903562 0.99728376 0.9897827 0.99615145 0.9927629 0.99651957 0.9969543 0.99183637 0.9922403 0.9915633 0.9908225 0.99375707 0.9934445 0.9949082 0.99585885 0.99466324 0.9956358 0.99586004 0.9957649 0.9957103 0.99615633 0.99643195 0.99622667 0.9943461 0.9933921 0.9958739 0.99325883 0.99413705 0.9934146 0.99174064 0.9951181 0.99740905 0.9966651 0.99787784 0.99656355 0.9967674 0.99686086 0.9963999 0.9951153 0.9935195 0.9931757 0.9945727 0.99586 0.9963527 0.9962776 0.99724466 0.99620336 0.9964301 0.9964767 0.9966415 0.9940945 0.9963454 0.995296 0.9961057 0.9961394 0.9961389 0.9952433 0.9941634 0.9933989 0.99484605 0.9933437 0.99538535 0.99591005 0.99553615 0.9960896 0.99364585 0.99426115 0.99490464 0.99606854 0.9958005 0.995863 0.99657553 0.9970991 0.9969585 0.9958429 0.99719906 0.998449 0.9975465 0.99779063 0.9984428 0.9964366 0.99790555 0.997983 0.9969043 0.9965974 0.9970161 0.9975177 0.99744743 0.9967617 0.9970816 0.9980465 0.99836373 0.9988733 0.9993535 1.0 0.9962711 0.9982767 0.9987253 0.9978894 0.997498 0.99732107 0.9972447 0.99440074 0.99588144 0.996598 0.9952291 0.99653786 0.9969413 0.9967837 0.99434894 0.9930868 0.9900051 0.9924811 0.9917248 0.99225765 0.9917145 0.98881245 0.9939295 0.9951773 0.9958188 0.99637693 0.99581677 0.9961644 0.99650294 0.9972193 0.99661857 0.9945685 0.9939439 0.9943304 0.994876 0.99478835 0.9938429 0.9939208 0.9928657 0.9884677 0.9857943 0.9816034 0.9885377 0.9900735 0.9895918 0.98922765 0.98767436 0.99363166 0.9900705 0.9862768 0.9901904 0.9891815 0.9890305 0.9894307 0.9856113 0.9843923 0.987359 0.9879168 0.9918382 0.993929 0.99177444 0.992197
TodorovicxPera_SRP18933PeraTodSmrtKaradjordja-L2_5 0.9903709 0.9943283 0.99375623 0.9885907 0.98926014 0.9975193 0.9963666 0.99460524 0.9906019 0.98872983 0.9902914 0.9922301 0.9888358 0.9888239 0.9912382 0.98780584 0.98823804 0.98950577 0.9911179 0.99050134 0.98651016 0.98811823 0.9901713 0.988245 0.98833215 0.98566735 0.98804367 0.9827235 0.98817754 0.98586345 0.98617786 0.98863685 0.98706394 0.9795472 0.97665024 0.98898375 0.98765177 0.98497254 0.99169797 0.99045527 0.9900677 0.98915845 0.99233043 0.9870138 0.9894428 0.9903244 0.989386 0.990731 0.99074346 0.99109787 0.9941291 0.9945675 0.9946467 0.99477553 0.9948948 0.9910044 0.9914044 0.98599106 0.98774654 0.9931215 0.9939223 0.98841906 0.99287325 0.9927551 0.9911477 0.99117476 0.994745 0.9956398 0.9949906 0.99387723 0.9951743 0.99475783 0.9975595 0.99499506 0.997052 0.99412984 0.99515116 0.99637735 0.9966097 0.9944545 0.9963858 0.9903028 0.9916049 0.9904927 0.98765904 0.99150753 0.9894623 0.99177164 0.9916376 0.9920785 0.992555 0.9875187 0.9970229 0.99522245 0.9954349 0.9961539 0.99688864 0.9955343 0.99723583 0.99615365 0.9962328 0.9943078 0.9936578 0.991568 0.989045 0.99323744 0.9884534 0.98968494 0.99256897 0.99171 0.99099106 0.9904127 0.9916499 0.9919063 0.9928423 0.989717 0.9951195 0.9929957 0.9929737 0.99295247 0.9950291 0.99456215 0.9944843 0.99277675 0.9928242 0.9946366 0.99298894 0.9935279 0.9939326 0.9936513 0.9925256 0.9933891 0.9927326 0.9932937 0.9944018 0.9858157 0.9893046 0.99107885 0.9903352 0.99014944 0.988173 0.9854896 0.9878979 0.99465394 0.9923534 0.9923049 0.9965153 0.99631137 0.9972075 0.9961365 0.99242806 0.99333215 0.9929736 0.991286 0.9938983 0.99197036 0.9905781 0.98976076 0.9901691 0.992413 0.99170285 0.99043864 0.989677 0.9909099 0.99128115 0.9893459 0.990398 0.99230707 0.994544 0.9931415 0.9924395 0.9878624 0.9901904 0.9891217 0.9861871 0.98772603 0.99188316 0.9874956 0.9859879 0.99294984 0.99091125 0.9879004 0.98745227 0.9886005 0.98615706 0.98399687 0.992965 0.99304354 0.9927513 0.9939586 0.9898283 0.9904585 0.9864549 0.9908486 0.9885368 0.99112505 0.9925262 0.99598485 0.99662143 0.99548787 0.995381 0.99382746 0.99433297 0.9932098 0.9962498 0.9937535 0.99246067 0.99224114 0.9929999 0.9918299 0.992106 0.9916669 0.9907715 0.9914156 0.9930762 0.9886615 0.99187803 0.99001825 0.9899213 0.99263626 0.9926911 0.9903757 0.9896004 0.99053293 0.99292916 0.99383175 0.99162877 0.994206 0.9946784 0.9956592 0.9927467 0.9858147 0.98818016 0.9927226 0.99503803 0.9940835 0.99397445 0.9948899 0.9934467 0.9930588 0.99254096 0.98492384 0.9767482 0.9842832 0.9878517 0.9940902 0.9937337 0.9959251 0.9954132 0.99386996 0.99539596 0.9942455 0.9945626 0.9977907 0.99611986 0.9981683 0.99687266 0.9971241 0.997301 0.99512815 0.9956726 0.9974528 0.99728626 0.9969123 0.9977938 0.99631125 0.99705195 0.99769837 0.99773735 0.9931887 0.9924929 0.99379003 0.9937313 0.99314827 0.995419 0.99494076 0.99568087 0.9938669 0.99031955 0.992962 0.99342215 0.9967347 0.9956053 0.99548733 0.9929748 0.99632037 0.99650425 0.9954029 0.99582434 0.99373 0.99458003 0.99657774 0.9960165 0.99507624 0.9975288 0.9972385 0.9968357 0.99558157 0.997673 0.9981351 0.99768776 0.9919969 0.98732346 0.99044335 0.98743373 0.986947 0.9867835 0.9892338 0.9902294 0.9893374 0.9930548 0.9936721 0.99245274 0.9934736 0.99455833 0.9932848 0.9964325 0.99472183 0.99279743 0.99338907 0.99364585 0.9942512 0.9942172 0.9906364 0.98788536 0.98667943 0.9884131 0.992334 0.99226934 0.9917273 0.99192315 0.9874804 0.9844135 0.98350763 0.9903576 0.98712593 0.98707354 0.9939472 0.99170804 0.99154234 0.9925505 0.99033177 0.9913846 0.98811704 0.982129 0.99244356 0.990568 0.9909181 0.9877385 0.98745364 0.98609436 0.9834159 0.9896156 0.9902849 0.99224395 0.9898257 0.9902186 0.9885856 0.98783517 0.98241466 0.9921049 0.99309385 0.9909948 0.9909865 0.9922905 0.9922645 0.9940324 0.993385 0.9938337 0.9951381 0.99455917 0.99353904 0.9929499 0.98852473 0.99289805 0.9926032 0.99274904 0.9889748 0.9884674 0.9833897 0.99192 0.9830772 0.9846741 0.99133104 0.9864347 0.98108685 0.9824887 0.9848588 0.993473 0.9826593 0.9912459 0.9861326 0.9916761 0.99248326 0.98768795 0.98850596 0.9881506 0.98704225 0.98969215 0.9871601 0.98976755 0.9940532 0.9908315 0.99119294 0.98962647 0.99197793 0.9908217 0.99046504 0.99054587 0.99200135 0.9914821 0.99069345 0.99266917 0.9903956 0.9939741 0.9933427 0.9918396 0.9953003 0.99648386 0.99518025 0.99653214 0.9942699 0.9960312 0.9972137 0.9949072 0.99710464 0.99698174 0.99734044 0.9920781 0.99587524 0.99595875 0.99541146 0.9951472 0.9968283 0.99565744 0.9961455 0.99438125 0.99058807 0.9959478 0.99263185 0.994124 0.99445856 0.99521035 0.9932817 0.9932789 0.9926974 0.9916974 0.98866165 0.991753 0.99202585 0.9918221 0.99337006 0.9901559 0.990336 0.99274313 0.99369925 0.9935733 0.9948539 0.99510425 0.99561197 0.995639 0.99453366 0.9958354 0.9959892 0.99497885 0.996559 0.9966936 0.997413 0.9947373 0.99619085 0.99394417 0.9945351 0.9973397 0.99585843 0.99267876 0.9936586 0.99514973 0.9949812 0.99475396 0.9972431 0.9970052 0.9962711 1.0000001 0.99764836 0.99611044 0.997524 0.9965179 0.9935637 0.9923309 0.9893237 0.99240047 0.9936336 0.99201256 0.99192226 0.99395734 0.9920968 0.9874349 0.9860609 0.9831878 0.9857201 0.98473686 0.9851699 0.9842678 0.98135877 0.99479336 0.99439967 0.9953328 0.9948833 0.9933639 0.99495614 0.9955628 0.99562395 0.9946598 0.9948265 0.9948991 0.9948531 0.99490935 0.99379504 0.99306667 0.9939537 0.98860484 0.9838091 0.98057336 0.9772269 0.9823179 0.9855106 0.98409504 0.9841215 0.9821682 0.9882751 0.98420364 0.9799113 0.98549104 0.98151666 0.9825223 0.98405236 0.9790608 0.9777209 0.980544 0.9820383 0.9863356 0.99283296 0.98925936 0.9901483
TodorovicxPera_SRP18933PeraTodSmrtKaradjordja-L2_6 0.99289906 0.9955011 0.9957368 0.99333686 0.99334836 0.99629164 0.99505526 0.99338055 0.99208075 0.99154234 0.99281895 0.9938153 0.99191225 0.9919353 0.9936542 0.9914087 0.9914641 0.99235 0.9931987 0.99348575 0.9897171 0.99174654 0.991522 0.99087673 0.9911378 0.9891109 0.9909864 0.98703045 0.9909544 0.9894091 0.9901756 0.99096113 0.9905504 0.9833759 0.98153234 0.9902288 0.9893711 0.9876112 0.9926317 0.99328923 0.9927019 0.991913 0.99360013 0.990683 0.9904765 0.9913341 0.992183 0.9937415 0.99328256 0.9938955 0.9959665 0.9961523 0.99629855 0.9956075 0.9951026 0.9937179 0.9937745 0.9874167 0.99099845 0.9955031 0.9960178 0.9914352 0.9937388 0.9932421 0.9909558 0.99152386 0.9958109 0.9948299 0.99541926 0.99595606 0.99664104 0.9937777 0.99678075 0.99625504 0.9972563 0.99557555 0.9944528 0.9950178 0.997558 0.9960749 0.9962843 0.99326473 0.9943711 0.99314797 0.99198765 0.9943797 0.9931207 0.9950454 0.99451745 0.9946546 0.9950989 0.9913108 0.9972689 0.99612653 0.9956453 0.99819803 0.9977664 0.99775976 0.9971578 0.9969233 0.99573815 0.99591154 0.9960264 0.9941167 0.9929863 0.9954045 0.99316984 0.9936809 0.9956664 0.9952313 0.9944829 0.994936 0.9952599 0.99553627 0.9960396 0.99425125 0.9957145 0.9946351 0.9943035 0.99481094 0.99547875 0.99450636 0.99556166 0.99428904 0.9952765 0.9960441 0.9961364 0.994513 0.99370587 0.9952635 0.9951965 0.9950475 0.9955037 0.9963028 0.9959283 0.98940676 0.9916959 0.9933329 0.99276984 0.9930779 0.9925298 0.99023384 0.9922335 0.9950367 0.99347836 0.9942527 0.99678946 0.99584764 0.9976762 0.9970263 0.99158806 0.9922151 0.99278635 0.9902559 0.99577206 0.9942504 0.9936662 0.99330974 0.99399054 0.9932119 0.9936038 0.99168026 0.9916012 0.99239933 0.993009 0.9925666 0.992851 0.9946365 0.9955555 0.99554926 0.9947269 0.9910223 0.9927912 0.9924097 0.9899148 0.99191785 0.99297315 0.9902711 0.98903954 0.9950167 0.99366474 0.9916574 0.99165934 0.9923716 0.99038076 0.9887474 0.9945841 0.9954931 0.9955161 0.996053 0.9920097 0.99242735 0.9899613 0.9931914 0.99230134 0.993971 0.9944104 0.99628097 0.99680054 0.99723864 0.99646056 0.99600697 0.9965271 0.9959503 0.99695647 0.99549437 0.99504745 0.9951119 0.9941218 0.99196845 0.9935022 0.9947039 0.99309736 0.99252 0.9948147 0.99201715 0.9934167 0.9929293 0.99239075 0.99366206 0.99412966 0.99288225 0.99216324 0.9934808 0.9948048 0.9947154 0.99454653 0.9955976 0.9957081 0.9951659 0.9942534 0.9843991 0.9889275 0.9952883 0.9957446 0.9940699 0.99526906 0.99681985 0.991091 0.9938824 0.99481463 0.98837465 0.9801059 0.9871894 0.99024755 0.9951973 0.9951966 0.99446636 0.9952472 0.99177414 0.99643254 0.99645597 0.99622345 0.9962098 0.9925421 0.99673015 0.9959883 0.9974884 0.996635 0.9938813 0.9949776 0.9962117 0.99641407 0.9945353 0.99693686 0.99740064 0.9979178 0.9971139 0.9967125 0.9963624 0.9953294 0.99648416 0.99517125 0.9961152 0.9960402 0.99568033 0.9942551 0.9941782 0.9928121 0.9943513 0.99510854 0.9949047 0.99328065 0.9965638 0.9938337 0.99519813 0.99403065 0.99360394 0.99407524 0.99292123 0.9931019 0.9961642 0.9950761 0.99623287 0.99569464 0.9968629 0.99776894 0.9967683 0.9972481 0.9975214 0.9969625 0.99237055 0.9897168 0.9909172 0.98968846 0.9889677 0.9893941 0.9901861 0.9926353 0.9927757 0.9951217 0.99428713 0.9943465 0.9952222 0.9951876 0.99491537 0.9961172 0.99670565 0.993361 0.9942843 0.99474555 0.9953757 0.99535346 0.9937869 0.9920914 0.99176294 0.9924615 0.9951955 0.9954245 0.99472696 0.9946664 0.9906949 0.98805153 0.9872218 0.9938199 0.99098724 0.99120194 0.99552447 0.9948553 0.9947408 0.9959194 0.9938806 0.9941336 0.99237806 0.9864261 0.99439865 0.9939028 0.9941739 0.9904836 0.9913765 0.98944914 0.987432 0.99183655 0.9927898 0.9941667 0.99273026 0.99171096 0.99102277 0.9895859 0.9857233 0.99398905 0.9938317 0.9933927 0.99344295 0.99391913 0.99353844 0.99333495 0.9939368 0.9944553 0.99552447 0.9949856 0.99460393 0.9951799 0.9919564 0.99449027 0.994583 0.99444646 0.99209625 0.9920546 0.98742616 0.993828 0.9877589 0.98824805 0.9934181 0.9905589 0.9852132 0.9863469 0.9885433 0.9945937 0.9864871 0.9931195 0.9895916 0.9936046 0.9946767 0.9913776 0.9921118 0.9917306 0.9904606 0.9923691 0.99029756 0.9917042 0.9939513 0.99131304 0.9921564 0.9919467 0.9928694 0.9916237 0.9919515 0.9925278 0.9946452 0.99452764 0.99360585 0.994237 0.9933065 0.9949464 0.99409676 0.9934241 0.9960537 0.99720085 0.9969079 0.9970922 0.99635834 0.9967343 0.9968575 0.996883 0.9952127 0.994745 0.99497753 0.9946525 0.9968216 0.996828 0.99649376 0.9965715 0.99607545 0.9958371 0.9968911 0.99511117 0.99308103 0.9946685 0.99333906 0.9952453 0.9953056 0.996062 0.99445784 0.9942424 0.99473417 0.99322754 0.99134076 0.9934239 0.993898 0.9942672 0.99428475 0.9919944 0.99246883 0.99311185 0.99470145 0.9953264 0.99511707 0.9960366 0.9959396 0.9953203 0.995766 0.9966954 0.99696064 0.9961078 0.99767816 0.9969416 0.9967687 0.9962009 0.99695265 0.9957991 0.9960442 0.9961678 0.99700254 0.9953459 0.99565876 0.9969457 0.99640185 0.9968201 0.99744844 0.9983455 0.9982767 0.99764836 1.0000002 0.99791986 0.99900085 0.9965795 0.9964657 0.9962366 0.99395865 0.99555606 0.9964474 0.9949968 0.9957292 0.9968273 0.9958454 0.9915062 0.9899076 0.98671377 0.98925775 0.98892653 0.98936665 0.98824674 0.9852817 0.9930661 0.9933823 0.9944482 0.9951926 0.99523056 0.99552214 0.99506605 0.9964338 0.9954411 0.9928634 0.9928709 0.9928926 0.99414617 0.99405986 0.99285984 0.9938004 0.9918481 0.98790747 0.98466825 0.98160714 0.98591256 0.9886047 0.98832095 0.98776543 0.98660743 0.9916645 0.98779386 0.98387235 0.98881483 0.9864587 0.9866364 0.9882568 0.98470867 0.98298514 0.98592 0.9863987 0.98972017 0.99233955 0.98919183 0.9897317
TodorovicxPera_SRP18933PeraTodSmrtKaradjordja-L2_7 0.99570334 0.99744916 0.99833477 0.9964553 0.9965262 0.9962324 0.9954066 0.99200946 0.99440455 0.99487007 0.995492 0.9959777 0.99444723 0.99436194 0.9954848 0.99460685 0.99415696 0.9950487 0.99519813 0.99522436 0.9926818 0.9943056 0.9938767 0.99379086 0.9943797 0.9935043 0.994314 0.9913246 0.994086 0.99249923 0.9932887 0.99353784 0.99309605 0.98819697 0.9861557 0.9932686 0.99271256 0.9916958 0.99554104 0.9956528 0.9956219 0.99528426 0.9960792 0.99463797 0.9943184 0.9945277 0.9955281 0.9965453 0.99560606 0.99664104 0.99687994 0.99619424 0.9967061 0.99697244 0.99471873 0.9966737 0.99633 0.9915821 0.99472 0.99762106 0.99783343 0.99514174 0.9963805 0.995969 0.9932473 0.9939056 0.9968871 0.9954841 0.99571705 0.99613583 0.99667686 0.9941715 0.995813 0.99651957 0.99697375 0.996796 0.99448955 0.99498224 0.99789965 0.99654275 0.99527985 0.99541855 0.9961208 0.99541503 0.99484676 0.9957366 0.9950952 0.9963671 0.9964005 0.99636626 0.996572 0.9940549 0.99646103 0.99508625 0.9949746 0.997084 0.99599737 0.99664617 0.99593556 0.99652225 0.9945377 0.99528015 0.9950035 0.9939122 0.9938064 0.9961597 0.9947936 0.99503875 0.99598265 0.99544954 0.9949223 0.99563676 0.9960836 0.99638814 0.99633163 0.9953775 0.995047 0.99389225 0.99285245 0.9934988 0.99470323 0.9927316 0.9956845 0.9947119 0.99576956 0.99581844 0.996599 0.99511427 0.993673 0.9947078 0.9954388 0.99538463 0.996217 0.9967389 0.9954712 0.99320114 0.99482226 0.99597067 0.99610573 0.9955492 0.9951863 0.9927311 0.99467975 0.9963207 0.9939352 0.99467176 0.99588454 0.99477124 0.9970655 0.99625134 0.99304456 0.9911964 0.99038565 0.9882151 0.9967781 0.9958004 0.9958462 0.99535805 0.9955212 0.99386036 0.9957999 0.99216294 0.99342525 0.99288905 0.99429595 0.9947009 0.99593383 0.9959583 0.996438 0.99580157 0.995737 0.9933257 0.9946455 0.99492115 0.9929144 0.9948192 0.99443436 0.9929354 0.9923068 0.9965089 0.9953548 0.99448806 0.99428886 0.99492663 0.9920473 0.98957944 0.99627936 0.99683076 0.9961399 0.99770445 0.99431056 0.99335915 0.9925506 0.99463135 0.9942634 0.99493724 0.9948903 0.9966552 0.9964429 0.9979865 0.99673915 0.99603474 0.9971317 0.9965995 0.9976883 0.9955902 0.9959446 0.9952104 0.99425626 0.99203163 0.9937889 0.99561775 0.9958555 0.99437714 0.99659497 0.99575776 0.9957839 0.9967411 0.9955158 0.99571496 0.9968344 0.9951549 0.99455285 0.9960703 0.9968311 0.99661183 0.9963802 0.99680793 0.9971971 0.99588805 0.99696517 0.9871757 0.99138284 0.9965095 0.99715525 0.9941028 0.99610215 0.9968168 0.99055326 0.99518585 0.9966945 0.9911469 0.9823388 0.98947316 0.99171716 0.99538565 0.99590975 0.9961882 0.9956591 0.99003184 0.99750036 0.99782616 0.9976454 0.99596655 0.99160177 0.9962478 0.9962106 0.99844253 0.9961115 0.9933068 0.9945582 0.9955123 0.99485815 0.99229074 0.9954273 0.9959973 0.9965771 0.99569744 0.9943807 0.9967329 0.99568397 0.99723864 0.9958592 0.9971302 0.9948559 0.9954117 0.9960772 0.9967735 0.99661446 0.99771374 0.99802554 0.9961072 0.99450576 0.99852586 0.99776894 0.99560654 0.9926257 0.994341 0.9948098 0.9928488 0.9957238 0.9970825 0.9971615 0.9982569 0.9953035 0.9967809 0.9969763 0.9969587 0.9976132 0.9960826 0.9951788 0.99384165 0.99061716 0.9924497 0.99127245 0.99115914 0.99093884 0.9912569 0.9942007 0.9946958 0.99533993 0.99472076 0.995621 0.9963893 0.99577945 0.9962793 0.99585956 0.9966408 0.9952526 0.9963781 0.9969209 0.99765813 0.9970498 0.9967977 0.9960902 0.99539495 0.9961651 0.9971294 0.9965116 0.9962953 0.996406 0.99551797 0.9940377 0.99316406 0.9958974 0.99328756 0.9932412 0.9963104 0.99652916 0.9965044 0.99721885 0.99661213 0.9970082 0.995683 0.99150324 0.99684215 0.99660856 0.99659586 0.9943883 0.9949214 0.9937284 0.9925471 0.99513453 0.99583447 0.9956888 0.9950036 0.9944087 0.9938116 0.99358845 0.99020624 0.9953624 0.994612 0.9957781 0.9945072 0.995141 0.99532604 0.99334306 0.99380946 0.994622 0.99610925 0.9967495 0.997045 0.9965618 0.9943648 0.99581 0.9962163 0.995862 0.99492246 0.9952751 0.9910031 0.99615204 0.9910487 0.9917383 0.9957227 0.99352413 0.9892505 0.99030656 0.99175704 0.9958967 0.9906312 0.9954531 0.99317217 0.9956918 0.9962305 0.99352556 0.9932104 0.99267584 0.992209 0.9949666 0.9954247 0.99414384 0.99418664 0.9931171 0.9937246 0.9944184 0.99408513 0.9943412 0.9949198 0.9949452 0.995716 0.994061 0.9932488 0.99541736 0.9939216 0.993955 0.99285734 0.991987 0.9960863 0.9979066 0.9972053 0.99781483 0.99684703 0.9955563 0.99624676 0.99580884 0.994509 0.99302167 0.99266136 0.99615604 0.99607736 0.9967226 0.9965622 0.99734885 0.9966323 0.9964768 0.9968365 0.99740267 0.99542636 0.995359 0.9937485 0.9960313 0.996054 0.99563324 0.9955072 0.99455035 0.99415755 0.99381584 0.99323934 0.9948845 0.99505925 0.9953726 0.99455583 0.9921489 0.99336505 0.9925796 0.99608624 0.99537784 0.99532855 0.9956178 0.99606895 0.99541575 0.99591833 0.99717224 0.99788976 0.9967878 0.9974315 0.99746495 0.9949733 0.99701667 0.99635655 0.99667263 0.99683535 0.9961124 0.9972595 0.99703395 0.99648535 0.99728763 0.9973758 0.9981316 0.998062 0.9988334 0.9987253 0.99611044 0.99791986 0.9999999 0.9973253 0.9956268 0.9968201 0.99691695 0.9952031 0.9960004 0.9971092 0.9960394 0.9965492 0.9977079 0.9970574 0.99542 0.9936667 0.99112105 0.99336374 0.99315923 0.99313354 0.99239737 0.9899254 0.9921331 0.9937353 0.99527395 0.9964789 0.9967263 0.9964063 0.9960762 0.99745536 0.99670416 0.99285567 0.99285793 0.9931577 0.994062 0.99473315 0.99416465 0.9946414 0.9937128 0.9901084 0.9879777 0.98418695 0.98990434 0.99138224 0.9911779 0.99058306 0.98955154 0.99446595 0.99156684 0.9886544 0.99204034 0.9904431 0.99054146 0.99112326 0.98768646 0.9863854 0.9889938 0.98963916 0.99316585 0.99237615 0.9908398 0.99130774
TodorovicxPera_SRP18933PeraTodSmrtKaradjordja-L2_8 0.9914455 0.9957192 0.9949279 0.9917152 0.9924972 0.9963176 0.9944798 0.9915699 0.9936008 0.99250835 0.99358594 0.99512684 0.99294525 0.9928986 0.9946386 0.99184686 0.9919904 0.99258995 0.99399996 0.9943459 0.99076205 0.9923208 0.99252 0.99163693 0.9917443 0.9894731 0.99140525 0.98707664 0.99216044 0.99051285 0.9907275 0.99245405 0.9916014 0.9827737 0.98039335 0.990747 0.9894974 0.9875079 0.99315166 0.9934056 0.9928576 0.99174917 0.9932418 0.9898815 0.9904472 0.9918296 0.9922654 0.9935341 0.99376667 0.9933732 0.9965392 0.99616337 0.99570936 0.99467826 0.99431276 0.9932699 0.9931247 0.9865117 0.9899231 0.99524957 0.9956204 0.9909117 0.994104 0.9932802 0.9912686 0.9918965 0.99561167 0.9955853 0.99568224 0.99632156 0.9975156 0.995334 0.9975442 0.9974527 0.99825597 0.99663126 0.99625 0.99651825 0.9978334 0.99718815 0.9977419 0.99176824 0.99324495 0.9920658 0.9904236 0.9933763 0.99215245 0.9941056 0.9942482 0.99269867 0.99388397 0.99110645 0.9973402 0.99633807 0.9962835 0.99782217 0.9965511 0.99683225 0.99703175 0.99622726 0.99569786 0.99592966 0.9960542 0.99450535 0.99258816 0.99510366 0.9922081 0.9931477 0.99603206 0.99483883 0.9947503 0.9941418 0.99448574 0.9949995 0.99548393 0.9928184 0.9967703 0.9956519 0.9957702 0.99590784 0.9966176 0.9956612 0.99682623 0.99610287 0.99614763 0.9972453 0.9964572 0.9959285 0.99450916 0.99593717 0.9957251 0.9959318 0.99589944 0.9964988 0.99674046 0.9892085 0.991125 0.9927296 0.99199533 0.9912752 0.9907566 0.9874713 0.9902588 0.99500585 0.9943558 0.99529624 0.99732953 0.99657977 0.99776 0.9978351 0.9923178 0.9931127 0.99316776 0.99041533 0.99669313 0.9948301 0.9943771 0.9917019 0.9922886 0.99295366 0.99277616 0.9919155 0.99081254 0.99217546 0.99283445 0.9917522 0.9920451 0.99473804 0.9949942 0.99569076 0.9946387 0.9905333 0.9932396 0.99213564 0.9893941 0.99103934 0.9937067 0.9907563 0.98930997 0.99561024 0.9945838 0.9921248 0.9919849 0.99172556 0.99019307 0.9885896 0.9952097 0.99539393 0.9958209 0.9952571 0.99238133 0.99396443 0.9904936 0.9940483 0.99237937 0.99504447 0.99597025 0.9970807 0.9966897 0.9971092 0.99538046 0.99554884 0.99606246 0.9949266 0.99655384 0.9945327 0.9937521 0.99499077 0.9927853 0.9903531 0.99158984 0.993662 0.99356544 0.9931206 0.99528456 0.9919653 0.99408346 0.9925477 0.99284726 0.99418885 0.99423015 0.9921878 0.9915442 0.99302185 0.9950279 0.9947476 0.9939438 0.99570704 0.99562424 0.9954951 0.9939214 0.98628366 0.9900457 0.9959412 0.9955579 0.9938932 0.9950582 0.99563825 0.99173814 0.99299777 0.99494386 0.9880116 0.9804442 0.9870417 0.9903538 0.99468225 0.99503076 0.99412376 0.99631804 0.99282086 0.9958444 0.99581486 0.9952815 0.995971 0.9940623 0.9972557 0.99701214 0.9968803 0.99713933 0.99525994 0.99591804 0.9967162 0.99669254 0.99572504 0.99715906 0.99798024 0.9981088 0.9976202 0.99664444 0.9960492 0.99573684 0.99617344 0.9964281 0.99606127 0.99682 0.9961901 0.9950415 0.9950237 0.9926538 0.99486977 0.99474466 0.99566036 0.9947547 0.99691683 0.99355745 0.9956831 0.994722 0.9951238 0.99553704 0.994734 0.9937886 0.9971844 0.99589753 0.99620175 0.9963055 0.99712527 0.99741286 0.99745184 0.99731934 0.99771446 0.9971522 0.99366623 0.9913094 0.9930296 0.99088037 0.9903658 0.9908365 0.9919963 0.99229115 0.99174136 0.99413687 0.9956912 0.9955243 0.99603534 0.99584925 0.9955718 0.9967033 0.9971292 0.99488866 0.99534196 0.9950571 0.99569297 0.995751 0.99351954 0.9912884 0.99064904 0.9913945 0.99607044 0.9962666 0.99587804 0.9957498 0.98877203 0.9860489 0.9846931 0.9930931 0.99074686 0.9902711 0.9966927 0.99571407 0.995684 0.9964225 0.9940867 0.99440527 0.9921918 0.98628783 0.9949721 0.9937905 0.99435383 0.9911526 0.99152416 0.9892503 0.9869803 0.9928515 0.9932404 0.9948274 0.9928658 0.99231815 0.99130887 0.9898922 0.9850379 0.9948444 0.9949758 0.99418586 0.99465793 0.9951706 0.99425626 0.9943011 0.994344 0.99525833 0.99610597 0.99493587 0.99467665 0.99512035 0.9914234 0.9949066 0.99490494 0.99473816 0.9915309 0.9918181 0.9864939 0.99376893 0.98679596 0.98772013 0.99360967 0.98947847 0.98455244 0.98535043 0.9879756 0.9948835 0.98559326 0.9933058 0.9892327 0.9937183 0.9943281 0.99088013 0.99272317 0.992269 0.99111754 0.99275815 0.98957014 0.9919298 0.99430573 0.9918682 0.99320066 0.99231434 0.99392736 0.9924567 0.99226654 0.99275726 0.99515176 0.99422807 0.992935 0.99424016 0.9936524 0.99522066 0.99457407 0.99307853 0.9962555 0.9974202 0.99742734 0.99775285 0.9970479 0.99743533 0.9978529 0.9976475 0.9955281 0.99529445 0.99586844 0.9947053 0.9970645 0.9968566 0.9970385 0.9967798 0.99666363 0.99661267 0.9972594 0.99542135 0.99309015 0.9955449 0.9947526 0.99571735 0.99589217 0.9962162 0.99444187 0.99497694 0.99477327 0.9945996 0.9923209 0.99471587 0.99492013 0.99489385 0.995738 0.9942155 0.9942997 0.9946045 0.9957782 0.99670863 0.99672174 0.9974568 0.99689126 0.9964898 0.9968301 0.9970264 0.9968837 0.9966056 0.997553 0.99752647 0.99724966 0.9972761 0.99803436 0.99618965 0.9954204 0.9965249 0.99762803 0.9957598 0.99670225 0.99708235 0.9970701 0.9971395 0.9974388 0.99808717 0.9978894 0.997524 0.99900085 0.9973253 1.0000007 0.99815303 0.9965441 0.99594116 0.9936797 0.99594074 0.9961634 0.9944646 0.99589646 0.99598414 0.99558127 0.99100876 0.9895537 0.9856913 0.98880863 0.98839104 0.98863596 0.98749274 0.9842785 0.9945945 0.99514455 0.99576527 0.9958507 0.9952153 0.99603295 0.9957467 0.9963166 0.9958366 0.99474025 0.99422634 0.99436855 0.99520504 0.9949789 0.99430156 0.9944291 0.99228656 0.9875626 0.98449624 0.98158437 0.98663586 0.9891468 0.9883916 0.9883352 0.9864391 0.9915788 0.9880514 0.9836936 0.9888322 0.98620033 0.9869837 0.9882324 0.9838271 0.9829032 0.9858251 0.98655564 0.9898014 0.9925318 0.9887631 0.99003196
TodorovicxPera_SRP18933PeraTodSmrtKaradjordja-L2_9 0.99084234 0.9962957 0.9943676 0.9884589 0.99028116 0.99714404 0.99502563 0.9914111 0.9936144 0.99232644 0.9927171 0.9954009 0.9916024 0.99145854 0.9948062 0.9913501 0.9916954 0.9929387 0.99477935 0.9936941 0.9894314 0.99069065 0.9941874 0.99258447 0.99227136 0.98871183 0.99115306 0.9856769 0.9926085 0.98955584 0.98944837 0.99276286 0.9906336 0.98187 0.97843134 0.9925387 0.9915817 0.9877955 0.9935968 0.99288315 0.99180293 0.98992926 0.9925442 0.987753 0.9913727 0.99324805 0.9912695 0.9916108 0.9927857 0.99105144 0.99487805 0.99391294 0.9923282 0.9931216 0.9921178 0.9936207 0.99406385 0.9885384 0.9906161 0.9947896 0.99491394 0.9917611 0.9952551 0.99420756 0.9939779 0.9944668 0.9941583 0.9950166 0.99395585 0.9956772 0.9971241 0.9974433 0.9970814 0.99597603 0.997332 0.99526036 0.9985447 0.9976584 0.99696416 0.9966125 0.99800056 0.98977023 0.99258643 0.98907083 0.9867788 0.990426 0.9886711 0.9912094 0.9917726 0.9896809 0.9908863 0.9886847 0.9965498 0.99540424 0.9951341 0.99548566 0.9937327 0.9937225 0.9948161 0.9931945 0.9945411 0.9945544 0.9940518 0.9911208 0.98833424 0.99323 0.98790437 0.9894013 0.9934901 0.9912543 0.99146765 0.99047256 0.99101204 0.99191236 0.9925941 0.98853683 0.9959905 0.99465513 0.995126 0.9950517 0.9959657 0.99451673 0.99718183 0.9965754 0.9959377 0.9978907 0.9950834 0.9975214 0.9967349 0.9969213 0.9963017 0.9970339 0.99556524 0.9957138 0.99700546 0.9882302 0.99107265 0.99243957 0.991796 0.98791456 0.9865548 0.98228145 0.9858837 0.9943275 0.9934613 0.9936268 0.99696445 0.9971527 0.9969989 0.99728876 0.9949548 0.9956186 0.9941677 0.99283856 0.99584514 0.9943072 0.9933733 0.98828477 0.98815334 0.99068415 0.99004686 0.9891969 0.9881802 0.9897249 0.99051267 0.9882983 0.9901501 0.99319685 0.99324137 0.99369735 0.99220926 0.9870858 0.9910162 0.98904043 0.98590964 0.9873025 0.993108 0.9889424 0.98768103 0.99491495 0.9925474 0.99001044 0.98963165 0.98841166 0.9861042 0.9836359 0.9945979 0.99365896 0.9935054 0.9931798 0.99160105 0.9935727 0.9881905 0.993029 0.9903037 0.9948498 0.9960135 0.9973493 0.9962253 0.99526644 0.99279904 0.9926042 0.9938467 0.9923254 0.99596477 0.99125016 0.99000204 0.9912388 0.9896172 0.98741895 0.98800707 0.9896354 0.99378806 0.99473506 0.99544775 0.99069124 0.99507153 0.9917166 0.9916587 0.9953415 0.99450684 0.9898318 0.9894924 0.9914142 0.99340767 0.9933612 0.9906987 0.9951061 0.9943734 0.99517214 0.9926114 0.9917845 0.99348724 0.99455166 0.9941189 0.9935688 0.99351555 0.99202925 0.9925843 0.99142444 0.9926556 0.98361933 0.97580385 0.9830799 0.987091 0.9932285 0.9930544 0.9958559 0.9979484 0.99489385 0.9953011 0.9946383 0.99505603 0.9962769 0.99682707 0.9975304 0.9981225 0.99666584 0.9982034 0.9961226 0.99699384 0.9970346 0.9944478 0.9955446 0.99574244 0.99617684 0.9959708 0.99550694 0.9941882 0.9943956 0.994392 0.99485517 0.99665284 0.994397 0.99592334 0.9955035 0.99689007 0.9964846 0.991917 0.9947394 0.994315 0.9969643 0.9973533 0.9959147 0.99392927 0.99614894 0.9948671 0.99674994 0.9969902 0.9955753 0.99592304 0.9975656 0.9971355 0.9958463 0.99722517 0.99665874 0.9962037 0.9978828 0.9967946 0.99696004 0.99641854 0.99220747 0.9883154 0.9919735 0.98835254 0.9880171 0.9882344 0.9897581 0.99378455 0.99184465 0.99354875 0.995546 0.99477446 0.99592537 0.9966255 0.99515563 0.9963716 0.9958896 0.9960678 0.9961395 0.9938392 0.99492353 0.9944738 0.99184895 0.9892578 0.98760724 0.989154 0.9957906 0.9951416 0.99564314 0.99595803 0.9875545 0.9843792 0.9827304 0.9892286 0.986721 0.9856696 0.99752563 0.99498546 0.9947009 0.9948592 0.9925167 0.99376047 0.98992777 0.98525643 0.99475956 0.9920139 0.99288124 0.9920446 0.99000794 0.98824894 0.9858689 0.99429154 0.99304616 0.994944 0.9922107 0.99330676 0.9914812 0.9897924 0.98053706 0.9943144 0.99532086 0.9935085 0.9938685 0.994707 0.9953073 0.9946232 0.99370706 0.99468714 0.99589366 0.9943673 0.99469733 0.9942386 0.9893704 0.9948883 0.9948039 0.99422294 0.98999006 0.9914473 0.9835132 0.9938982 0.9840407 0.9851967 0.9921028 0.9862894 0.9807235 0.98228914 0.9849462 0.99554604 0.9838571 0.993279 0.9878848 0.9937531 0.9938708 0.98727745 0.9895242 0.98878485 0.9877779 0.99053705 0.9877639 0.99246275 0.99514693 0.9938563 0.9952705 0.9936594 0.9953803 0.99446774 0.9937892 0.9942338 0.994032 0.9913653 0.9897787 0.9936819 0.99069303 0.99295694 0.99283457 0.98943174 0.99343395 0.995726 0.99536407 0.99696183 0.99546784 0.9974123 0.9979259 0.99614215 0.9958847 0.99512374 0.9955717 0.9915187 0.99466 0.9946999 0.9948577 0.99530107 0.9959857 0.99594843 0.99555206 0.9944075 0.9905304 0.9962374 0.9958376 0.9950738 0.99483657 0.99455917 0.9925749 0.9930412 0.9915793 0.99473774 0.9914775 0.99436015 0.99485207 0.99357396 0.9962515 0.9944202 0.9942103 0.99598837 0.99460316 0.99532783 0.9960079 0.99663126 0.99689174 0.99752784 0.9954581 0.9956804 0.9964914 0.9966028 0.9960787 0.9979349 0.99690473 0.99724436 0.99828196 0.99510825 0.9934186 0.9966143 0.99640626 0.9953614 0.99557763 0.9952653 0.99681294 0.9961742 0.99778205 0.99724853 0.997498 0.9965179 0.9965795 0.9956268 0.99815303 1.0 0.99512255 0.9935833 0.99004567 0.993242 0.9931845 0.99108773 0.99348325 0.9927658 0.9932221 0.9895888 0.98869455 0.98429084 0.98770297 0.9861132 0.9868551 0.9864682 0.98311454 0.99569976 0.9966188 0.9961556 0.9951985 0.99301344 0.99492073 0.9960738 0.9950889 0.9950696 0.9963221 0.99507886 0.99544 0.9951845 0.9940901 0.9937452 0.99266946 0.98926777 0.98301536 0.98017234 0.9760074 0.98426056 0.9865121 0.98501974 0.9855443 0.98230886 0.98881435 0.9852454 0.9799942 0.9852293 0.98294705 0.98381895 0.98414904 0.97824055 0.9780425 0.9813319 0.9826201 0.9869933 0.9940463 0.9902178 0.9916688
TomicxJasxa_SRP18966JasaTNazareni-L2_1 0.99295175 0.9964424 0.99569035 0.99450886 0.99509454 0.99381304 0.9912716 0.9873488 0.9951804 0.9944713 0.9952979 0.99594605 0.99427927 0.9943252 0.99565166 0.99411297 0.9932195 0.9940751 0.9949838 0.99613476 0.9927387 0.9940115 0.99412715 0.99391997 0.9933466 0.99135405 0.99288994 0.9901723 0.99337685 0.99202955 0.99204636 0.9933729 0.9924517 0.98672193 0.98423225 0.99254096 0.9920765 0.9895474 0.995866 0.9971668 0.99618787 0.9951209 0.99592185 0.99393815 0.9929089 0.99470216 0.9957996 0.9968507 0.9970179 0.99562615 0.9975961 0.9967879 0.99539876 0.9936787 0.992243 0.99420613 0.9940922 0.98651046 0.99063283 0.9947307 0.994171 0.9923405 0.99460775 0.99341214 0.98970896 0.9909235 0.9952573 0.9942115 0.99476945 0.9983488 0.99720955 0.9944439 0.99545956 0.9969958 0.9967513 0.9962721 0.99433374 0.993689 0.99671215 0.9974572 0.9948549 0.9935293 0.994918 0.99563205 0.9950433 0.99666744 0.99561715 0.9970344 0.9971064 0.9953907 0.9970498 0.9925157 0.9947672 0.99364674 0.9938298 0.9960903 0.99400526 0.9965499 0.9944995 0.99419236 0.9920828 0.99367887 0.9943304 0.9960381 0.99457705 0.9971906 0.99473774 0.99560344 0.9975135 0.99680847 0.99720573 0.99685633 0.9965286 0.99681836 0.99745727 0.99535036 0.99757975 0.99782896 0.996514 0.99698985 0.9966556 0.99499995 0.99621326 0.99655163 0.99786323 0.9973532 0.99679667 0.996251 0.99441206 0.99696094 0.9969854 0.99672806 0.99777263 0.99835753 0.9970092 0.99084055 0.9929911 0.9938904 0.99413323 0.99415517 0.9942459 0.9911218 0.99385905 0.9965485 0.9962004 0.9966245 0.99654406 0.99614835 0.9972599 0.99793005 0.9920572 0.99202895 0.99070024 0.98882574 0.99759257 0.9969388 0.9961496 0.9947076 0.9944536 0.9936973 0.99433 0.9924361 0.9923052 0.9927857 0.99399334 0.99296504 0.9931656 0.99597144 0.9941693 0.99681485 0.99524057 0.99227154 0.99480903 0.9946141 0.9922312 0.9936368 0.9933458 0.991274 0.9905044 0.997174 0.99598086 0.99419844 0.99470764 0.994679 0.9944673 0.99240464 0.9970841 0.9969262 0.99745405 0.9965354 0.9937522 0.9948941 0.99234444 0.9948636 0.9941231 0.99638784 0.9968342 0.9971259 0.99641985 0.99723613 0.99470687 0.9959466 0.996599 0.99506146 0.9966908 0.9953246 0.9944658 0.9962363 0.99276954 0.9900495 0.99174106 0.99537605 0.9954422 0.99387527 0.9953747 0.994096 0.9945505 0.99415785 0.99456966 0.9935344 0.9937842 0.9906213 0.98944306 0.9924292 0.99474543 0.9934209 0.9958775 0.9956896 0.99468994 0.9936429 0.9936724 0.986501 0.99125147 0.9978431 0.99653554 0.9952225 0.9969982 0.99509215 0.99211025 0.9942786 0.99668914 0.99106485 0.9831588 0.99013436 0.9923783 0.99592566 0.9960817 0.9933333 0.99501675 0.9904568 0.995901 0.99695635 0.9962771 0.9936259 0.9909626 0.9955704 0.9955346 0.9957585 0.9953724 0.9924025 0.99505854 0.9947042 0.9943614 0.9928064 0.99607444 0.9977535 0.9971093 0.9946971 0.9930397 0.9970181 0.99598414 0.99698436 0.9967177 0.997561 0.9964184 0.9960923 0.9941028 0.99554074 0.9953628 0.9966593 0.99694496 0.99338526 0.99276304 0.9963051 0.9947064 0.9924673 0.99009305 0.9932127 0.99340606 0.99117434 0.99302614 0.9958869 0.99476856 0.99605155 0.9940597 0.9954171 0.9954566 0.99744594 0.9959812 0.9951599 0.9936125 0.9938828 0.9922322 0.9921247 0.99239624 0.99174213 0.99222 0.99128556 0.9943673 0.9942665 0.99566704 0.9971068 0.9969355 0.9977154 0.99682283 0.9972066 0.99675417 0.99791455 0.9961249 0.996244 0.9958485 0.9967067 0.99619806 0.99644345 0.9947266 0.9941617 0.9944965 0.99714506 0.99762625 0.996969 0.99706525 0.990903 0.9892887 0.98757386 0.9955514 0.9932252 0.9935759 0.9970889 0.99678814 0.9970921 0.9973148 0.99544334 0.9962804 0.99436533 0.98947346 0.9966441 0.9961468 0.9967463 0.9938412 0.9939386 0.99192595 0.99084437 0.99463564 0.9946575 0.9952847 0.99385405 0.9923879 0.9920365 0.9908623 0.98697144 0.99791443 0.99730617 0.9970156 0.9970614 0.99736917 0.9966021 0.9951628 0.9959503 0.99704224 0.99718523 0.9964931 0.99707884 0.99640787 0.99304473 0.99654233 0.99612397 0.9964542 0.9940952 0.9944202 0.9891851 0.9954946 0.9890168 0.98959583 0.99503815 0.9916191 0.98711014 0.98719305 0.989939 0.9959829 0.9888286 0.99512935 0.99207914 0.9953019 0.9957511 0.9940505 0.9946755 0.9939609 0.9926877 0.99511176 0.9933547 0.99621093 0.9959542 0.9949718 0.99588716 0.9956267 0.9965246 0.99515283 0.9949426 0.99578214 0.99608123 0.9939831 0.9930952 0.99568063 0.9953955 0.9941274 0.99336565 0.99221194 0.9955207 0.99634135 0.99679846 0.997465 0.9973302 0.99661875 0.99579185 0.99715805 0.99132776 0.99085957 0.9911279 0.99629176 0.9967824 0.9967214 0.9969563 0.997204 0.9946668 0.9957652 0.99654114 0.99604255 0.99504006 0.99481 0.9957374 0.99665993 0.995985 0.995988 0.99513686 0.99694264 0.99657977 0.9970346 0.9964543 0.99697655 0.9976762 0.9974834 0.9968812 0.9957039 0.995995 0.99563485 0.9955984 0.9952244 0.99423033 0.9956541 0.99504554 0.99597245 0.9964677 0.9960981 0.9965959 0.9972837 0.9969214 0.9964439 0.9943742 0.99682826 0.99684626 0.9979714 0.99624926 0.9948891 0.9967178 0.997719 0.99698764 0.99639815 0.9970238 0.99646324 0.99652064 0.9968844 0.99732107 0.9935637 0.9964657 0.9968201 0.9965441 0.99512255 0.99999976 0.99872583 0.997404 0.99856466 0.9982896 0.9965582 0.9987957 0.9978096 0.99886596 0.9931758 0.9915803 0.98737293 0.99016994 0.9903869 0.99009955 0.988985 0.98630875 0.9938951 0.995084 0.99597394 0.99674916 0.9970731 0.99722475 0.9961684 0.9969309 0.9969332 0.99461913 0.9944798 0.9945767 0.99585354 0.99652827 0.9959201 0.99551195 0.99517435 0.98930186 0.9878874 0.98398167 0.9902621 0.9918491 0.9916781 0.99159294 0.9897473 0.9937279 0.9897604 0.9863926 0.99015903 0.98883206 0.9894601 0.99049485 0.98623794 0.98539704 0.98827064 0.9885687 0.9913332 0.9902511 0.9871322 0.988145
TomicxJasxa_SRP18966JasaTNazareni-L2_2 0.99454415 0.99624854 0.9962568 0.9962017 0.9966361 0.9929551 0.99070436 0.9869923 0.99492896 0.9951516 0.9959125 0.99576515 0.99534345 0.99555624 0.9963208 0.9951546 0.9946396 0.99510807 0.9952029 0.9966307 0.9944963 0.99568534 0.99343896 0.9936609 0.99409205 0.9930722 0.99412 0.99189895 0.9944661 0.9938321 0.9938051 0.99410844 0.9940659 0.98899895 0.9872041 0.99271697 0.9923085 0.9912392 0.9952047 0.996403 0.9961904 0.99591833 0.9955913 0.99510133 0.99246925 0.99405056 0.9959618 0.9973624 0.9972342 0.997006 0.99783677 0.9973713 0.9963989 0.9943404 0.9925393 0.99439913 0.99384737 0.9867913 0.99134064 0.99545366 0.99506843 0.9925308 0.99461997 0.9935745 0.98891675 0.99029636 0.9955491 0.9940665 0.99468243 0.9966703 0.99648124 0.9926742 0.99401397 0.99665695 0.99612284 0.99664474 0.9929898 0.9928274 0.9961575 0.996598 0.99364936 0.99372303 0.99448496 0.9957777 0.9951684 0.9961609 0.9959664 0.99692386 0.99707717 0.99525034 0.99657094 0.9950073 0.99416226 0.9942487 0.9942234 0.9960645 0.9939482 0.995961 0.99433583 0.99482274 0.9924119 0.99484104 0.9955776 0.99606854 0.99548906 0.9966244 0.9965861 0.99690795 0.997477 0.9972007 0.9974716 0.9973163 0.99716383 0.997474 0.997248 0.99646497 0.9968209 0.9961697 0.9952793 0.99588084 0.99551713 0.9942805 0.9960655 0.99592364 0.99689126 0.9961792 0.99735177 0.995117 0.99264437 0.99559504 0.9960547 0.99546087 0.99702847 0.99765146 0.99634427 0.9926932 0.993055 0.9939809 0.9944132 0.99398 0.994651 0.99163157 0.9937364 0.99617875 0.9959844 0.99668837 0.99526954 0.99398077 0.99610484 0.9965022 0.99037737 0.9898418 0.9894799 0.98639214 0.9971404 0.9966387 0.9966286 0.9953227 0.9954266 0.99396324 0.99551183 0.9931834 0.9935881 0.99315155 0.994725 0.99516624 0.99489206 0.99676454 0.9953569 0.997249 0.9964966 0.9942604 0.9957944 0.9959666 0.99404526 0.9953364 0.99466777 0.99372745 0.9929215 0.99743056 0.99700993 0.99613863 0.99648035 0.99566686 0.99571085 0.99432844 0.9968929 0.9972241 0.9978144 0.9974599 0.99540967 0.99562556 0.9946287 0.9961836 0.99606043 0.9967508 0.996462 0.99554026 0.99477553 0.9972786 0.99457055 0.99549645 0.99615073 0.9947355 0.9954874 0.9947508 0.99472415 0.9963266 0.9928578 0.9899931 0.9919976 0.9956436 0.99608964 0.9940812 0.9959139 0.99581647 0.99509406 0.99564826 0.9957339 0.9942457 0.9946486 0.99313295 0.992136 0.99471307 0.9961805 0.9945809 0.99705625 0.9961905 0.9956382 0.9940607 0.99510044 0.9844344 0.98951125 0.99792176 0.99563634 0.99330413 0.99581987 0.9959514 0.9895569 0.9940893 0.99739885 0.9930553 0.9855871 0.9918335 0.993489 0.9952952 0.9957477 0.9922865 0.99363834 0.9874701 0.9951579 0.9965947 0.9954575 0.9923357 0.9886592 0.99367005 0.99458736 0.99572825 0.9939904 0.991166 0.9933548 0.9933074 0.99334514 0.9909577 0.99445117 0.9969339 0.9966997 0.994155 0.99208635 0.99766684 0.99667805 0.9970312 0.99591 0.99751174 0.994712 0.9953717 0.9928621 0.9948031 0.9947726 0.99617785 0.996124 0.99247766 0.99119717 0.996705 0.9948566 0.9917273 0.9887788 0.9917091 0.99251926 0.99039865 0.9921162 0.995148 0.9940201 0.99633956 0.99240696 0.994259 0.99498373 0.99617195 0.9955504 0.9940722 0.9925114 0.9944124 0.9934465 0.99316245 0.9936111 0.9932647 0.99346566 0.99261403 0.9942905 0.9944401 0.99521893 0.9954371 0.99636555 0.99652845 0.99492174 0.99618405 0.9952212 0.99683595 0.9956854 0.99617124 0.99687326 0.99727994 0.9971432 0.9966484 0.99565774 0.99526364 0.99549955 0.9975009 0.9982103 0.99747884 0.99730647 0.99144775 0.99016607 0.9888822 0.99632335 0.9944316 0.99425995 0.99646926 0.997468 0.9974093 0.99783057 0.99695545 0.9968386 0.9960184 0.9913178 0.9963601 0.9964349 0.9967868 0.9936335 0.99492997 0.9925225 0.9918809 0.99460703 0.9950951 0.99561906 0.9949454 0.9927676 0.99266756 0.99169475 0.9896579 0.9959834 0.99493885 0.9958281 0.99530697 0.9954771 0.9944826 0.9926859 0.9938918 0.9949203 0.995618 0.99540854 0.99593586 0.9971068 0.9948662 0.9960331 0.996372 0.9964656 0.9951451 0.9954706 0.9914858 0.99583936 0.99202514 0.99232304 0.9962832 0.99440396 0.9902343 0.9905063 0.9925515 0.99568695 0.99091774 0.9951806 0.9937985 0.9957893 0.99590796 0.99521136 0.9957359 0.99509156 0.9943079 0.99584216 0.9943582 0.9942027 0.9935136 0.9921211 0.99354076 0.9941296 0.99424773 0.99328923 0.9940332 0.99424005 0.99711907 0.9956742 0.9948765 0.9958568 0.9962814 0.9948114 0.99378735 0.993583 0.9958115 0.9962217 0.99649847 0.9971493 0.996915 0.99434125 0.99448454 0.99600875 0.9900254 0.98937005 0.98909855 0.99683225 0.996488 0.996221 0.9970557 0.9974623 0.9941594 0.9947891 0.9955747 0.9960223 0.9956374 0.99380106 0.99415684 0.9955108 0.99571395 0.99546474 0.99508476 0.995093 0.9947732 0.9953605 0.99523413 0.99631643 0.99622905 0.9969175 0.9956396 0.99459463 0.99549806 0.9937704 0.99597764 0.99544555 0.9940505 0.9950156 0.9945437 0.99440247 0.9957689 0.99649495 0.9960583 0.9959376 0.996253 0.99573517 0.9929918 0.9964524 0.9959313 0.9970319 0.9965108 0.9939432 0.99697465 0.9975065 0.99697083 0.99664974 0.99685323 0.99713314 0.9961805 0.99695796 0.9972447 0.9923309 0.9962366 0.99691695 0.99594116 0.9935833 0.99872583 0.99999976 0.99873316 0.9990326 0.9991504 0.9984947 0.999352 0.99876493 0.99934304 0.9945363 0.9927143 0.98963904 0.99182576 0.9927029 0.992227 0.9909418 0.9879069 0.9912832 0.9925409 0.9940338 0.995725 0.9965017 0.99588215 0.99450785 0.996248 0.9958423 0.99228215 0.99173063 0.9923588 0.99365896 0.9950255 0.9945306 0.9944228 0.9962411 0.99223244 0.99026513 0.9871131 0.9921648 0.99348867 0.993551 0.99312645 0.99194586 0.99560696 0.9921659 0.9893186 0.99268866 0.99168146 0.99219763 0.9929525 0.98963404 0.9886604 0.9912958 0.9915555 0.993774 0.989424 0.987374 0.9886216
TomicxJasxa_SRP18966JasaTNazareni-L2_3 0.9927354 0.99374706 0.9942251 0.9961444 0.99672633 0.9890051 0.9865953 0.98203015 0.9936233 0.9942248 0.9951231 0.99383044 0.9948884 0.9954728 0.9944447 0.9943439 0.99289966 0.99268275 0.99274206 0.9959236 0.9947742 0.9956128 0.9907466 0.9918913 0.99228835 0.99263835 0.9929534 0.99226505 0.9933291 0.99357325 0.9932653 0.99273026 0.9935308 0.98949176 0.98807156 0.9899065 0.9892391 0.98938215 0.99357164 0.9951413 0.99560684 0.9963653 0.9944104 0.9952574 0.9902216 0.991623 0.9956835 0.9969695 0.99650896 0.9970214 0.99677145 0.9964132 0.9958912 0.99238575 0.99065065 0.99166286 0.99028665 0.9825784 0.98824286 0.9934899 0.9927578 0.98989713 0.99226165 0.9910961 0.98454356 0.9858822 0.99454206 0.992285 0.9937181 0.99477214 0.9939207 0.98883927 0.9914813 0.9955632 0.9943137 0.99570817 0.9897319 0.98945194 0.9938209 0.9950155 0.9906245 0.9926437 0.99248 0.9961974 0.9961372 0.99628675 0.9967827 0.9965879 0.99737465 0.9945266 0.996016 0.99501306 0.99164355 0.99160004 0.99174076 0.9941281 0.99172133 0.994805 0.99200726 0.99328184 0.98972213 0.99269503 0.9939222 0.9964942 0.99688077 0.9952687 0.9975846 0.9977016 0.9971716 0.9972847 0.9976405 0.99770015 0.99735403 0.9974492 0.9968543 0.9972479 0.9948335 0.99470156 0.99319315 0.99366975 0.9934893 0.9922463 0.99395895 0.994332 0.99549186 0.9934805 0.9961528 0.9924412 0.9885899 0.9924707 0.993351 0.99245745 0.99538094 0.99593616 0.9936139 0.991939 0.9912098 0.99174404 0.9929055 0.9933946 0.99501115 0.9922017 0.9939309 0.9941936 0.99498975 0.9962882 0.9922809 0.9908774 0.9937322 0.9944412 0.9857968 0.98528284 0.98529446 0.98129934 0.9962198 0.99584514 0.9959537 0.99579644 0.995756 0.9935483 0.9952516 0.9932936 0.99347097 0.99278426 0.99431914 0.99571383 0.9945263 0.99640995 0.99404067 0.9965134 0.9957942 0.9952544 0.9966074 0.9968542 0.9954405 0.99652845 0.9934077 0.99342066 0.9929501 0.995944 0.9965905 0.9963202 0.99649495 0.99702513 0.9972743 0.99657696 0.99552107 0.9963875 0.99704236 0.995888 0.99465907 0.9948428 0.9951278 0.9954413 0.9960199 0.9954058 0.9947735 0.9930795 0.99189186 0.9956847 0.99288934 0.99539936 0.99532324 0.9937188 0.99301064 0.993541 0.99362934 0.99615026 0.9909761 0.9875962 0.99017847 0.9956764 0.99494576 0.9919862 0.9946325 0.9959849 0.9937179 0.99498564 0.99591935 0.9919732 0.99257654 0.99220645 0.9908303 0.99374497 0.9946316 0.9927329 0.9970895 0.9943454 0.9935503 0.9913639 0.9937732 0.9786253 0.98463833 0.9962598 0.99341846 0.98972505 0.993487 0.99429166 0.9856353 0.99068195 0.99680907 0.9944601 0.9879136 0.9926556 0.99366415 0.99257135 0.99389786 0.9886038 0.99015635 0.9826544 0.99233276 0.99453413 0.99274665 0.9884797 0.9841389 0.9906871 0.9916024 0.992476 0.9903632 0.9882658 0.99055314 0.99038935 0.991591 0.98785335 0.992033 0.9952112 0.99501395 0.99206597 0.98943233 0.9963 0.9956512 0.9956099 0.9941831 0.9966014 0.99249446 0.9937379 0.9892158 0.9922423 0.993777 0.99495023 0.9947717 0.98886865 0.98703563 0.9953276 0.99253225 0.98845744 0.9853993 0.9881378 0.9892525 0.98772436 0.9886932 0.9924861 0.990965 0.9941071 0.98857886 0.9912871 0.9918005 0.993432 0.99281156 0.99091303 0.9894497 0.9937226 0.9943806 0.9927187 0.99430835 0.9938768 0.9943546 0.9929506 0.99081945 0.9915935 0.99200404 0.99380016 0.99566245 0.99477524 0.992146 0.994954 0.99238086 0.9951659 0.99306744 0.9935348 0.9957979 0.99576557 0.9958865 0.99635434 0.99572885 0.9957029 0.995226 0.9961052 0.9975554 0.99643797 0.9960195 0.9898719 0.9896039 0.9877016 0.9966981 0.9957256 0.99550533 0.9939624 0.99625665 0.99646324 0.9965569 0.9961817 0.9953364 0.99583465 0.990551 0.99474883 0.9952394 0.9954338 0.9913101 0.9939873 0.99073464 0.9906009 0.9919792 0.99268895 0.992656 0.9924897 0.98907936 0.98950964 0.98889697 0.9918789 0.9951278 0.9932789 0.9954508 0.994362 0.9942578 0.9918415 0.990009 0.99145746 0.9932008 0.9934075 0.9933231 0.9940415 0.9953616 0.9946726 0.9943632 0.99458635 0.99531484 0.9949036 0.9945408 0.9925798 0.9939764 0.9924004 0.9928494 0.9954687 0.9947827 0.9919602 0.9912013 0.99338424 0.99310035 0.9910016 0.9934119 0.9935831 0.9938225 0.993775 0.9965458 0.996834 0.99632275 0.9957678 0.9963311 0.99464846 0.9917004 0.98994994 0.98887473 0.9904983 0.99128306 0.9914345 0.99012744 0.9912441 0.9912052 0.9960571 0.9946514 0.9938163 0.9940145 0.9968903 0.9934491 0.9921236 0.9930673 0.99554956 0.9951875 0.9960731 0.99559665 0.99615633 0.99170303 0.9920832 0.9945043 0.9864379 0.9865488 0.98620844 0.99772424 0.99594694 0.9954149 0.9963475 0.99658054 0.9927821 0.9935975 0.99456465 0.99451596 0.9959938 0.99076 0.99201375 0.99439096 0.99426734 0.9937351 0.99444073 0.994547 0.9943821 0.9942601 0.99522567 0.99529946 0.99463487 0.9962974 0.9933971 0.99329543 0.9946206 0.99097383 0.99504685 0.99435455 0.99223924 0.9930771 0.9918854 0.99114615 0.99471575 0.9950891 0.9937347 0.99411654 0.994584 0.9930453 0.98943585 0.99443424 0.99342835 0.9960518 0.9953594 0.99080145 0.9955394 0.9965616 0.99617475 0.99550855 0.9950505 0.9958878 0.9934119 0.9944277 0.99440074 0.9893237 0.99395865 0.9952031 0.9936797 0.99004567 0.997404 0.99873316 0.9999998 0.9988741 0.9985905 0.9981701 0.9988782 0.99771905 0.9987808 0.9939623 0.99171853 0.98851895 0.99059254 0.99310064 0.99171144 0.9898609 0.9867853 0.98823255 0.989822 0.991919 0.9944645 0.9963442 0.99484843 0.99225473 0.9947156 0.994495 0.98931545 0.98889107 0.9896147 0.99163204 0.99403495 0.9940163 0.99376756 0.9965532 0.9939326 0.99272144 0.9903961 0.9938493 0.9946476 0.99494624 0.9944406 0.99400085 0.9958491 0.9932456 0.9911539 0.99399734 0.9925475 0.99350625 0.9948796 0.9920248 0.99133545 0.9932703 0.9933812 0.9944732 0.9854095 0.9829769 0.9849222
TomicxJasxa_SRP18966JasaTNazareni-L2_4 0.99228156 0.9952245 0.9951201 0.99475527 0.995705 0.9920512 0.98965305 0.9857561 0.9954789 0.9948296 0.9958579 0.99571776 0.99562335 0.9958899 0.9955746 0.99432623 0.9933907 0.9935522 0.99421513 0.99630046 0.99442446 0.9953005 0.99224854 0.99249184 0.99250364 0.99187547 0.9928319 0.99112785 0.9937511 0.9934985 0.9930466 0.99370486 0.9936688 0.9876175 0.98561907 0.9915267 0.9903799 0.9895427 0.9950692 0.9962502 0.99618775 0.9960717 0.99549186 0.9945144 0.99158037 0.99335206 0.99591583 0.99703467 0.99727434 0.9968132 0.9981072 0.9975619 0.99671996 0.99380744 0.99299955 0.9927058 0.9918418 0.984034 0.9887491 0.9942035 0.99353623 0.99050266 0.993492 0.9924492 0.98688096 0.9882101 0.99554235 0.99448204 0.99551237 0.9970233 0.99596167 0.99235183 0.99464023 0.9974897 0.9965607 0.9971852 0.9930439 0.9929161 0.996143 0.997015 0.9940163 0.99318457 0.9938085 0.99648327 0.99523246 0.99693054 0.9965688 0.9973601 0.9977867 0.995233 0.9968072 0.99414575 0.99413687 0.99363333 0.9941254 0.9959337 0.9937545 0.9963493 0.9944959 0.99480915 0.992049 0.99410176 0.9949796 0.9974106 0.99636656 0.99605864 0.99632746 0.99694884 0.99769133 0.9973917 0.9982159 0.9974475 0.99744415 0.9975164 0.99779797 0.9963059 0.9971303 0.9970871 0.99580413 0.9961182 0.99613523 0.9949244 0.9960559 0.99629045 0.997069 0.9958802 0.9969888 0.99492586 0.9918496 0.9948984 0.99507064 0.9947143 0.99669445 0.9971306 0.9958616 0.9910977 0.99162865 0.9925878 0.9931452 0.99391824 0.9942789 0.9912062 0.993596 0.99627274 0.9966951 0.9976572 0.99561465 0.994294 0.996384 0.99718815 0.98930377 0.9896265 0.9890496 0.98585886 0.9974799 0.9969387 0.99642104 0.99490905 0.99498135 0.99510086 0.9955464 0.99430746 0.9939345 0.99404114 0.9952929 0.9948483 0.99426925 0.99678403 0.99520093 0.99752414 0.99640983 0.9945212 0.99646807 0.9962596 0.9943567 0.9951362 0.99441946 0.99334776 0.99224716 0.9970019 0.997033 0.99577016 0.9960916 0.9960251 0.9962891 0.99520755 0.9967386 0.997232 0.9982546 0.996656 0.99483615 0.9960494 0.994448 0.9960787 0.9955244 0.9964868 0.9967776 0.9958048 0.9946181 0.99702275 0.99470234 0.9965494 0.99662346 0.994775 0.99509704 0.9952528 0.99485475 0.9970584 0.99331796 0.99036354 0.99207366 0.9962821 0.9954788 0.9933748 0.9954779 0.9951832 0.9946183 0.9945282 0.995723 0.99314314 0.9935754 0.9919697 0.9906273 0.9934257 0.99563825 0.99412495 0.99727434 0.995742 0.99495834 0.9936816 0.9942578 0.9825608 0.9878232 0.9975796 0.99530596 0.9925971 0.99531823 0.99561065 0.98988277 0.99309653 0.99737394 0.9935764 0.98685163 0.99237955 0.99398696 0.99476886 0.99540234 0.991419 0.9931925 0.98708034 0.9944757 0.99580675 0.9945803 0.9919113 0.9886443 0.99404943 0.9943628 0.9945162 0.99345785 0.9914081 0.993866 0.9936606 0.99443424 0.99180084 0.9951613 0.9975735 0.99708277 0.99485236 0.992486 0.9969661 0.99647915 0.99643475 0.9962096 0.9974034 0.9954361 0.9958479 0.99208343 0.99386764 0.99390656 0.99582505 0.9954564 0.9919662 0.9905979 0.995985 0.9933977 0.99134976 0.9889623 0.9914206 0.99227256 0.99067456 0.9911515 0.99464834 0.9933692 0.9952183 0.9924487 0.9944354 0.9946774 0.99613994 0.9954376 0.9942847 0.9928978 0.9956932 0.99514455 0.9945136 0.99509907 0.99462026 0.9950147 0.9942877 0.99201244 0.9920064 0.99356645 0.9963089 0.9969502 0.9966569 0.99483573 0.99651486 0.9953149 0.9970783 0.9953631 0.9954561 0.9966779 0.99676436 0.9969834 0.99628353 0.9948878 0.99443614 0.9945593 0.9967819 0.99796516 0.99715555 0.996778 0.9893801 0.9882673 0.98623693 0.9967257 0.9951562 0.99504167 0.9961462 0.9970511 0.9974406 0.9974473 0.9961754 0.9960169 0.9951649 0.98982465 0.9961569 0.9961873 0.9965998 0.99266905 0.9941791 0.99129444 0.99049175 0.9934283 0.9939975 0.9945362 0.99366677 0.9912553 0.99109143 0.9903647 0.9900456 0.99674606 0.99558616 0.99631196 0.99588037 0.996179 0.99424714 0.993787 0.99462444 0.9959001 0.99594116 0.99544847 0.9956667 0.99614424 0.9939671 0.99558365 0.9955121 0.99608576 0.9945449 0.99408525 0.99084306 0.9948808 0.9905947 0.99143344 0.9956858 0.9931837 0.989682 0.98926866 0.99183446 0.9948213 0.98962814 0.994408 0.99283296 0.9947457 0.9947713 0.9957557 0.9966768 0.996225 0.9952256 0.99624 0.99375397 0.99362516 0.992883 0.99164826 0.99313635 0.9931744 0.99398917 0.9926837 0.9930254 0.9931246 0.99686694 0.9954669 0.9947746 0.99569994 0.9974018 0.995438 0.9945038 0.99455386 0.99688125 0.9966493 0.9972682 0.99749243 0.9975034 0.9948466 0.99496436 0.9968804 0.99016017 0.9901799 0.99022406 0.99773204 0.99745554 0.99704885 0.9978228 0.99763215 0.9948899 0.99580246 0.99662215 0.99605525 0.99619603 0.9935891 0.99460965 0.99612045 0.995932 0.9957016 0.9956908 0.99690276 0.9961928 0.99609494 0.9960987 0.99683064 0.99638635 0.9973561 0.99595594 0.9955388 0.99626136 0.99399954 0.9963172 0.99595726 0.9944423 0.99528927 0.99431217 0.994229 0.9964566 0.9964853 0.9956987 0.9963691 0.9964987 0.99553156 0.99307156 0.9966028 0.9959955 0.9976921 0.9967581 0.9941463 0.9971454 0.99736357 0.9976906 0.99701834 0.99681 0.99669147 0.99552375 0.9961912 0.99588144 0.99240047 0.99555606 0.9960004 0.99594074 0.993242 0.99856466 0.9990326 0.9988741 1.0000001 0.9992572 0.99845994 0.99954396 0.9982079 0.9992209 0.99288887 0.9907579 0.98738486 0.9895657 0.9912835 0.99017894 0.98830533 0.9854381 0.9921594 0.9932328 0.99490553 0.9965468 0.99702466 0.996699 0.9947852 0.9961865 0.99639267 0.99298215 0.99275196 0.9932982 0.9947808 0.99640524 0.99633574 0.9959382 0.99665123 0.9923327 0.9911533 0.9883645 0.9928646 0.9941709 0.9940269 0.993909 0.99259245 0.9953532 0.99196255 0.9891271 0.99283105 0.99083596 0.99205136 0.9933902 0.989301 0.98885983 0.9912005 0.9916737 0.9933862 0.9881723 0.98525167 0.9872286
TomicxJasxa_SRP18966JasaTNazareni-L2_5 0.9937814 0.99554396 0.99600744 0.9957081 0.9961223 0.99303114 0.9911991 0.9882381 0.9947823 0.9945717 0.99562585 0.995446 0.99498403 0.9952709 0.9955056 0.9941953 0.9936692 0.9940727 0.99432117 0.99587286 0.9939545 0.9951291 0.99225986 0.9921853 0.99265814 0.99210453 0.99311036 0.99082965 0.9934214 0.993079 0.99293077 0.99339145 0.9932658 0.98843294 0.9865054 0.9920063 0.991055 0.99047345 0.99499995 0.9957109 0.9959276 0.9961487 0.99592334 0.9948626 0.99216133 0.9934272 0.9958551 0.99727464 0.99689686 0.997236 0.9981642 0.9980668 0.9977665 0.99526566 0.99438107 0.99350226 0.99271274 0.98575836 0.9899443 0.9949969 0.99476653 0.9912191 0.99411523 0.993446 0.9880502 0.9892521 0.9962491 0.99506336 0.9958092 0.99646485 0.99596286 0.99216276 0.9946817 0.9971242 0.99663645 0.9969172 0.99287814 0.99348474 0.9966037 0.996434 0.9938719 0.99416727 0.9943829 0.9967431 0.99537164 0.9968463 0.9964479 0.9972443 0.9974742 0.99631983 0.9976073 0.99482363 0.99499094 0.99475235 0.9951267 0.99675316 0.9950216 0.9968312 0.99561733 0.99629325 0.9936628 0.99520993 0.99581283 0.9969836 0.99617165 0.9969677 0.9970836 0.9974876 0.9979451 0.99785835 0.9980235 0.99757296 0.9978641 0.99810565 0.99782926 0.99703217 0.9970284 0.9963406 0.9952015 0.9955652 0.995853 0.9946967 0.99590206 0.9953328 0.99617225 0.99540436 0.99679834 0.99427074 0.991835 0.9944266 0.99444544 0.99407685 0.9959886 0.99660695 0.9954678 0.9919399 0.9926472 0.9936085 0.99400294 0.9946714 0.9949847 0.99230033 0.99425673 0.99683535 0.9965308 0.9971268 0.9957482 0.9942759 0.99658674 0.99679565 0.98982793 0.9898387 0.9896514 0.986367 0.99716634 0.9966192 0.99616116 0.99554855 0.9958921 0.99534 0.99637824 0.99445635 0.99457324 0.9943713 0.9955975 0.9959031 0.99542415 0.9971404 0.99632925 0.997664 0.9971782 0.9951471 0.9963839 0.99650556 0.99465966 0.9957549 0.9950278 0.9939497 0.9928686 0.9970941 0.99696434 0.99574345 0.9958624 0.99616975 0.9962239 0.99483097 0.996971 0.9974803 0.99815094 0.9976425 0.99528694 0.99556553 0.9945314 0.9962262 0.99572784 0.99598205 0.99620515 0.99578696 0.99497557 0.9976046 0.9957019 0.9966146 0.9966922 0.99524456 0.99573594 0.9958765 0.99566317 0.9968612 0.9943911 0.99175763 0.9934366 0.99650264 0.9956628 0.9936839 0.99555993 0.99525607 0.99460447 0.9950912 0.9955809 0.9937737 0.9944529 0.99353707 0.99237454 0.99457717 0.99646294 0.9953094 0.9976918 0.9962588 0.9962158 0.9948769 0.99557334 0.9825753 0.98750436 0.99783856 0.99660903 0.9937987 0.99645394 0.99718213 0.9908631 0.9947821 0.9981378 0.99411136 0.9867538 0.9928396 0.99440145 0.9959077 0.99666744 0.9924239 0.99321723 0.9874095 0.9949458 0.9961581 0.99500346 0.9929076 0.9890789 0.99444646 0.9948119 0.99600124 0.9939569 0.9917046 0.9937723 0.9941729 0.9951375 0.9925019 0.99564403 0.9974755 0.997538 0.9955689 0.99365336 0.99739826 0.9965675 0.9970265 0.9957346 0.99740785 0.99526215 0.9960663 0.9927214 0.99427354 0.9943845 0.9960128 0.9960351 0.9929508 0.99107057 0.9968785 0.9944268 0.9923771 0.9898555 0.99184775 0.9927225 0.99064255 0.9921948 0.9953359 0.99400437 0.9963189 0.9931407 0.9951987 0.9953033 0.99591446 0.99640054 0.994991 0.9935949 0.99540216 0.994204 0.99402934 0.99428654 0.9939459 0.99397254 0.99370414 0.992914 0.9932061 0.9950227 0.99583364 0.9964627 0.9962865 0.9947232 0.9962728 0.995822 0.99688566 0.9952222 0.99598193 0.99735653 0.9973008 0.99753696 0.996655 0.9953461 0.9949268 0.99524266 0.99655485 0.9976471 0.9965738 0.99630773 0.99106455 0.989737 0.9883908 0.99679697 0.99479014 0.99466354 0.9958094 0.99663967 0.9968154 0.99721783 0.9963758 0.9959783 0.9953678 0.99023646 0.99631315 0.9962748 0.99651396 0.9924164 0.99428177 0.9917463 0.9908576 0.9932302 0.9943201 0.9950689 0.99414474 0.99198145 0.9918054 0.99119914 0.99042827 0.9960174 0.99482936 0.9957098 0.9949783 0.99529195 0.9937274 0.9933354 0.99410605 0.9953186 0.9958735 0.9957105 0.99574524 0.9968151 0.9944849 0.99574834 0.99587333 0.99631095 0.99477637 0.9942827 0.99142045 0.9952852 0.9912913 0.9921634 0.99633276 0.9941268 0.9902426 0.9903881 0.99247336 0.9950688 0.99019027 0.9945358 0.9930327 0.995057 0.995324 0.9958428 0.99629784 0.9957131 0.9949652 0.9964415 0.99432534 0.99334955 0.99313176 0.99130213 0.9925792 0.99267 0.9933883 0.9925029 0.992991 0.99284536 0.99700236 0.99628544 0.9956324 0.9958157 0.9970887 0.996065 0.9948646 0.99511087 0.99719447 0.9968684 0.9969793 0.99770504 0.99711293 0.9944166 0.99504876 0.99636406 0.99124706 0.9909816 0.99068797 0.99754536 0.9974927 0.9971845 0.997895 0.9978808 0.9952322 0.99547184 0.9964746 0.9965547 0.9960227 0.9941728 0.9937374 0.99585915 0.99582684 0.99578404 0.99564123 0.99612087 0.99566656 0.99505043 0.99496794 0.99624234 0.9955737 0.9966756 0.9951979 0.9941121 0.99520975 0.99332374 0.99626213 0.99545103 0.9943417 0.99500066 0.9943612 0.993986 0.9962107 0.9969751 0.99611044 0.99598354 0.99697524 0.99576044 0.9939311 0.9963814 0.99590033 0.99719995 0.9973411 0.9948189 0.9975279 0.99705803 0.9971863 0.9972695 0.9967788 0.99709 0.99637103 0.9970523 0.996598 0.9936336 0.9964474 0.9971092 0.9961634 0.9931845 0.9982896 0.9991504 0.9985905 0.9992572 1.0000005 0.9991718 0.9991563 0.999374 0.9991396 0.9938835 0.99206346 0.9893467 0.9911969 0.9923268 0.9915008 0.98995996 0.98723835 0.99164474 0.9924679 0.9945162 0.9963627 0.99697804 0.99656 0.994765 0.9966302 0.9961585 0.99255085 0.9924167 0.9930173 0.9942534 0.9957068 0.9955863 0.9957329 0.99643 0.9926209 0.99085385 0.9880113 0.99228984 0.9938968 0.99364567 0.9933509 0.9922206 0.9955603 0.9922398 0.98951256 0.99331087 0.990998 0.9920812 0.99319804 0.9895473 0.98855066 0.99093616 0.991688 0.99380857 0.98964787 0.9873043 0.98877835
TomicxJasxa_SRP18966JasaTNazareni-L2_6 0.99399996 0.99476486 0.9956216 0.99588585 0.99629194 0.9916406 0.9897474 0.9872091 0.99362165 0.99397886 0.9950149 0.994286 0.9945748 0.9949348 0.9946552 0.9936604 0.99327886 0.99356645 0.99326897 0.9950734 0.9940052 0.9950552 0.990656 0.99092674 0.9918074 0.99197847 0.9927007 0.99094284 0.9931265 0.9930918 0.99281967 0.9927281 0.99328065 0.9892726 0.98769194 0.9914139 0.9904613 0.9906138 0.99428785 0.9945541 0.9954473 0.9962458 0.99550563 0.9951246 0.9917059 0.9927739 0.9954194 0.9968626 0.9963359 0.9973093 0.99721056 0.9972739 0.9973382 0.994807 0.9939047 0.9927082 0.99170387 0.98514 0.9894815 0.994153 0.9939473 0.99035084 0.993349 0.9929554 0.9870443 0.9882074 0.99567705 0.9942199 0.9951536 0.9944542 0.9942477 0.9898902 0.9930267 0.9958489 0.99512094 0.9960624 0.9910718 0.99215686 0.9953974 0.9948616 0.99223274 0.9934865 0.9932987 0.9961403 0.9945434 0.9958744 0.99603003 0.996418 0.99675614 0.9954863 0.9963674 0.9951241 0.9934625 0.9934525 0.9939073 0.9954072 0.9935243 0.9953748 0.99419767 0.99552524 0.99249345 0.9944214 0.9949449 0.9958749 0.99576783 0.9950788 0.99674046 0.9968364 0.996343 0.9966035 0.9967947 0.99654394 0.9969763 0.9972597 0.9963266 0.9966235 0.99537474 0.9939617 0.9929078 0.993435 0.99384797 0.9930634 0.9946082 0.9936035 0.99437374 0.99341464 0.995769 0.9924088 0.9901923 0.9926959 0.992913 0.99226373 0.9946441 0.99526125 0.99422574 0.9918615 0.9919143 0.9928861 0.99346197 0.99391836 0.994328 0.9916433 0.9931935 0.9958383 0.99530643 0.995993 0.99390167 0.9921323 0.9948827 0.9947711 0.9880883 0.9879654 0.9879645 0.98436534 0.99572086 0.9955894 0.9952566 0.9952515 0.9958912 0.99518 0.99644333 0.99447054 0.9949495 0.9942994 0.995573 0.99614143 0.9956013 0.9966404 0.99622387 0.99683267 0.9969458 0.9954543 0.99594 0.9963919 0.99484587 0.995738 0.9947722 0.9944576 0.993494 0.9961727 0.9962935 0.99577045 0.9956637 0.9959478 0.9956148 0.9945672 0.9958544 0.99669385 0.99723285 0.99715555 0.9953861 0.9950094 0.9947966 0.9960249 0.99591315 0.9950943 0.99484354 0.9940688 0.99321944 0.99664605 0.99484295 0.9958619 0.99586594 0.99452925 0.9943303 0.99448276 0.994784 0.9957827 0.9935914 0.991001 0.9928793 0.99578404 0.9955979 0.99325305 0.9951707 0.99549305 0.9943587 0.99522215 0.9957386 0.9935045 0.9942575 0.9939302 0.9928866 0.9948803 0.9964195 0.9951987 0.99760276 0.99567384 0.9958646 0.9941489 0.9953462 0.98043466 0.98564935 0.99666554 0.99506474 0.99159 0.9944305 0.9963677 0.98831457 0.99353963 0.99746394 0.99450827 0.98766226 0.99328303 0.9943398 0.9943779 0.9952286 0.99150485 0.991335 0.9847483 0.9935868 0.99495524 0.993814 0.99136066 0.98716146 0.99263054 0.9932721 0.9948975 0.9920387 0.98945326 0.9920602 0.99232966 0.9940414 0.9907518 0.9940196 0.9960168 0.99630344 0.9941583 0.9920559 0.99663156 0.995806 0.9960864 0.99465126 0.99659723 0.9936992 0.99506444 0.99125487 0.99282306 0.9928281 0.99469596 0.99473894 0.9916087 0.98949385 0.9958061 0.9935645 0.9908669 0.98814076 0.98995817 0.99106395 0.98877966 0.990934 0.99373287 0.9926895 0.99514425 0.991214 0.9935899 0.9939792 0.9940463 0.99511456 0.99335927 0.9920292 0.99476355 0.9938263 0.99338233 0.9940699 0.9939941 0.9937608 0.9932709 0.9915753 0.9923055 0.9936065 0.9937081 0.9949844 0.99446535 0.9927517 0.9948155 0.9937985 0.9950325 0.99406123 0.99481606 0.99712783 0.9967352 0.9970718 0.99575764 0.99496764 0.99443847 0.9949155 0.9954936 0.99670416 0.99565303 0.9952713 0.990673 0.9897113 0.9886861 0.99634117 0.9946259 0.9941576 0.99427176 0.99560374 0.99573636 0.9961823 0.9959762 0.99522483 0.9951223 0.9902313 0.99510926 0.99536574 0.99536026 0.99123585 0.99360865 0.99098706 0.9904013 0.99207896 0.993552 0.99429345 0.9939669 0.9914526 0.9914811 0.9908218 0.9915171 0.9938453 0.99240106 0.9940408 0.9926239 0.99314785 0.99146277 0.9916907 0.9923833 0.9937029 0.994565 0.9946873 0.994627 0.99642915 0.99484795 0.9948499 0.99520737 0.995809 0.9949668 0.99402803 0.992253 0.9948095 0.99208784 0.99294233 0.9963748 0.99492276 0.99149466 0.99173194 0.9933192 0.9941557 0.99096394 0.9939141 0.99351716 0.9945105 0.9946686 0.99567634 0.99568874 0.99528885 0.99492747 0.9959701 0.99425936 0.9913228 0.9908094 0.98907286 0.99042904 0.9908715 0.9911651 0.9907473 0.9916924 0.9910073 0.9966187 0.9964968 0.9959367 0.99543446 0.99691224 0.9957122 0.9945469 0.99537 0.99637294 0.99578726 0.9956849 0.99652594 0.99572814 0.99196744 0.99315196 0.9945291 0.9894798 0.9890481 0.98856735 0.99695474 0.9962671 0.9959224 0.99704975 0.9970068 0.9940592 0.99402094 0.995068 0.9958066 0.9957521 0.9927905 0.9918283 0.9942781 0.9949836 0.9947571 0.9951053 0.9942955 0.9936359 0.99309856 0.9933398 0.99481606 0.9936172 0.9952418 0.9932978 0.9921292 0.9937281 0.9910871 0.9951323 0.9941362 0.9926145 0.9930714 0.99268603 0.99196666 0.9945748 0.9963761 0.995017 0.99456203 0.9956796 0.9943408 0.9917687 0.99506056 0.99399906 0.9958315 0.9967453 0.99362445 0.99664 0.9960871 0.9961754 0.99635714 0.9957077 0.9962094 0.99516034 0.9958728 0.9952291 0.99201256 0.9949968 0.9960394 0.9944646 0.99108773 0.9965582 0.9984947 0.9981701 0.99845994 0.9991718 0.99999976 0.998268 0.9987731 0.9983401 0.9935035 0.99153626 0.9898435 0.9909279 0.9926285 0.9915824 0.9896984 0.98700714 0.9894751 0.99020624 0.9926106 0.9951525 0.9957623 0.99491084 0.99307317 0.9953996 0.9948199 0.9904164 0.9901189 0.9909042 0.9922616 0.9940726 0.9941304 0.99431306 0.9960321 0.99337053 0.9915884 0.98916006 0.9928774 0.9943759 0.99410623 0.9936237 0.9928307 0.9954232 0.9925849 0.9903787 0.9936031 0.9914456 0.99255073 0.9936019 0.99032396 0.9894662 0.9915221 0.9922537 0.99398255 0.98837936 0.9870878 0.98869514
TomicxJasxa_SRP18966JasaTNazareni-L2_7 0.9925941 0.9956069 0.99568915 0.9954534 0.9961275 0.99191076 0.9896806 0.9856175 0.99586827 0.9954553 0.99621916 0.9960896 0.99610806 0.9962886 0.99599767 0.9951461 0.99404263 0.994371 0.9946848 0.9968224 0.99482775 0.99577093 0.99327993 0.99368083 0.99377334 0.9931515 0.99382466 0.99228853 0.99467725 0.9943135 0.9940703 0.99445045 0.9943573 0.98839897 0.9863774 0.9921313 0.9914088 0.9903561 0.99549943 0.99688953 0.9966403 0.9965746 0.99571806 0.9952531 0.9921509 0.9940139 0.99646187 0.99754566 0.99771714 0.99690765 0.99798226 0.9971909 0.9963778 0.9939396 0.9925939 0.99369437 0.9928986 0.9851567 0.99007636 0.9948234 0.9941798 0.99180526 0.9940083 0.9928113 0.9876903 0.98904973 0.99541557 0.9939702 0.9949427 0.997394 0.99597573 0.99274784 0.9942055 0.99724174 0.9962938 0.9971593 0.99314404 0.9927021 0.9962243 0.99732476 0.9938381 0.993271 0.9941203 0.9966551 0.9957831 0.99701947 0.99677503 0.99763477 0.9979305 0.99548584 0.99693334 0.99452037 0.993716 0.9935854 0.9938977 0.9956958 0.99330616 0.9961079 0.9939247 0.9944004 0.991663 0.9939567 0.99491274 0.9968069 0.9961891 0.996124 0.9966655 0.9971191 0.9978056 0.997519 0.9981649 0.99783576 0.99747705 0.99762744 0.99771345 0.9965806 0.9967002 0.9968919 0.9956672 0.9962888 0.9960458 0.994557 0.996149 0.99647623 0.9975567 0.9963823 0.997465 0.9955082 0.9920916 0.99530023 0.9958429 0.995311 0.9972602 0.99768007 0.996024 0.99188626 0.99239063 0.99326795 0.99386674 0.9944943 0.9951626 0.99214256 0.9943248 0.9960027 0.99619734 0.99712914 0.99534315 0.9940172 0.9962581 0.99705523 0.9894774 0.98942673 0.9886054 0.98557115 0.9974379 0.99706423 0.996966 0.9949899 0.99507165 0.99467695 0.99556357 0.99380356 0.99397063 0.99362695 0.99500525 0.99507344 0.9946267 0.9968578 0.9950741 0.99743557 0.99640274 0.9947957 0.9965977 0.99666023 0.9949193 0.99578613 0.9943424 0.99345964 0.99250364 0.9971938 0.9971347 0.9962609 0.99673724 0.99657345 0.99653417 0.9951672 0.9969554 0.9975283 0.99845433 0.99703825 0.9952252 0.9960568 0.9949137 0.9962802 0.9959784 0.9970304 0.99684244 0.99579275 0.9946691 0.9971927 0.9945671 0.9962361 0.99665487 0.9950248 0.9953317 0.9951472 0.9950656 0.9969866 0.9931229 0.99005103 0.9920421 0.99626935 0.9959923 0.993734 0.9957932 0.9958632 0.99512184 0.99523365 0.99605286 0.99349475 0.99405617 0.9920913 0.99090856 0.99392134 0.99579823 0.99398863 0.99734616 0.9957871 0.9950531 0.9933603 0.99449205 0.98365265 0.98919296 0.9978015 0.9953666 0.99263394 0.99543726 0.99558866 0.9891491 0.9933001 0.99741334 0.99384654 0.98702097 0.9925122 0.9941218 0.9948565 0.9953315 0.99157315 0.9935025 0.98721206 0.99516845 0.99665743 0.9952856 0.9920003 0.98818487 0.9937045 0.9943066 0.9948405 0.9934345 0.9913327 0.9937012 0.9934254 0.9935984 0.99083483 0.9945675 0.9971926 0.9966825 0.9943305 0.9919008 0.9972347 0.99671453 0.99663526 0.9962923 0.9976944 0.9949831 0.99546665 0.99245596 0.9944879 0.9948991 0.99638206 0.9960595 0.9920297 0.99078995 0.9963058 0.9943177 0.99139863 0.9885594 0.9914205 0.99236333 0.9906187 0.9914721 0.99475247 0.9937518 0.9957102 0.992258 0.994353 0.99488634 0.99642706 0.99536276 0.994069 0.9925883 0.9954086 0.9947281 0.9942538 0.9948852 0.9945482 0.99488306 0.99379474 0.9928032 0.9928289 0.99398726 0.99613386 0.99696785 0.99684227 0.99491334 0.9965277 0.99505174 0.9970218 0.99566364 0.9958088 0.99672455 0.9970292 0.99716485 0.99700004 0.9959563 0.99574184 0.9957824 0.99740636 0.9981325 0.99761546 0.9973001 0.99059147 0.98958504 0.9877052 0.99715954 0.99569386 0.9955654 0.9964512 0.9976546 0.9978278 0.9978423 0.9967849 0.99666226 0.99585736 0.99110097 0.99652827 0.9968887 0.997255 0.9939078 0.9952225 0.9924962 0.9919254 0.9944685 0.99478734 0.9950367 0.99440056 0.99204814 0.9918516 0.9911777 0.9905811 0.99699944 0.99556255 0.99668616 0.9962377 0.9964112 0.99498254 0.99372745 0.994863 0.9960299 0.99615884 0.99582946 0.9963363 0.9964199 0.9943733 0.9958546 0.99589074 0.99626493 0.9949819 0.9950327 0.9911911 0.9952621 0.99118763 0.99177325 0.9959828 0.9937031 0.99013054 0.9897796 0.99229795 0.9950741 0.9902172 0.99483097 0.9934337 0.9951953 0.995242 0.99589205 0.99671376 0.9961759 0.9951089 0.99638784 0.99460506 0.99458575 0.9932114 0.9925203 0.9939357 0.9945243 0.9946472 0.9936441 0.9941287 0.9943179 0.99700844 0.99524313 0.9945349 0.9957147 0.9969109 0.9946696 0.99367857 0.9936777 0.9965173 0.99652374 0.99711543 0.99735135 0.99757594 0.99495536 0.9948374 0.9969147 0.990106 0.9897003 0.98963785 0.9977225 0.99701285 0.9967053 0.9974608 0.99756604 0.9945225 0.99558175 0.9962983 0.99629253 0.99661386 0.993502 0.99502134 0.9963738 0.9960486 0.99567896 0.99585855 0.9965547 0.99604404 0.9963969 0.9967775 0.99721396 0.9970095 0.99788165 0.99622035 0.9958078 0.9966262 0.99412316 0.996329 0.995918 0.99421954 0.99533165 0.9944264 0.9943768 0.99624586 0.9964501 0.99599975 0.9966623 0.9964252 0.99576426 0.9927952 0.9969205 0.9960286 0.9979573 0.99668825 0.9938379 0.9970414 0.99784446 0.9977268 0.9970483 0.9971458 0.99708706 0.99569964 0.99660635 0.99653786 0.99192226 0.9957292 0.9965492 0.99589646 0.99348325 0.9987957 0.999352 0.9988782 0.99954396 0.9991563 0.998268 1.0 0.9983276 0.9996049 0.9938141 0.99175054 0.988074 0.9904883 0.9920869 0.9911353 0.9894071 0.9864817 0.9917803 0.9933473 0.994848 0.9965653 0.9973314 0.9966747 0.99490684 0.9963749 0.9966428 0.9925083 0.9921796 0.9927978 0.99448353 0.9961661 0.99584687 0.9955291 0.9967084 0.9924395 0.9914645 0.98844 0.99302423 0.99403554 0.99407303 0.9938301 0.99276495 0.99586993 0.9925178 0.9898641 0.9932119 0.9918282 0.992733 0.9937701 0.9899706 0.9894347 0.9918709 0.9921332 0.9939495 0.98805094 0.9854431 0.9872103
TomicxJasxa_SRP18966JasaTNazareni-L2_8 0.99451613 0.9957792 0.99621236 0.99599373 0.99602544 0.9931751 0.99169934 0.98963594 0.9936061 0.9936727 0.99473166 0.9947506 0.9938107 0.9939959 0.99456966 0.9933337 0.9930468 0.9936634 0.9938022 0.9949082 0.9926664 0.9942505 0.99207747 0.99190605 0.9925712 0.9918639 0.99295604 0.990284 0.9924612 0.99179655 0.9922216 0.99249125 0.9921509 0.98741746 0.98556316 0.99139833 0.9908285 0.9900779 0.99462914 0.99522775 0.9953773 0.9955405 0.9957558 0.99463433 0.9924642 0.9932179 0.9953229 0.996999 0.99600995 0.99685687 0.99757636 0.9977167 0.9977339 0.9960072 0.9949965 0.9939609 0.9932754 0.98679423 0.99077 0.9949186 0.9950857 0.99162406 0.99419713 0.99380904 0.98870754 0.9898964 0.9964509 0.99508226 0.9955899 0.9959816 0.9958299 0.99212676 0.99401754 0.9959136 0.9957866 0.9957212 0.991821 0.99274045 0.99624014 0.9954735 0.99297345 0.994433 0.9945276 0.99640924 0.9952868 0.99626726 0.99574924 0.9967214 0.99661547 0.9968554 0.9975724 0.99412596 0.9945155 0.994001 0.9942504 0.9964303 0.9950196 0.9963866 0.9951633 0.9959078 0.99309194 0.99449664 0.9949508 0.9957062 0.99518776 0.9969108 0.99666655 0.99688315 0.997172 0.99726933 0.9970629 0.99700654 0.99739236 0.9975361 0.9971483 0.9968277 0.9959206 0.99507296 0.9941428 0.9946061 0.99486315 0.9936276 0.9947193 0.99369943 0.99485356 0.9945295 0.9956983 0.9932332 0.9914857 0.99382734 0.9939513 0.9934276 0.99522674 0.9960744 0.994796 0.99149686 0.99277973 0.9938346 0.9940306 0.9956105 0.99570554 0.99349385 0.9950399 0.99673784 0.9955634 0.9958893 0.9955477 0.99407846 0.9964779 0.9960766 0.99004906 0.98979247 0.98987246 0.98672694 0.99619585 0.9956204 0.995383 0.9953052 0.99570245 0.9946315 0.99618655 0.99341786 0.9942642 0.993788 0.9949585 0.9955109 0.9952345 0.9961354 0.9958911 0.996551 0.9962763 0.994157 0.9948446 0.99551755 0.9935876 0.9950223 0.99395853 0.9929242 0.99190104 0.99645185 0.99609864 0.99482584 0.99514544 0.9957594 0.99495703 0.99327457 0.9959289 0.99652064 0.99700564 0.99754053 0.9940309 0.99381053 0.99307 0.9949401 0.99463284 0.99477285 0.9948177 0.99558383 0.9954244 0.99800175 0.9965267 0.9964459 0.9967355 0.99573255 0.99625707 0.996579 0.99665254 0.996788 0.9954887 0.99318403 0.9948871 0.99659324 0.9947328 0.9928054 0.9948489 0.9944983 0.99378544 0.9948466 0.99450064 0.9932582 0.994136 0.99329245 0.9922123 0.99420094 0.99601525 0.9950701 0.99737525 0.9956538 0.99592274 0.9945553 0.9952886 0.9829851 0.98808795 0.99734575 0.9969497 0.99462414 0.9970012 0.99777377 0.9911175 0.995959 0.9978937 0.99359405 0.98559004 0.99261516 0.99422157 0.9968334 0.9972097 0.99300563 0.9932963 0.98818284 0.9954623 0.996676 0.9955611 0.9936028 0.98910034 0.994573 0.9945338 0.9966663 0.99416363 0.99137914 0.9936767 0.9942654 0.9949296 0.9922999 0.99547863 0.9968717 0.9972821 0.995364 0.9939299 0.9968748 0.9957499 0.9969871 0.99520254 0.9971518 0.99499303 0.99572784 0.99319834 0.9943453 0.9948949 0.9959115 0.9962726 0.993396 0.9913032 0.99690974 0.9950564 0.9931566 0.9906012 0.9921638 0.9927288 0.9902851 0.9926794 0.9953185 0.9942914 0.9967793 0.9931286 0.9954598 0.99574083 0.99551255 0.99642557 0.9951664 0.9937047 0.99398035 0.9920933 0.9921866 0.9924301 0.9920006 0.9919148 0.99164295 0.9928676 0.9934369 0.9951947 0.9945663 0.99512255 0.9954146 0.99418324 0.99542415 0.99563867 0.9962975 0.9944708 0.99532944 0.9966604 0.9969619 0.99676156 0.99645007 0.99533474 0.99501973 0.99543023 0.99586236 0.9967408 0.9955461 0.99533355 0.9922507 0.9907178 0.9899709 0.9964532 0.99390316 0.99416584 0.9952565 0.996017 0.9959595 0.99678427 0.99601835 0.99588907 0.9951627 0.9904779 0.99605054 0.9962334 0.996333 0.99231744 0.99420744 0.99223095 0.9912625 0.99304676 0.9944265 0.99488217 0.9942268 0.99229515 0.99211323 0.99154985 0.9894788 0.99522525 0.99416834 0.9948871 0.99412465 0.9944784 0.993508 0.9929452 0.9939625 0.9947956 0.99557734 0.9956475 0.9956756 0.99633545 0.9938335 0.9951098 0.99529004 0.99573195 0.99421144 0.99370784 0.99054027 0.99480736 0.99052656 0.9912618 0.9956156 0.9936745 0.98912966 0.9897353 0.99145675 0.99481803 0.98966855 0.99416965 0.9923957 0.9948304 0.9953203 0.99456954 0.99472845 0.9939696 0.9932634 0.9952441 0.994321 0.993149 0.9931467 0.9911218 0.99199104 0.9922573 0.99276 0.99223316 0.9925898 0.99252063 0.9961476 0.9956909 0.99515486 0.9950602 0.99567693 0.99519217 0.99387836 0.9941503 0.9965728 0.99639237 0.99605596 0.9971098 0.996238 0.99390626 0.9944945 0.99580735 0.9918635 0.991106 0.9908021 0.99671876 0.9969775 0.99687696 0.9972545 0.9975654 0.99466574 0.9945627 0.9957292 0.9966028 0.995471 0.99441123 0.9931694 0.99562156 0.99560356 0.9957887 0.9953082 0.99542713 0.99544626 0.994136 0.99393183 0.99540436 0.9950421 0.9960532 0.9945113 0.9927506 0.99398386 0.9928084 0.9950713 0.99410194 0.9934213 0.9940758 0.99383515 0.9936668 0.9957002 0.9966775 0.9962738 0.99558234 0.99717325 0.9957113 0.99434626 0.99598837 0.99547243 0.9966098 0.9974961 0.99509555 0.9970407 0.99625885 0.99613684 0.9970685 0.99629915 0.99654937 0.9961961 0.99722385 0.9969413 0.99395734 0.9968273 0.9977079 0.99598414 0.9927658 0.9978096 0.99876493 0.99771905 0.9982079 0.999374 0.9987731 0.9983276 1.0000002 0.9986238 0.9943975 0.9926822 0.9903667 0.9921671 0.9925636 0.99215657 0.99077547 0.9883098 0.9915222 0.99217695 0.99432796 0.9961753 0.9968458 0.9963187 0.9949093 0.9970903 0.9962211 0.9921368 0.99236035 0.9927987 0.9940139 0.99515927 0.99458694 0.9954669 0.9954802 0.9914441 0.9894689 0.9863472 0.99053246 0.9923607 0.99224454 0.9915735 0.9906902 0.9947716 0.99122894 0.9885497 0.99241483 0.9902204 0.9909083 0.9918624 0.98861444 0.9871364 0.9897335 0.9903117 0.99291337 0.98943365 0.98765004 0.9882778
TomicxJasxa_SRP18966JasaTNazareni-L2_9 0.9937068 0.99608886 0.99654055 0.9964271 0.99688864 0.9925388 0.9905982 0.98657554 0.99571526 0.99577665 0.9965182 0.9961817 0.99593544 0.9960311 0.9960218 0.9955198 0.9944084 0.99479705 0.99483615 0.9967838 0.9948339 0.9958538 0.9933799 0.9940617 0.99414486 0.9936391 0.9943693 0.993029 0.9947913 0.9944281 0.99442583 0.99454474 0.9945623 0.98896384 0.9869963 0.99259865 0.9920703 0.99111664 0.9956967 0.9971739 0.9970645 0.9966315 0.9960687 0.9958838 0.9930076 0.9944659 0.99684006 0.9978288 0.99766 0.9971657 0.9977806 0.99699736 0.9963401 0.9942911 0.9927005 0.9944601 0.99378103 0.9867247 0.9912363 0.9953478 0.9947757 0.99292505 0.994414 0.9933696 0.98852193 0.9899134 0.9955692 0.9938786 0.9949636 0.9972232 0.99608195 0.9925388 0.9942746 0.99699134 0.9961179 0.99698395 0.9928215 0.99249405 0.9963402 0.9969942 0.9936066 0.9942039 0.9949468 0.99694437 0.99646056 0.997272 0.9970908 0.9978724 0.9981447 0.99610096 0.99726707 0.9948468 0.99405456 0.9935252 0.9936619 0.99588454 0.99365383 0.9963348 0.994035 0.9947634 0.99181753 0.99399465 0.99473464 0.99638313 0.9958891 0.99631506 0.9965511 0.9968803 0.99742335 0.9972405 0.99764913 0.99775916 0.9973708 0.99758947 0.99761873 0.99682677 0.99625236 0.9963512 0.994863 0.9955506 0.9954655 0.99388164 0.99568474 0.9958277 0.9972445 0.9959443 0.99724966 0.9951384 0.99212587 0.9951321 0.99575263 0.9951728 0.9971467 0.99764836 0.9958967 0.9924886 0.99316514 0.9939184 0.9945508 0.9950516 0.99561214 0.9928012 0.9948976 0.99637276 0.9959335 0.9968146 0.99508256 0.9938844 0.99621797 0.9966725 0.9900393 0.9895383 0.98854667 0.9858069 0.9973523 0.9972855 0.9971141 0.9957765 0.995833 0.9951395 0.9962798 0.9940226 0.9948077 0.9942763 0.9957059 0.99554753 0.9954286 0.9970196 0.9954761 0.9975135 0.99666435 0.9951618 0.9963888 0.9968487 0.9952363 0.996184 0.9943733 0.9936589 0.9929105 0.9971342 0.9968594 0.99626607 0.9966686 0.99658597 0.9963518 0.9947063 0.9970173 0.9976542 0.9980181 0.9974386 0.9952363 0.9953884 0.99467146 0.99597764 0.99589527 0.9965348 0.99621755 0.9958353 0.99485815 0.99733824 0.99489707 0.9963206 0.9968056 0.9954761 0.99569887 0.9955098 0.9955216 0.99680614 0.9934882 0.9906503 0.9926337 0.9965767 0.9961283 0.99383414 0.9957943 0.99602765 0.9951394 0.9956614 0.99607146 0.9937434 0.99442834 0.99255913 0.99149793 0.9943023 0.9959244 0.99439174 0.9973515 0.99592155 0.99514526 0.99339414 0.9947477 0.9839307 0.98945045 0.99767894 0.99579704 0.9929865 0.99566865 0.99570864 0.9892494 0.9937782 0.9972578 0.99383247 0.98657763 0.9923261 0.993912 0.9950806 0.9953551 0.9923123 0.9935514 0.9871831 0.99565357 0.9970767 0.99602234 0.9923382 0.98814166 0.99374896 0.994256 0.9952928 0.99356234 0.9910698 0.9935476 0.9933969 0.99358416 0.9906175 0.99452525 0.9967438 0.9964978 0.9941086 0.99194646 0.9970729 0.99629253 0.9967027 0.9959657 0.9975807 0.9946662 0.99521214 0.9927776 0.9947301 0.9954052 0.9967152 0.99675655 0.9922339 0.9908772 0.99649 0.9949772 0.99152076 0.98828495 0.9912917 0.9920433 0.990045 0.99192935 0.99468505 0.99397993 0.99586767 0.99214554 0.99433124 0.9946838 0.9962194 0.9953086 0.9938406 0.99234277 0.99497455 0.99399096 0.9935133 0.99445206 0.9941052 0.99429417 0.9930856 0.9932883 0.9936458 0.9944054 0.99584985 0.99672353 0.9969171 0.99517536 0.9966678 0.99515927 0.996991 0.9952903 0.9957173 0.9966528 0.99698585 0.99699265 0.99715805 0.9964567 0.9960964 0.9961934 0.99753535 0.997965 0.9974676 0.9972426 0.9917908 0.9909833 0.9893462 0.9971777 0.995534 0.9955616 0.99628353 0.99739134 0.99767536 0.9976931 0.99698615 0.9970359 0.99636376 0.9920252 0.99671435 0.9971936 0.9974414 0.9943493 0.9956321 0.99338436 0.99289197 0.99471635 0.99525595 0.99538 0.9949296 0.992691 0.99267656 0.99210125 0.991033 0.9968 0.99534875 0.99663365 0.99587035 0.99614626 0.9950928 0.99372536 0.99480385 0.99600655 0.9963183 0.9962916 0.9969009 0.99658203 0.9948583 0.9960974 0.9960487 0.9964149 0.9954783 0.9954654 0.99182034 0.9958097 0.9917269 0.992208 0.9960066 0.994054 0.99027014 0.99027646 0.9924626 0.99525553 0.9909548 0.9953036 0.9940783 0.9954808 0.99570477 0.9962282 0.9964521 0.9959384 0.9950616 0.99684024 0.9954087 0.995026 0.99344116 0.9928052 0.9939308 0.99467325 0.9946277 0.9939195 0.99459016 0.9946959 0.9968509 0.9952406 0.9947096 0.9960719 0.9967376 0.99455065 0.99358416 0.9935775 0.99625015 0.9965379 0.9969566 0.9972974 0.99742657 0.9948452 0.99466383 0.9964242 0.9901887 0.9895945 0.9893453 0.9976901 0.9967027 0.99645376 0.9972235 0.9974991 0.99452806 0.9955637 0.9962199 0.99646807 0.996752 0.9937257 0.99454224 0.99625504 0.9960498 0.99577904 0.9961004 0.9962114 0.995754 0.9960332 0.99652845 0.99693775 0.9966978 0.99757135 0.9957094 0.994846 0.99578774 0.99347955 0.996211 0.9955055 0.99392945 0.99484736 0.99431545 0.99440354 0.9960085 0.9966076 0.9963076 0.99671865 0.9963919 0.99575937 0.9925383 0.99659073 0.995626 0.9979743 0.99684304 0.99395293 0.9969251 0.9978898 0.9973869 0.99698216 0.9971745 0.9970532 0.9958786 0.9967166 0.9967837 0.9920968 0.9958454 0.9970574 0.99558127 0.9932221 0.99886596 0.99934304 0.9987808 0.9992209 0.9991396 0.9983401 0.9996049 0.9986238 0.9999999 0.9945227 0.9925898 0.98947316 0.9915628 0.99289775 0.9920516 0.9905143 0.9878312 0.99136615 0.99305457 0.9946999 0.9964564 0.9973604 0.9965351 0.9948914 0.9965954 0.9966836 0.99219036 0.99208343 0.9926961 0.994347 0.9960493 0.9956424 0.995485 0.9968126 0.9926882 0.99168426 0.9883832 0.9933838 0.99446774 0.9945634 0.99418026 0.993213 0.9962841 0.9930544 0.99062926 0.9936449 0.9924322 0.9931226 0.99388844 0.9903942 0.9897043 0.9921219 0.9923938 0.9944302 0.9888861 0.9867677 0.9882254
TutunovicxRadojicaV_SRP19001MilanovoSkolovanje-L2_1 0.99560314 0.99462 0.9954045 0.9958587 0.9963621 0.98914844 0.98718184 0.98448384 0.99243426 0.99543816 0.9954435 0.9946375 0.99385226 0.9940476 0.9951123 0.9959624 0.9961239 0.99565476 0.99527705 0.9955089 0.99470276 0.9961958 0.9922112 0.9945323 0.9952252 0.9958459 0.99641293 0.99499977 0.9949681 0.9941942 0.99515057 0.99391234 0.99446976 0.9936088 0.9922474 0.9933684 0.9934321 0.99435747 0.9945118 0.99479604 0.99542505 0.9954865 0.9945615 0.99643695 0.9943853 0.9937905 0.9962654 0.9964863 0.9944805 0.99620056 0.99413675 0.99319494 0.99340576 0.9940625 0.99020165 0.99653137 0.9950224 0.99148846 0.9954887 0.9960701 0.9960654 0.99595034 0.9954902 0.99520224 0.9903623 0.99182165 0.9951602 0.9919137 0.992577 0.99146575 0.9934214 0.98864317 0.9889415 0.9921208 0.9916382 0.9933233 0.9897021 0.9888301 0.99304396 0.99246395 0.9888076 0.99567044 0.9952509 0.9929937 0.99345744 0.9920795 0.9930519 0.9930607 0.9939985 0.9935133 0.993684 0.9964013 0.99096394 0.98998576 0.98914635 0.99198204 0.988446 0.99040306 0.9883463 0.9899963 0.9876685 0.99175185 0.9919543 0.9910691 0.9927569 0.9944629 0.9947724 0.9943725 0.9941477 0.9929881 0.99269557 0.9939663 0.9945296 0.99515957 0.9931035 0.9948752 0.9908583 0.9888558 0.9881325 0.9888696 0.9890082 0.9866837 0.992381 0.9913067 0.99187195 0.990945 0.9938443 0.9906579 0.9896268 0.99127424 0.992972 0.9921473 0.9937777 0.993876 0.9919441 0.99619174 0.996072 0.995968 0.99629045 0.9919765 0.9931144 0.9896923 0.9917028 0.99233234 0.99073225 0.99197143 0.9904136 0.9889517 0.9911449 0.99064946 0.9901649 0.9865336 0.98610705 0.982329 0.99459153 0.99486667 0.9957406 0.9952618 0.9939109 0.9904945 0.99416405 0.990548 0.9924384 0.99114287 0.992791 0.9956 0.9965163 0.99548924 0.9940865 0.99386936 0.994411 0.99343157 0.99361104 0.9942953 0.99291617 0.9949969 0.99473053 0.99562997 0.9957638 0.9956662 0.9952767 0.996269 0.9960645 0.9952337 0.9901588 0.9877454 0.9945914 0.99502397 0.99341124 0.9952699 0.99398327 0.9922227 0.99326956 0.9940442 0.99487376 0.994179 0.99259055 0.99287474 0.9914665 0.99541 0.9928311 0.993397 0.99439794 0.99360317 0.9936769 0.9918143 0.99292356 0.9929367 0.9896595 0.986363 0.98874956 0.9932403 0.99449617 0.99254024 0.99465525 0.9954961 0.9937492 0.995537 0.9943001 0.9937007 0.99433804 0.9927405 0.99223596 0.994385 0.9949652 0.9939712 0.99472547 0.9946559 0.9943049 0.9923612 0.99559045 0.98361975 0.9881329 0.99425304 0.99280906 0.98920465 0.9920701 0.99251914 0.9843354 0.99068743 0.9948993 0.9902288 0.9824316 0.9887612 0.9897413 0.9909642 0.9928737 0.9906356 0.99014366 0.9816894 0.99149853 0.99317575 0.99291885 0.98774076 0.9843054 0.98984563 0.991 0.9928429 0.9905202 0.9861328 0.98892474 0.98814714 0.9876497 0.984784 0.9879735 0.99071527 0.9909577 0.9877924 0.9852155 0.99515516 0.9947227 0.99595565 0.99398375 0.99592596 0.99045235 0.9927125 0.9910636 0.9941542 0.9953178 0.9957714 0.9956429 0.9903059 0.9887284 0.9958373 0.9949681 0.9901452 0.9858132 0.98944694 0.9897687 0.9878396 0.99226445 0.9923549 0.9926018 0.9959617 0.98819005 0.99109167 0.99116325 0.99229574 0.9918579 0.98908806 0.988542 0.9888408 0.9887687 0.9887761 0.98941636 0.9886579 0.98942494 0.9877226 0.9926989 0.993999 0.99177974 0.9895676 0.9928156 0.9929005 0.99109906 0.9935612 0.9899503 0.9926727 0.9935362 0.99458104 0.9953961 0.995942 0.9945798 0.99719024 0.99777305 0.99655044 0.99661684 0.9956218 0.99551725 0.9955183 0.9956123 0.995541 0.9945458 0.99401 0.99316174 0.9913845 0.99049044 0.99442697 0.9963446 0.9960793 0.99619514 0.99759775 0.99739647 0.99784756 0.995926 0.9966253 0.99632746 0.9962541 0.9952141 0.9965759 0.99527085 0.9949376 0.9954971 0.99653816 0.99550074 0.9958568 0.9939355 0.9945779 0.9942756 0.9900066 0.9925226 0.9911334 0.9945379 0.9920685 0.9916709 0.9907157 0.98582387 0.98650026 0.9882885 0.9900685 0.9909786 0.99282295 0.99553573 0.9961025 0.99444705 0.9956736 0.9949976 0.99594647 0.99655986 0.9942693 0.9959755 0.99447876 0.9946292 0.9952506 0.9952087 0.9917246 0.9935755 0.9935199 0.99446374 0.99483365 0.9958758 0.99585843 0.99586105 0.9957402 0.9932146 0.9922416 0.9911453 0.9925249 0.9951589 0.9967532 0.9915658 0.9886812 0.9888926 0.99032617 0.9916415 0.9901108 0.99103236 0.99231005 0.9919713 0.99503165 0.993101 0.9917407 0.99286956 0.992738 0.9905944 0.98929083 0.9885898 0.9918206 0.993008 0.99313337 0.9938335 0.99426883 0.98967516 0.9908346 0.991795 0.9871229 0.9850952 0.98425233 0.99385655 0.99159515 0.9925046 0.9930555 0.9945853 0.9913565 0.9910662 0.9913106 0.994619 0.99398565 0.9905998 0.9896855 0.99200946 0.99305534 0.9911547 0.9920736 0.9896854 0.9890444 0.9908037 0.99031717 0.9918436 0.9914843 0.9919786 0.99009913 0.98883706 0.99094284 0.988081 0.993613 0.99258745 0.9911986 0.99159807 0.9914636 0.9895058 0.9918488 0.99378914 0.9938291 0.99232835 0.9932401 0.9924885 0.9879488 0.99332255 0.9916624 0.99275863 0.9928945 0.9899438 0.99326944 0.9954496 0.99359983 0.993307 0.99392694 0.9950154 0.99290967 0.99365145 0.99434894 0.9874349 0.9915062 0.99542 0.99100876 0.9895888 0.9931758 0.9945363 0.9939623 0.99288887 0.9938835 0.9935035 0.9938141 0.9943975 0.9945227 0.9999998 0.99894905 0.9967003 0.9986209 0.99834794 0.9987608 0.9983537 0.99667096 0.98586357 0.9873547 0.9892843 0.9917282 0.9930212 0.9917818 0.9906767 0.9930835 0.9917959 0.98777914 0.987232 0.9875752 0.9886007 0.99028146 0.9902811 0.9897123 0.99434334 0.99176484 0.9896376 0.9856589 0.99232656 0.99290705 0.99296653 0.99196815 0.99113476 0.9947205 0.9941025 0.9912082 0.9926671 0.9933572 0.99301815 0.9919417 0.99027586 0.98927116 0.99168235 0.9917201 0.9943826 0.9883124 0.9878959 0.988037
TutunovicxRadojicaV_SRP19001MilanovoSkolovanje-L2_2 0.99462044 0.9931672 0.9940499 0.99399316 0.9948433 0.98839563 0.98670435 0.98457843 0.98990893 0.99360806 0.99358916 0.99334854 0.991429 0.9915835 0.9943158 0.995107 0.99614716 0.995589 0.9952284 0.99399775 0.9928276 0.9945704 0.99120796 0.9938674 0.9942655 0.9940516 0.9955423 0.9934848 0.9937627 0.99285984 0.99413574 0.9929996 0.9932593 0.99296266 0.9912292 0.993888 0.9942631 0.9947809 0.99376035 0.9940071 0.9944024 0.99370086 0.99367476 0.9954476 0.9946114 0.9938247 0.9955055 0.9953087 0.99312633 0.99405134 0.9921849 0.991173 0.9912362 0.99249256 0.9889644 0.99590296 0.9943617 0.99214315 0.99528027 0.9949412 0.995193 0.99598277 0.9945142 0.99429697 0.99077684 0.99222237 0.99357605 0.990668 0.9907834 0.989514 0.9923047 0.9873255 0.98699236 0.98990124 0.9897056 0.99102783 0.9886931 0.9878497 0.9911831 0.9903309 0.98767316 0.9940658 0.99402386 0.9897703 0.9902038 0.98904526 0.9899715 0.99023485 0.99156433 0.9912749 0.9914904 0.9953058 0.9897474 0.9892343 0.98808056 0.9902818 0.9866096 0.98832405 0.9866423 0.98802334 0.98707503 0.99088556 0.9906917 0.98881596 0.9899086 0.9930315 0.9921006 0.9915999 0.9924164 0.99060845 0.9902885 0.9912973 0.99202764 0.99317485 0.9906842 0.9924602 0.98962814 0.98717594 0.9870502 0.9875334 0.98765004 0.98510855 0.9909994 0.98926806 0.98983485 0.9891203 0.9917388 0.988811 0.9893116 0.9904589 0.9918653 0.9910879 0.9918358 0.9921774 0.9905854 0.9961731 0.9966499 0.99613523 0.99579555 0.98852056 0.9895872 0.98568803 0.9881855 0.99045 0.98872584 0.9897528 0.9892195 0.9879855 0.98953414 0.98912936 0.9907445 0.9871944 0.986996 0.9833289 0.9934588 0.99421495 0.9949611 0.9933397 0.9918056 0.988482 0.99227893 0.9888676 0.9912529 0.9900915 0.9911209 0.99382865 0.99515814 0.9939983 0.9929382 0.99227947 0.9929539 0.9911755 0.9909158 0.99143684 0.9900204 0.9923822 0.9942073 0.99500453 0.9950042 0.99463624 0.9936884 0.99462545 0.994503 0.99228424 0.98695266 0.983998 0.9936288 0.99347615 0.9912746 0.9935825 0.99265385 0.99062943 0.99144286 0.9926989 0.9933065 0.99279 0.9913411 0.99173784 0.98990405 0.9936485 0.9907157 0.99141806 0.99232453 0.9918649 0.99223536 0.9895306 0.99065083 0.9903805 0.9872423 0.98434913 0.9863159 0.9905255 0.9932113 0.9920756 0.9934779 0.9935153 0.9925223 0.9937748 0.9924974 0.9931474 0.9934782 0.9918706 0.99149424 0.99315935 0.99396527 0.9936291 0.99233854 0.9937805 0.9933289 0.9918158 0.9943371 0.98361963 0.98732233 0.99318534 0.9920251 0.98900265 0.9912111 0.9913361 0.9840804 0.9898063 0.99352217 0.98777163 0.9797668 0.9867074 0.9877996 0.98995495 0.992169 0.98982584 0.9890214 0.98057026 0.9892724 0.99097836 0.991519 0.98620474 0.9839062 0.9886217 0.98972636 0.9918549 0.9899 0.9847107 0.9875938 0.98664206 0.9863464 0.9842379 0.98627776 0.98874956 0.9892091 0.9862532 0.98382324 0.99402255 0.9933531 0.99503887 0.99308985 0.99438995 0.98948187 0.992025 0.9899197 0.9929062 0.993436 0.99367523 0.9937965 0.9894661 0.9878741 0.9944472 0.99282014 0.98920816 0.984901 0.98883516 0.98864615 0.9868132 0.9914612 0.991259 0.9909437 0.9946812 0.9870712 0.9897808 0.98953694 0.99062634 0.9901633 0.9875754 0.9873724 0.9857793 0.9854985 0.9860304 0.98612016 0.98527825 0.9862373 0.9845698 0.9920816 0.99354017 0.9909338 0.98752105 0.9907115 0.99108964 0.98952425 0.99179465 0.98852664 0.9910125 0.9923889 0.9936941 0.9935351 0.99412847 0.9926216 0.9949033 0.9955583 0.99374014 0.99396926 0.9941731 0.9937992 0.99368095 0.99398667 0.993868 0.992765 0.99274385 0.9897382 0.98761356 0.9863297 0.99342865 0.9947849 0.99438834 0.9945427 0.99611515 0.99630976 0.9965673 0.9963316 0.99570197 0.99485743 0.9950621 0.9950857 0.9959955 0.9953251 0.9948208 0.9950894 0.9962623 0.9956911 0.9958463 0.9946089 0.99529666 0.9945426 0.9866656 0.99094 0.9900709 0.9932411 0.9909873 0.99037325 0.9893088 0.9835077 0.98361236 0.9858611 0.9878071 0.9886114 0.99097925 0.9947097 0.9948819 0.99380815 0.9948692 0.99388254 0.9944924 0.9954137 0.9927321 0.99524355 0.9927777 0.99310297 0.9939628 0.993294 0.9892811 0.9918314 0.99148494 0.99409074 0.9943016 0.9956875 0.99483794 0.99524516 0.9953429 0.9904403 0.9893346 0.9879699 0.98987037 0.9934513 0.9943802 0.9910388 0.9878878 0.9880187 0.9896834 0.99059856 0.9891783 0.99007326 0.9913771 0.99099654 0.99390185 0.99229443 0.99048734 0.99111557 0.99048793 0.9892751 0.9877079 0.9868959 0.98966 0.99098057 0.99086267 0.9922349 0.9921874 0.9885181 0.989533 0.99020445 0.98612964 0.9840103 0.9834018 0.9912015 0.98963904 0.990459 0.99136484 0.9929745 0.9898881 0.98898506 0.9891511 0.9922712 0.9910995 0.9891608 0.98751765 0.98970914 0.99104583 0.9892655 0.9897962 0.98715043 0.986534 0.9889706 0.98777294 0.989652 0.9893908 0.9893869 0.9885128 0.9869483 0.98899263 0.98699754 0.99159783 0.99101794 0.9897096 0.98987883 0.98981935 0.9875441 0.9894298 0.9925401 0.99257666 0.9907254 0.9915367 0.99081624 0.98704016 0.9918915 0.99039143 0.9905647 0.9904117 0.9886214 0.99177563 0.9940319 0.991476 0.99123 0.99244386 0.99329674 0.9915238 0.9920089 0.9930868 0.9860609 0.9899076 0.9936667 0.9895537 0.98869455 0.9915803 0.9927143 0.99171853 0.9907579 0.99206346 0.99153626 0.99175054 0.9926822 0.9925898 0.99894905 1.0000002 0.99796385 0.99929047 0.99806666 0.99899507 0.9990529 0.9983921 0.98459566 0.98551106 0.9872644 0.98935175 0.9903223 0.98934585 0.98837745 0.99106646 0.9893669 0.98659205 0.9860434 0.98604894 0.986812 0.9878516 0.9880607 0.9869897 0.99249893 0.98941034 0.98652905 0.982106 0.99047625 0.9910247 0.99058956 0.98984426 0.9887015 0.9930449 0.99283814 0.9893981 0.9904133 0.9919404 0.99116814 0.9892543 0.9879695 0.986824 0.9894634 0.98951674 0.99278736 0.9894654 0.9894504 0.98903334
TutunovicxRadojicaV_SRP19001MilanovoSkolovanje-L2_3 0.99416494 0.99051476 0.9923865 0.9924728 0.9933017 0.9858394 0.9850345 0.98366684 0.98567384 0.9909327 0.99103767 0.99028665 0.98840475 0.98856455 0.9917188 0.99329334 0.9949769 0.99433506 0.9928839 0.9907576 0.990615 0.9926848 0.98702675 0.99042207 0.9912908 0.99167824 0.99316067 0.99150336 0.990998 0.99072987 0.9922799 0.9900298 0.99105895 0.9917281 0.990439 0.99181163 0.99248946 0.9940459 0.9910202 0.9909321 0.99193406 0.9914082 0.99167097 0.99421805 0.9933599 0.99178195 0.99333906 0.9927318 0.99007493 0.9922359 0.98885393 0.98824537 0.98906773 0.9905879 0.9871961 0.9944924 0.9928082 0.9921992 0.99459887 0.99315333 0.99382406 0.9949666 0.992201 0.9927882 0.9893459 0.9908517 0.9909587 0.9879126 0.98828363 0.9849882 0.98847663 0.98249024 0.98330754 0.9862059 0.9859222 0.9878111 0.98437357 0.9843342 0.9877852 0.98609173 0.9839745 0.99292874 0.99225724 0.9862979 0.98619694 0.98561215 0.9870971 0.9870888 0.9882909 0.9888909 0.9884424 0.9941404 0.9868565 0.98644143 0.9852724 0.98723483 0.9840733 0.98528755 0.98370254 0.9858302 0.9848895 0.98896396 0.98795277 0.9850299 0.986912 0.9883153 0.98901904 0.9880687 0.9878429 0.9863509 0.98598707 0.98724943 0.98867 0.9900385 0.9868574 0.98972183 0.9852593 0.981794 0.9819848 0.98268133 0.98324436 0.98059744 0.9872423 0.9845704 0.9852797 0.9845237 0.98824966 0.984093 0.9860804 0.9865015 0.98799783 0.9868991 0.9878893 0.9883375 0.9869471 0.99538684 0.99547106 0.99476445 0.99417216 0.9855076 0.9860059 0.9822862 0.98459196 0.9874885 0.9844028 0.98586017 0.98559093 0.984046 0.98606205 0.98487854 0.98860866 0.9836808 0.9839357 0.9804106 0.98961574 0.99110496 0.9920786 0.9916863 0.9905416 0.98598033 0.99056035 0.98610544 0.99013436 0.9880321 0.98887783 0.9923784 0.99396276 0.99121314 0.99135137 0.9890656 0.9906239 0.98891634 0.9869739 0.9884829 0.9871999 0.9896642 0.99238694 0.9942721 0.9946977 0.99162996 0.9908122 0.99251854 0.99210185 0.98854357 0.9828543 0.97977084 0.99046445 0.99063694 0.9875157 0.99173373 0.9905467 0.98695886 0.9890539 0.99005854 0.99122196 0.9892475 0.9872951 0.987853 0.9862591 0.99078417 0.9886573 0.9885019 0.9894119 0.98986524 0.9890676 0.98678213 0.988888 0.9869911 0.985636 0.9834698 0.9853139 0.9884368 0.9902449 0.9888513 0.990432 0.99105436 0.9893996 0.99174774 0.98986703 0.99085176 0.99164695 0.991175 0.99096745 0.99173135 0.9927165 0.99267304 0.98965126 0.9915687 0.9914806 0.9900988 0.99302816 0.97955126 0.98336446 0.98984045 0.98930013 0.9854254 0.9877589 0.98958087 0.9800838 0.987766 0.9905977 0.9852513 0.976479 0.98391646 0.98473823 0.98701894 0.9894266 0.98791635 0.98483366 0.9759512 0.98615026 0.98776186 0.9887854 0.98360175 0.9801508 0.9850539 0.98601615 0.98976916 0.9864423 0.98049754 0.9834162 0.9827564 0.9829199 0.9800542 0.9822813 0.9842933 0.98523986 0.98281413 0.98041606 0.99146247 0.990624 0.9926106 0.98950446 0.99115634 0.98587984 0.9891675 0.9869143 0.98938274 0.9890271 0.9897229 0.98989403 0.9866872 0.98439986 0.99151653 0.99014217 0.9864165 0.9818431 0.985299 0.9848341 0.98283273 0.9888855 0.98772514 0.98783755 0.992003 0.98352915 0.98697054 0.9866659 0.9864769 0.9872824 0.9840473 0.98424906 0.98208976 0.9815822 0.9823965 0.9825995 0.9819978 0.9824682 0.98131216 0.98906946 0.9913751 0.9879315 0.9823356 0.9864132 0.9868552 0.9855023 0.9880596 0.98447627 0.987204 0.9886022 0.99055594 0.99114895 0.9911447 0.9898758 0.9911021 0.9928299 0.9903108 0.99081033 0.99080473 0.989952 0.98993737 0.99015486 0.9923562 0.9918961 0.9926679 0.9865383 0.98398316 0.9824417 0.98983085 0.99173427 0.9914139 0.99194694 0.9945638 0.9944277 0.99539995 0.9962377 0.9930851 0.99271196 0.99244267 0.9929755 0.9945409 0.9945178 0.9942492 0.99262094 0.99438524 0.9938481 0.99470514 0.9937029 0.9945578 0.99400175 0.9856228 0.986207 0.98557174 0.98962253 0.9868393 0.9863198 0.9851899 0.9783772 0.97844297 0.9806629 0.98337746 0.98491144 0.98757285 0.9925689 0.9936898 0.99100435 0.9921634 0.9913456 0.99323 0.9932743 0.9921158 0.99340117 0.9920946 0.9922869 0.9917331 0.9922265 0.9881355 0.9916073 0.9902853 0.9913291 0.9942264 0.994002 0.9942486 0.9934079 0.9938135 0.9877924 0.9853889 0.9840731 0.9870465 0.9908452 0.99172926 0.9869467 0.9832037 0.98355615 0.9849417 0.98650515 0.9845508 0.9862804 0.98839664 0.9869842 0.99084663 0.9905243 0.9885896 0.9882836 0.98727083 0.9861458 0.98431873 0.9843862 0.98667675 0.9877614 0.9871292 0.98890007 0.9885536 0.9839839 0.98579395 0.9858098 0.9835154 0.9806083 0.9800027 0.98782605 0.9860136 0.9871418 0.98838854 0.9901923 0.98690355 0.98501533 0.9851186 0.9894214 0.9879668 0.9860822 0.9821963 0.98535067 0.9879418 0.98626286 0.9870773 0.9821573 0.98113364 0.98323435 0.9822986 0.98457307 0.984051 0.9845129 0.98327106 0.9809823 0.98377657 0.9814544 0.988232 0.98746127 0.9862387 0.98578024 0.98649853 0.98342437 0.98540866 0.9899912 0.9898475 0.9870142 0.98800325 0.9872618 0.98345846 0.9878814 0.9860369 0.9863558 0.98776406 0.98582304 0.9883926 0.99065864 0.98745644 0.98794615 0.9889005 0.9899516 0.9885685 0.98901546 0.9900051 0.9831878 0.98671377 0.99112105 0.9856913 0.98429084 0.98737293 0.98963904 0.98851895 0.98738486 0.9893467 0.9898435 0.988074 0.9903667 0.98947316 0.9967003 0.99796385 0.99999994 0.99880105 0.9975485 0.99827003 0.9986162 0.99835694 0.9795566 0.9803848 0.98272276 0.9854811 0.9860709 0.9844288 0.98376906 0.98764426 0.98529947 0.981757 0.98124194 0.98134315 0.9820294 0.98319805 0.9835489 0.982786 0.98913693 0.98771477 0.9841363 0.97971714 0.9888808 0.9893448 0.9887613 0.9876851 0.9867973 0.9910822 0.9916309 0.98870736 0.98900855 0.9908359 0.9896893 0.98711824 0.9867872 0.9853138 0.9876929 0.98807454 0.9914133 0.98824024 0.99034804 0.9892606
TutunovicxRadojicaV_SRP19001MilanovoSkolovanje-L2_4 0.9948375 0.9928296 0.9937388 0.9935173 0.99438787 0.98797476 0.98664665 0.98467416 0.98850906 0.9926326 0.9926626 0.99234855 0.990252 0.9904235 0.9932204 0.99420226 0.99558145 0.9949302 0.99421674 0.992819 0.9919827 0.99383944 0.98974925 0.9926163 0.99333924 0.9933965 0.9948039 0.9925413 0.99288064 0.9919768 0.9935854 0.99201405 0.99246687 0.99162096 0.9900193 0.99290204 0.9932947 0.9941418 0.9927795 0.99267167 0.99338555 0.99262196 0.9928256 0.9947634 0.9942845 0.9928755 0.99444175 0.9942493 0.9916463 0.99332863 0.9910609 0.99029946 0.99072915 0.9923018 0.98856217 0.99590653 0.99433947 0.99280834 0.99553996 0.9947268 0.9952816 0.9959959 0.99423045 0.9945108 0.9908166 0.99242043 0.99324125 0.9903325 0.9902606 0.9879842 0.99151653 0.9865057 0.9861782 0.98882514 0.9887465 0.9900502 0.987415 0.98685277 0.9902163 0.9890121 0.9864786 0.99386436 0.99351835 0.9884581 0.98881805 0.98759675 0.9885958 0.9889113 0.9900624 0.9904455 0.9902857 0.994681 0.98913336 0.9882478 0.9870558 0.9894754 0.98609537 0.9872298 0.986006 0.9875038 0.98638976 0.9902372 0.98978704 0.9872677 0.98871326 0.9916435 0.9912203 0.9905241 0.9908539 0.98903996 0.98870903 0.9897744 0.9910266 0.99206895 0.9895574 0.9915648 0.9882555 0.98508096 0.9852066 0.985869 0.9861419 0.9836848 0.9897603 0.98776126 0.9880802 0.98781 0.9905586 0.98740727 0.98829144 0.9890305 0.99046266 0.9897061 0.99040663 0.99078906 0.9893241 0.9957452 0.99605995 0.9956598 0.9950968 0.9880486 0.9885943 0.9848794 0.9872043 0.98935527 0.98699695 0.98832476 0.98845935 0.98689675 0.9887159 0.98791707 0.9905002 0.9861873 0.9862817 0.9825803 0.99236506 0.99303424 0.9940585 0.99254954 0.9911256 0.98756725 0.9917212 0.9878826 0.9906153 0.98927003 0.99040043 0.9935146 0.99495935 0.99299204 0.99259615 0.99115646 0.99222654 0.9901518 0.98947835 0.99048877 0.9889264 0.9913984 0.99339247 0.9944598 0.99445075 0.9934358 0.99257743 0.99371874 0.99342954 0.9909754 0.9852541 0.98232824 0.9923222 0.9923201 0.9897827 0.9930664 0.9915352 0.9890455 0.99023426 0.99160707 0.9921858 0.9913838 0.98978674 0.99054277 0.98913884 0.9931658 0.99076915 0.99047434 0.9914998 0.99126744 0.99163884 0.9893005 0.99078 0.9897616 0.98743975 0.9845914 0.9866148 0.99006784 0.99204516 0.99067533 0.99236965 0.9925444 0.99141693 0.99321234 0.991254 0.99243337 0.99292696 0.9916641 0.9914523 0.9927632 0.9936151 0.99338883 0.9912667 0.9930655 0.9929402 0.9918049 0.9942347 0.9827267 0.9864309 0.991968 0.991262 0.98785627 0.99027073 0.9908942 0.9829697 0.9893402 0.99248564 0.9864893 0.9779284 0.98537636 0.9866047 0.9892732 0.99139434 0.98955274 0.9882434 0.9798938 0.98879 0.99030876 0.9906558 0.9859507 0.9832371 0.9879871 0.9889354 0.99157596 0.98920286 0.98397976 0.9866603 0.9858678 0.98525786 0.9829586 0.9851435 0.9874225 0.988022 0.98540175 0.98320484 0.99314964 0.992265 0.99417967 0.99194354 0.9932786 0.9883687 0.9908978 0.9896598 0.9922147 0.99253553 0.9929041 0.99276376 0.98929256 0.9874986 0.9940604 0.992735 0.9891801 0.9849939 0.9882797 0.98805654 0.9860283 0.9912805 0.9905966 0.9907927 0.9943507 0.9863825 0.98926336 0.98912394 0.98943835 0.98958844 0.98680997 0.98671585 0.9845237 0.98396885 0.9849479 0.98461074 0.98384386 0.9846668 0.98353004 0.9908689 0.99260825 0.98968977 0.98587495 0.9892698 0.9898036 0.98840004 0.9904997 0.98748726 0.98987204 0.99118584 0.9926929 0.99277127 0.9933465 0.99178684 0.99377173 0.9947045 0.99273276 0.9930345 0.9932463 0.9927513 0.992717 0.9928795 0.9939831 0.99285656 0.9931103 0.9886405 0.98615474 0.9849515 0.99233896 0.9939798 0.9934303 0.9938125 0.9958586 0.9959835 0.99641335 0.99642694 0.99489504 0.9942253 0.99424034 0.99449515 0.99565285 0.9953634 0.99472576 0.9945464 0.99602586 0.9951932 0.9956262 0.9945664 0.9952815 0.99487513 0.98615307 0.9891867 0.98856455 0.9918216 0.9895408 0.9889388 0.98805976 0.9820366 0.9820645 0.9841278 0.9865139 0.9875269 0.9898693 0.9937958 0.9942138 0.9925084 0.99372226 0.99284995 0.993766 0.9943996 0.9919022 0.9944543 0.9921917 0.9923543 0.99280876 0.9924511 0.98814404 0.99106973 0.9904169 0.99298865 0.99361175 0.99502677 0.9942311 0.9945226 0.9947607 0.9892252 0.9878551 0.98645556 0.98872155 0.99242723 0.99335736 0.98936397 0.98630756 0.9862325 0.9877303 0.988853 0.9873502 0.988577 0.9900886 0.98945665 0.9926365 0.9914239 0.98948497 0.99003696 0.9890989 0.98815495 0.9864546 0.98570526 0.98892426 0.99035114 0.9898666 0.9913783 0.9911284 0.9872851 0.9887763 0.98895997 0.9861451 0.9835984 0.98287505 0.99004483 0.9887043 0.98979187 0.9906033 0.99246496 0.9890833 0.9878366 0.9879478 0.9917992 0.9899904 0.9886564 0.9859962 0.9886234 0.990568 0.9885973 0.9889763 0.9855868 0.9848094 0.98698306 0.98564106 0.9879248 0.9875864 0.9876951 0.9868062 0.98482275 0.98694617 0.9850643 0.9908112 0.98998296 0.98918974 0.98899895 0.98935854 0.98688054 0.9885775 0.9919073 0.99171257 0.989326 0.990679 0.9901807 0.9864551 0.99085826 0.98936194 0.9891248 0.98985434 0.9881665 0.9906948 0.9925883 0.99006814 0.9902642 0.991413 0.99239105 0.9908292 0.991298 0.9924811 0.9857201 0.98925775 0.99336374 0.98880863 0.98770297 0.99016994 0.99182576 0.99059254 0.9895657 0.9911969 0.9909279 0.9904883 0.9921671 0.9915628 0.9986209 0.99929047 0.99880105 1.0 0.9980471 0.9991232 0.9994228 0.9987042 0.9833566 0.9844129 0.9862796 0.9884481 0.9891527 0.98806816 0.9873525 0.9904154 0.9884131 0.9855188 0.9848436 0.98500174 0.9854616 0.9864708 0.9866176 0.9859711 0.9911158 0.9883649 0.98510164 0.98069257 0.9891944 0.9898795 0.9894532 0.98842824 0.98737204 0.9924347 0.9923904 0.9890272 0.9900968 0.9915671 0.99054563 0.9883322 0.98738855 0.986018 0.98872566 0.98885703 0.992458 0.9891857 0.98980093 0.9889461
TutunovicxRadojicaV_SRP19001MilanovoSkolovanje-L2_5 0.9936234 0.9915226 0.9932561 0.9944881 0.9951061 0.9860664 0.9842249 0.9810272 0.99051327 0.99459404 0.9950268 0.99320185 0.99366796 0.9941809 0.9941728 0.99621254 0.99630135 0.9949922 0.99410415 0.99481857 0.99563754 0.99671507 0.9892894 0.99287605 0.993718 0.9956763 0.9957745 0.9958547 0.9943122 0.9951165 0.9958989 0.9931796 0.9950726 0.9943443 0.9932778 0.9916453 0.9917549 0.994083 0.99261606 0.9931091 0.99457675 0.9950692 0.9930502 0.9966225 0.9924164 0.9920707 0.9957146 0.99563617 0.99377006 0.9958271 0.9925411 0.991752 0.9924098 0.99222296 0.98906815 0.9946067 0.9923932 0.9891562 0.993516 0.99477786 0.99476504 0.9946115 0.99361 0.9933773 0.98772097 0.98926204 0.99352515 0.9904163 0.9916033 0.9884614 0.9902536 0.9849012 0.9862684 0.9906248 0.9895444 0.99229974 0.9866472 0.9859472 0.99033606 0.9902758 0.9862234 0.9940407 0.9929956 0.9915618 0.991044 0.9907397 0.99268913 0.99159986 0.9930973 0.9913388 0.9916262 0.9975931 0.9884481 0.98813146 0.98744315 0.9898303 0.98617625 0.98869324 0.98595417 0.9886247 0.9859925 0.99058926 0.9907679 0.9905002 0.99287426 0.99110734 0.99380213 0.9931339 0.9919004 0.9912465 0.9910726 0.9922767 0.9928708 0.9936116 0.9908806 0.9939933 0.9883539 0.9860373 0.9856586 0.98624676 0.98684615 0.9848087 0.9904483 0.9892603 0.98989666 0.9880988 0.9927165 0.9877625 0.98668724 0.988628 0.9906023 0.98962414 0.9918751 0.9919479 0.98992985 0.99687064 0.9954925 0.99466574 0.995269 0.98889196 0.9906066 0.9867325 0.98872906 0.98991376 0.98857284 0.9903295 0.98722726 0.9857861 0.988457 0.98816484 0.98662734 0.9829153 0.9828633 0.97861296 0.9926738 0.99367046 0.99534816 0.99491394 0.9937068 0.9905116 0.9944903 0.9911529 0.99383163 0.9917062 0.99297726 0.99647474 0.99667335 0.99525636 0.9936061 0.99325806 0.9943188 0.9947207 0.99328864 0.99439186 0.99378365 0.9952462 0.99486476 0.9967796 0.99703866 0.99423736 0.9947625 0.99673265 0.9963003 0.99428225 0.98967046 0.9876817 0.9934573 0.9941355 0.9921328 0.9942886 0.9943279 0.99161786 0.99455184 0.99412847 0.99557465 0.993136 0.9906481 0.98997456 0.98831606 0.9933722 0.9905813 0.99231434 0.99282205 0.9920493 0.99053365 0.98975605 0.99142915 0.99155873 0.98766726 0.98460925 0.9870784 0.99277353 0.9927007 0.99026793 0.99321866 0.99503845 0.992223 0.994341 0.9941306 0.9919154 0.9928765 0.9923141 0.99189115 0.99381554 0.9944629 0.9931349 0.9942226 0.99341816 0.9927091 0.99054086 0.9945839 0.978494 0.98340005 0.9919434 0.990136 0.98529726 0.98871166 0.9907758 0.97993076 0.98725843 0.9935167 0.99143934 0.98522055 0.98961294 0.9898469 0.9877894 0.99026257 0.9878327 0.9868961 0.9773513 0.9889094 0.9911337 0.99041116 0.9849196 0.9806011 0.98665345 0.9882084 0.9901329 0.98734534 0.98322195 0.9859356 0.98525774 0.98536307 0.98151857 0.9848819 0.98800004 0.9885414 0.9856759 0.9824302 0.9939814 0.99398476 0.9942192 0.9918544 0.99423736 0.98815006 0.9913344 0.987781 0.99106383 0.9915 0.9930541 0.9924645 0.9872415 0.98512733 0.9936665 0.9918849 0.98715216 0.982994 0.98651975 0.98696816 0.9852584 0.98899746 0.98953503 0.98955756 0.99342304 0.9845331 0.98809385 0.98811394 0.9889859 0.9889997 0.98597026 0.9856735 0.9877855 0.98927855 0.9882519 0.9898784 0.98911405 0.9901304 0.9880912 0.98963034 0.99117947 0.9885871 0.98647094 0.99097157 0.99018747 0.987713 0.99157435 0.9867085 0.9903027 0.9911497 0.9919813 0.9943618 0.99404424 0.9935591 0.9949151 0.9964336 0.99505913 0.9948665 0.99380636 0.99363554 0.9936267 0.99377245 0.9928217 0.9930031 0.9926281 0.9923208 0.99157 0.9898043 0.99188656 0.99522173 0.99489063 0.99479246 0.9973179 0.99655026 0.998109 0.99693865 0.9948491 0.9950686 0.99480015 0.99381334 0.99652123 0.9950611 0.9952635 0.9937452 0.9949968 0.99416435 0.995501 0.9924782 0.9936234 0.9938476 0.9924529 0.98996663 0.9883698 0.99272573 0.9899515 0.98953885 0.9875546 0.98201865 0.98284566 0.98503673 0.98711735 0.9884461 0.99048346 0.9944733 0.9969828 0.9933453 0.9944384 0.99407893 0.99638283 0.99612427 0.99639 0.99504846 0.99616826 0.9963051 0.9949945 0.9961298 0.99369043 0.9952678 0.99503636 0.99250096 0.9963415 0.9953159 0.99713206 0.99489677 0.994877 0.993771 0.99205816 0.99114656 0.9935195 0.9953464 0.99533767 0.9884814 0.9847983 0.9854744 0.9869217 0.98882484 0.9869529 0.98770994 0.9900601 0.98876953 0.99382496 0.9928223 0.99151236 0.9910327 0.99214166 0.9892869 0.9877432 0.98856616 0.99104095 0.9913408 0.9917715 0.9918996 0.9928014 0.98655635 0.98826385 0.9894867 0.984081 0.9821996 0.98167163 0.99329746 0.99000967 0.99084765 0.9921273 0.9931457 0.9899173 0.9891927 0.98916304 0.99252313 0.99378943 0.98806345 0.9864764 0.98943275 0.9917657 0.9898755 0.99193406 0.98687726 0.98614293 0.98809403 0.98842216 0.98950654 0.98852473 0.9899732 0.9871855 0.9861241 0.9887323 0.9845343 0.9930587 0.9919024 0.9897076 0.98987466 0.98956335 0.9862746 0.98962057 0.9930134 0.9919244 0.990252 0.9909083 0.98976684 0.98449045 0.9909555 0.9888824 0.9906497 0.99123687 0.9873808 0.99151045 0.99406654 0.99238104 0.9915831 0.99222666 0.9935738 0.9906058 0.991166 0.9917248 0.98473686 0.98892653 0.99315923 0.98839104 0.9861132 0.9903869 0.9927029 0.99310064 0.9912835 0.9923268 0.9926285 0.9920869 0.9925636 0.99289775 0.99834794 0.99806666 0.9975485 0.9980471 0.99999934 0.99914545 0.9981116 0.9968706 0.9821301 0.9834934 0.9859154 0.9891167 0.99101996 0.9886511 0.9869275 0.9903736 0.98900974 0.9841465 0.98338026 0.98390704 0.98539877 0.9878247 0.98831064 0.9874919 0.9943719 0.9943881 0.99225223 0.98924994 0.99455863 0.994652 0.9946344 0.99362516 0.9937437 0.99578804 0.996608 0.99480534 0.99512464 0.9959652 0.9955279 0.9942634 0.99385786 0.99323964 0.9946663 0.9946889 0.99634385 0.9858834 0.9862769 0.987019
TutunovicxRadojicaV_SRP19001MilanovoSkolovanje-L2_6 0.99454206 0.9921467 0.9936383 0.9941951 0.99480855 0.9870455 0.985362 0.9834695 0.9891422 0.99333626 0.99368906 0.9925636 0.9919436 0.9922679 0.99356604 0.9951763 0.9960941 0.9949943 0.9941652 0.99384445 0.99375063 0.99546117 0.98935306 0.992835 0.993639 0.99464875 0.99546635 0.9945292 0.99362946 0.99359757 0.9949182 0.9924107 0.99395245 0.99303246 0.9918801 0.9919995 0.99232817 0.9939563 0.9923108 0.9929018 0.99375916 0.9934951 0.992676 0.9957141 0.9929741 0.9922724 0.99486995 0.9948106 0.9924412 0.99445695 0.99155235 0.9909071 0.99167967 0.99281263 0.9893275 0.9953589 0.99349385 0.99091744 0.9947976 0.9947206 0.99517107 0.99544644 0.9937538 0.9936838 0.9891561 0.99079424 0.99347305 0.9901457 0.99097335 0.9880162 0.99093896 0.98547745 0.9861686 0.98955226 0.98898435 0.9909995 0.986932 0.9861005 0.990353 0.9895413 0.98633134 0.9943825 0.99374855 0.9898932 0.9900221 0.9891013 0.9907421 0.99040556 0.9914533 0.99108577 0.99091417 0.99628496 0.9886754 0.9881073 0.98688406 0.9897166 0.9861628 0.9879135 0.98566175 0.98783994 0.9859446 0.9903867 0.9902481 0.98871315 0.99077517 0.9914394 0.9925685 0.9917959 0.9912069 0.9901257 0.9897502 0.9912758 0.9920743 0.9928674 0.990216 0.9930364 0.98807615 0.9852123 0.9852091 0.9859103 0.98613656 0.9840968 0.98997635 0.9882363 0.98889583 0.9878263 0.99172705 0.98736227 0.9874814 0.98889554 0.99072134 0.9897153 0.9912399 0.99144053 0.9897387 0.9964265 0.99586487 0.99531066 0.99509466 0.98874545 0.9899398 0.98622227 0.9882616 0.9895061 0.9874827 0.9891408 0.9879064 0.9862388 0.9886153 0.9878986 0.9886073 0.9848476 0.985291 0.98105603 0.99229884 0.9930642 0.9944833 0.99407804 0.99267423 0.98907423 0.9931591 0.98971033 0.99250877 0.9907702 0.9918324 0.99518013 0.9959421 0.99409765 0.9932742 0.992371 0.99349636 0.9926409 0.99136126 0.9923642 0.99141455 0.99343634 0.9944112 0.9959295 0.9959403 0.99382293 0.99349093 0.9952468 0.99503857 0.99277735 0.9869397 0.984742 0.99255925 0.9932947 0.990951 0.99381495 0.9926796 0.98996973 0.99209845 0.99259233 0.9937515 0.99213344 0.98985267 0.9901956 0.98900676 0.9934033 0.99105865 0.99165297 0.9925293 0.99212384 0.9912458 0.98980856 0.991465 0.9909744 0.98783886 0.9848453 0.9871868 0.99164635 0.9920994 0.99021864 0.99264663 0.99351627 0.991593 0.9934247 0.99237007 0.99201167 0.99258775 0.99185854 0.99155 0.99314356 0.99378437 0.9930947 0.9927799 0.99313086 0.99280924 0.99081844 0.99410754 0.9803428 0.9849183 0.9918609 0.9905018 0.98649716 0.98917484 0.9912651 0.9809707 0.9884007 0.99269426 0.9887339 0.98147815 0.98733544 0.9879736 0.98841476 0.99067783 0.9885812 0.9874265 0.9785249 0.9888845 0.99072087 0.99067205 0.98531514 0.981583 0.98711777 0.98820907 0.9906792 0.9882521 0.9830602 0.9860298 0.98526025 0.9851131 0.98185825 0.9848067 0.98764503 0.98819304 0.9851805 0.9826259 0.9938762 0.99351144 0.9945132 0.9919219 0.99406 0.9884016 0.9911921 0.98844826 0.9915421 0.9918868 0.99267936 0.9926453 0.98806435 0.9860425 0.9937106 0.9921383 0.9881996 0.9841115 0.9872085 0.9873965 0.9857197 0.98991156 0.9898221 0.98998344 0.9939075 0.98558205 0.9888305 0.9890254 0.98927736 0.9892598 0.986663 0.9866723 0.98572594 0.9865007 0.9861077 0.98712057 0.98612 0.98729527 0.9854595 0.9902529 0.9920449 0.9893327 0.9855851 0.9896069 0.98966205 0.98793936 0.9906932 0.98688006 0.99009 0.9909535 0.9919879 0.99345386 0.99355555 0.9926309 0.99446654 0.9957444 0.99418736 0.99426895 0.9935347 0.9931459 0.99306774 0.99325806 0.9936132 0.99299216 0.9930655 0.9905944 0.98897487 0.9876131 0.99214506 0.9947046 0.9942367 0.9944873 0.9967021 0.99638504 0.9973911 0.9968146 0.99492013 0.9948195 0.9946781 0.9942164 0.99631906 0.99540216 0.9950868 0.99414057 0.9957283 0.994908 0.99592096 0.9936856 0.99481183 0.99443346 0.98931694 0.9893763 0.9882452 0.99192905 0.9894764 0.9889789 0.9875675 0.9816693 0.9823137 0.9842724 0.98660785 0.98781306 0.989971 0.99411213 0.9958536 0.9927953 0.9941002 0.9932457 0.9951003 0.99529284 0.99431735 0.9947332 0.9944629 0.9943781 0.99374336 0.99442416 0.9908668 0.9933712 0.99272156 0.99268216 0.99514705 0.9951729 0.9957912 0.9948357 0.9949568 0.9914421 0.9898557 0.9888059 0.99112946 0.99365157 0.99424905 0.9887289 0.9853506 0.9856372 0.9870717 0.9888361 0.98681325 0.98778784 0.9898938 0.98908097 0.9932119 0.9924792 0.99086666 0.990548 0.990501 0.98881704 0.9873195 0.9874185 0.9901295 0.9907679 0.9908706 0.9915612 0.9919859 0.9871272 0.9885323 0.9895085 0.9853186 0.9830554 0.98234755 0.99172604 0.98947376 0.9904439 0.991323 0.9928529 0.98944306 0.98841876 0.98860675 0.9918557 0.99183154 0.9879598 0.98603576 0.9888464 0.9911648 0.9891725 0.9904153 0.9859673 0.98555136 0.9873477 0.9866582 0.9883698 0.98787194 0.98870224 0.9868661 0.98521894 0.9875866 0.9847226 0.9918376 0.9910033 0.9893006 0.9895434 0.9894806 0.98637617 0.9888061 0.9925463 0.99195284 0.98967725 0.99089056 0.98990273 0.9854869 0.9907352 0.98905003 0.98962355 0.99058443 0.98763674 0.9910278 0.9931594 0.9911354 0.99112105 0.991821 0.9928561 0.9905758 0.9912607 0.99225765 0.9851699 0.98936665 0.99313354 0.98863596 0.9868551 0.99009955 0.992227 0.99171144 0.99017894 0.9915008 0.9915824 0.9911353 0.99215657 0.9920516 0.9987608 0.99899507 0.99827003 0.9991232 0.99914545 1.0000001 0.9993019 0.99839437 0.98268986 0.98346245 0.9856002 0.9883496 0.9898577 0.9881737 0.98690474 0.99027044 0.98839664 0.9844687 0.98388845 0.9839941 0.98519033 0.98691463 0.98691356 0.98635423 0.9929216 0.991745 0.9888036 0.9852942 0.9915674 0.9921465 0.9920847 0.9909744 0.9906472 0.9940808 0.9944393 0.9918215 0.992453 0.99396765 0.9930599 0.9913281 0.9910402 0.9899468 0.992091 0.9918537 0.99432194 0.98738235 0.9879782 0.9877113
TutunovicxRadojicaV_SRP19001MilanovoSkolovanje-L2_7 0.994673 0.99177617 0.99306834 0.99328923 0.9939735 0.98685986 0.98550916 0.98324275 0.98767716 0.99233747 0.9922742 0.99153876 0.9899451 0.9901148 0.99302495 0.9943894 0.9957516 0.9949374 0.9939366 0.9925267 0.9919693 0.99389863 0.9891634 0.99235845 0.99322903 0.99354047 0.99477595 0.99289185 0.9927796 0.99211544 0.9936103 0.9915638 0.9924847 0.99268955 0.99143475 0.9923697 0.99305373 0.99425 0.9915813 0.99177647 0.9925144 0.9919538 0.99176145 0.9944325 0.9931382 0.99192387 0.993731 0.99344057 0.99094117 0.99283123 0.98997706 0.98919636 0.9896702 0.99124205 0.9870068 0.9954068 0.9937884 0.9924308 0.99540544 0.9944425 0.9949765 0.9958211 0.9933849 0.9934339 0.98984534 0.99142426 0.99188995 0.9885951 0.98889357 0.9865257 0.99040496 0.9847975 0.9848084 0.9878491 0.98768234 0.98936224 0.9862636 0.98538494 0.9891636 0.9878737 0.98525727 0.9932153 0.99289286 0.9873489 0.98812133 0.98665696 0.9881237 0.98812383 0.9893349 0.9893251 0.98924106 0.9949256 0.988085 0.98771954 0.9861686 0.9885909 0.98505884 0.9862823 0.98466885 0.9864521 0.9855199 0.98985386 0.9894265 0.9862768 0.9881476 0.9907039 0.99073666 0.9899412 0.99001646 0.9882685 0.9877206 0.98917735 0.9902163 0.99141043 0.9885836 0.990985 0.98690647 0.9836888 0.98380566 0.9845134 0.9847143 0.9823404 0.9891126 0.9871766 0.98756224 0.986931 0.9903918 0.98651236 0.98730457 0.988213 0.9899785 0.98902535 0.9898966 0.9901973 0.9885948 0.9963493 0.99595785 0.9953922 0.9949497 0.98653936 0.9876548 0.9837373 0.9860293 0.9879245 0.98569643 0.98725414 0.9868162 0.98527724 0.98727864 0.98653424 0.9892446 0.9844601 0.98476624 0.9807651 0.99150693 0.9921002 0.9933531 0.992434 0.99089503 0.9863032 0.9909663 0.9868699 0.9898368 0.9880814 0.9894395 0.9931952 0.994597 0.9925468 0.99197984 0.9905288 0.9917286 0.99000585 0.98923624 0.99009997 0.98886216 0.9914032 0.99329454 0.9946429 0.99496245 0.9927206 0.9919757 0.9935934 0.9931975 0.9904247 0.9846083 0.98178864 0.9916711 0.9919456 0.9891189 0.9926034 0.99160755 0.9886064 0.99043185 0.99130094 0.99230736 0.9910192 0.9890383 0.9891621 0.9876572 0.991879 0.9891772 0.9891804 0.99038404 0.9902349 0.9903172 0.9875274 0.9891589 0.98837274 0.98536056 0.9823215 0.9845999 0.98890316 0.9914479 0.9899835 0.99186623 0.992426 0.99071157 0.99283254 0.9909506 0.9918505 0.9923102 0.9914943 0.9912936 0.99259365 0.9929781 0.99265146 0.9904401 0.992482 0.9923613 0.9906825 0.9938781 0.98152477 0.9851811 0.99092615 0.9898439 0.9860765 0.9885983 0.9896206 0.9805652 0.9875752 0.991325 0.9856206 0.97717255 0.9841108 0.9851256 0.987348 0.9898643 0.9881958 0.9866504 0.9775757 0.9874953 0.9891068 0.9896221 0.9842766 0.98140913 0.98619014 0.98757166 0.99044454 0.9878084 0.98234123 0.9846413 0.9839967 0.98330855 0.9807479 0.9832963 0.98588604 0.9865064 0.983662 0.98117083 0.9927008 0.99196297 0.9934312 0.99064124 0.9924488 0.98672605 0.98958313 0.9882878 0.99132156 0.9914324 0.9918629 0.9919082 0.9876752 0.98586917 0.9931992 0.99180186 0.98757076 0.9831862 0.9867072 0.986648 0.9849017 0.9900226 0.9893453 0.989455 0.99349415 0.9849056 0.98785067 0.9878504 0.9883828 0.98844194 0.9853481 0.98530585 0.9834298 0.9833925 0.98402363 0.9840805 0.98328125 0.9841875 0.9829029 0.99070954 0.9925789 0.98915225 0.9843433 0.98834246 0.9887365 0.9871861 0.98942995 0.98582554 0.9887543 0.99023294 0.99192995 0.9922775 0.9926928 0.9912643 0.99319905 0.99443674 0.9924491 0.99273527 0.9927161 0.9919922 0.9920952 0.9923072 0.9936021 0.99273604 0.99303055 0.98786354 0.9857481 0.98420906 0.9914261 0.9934242 0.992882 0.99325603 0.9955801 0.9954318 0.99623793 0.996284 0.9940932 0.9934671 0.99339 0.9938139 0.9951956 0.9947721 0.9944108 0.9940047 0.99528825 0.9945077 0.99512446 0.99377507 0.9947239 0.9941338 0.98639953 0.9880353 0.9872027 0.9910761 0.9885115 0.98778653 0.98679805 0.97976786 0.9801076 0.9822922 0.9849125 0.9861064 0.9887714 0.9933429 0.99442464 0.99186754 0.9933428 0.9921286 0.9936312 0.9945805 0.99255574 0.99415046 0.9930105 0.9929648 0.9925705 0.9929256 0.9889859 0.9919616 0.99112815 0.99225307 0.9942975 0.9946193 0.99451977 0.9941757 0.9943343 0.98900044 0.9873105 0.9859778 0.98855 0.9919653 0.99312615 0.98828566 0.98483956 0.98499155 0.98668826 0.98823154 0.98626405 0.9875052 0.98960555 0.98881805 0.99214864 0.9909303 0.98879075 0.98934585 0.9883131 0.9870662 0.98537874 0.9848146 0.9879073 0.9893295 0.9891815 0.990317 0.9902655 0.9859453 0.98745453 0.9875652 0.9844432 0.9818368 0.9810128 0.98943174 0.98753077 0.988669 0.98946446 0.9915131 0.9881871 0.9868659 0.98681617 0.9905139 0.98932993 0.9869997 0.9844862 0.9870555 0.9893023 0.9870628 0.98781204 0.98361725 0.98298925 0.9856016 0.98440504 0.9865837 0.98630714 0.9865302 0.98537534 0.9834492 0.9858232 0.9834725 0.9902656 0.98946697 0.98829657 0.9882406 0.9884073 0.98530716 0.98713887 0.9907964 0.99070466 0.98809993 0.98922116 0.98886925 0.98452234 0.9894158 0.9880395 0.9877069 0.9883701 0.98632145 0.98961705 0.9919879 0.9891317 0.98907757 0.990393 0.99182785 0.98987085 0.9903418 0.9917145 0.9842678 0.98824674 0.99239737 0.98749274 0.9864682 0.988985 0.9909418 0.9898609 0.98830533 0.98995996 0.9896984 0.9894071 0.99077547 0.9905143 0.9983537 0.9990529 0.9986162 0.9994228 0.9981116 0.9993019 0.99999976 0.9988197 0.9812377 0.9823812 0.9842031 0.9866285 0.98783845 0.98644614 0.98564833 0.98888427 0.98668426 0.9835628 0.982649 0.98284644 0.9834901 0.9847345 0.9849125 0.98395634 0.9905082 0.9887473 0.98519325 0.980898 0.9892829 0.9897404 0.9894545 0.9884502 0.9875737 0.99223715 0.9925935 0.9894109 0.990003 0.99199325 0.99079007 0.9884958 0.9881421 0.98668814 0.98919994 0.98922944 0.9925407 0.98837686 0.9892461 0.9884539
TutunovicxRadojicaV_SRP19001MilanovoSkolovanje-L2_8 0.99233454 0.98918605 0.9910123 0.9911433 0.99178034 0.9842379 0.98334104 0.9821283 0.9840611 0.98923844 0.98935324 0.98874986 0.9865694 0.9867112 0.9902625 0.99223375 0.9940425 0.9931874 0.9919822 0.9893313 0.9885448 0.9908643 0.98563784 0.98967004 0.9902046 0.99054503 0.99207795 0.99067295 0.98991305 0.9892817 0.99154896 0.9886246 0.989868 0.99083585 0.98951954 0.9909695 0.99161637 0.9932195 0.98989457 0.9903574 0.99100167 0.98974603 0.99018735 0.99350005 0.99263644 0.9904912 0.99245155 0.99171257 0.9884151 0.9902632 0.9868724 0.9858033 0.98678195 0.9894123 0.9854587 0.99393 0.9921083 0.9918943 0.99428713 0.9918151 0.99257576 0.9946194 0.99100584 0.99129856 0.98816735 0.9898566 0.9898027 0.9859809 0.98658985 0.98364246 0.98790854 0.9816461 0.9817568 0.9844159 0.9840637 0.985977 0.9828234 0.9820651 0.9863799 0.9843589 0.9821648 0.99203867 0.99166083 0.98485595 0.9858971 0.98422897 0.98552984 0.9857203 0.9866986 0.98769486 0.9872838 0.9927006 0.98544914 0.98399025 0.98255956 0.9853986 0.9818495 0.9831795 0.981277 0.9832413 0.98217916 0.9862139 0.9854388 0.9833304 0.98501533 0.9882373 0.9875517 0.98643357 0.9868202 0.9849212 0.9845168 0.9860661 0.98756474 0.98871905 0.9860205 0.9884192 0.9840794 0.98050594 0.9803434 0.98115474 0.9813122 0.97858196 0.98537284 0.9828208 0.98375607 0.98279685 0.9865434 0.98238695 0.98490864 0.9851521 0.98683417 0.9860392 0.9867145 0.9870356 0.98513174 0.99522275 0.99549544 0.99474466 0.9937164 0.9847296 0.985191 0.9814518 0.9839358 0.9852523 0.98223865 0.9836981 0.98474383 0.9827494 0.9846999 0.9837432 0.9884157 0.9829953 0.98338133 0.9796541 0.98925436 0.9904758 0.99164885 0.99058485 0.98880947 0.9844743 0.9892172 0.98501647 0.98877615 0.9870903 0.98775494 0.99098295 0.9929228 0.99002886 0.990049 0.98806906 0.98958653 0.9875451 0.9856654 0.987267 0.9861883 0.988901 0.99121726 0.9928605 0.9928221 0.99038446 0.98908424 0.9909919 0.9906942 0.987501 0.9808511 0.97748876 0.9895702 0.9899371 0.98637116 0.990421 0.98867536 0.98500973 0.9872448 0.98818207 0.9894371 0.98774165 0.9858194 0.98659015 0.98508877 0.9893811 0.9873344 0.98709434 0.98821324 0.9883207 0.9882105 0.9857264 0.98756427 0.98569196 0.98373383 0.9809726 0.9828687 0.98670006 0.9888909 0.98730344 0.98910564 0.9895966 0.9878222 0.99015343 0.9881809 0.9893563 0.9900809 0.9894368 0.9891554 0.9900837 0.9911269 0.99126536 0.9882427 0.9902169 0.990199 0.9884682 0.99140054 0.97846353 0.98240227 0.988967 0.9885701 0.9846838 0.98685884 0.9880662 0.97880614 0.9864843 0.98917794 0.9835437 0.97471154 0.9821684 0.9829204 0.9855735 0.9881331 0.9861057 0.983383 0.97401994 0.9848701 0.986265 0.98755187 0.9813191 0.9782982 0.9836133 0.983857 0.98777336 0.9848218 0.97797793 0.9813837 0.9805603 0.98074436 0.97771406 0.98032737 0.9824457 0.9831352 0.98027354 0.97804767 0.9903375 0.98896456 0.99157774 0.9886287 0.9904028 0.9849422 0.9876386 0.98544925 0.98812175 0.9888334 0.98897445 0.98935646 0.9849056 0.98270726 0.9900812 0.9887153 0.9848348 0.98037386 0.9837527 0.9831294 0.98134065 0.98740107 0.9859547 0.98632747 0.99055797 0.982305 0.9855105 0.98544633 0.9853423 0.9852541 0.98248124 0.98279256 0.9794439 0.9792165 0.9796995 0.98011506 0.9791534 0.9802953 0.9786253 0.9875026 0.99015296 0.98648137 0.9811655 0.9850118 0.9858762 0.9846349 0.9868437 0.9829693 0.98608077 0.9874513 0.9893784 0.9894746 0.98983556 0.9882189 0.9906392 0.9921085 0.9898434 0.9902489 0.9897674 0.9887141 0.98873097 0.9889973 0.9925963 0.99190396 0.9925143 0.98506135 0.9822881 0.98101676 0.98867637 0.99044365 0.99000615 0.9904416 0.9930106 0.99346316 0.9943697 0.996138 0.9922866 0.99212074 0.99204975 0.9930696 0.9943863 0.9950415 0.9944288 0.9922277 0.99454564 0.9931224 0.99426407 0.9930877 0.99462396 0.9942221 0.98406255 0.98541254 0.9846549 0.988564 0.9858807 0.98514 0.98413783 0.9769131 0.97687787 0.97911483 0.98182476 0.9835363 0.9863686 0.9910454 0.9922357 0.9897803 0.9909024 0.9896355 0.99168557 0.9922112 0.9905857 0.992221 0.9905374 0.99054533 0.9900572 0.9901599 0.9859533 0.9894638 0.9883189 0.9902479 0.9932298 0.99348027 0.992698 0.99215126 0.9926309 0.98621845 0.9835307 0.98209274 0.9851745 0.9897858 0.99091256 0.98652154 0.9821416 0.98252076 0.98392326 0.98571426 0.9833201 0.98495775 0.98690027 0.98630226 0.9889914 0.98840946 0.9862888 0.9864206 0.98516184 0.98446006 0.9823166 0.9820016 0.98531294 0.986501 0.9861423 0.98774976 0.9873908 0.9837101 0.9847054 0.98525167 0.982157 0.97908044 0.9785907 0.98665684 0.98476213 0.986177 0.987014 0.9889942 0.98551553 0.9839998 0.9841615 0.98767 0.98625267 0.983591 0.9805528 0.98391914 0.9864146 0.98404366 0.9850341 0.98115754 0.98057026 0.9822256 0.98094237 0.983028 0.9828303 0.98290116 0.9819945 0.9794132 0.98198813 0.9800528 0.98715025 0.9864204 0.9849363 0.98517174 0.9852281 0.98172504 0.9833175 0.9884414 0.98837537 0.9854165 0.986659 0.98584014 0.98163736 0.9864309 0.9846788 0.98478484 0.9856191 0.9840395 0.9865852 0.98925436 0.98593307 0.98620456 0.9875694 0.98860925 0.98676 0.9871671 0.98881245 0.98135877 0.9852817 0.9899254 0.9842785 0.98311454 0.98630875 0.9879069 0.9867853 0.9854381 0.98723835 0.98700714 0.9864817 0.9883098 0.9878312 0.99667096 0.9983921 0.99835694 0.9987042 0.9968706 0.99839437 0.9988197 1.0000002 0.9786097 0.9791586 0.98135626 0.9839199 0.98497033 0.98364794 0.98255587 0.98641706 0.9839756 0.980413 0.9803563 0.9798942 0.98061734 0.98170954 0.9819843 0.9808779 0.98836005 0.9859597 0.9825293 0.9777212 0.9869404 0.9874313 0.98692757 0.9859811 0.9852264 0.99022657 0.99091923 0.98781735 0.98745495 0.9905711 0.98865664 0.9857004 0.98605424 0.9843629 0.98700213 0.98666453 0.99035245 0.9872601 0.9886983 0.9873153
UskokovicxMilutin_SRP19100MilutinUDosljaci-L2_1 0.9865328 0.99401045 0.9903631 0.9842499 0.98666066 0.994069 0.99056876 0.98873067 0.9921074 0.98845005 0.9900776 0.99311686 0.98878074 0.98879117 0.99061227 0.9867546 0.9864487 0.9880292 0.9909244 0.9912634 0.9862277 0.9874406 0.9930171 0.9907932 0.9897206 0.98562986 0.9885003 0.9828404 0.9889272 0.985486 0.9854479 0.9900385 0.98638606 0.97662723 0.9723968 0.9887937 0.98772806 0.9827167 0.99329454 0.9920564 0.99046975 0.98900056 0.9923569 0.9860312 0.98991275 0.9922136 0.98993415 0.99063104 0.991951 0.98864883 0.993805 0.9931275 0.99118966 0.992454 0.99244183 0.98910505 0.98945284 0.98235095 0.9846674 0.9893953 0.98951364 0.9863907 0.992694 0.99161947 0.9893831 0.9902463 0.9934136 0.9954446 0.9939372 0.99554527 0.9949283 0.9975486 0.9954902 0.9933069 0.99479026 0.99178994 0.99514383 0.994225 0.9938917 0.9945566 0.9940363 0.9873567 0.9900857 0.99014187 0.98701143 0.99063337 0.9882115 0.9908819 0.9910746 0.99030024 0.99134016 0.9841586 0.99209446 0.9898623 0.9899847 0.9913302 0.98996127 0.990882 0.991052 0.98891234 0.9888741 0.9884418 0.98836243 0.9906523 0.98701626 0.9924081 0.98594373 0.9879271 0.99175787 0.99013186 0.99098444 0.9892051 0.9901695 0.989941 0.99162865 0.9872961 0.9951683 0.9945674 0.99493754 0.9947073 0.99506783 0.99430215 0.99408025 0.99366164 0.9935992 0.99558586 0.99107313 0.99532837 0.99549127 0.99530846 0.9939442 0.9950211 0.9937777 0.9937098 0.9950735 0.98240983 0.9877614 0.9888576 0.98842615 0.9894458 0.98690104 0.9833264 0.9864516 0.9944102 0.99330986 0.99236226 0.99690306 0.9978574 0.99678624 0.9965272 0.9929323 0.99552035 0.9934657 0.9930538 0.99314094 0.9915849 0.99025935 0.98597455 0.9851074 0.9911841 0.98899585 0.9893146 0.98776037 0.9896159 0.989801 0.9856097 0.98675346 0.99035305 0.99033785 0.99114245 0.9889437 0.9846435 0.9885435 0.9867325 0.98338753 0.9841967 0.9899024 0.9845013 0.98278457 0.9927392 0.9904763 0.98675704 0.98723745 0.9878928 0.9851009 0.98271745 0.99194396 0.99106073 0.9915267 0.9911497 0.9875587 0.9904643 0.98404855 0.98955345 0.9862923 0.9917545 0.9931801 0.9970368 0.9971114 0.994693 0.9934465 0.99259156 0.9937957 0.99114084 0.9958517 0.9929452 0.99051815 0.992165 0.991289 0.98972833 0.9896568 0.99008125 0.9896036 0.9908875 0.99203384 0.98651433 0.99142903 0.9868336 0.98829466 0.99050295 0.98935735 0.9828227 0.9816748 0.9850125 0.9889402 0.98871344 0.9901409 0.991618 0.9900042 0.991297 0.98756146 0.99107754 0.9928847 0.9922693 0.992455 0.99434525 0.9929279 0.99070746 0.9941435 0.99117625 0.99080426 0.98281986 0.9760438 0.98369575 0.9873949 0.99401486 0.99262816 0.9941112 0.9966891 0.9966347 0.9942909 0.99378407 0.99384063 0.99598724 0.9964071 0.9972048 0.99647367 0.9935468 0.99695957 0.99454767 0.99776316 0.99691105 0.9939481 0.9957646 0.99646765 0.99592096 0.99500924 0.993635 0.9925326 0.99110657 0.99150157 0.9923916 0.99550796 0.9932212 0.9963006 0.994987 0.9957958 0.99477136 0.99104017 0.99319744 0.99290955 0.9955586 0.9961445 0.99273956 0.9912828 0.99510586 0.9948807 0.9965646 0.99625003 0.9934071 0.99476534 0.995437 0.9954396 0.9936071 0.9968272 0.9961425 0.9948799 0.9961422 0.99504405 0.9964786 0.9958916 0.990619 0.9867504 0.98907906 0.9870663 0.98576844 0.9862941 0.9869797 0.98906255 0.9865579 0.99013036 0.99442077 0.992335 0.9939507 0.994869 0.9932605 0.9963474 0.9945288 0.9948264 0.9930354 0.9915243 0.9930052 0.99229604 0.990171 0.9866814 0.98513037 0.9869009 0.9923659 0.9924927 0.99224424 0.99252784 0.98324674 0.9797363 0.97811687 0.98876834 0.9859553 0.9861282 0.99546695 0.9920937 0.99160635 0.99190354 0.9888686 0.99135447 0.9861318 0.9813446 0.9931353 0.9904394 0.99133736 0.9892829 0.9870089 0.9855725 0.98270226 0.9911078 0.99014455 0.99161214 0.9889903 0.98974377 0.9873738 0.98651063 0.97739506 0.99467653 0.99624693 0.9919469 0.99285614 0.9943312 0.99448717 0.9965688 0.99602044 0.9960634 0.99638265 0.99465466 0.9943062 0.9907548 0.98522484 0.99266225 0.9918145 0.992293 0.9868848 0.98674303 0.978938 0.990436 0.9779911 0.9800293 0.98906636 0.9820337 0.9759411 0.9768734 0.9801923 0.99355453 0.9793338 0.9906857 0.98412347 0.9916765 0.9915305 0.98489875 0.9871738 0.98651665 0.98487914 0.98768693 0.9856893 0.9920686 0.9956911 0.9940165 0.9942896 0.9917624 0.9948285 0.9933151 0.9914457 0.99208814 0.99097216 0.9885717 0.98774797 0.9920262 0.98913705 0.99125814 0.9913635 0.98816204 0.99328214 0.99353963 0.992819 0.995552 0.9935516 0.9965692 0.99609774 0.9957984 0.9950887 0.9947885 0.99516916 0.9907885 0.995338 0.99509823 0.99437064 0.99458635 0.99360037 0.99431396 0.99444824 0.9937256 0.9897073 0.9965935 0.996087 0.9954253 0.9949669 0.99507654 0.9928681 0.9958147 0.9944617 0.9957791 0.9921627 0.99439394 0.9954279 0.99407256 0.9970865 0.9944531 0.99375075 0.9975483 0.9915771 0.9912008 0.99213445 0.99316305 0.9935754 0.996362 0.9946262 0.99402815 0.9956113 0.9961135 0.9963081 0.99673456 0.9969109 0.99565107 0.9968729 0.9950827 0.99372536 0.9968156 0.99434125 0.99301475 0.99410486 0.99396485 0.9952679 0.99230224 0.9949705 0.9943987 0.9939295 0.99479336 0.9930661 0.9921331 0.9945945 0.99569976 0.9938951 0.9912832 0.98823255 0.9921594 0.99164474 0.9894751 0.9917803 0.9915222 0.99136615 0.98586357 0.98459566 0.9795566 0.9833566 0.9821301 0.98268986 0.9812377 0.9786097 0.9999998 0.99882716 0.99846 0.9967936 0.99420685 0.9965354 0.9979962 0.9962092 0.9967063 0.9987885 0.99899983 0.9987894 0.998597 0.9970602 0.99587107 0.99587864 0.9885661 0.98008865 0.9788294 0.97467536 0.980912 0.983516 0.981851 0.98228735 0.97938716 0.98605657 0.98111564 0.97620046 0.9820993 0.9785949 0.9803097 0.98138267 0.9745218 0.9745241 0.9776326 0.9787667 0.9830861 0.9881992 0.9835694 0.9848009
UskokovicxMilutin_SRP19100MilutinUDosljaci-L2_2 0.9875375 0.9951789 0.99204355 0.98636824 0.9885678 0.99439985 0.99136347 0.987509 0.99414426 0.9910411 0.9919301 0.99464476 0.99085295 0.9907054 0.99215907 0.98900056 0.9879282 0.98957884 0.9919684 0.9927945 0.9882154 0.98902494 0.99497014 0.9929051 0.9919054 0.9883969 0.9904207 0.9854039 0.9912384 0.9878871 0.9876232 0.9920263 0.98838717 0.97861516 0.9744157 0.9900124 0.98924035 0.9842614 0.99438953 0.993271 0.9918645 0.9905322 0.99291265 0.9874239 0.99102396 0.9933581 0.991284 0.9917444 0.993278 0.99003994 0.9945899 0.9932865 0.9912696 0.99193954 0.99099296 0.99072874 0.991042 0.9840685 0.9865263 0.9910045 0.9907096 0.98845404 0.993829 0.99254525 0.9904253 0.99127495 0.9932157 0.9949143 0.99333465 0.99670863 0.99536085 0.99841136 0.9958634 0.9945725 0.99567074 0.9934545 0.99601567 0.9948649 0.99477863 0.99606925 0.9947711 0.9878275 0.9906458 0.9912636 0.9888204 0.99182534 0.9895685 0.99210465 0.99252516 0.9907242 0.99189186 0.98530084 0.99243677 0.9904132 0.99073565 0.9918983 0.9901457 0.9916709 0.9914697 0.9895862 0.9892138 0.9891186 0.98902375 0.9908359 0.9878344 0.9925792 0.9870946 0.9889715 0.9925472 0.99079573 0.9916678 0.99028635 0.99073046 0.9906293 0.9923122 0.98799884 0.99502283 0.9950936 0.9948083 0.9948737 0.9954391 0.9940203 0.9949876 0.99541056 0.9954775 0.9970329 0.9927684 0.9971924 0.9956103 0.9958834 0.99515074 0.99613464 0.9951824 0.99504006 0.99559516 0.9840735 0.9885648 0.98964167 0.98978895 0.9904163 0.9885011 0.98487306 0.9879189 0.994763 0.99374306 0.99310493 0.9965167 0.9974603 0.996874 0.99693155 0.9931793 0.99457467 0.99165696 0.99160606 0.9943158 0.9928736 0.99196625 0.9869711 0.98632777 0.9912796 0.9897308 0.98902494 0.98802 0.9892553 0.99006397 0.9865039 0.98804724 0.991251 0.9904997 0.9917093 0.9896201 0.9859342 0.9902195 0.9887617 0.98564386 0.9862756 0.9898341 0.9851378 0.9838538 0.99351174 0.9914714 0.988307 0.9887163 0.9894368 0.98712033 0.98439986 0.99303794 0.99212015 0.9924823 0.991968 0.9891249 0.99172306 0.98603815 0.9907596 0.9878202 0.99320745 0.994297 0.99732095 0.99682736 0.9950137 0.99296093 0.992372 0.99391335 0.99155414 0.9960386 0.9926646 0.990886 0.99242264 0.99078846 0.9889752 0.98941714 0.9906507 0.9916107 0.9921323 0.9933193 0.989095 0.9932572 0.98955214 0.99033034 0.9917989 0.99109256 0.9843681 0.9833845 0.9869144 0.9901132 0.98947364 0.99075663 0.9924176 0.9908388 0.9917595 0.98919004 0.99267375 0.9947541 0.9931993 0.9930226 0.99384207 0.9934224 0.9903155 0.99324954 0.99116766 0.99164605 0.9842091 0.97697353 0.9842616 0.9880678 0.99380785 0.99255705 0.99478555 0.99756974 0.99626064 0.99567467 0.99539435 0.99501675 0.9961896 0.9959809 0.9970267 0.99715674 0.9943556 0.99691236 0.9954269 0.9978235 0.9971317 0.99335563 0.99468917 0.99605316 0.9959245 0.99505186 0.9938487 0.99228084 0.9915724 0.9919201 0.9926041 0.99587494 0.9936348 0.9954109 0.99429107 0.9968472 0.9962592 0.9933257 0.9953378 0.9944793 0.9961239 0.99705845 0.9941441 0.9937566 0.99518746 0.9937862 0.9967287 0.99662805 0.9936368 0.9955937 0.9963441 0.9967684 0.99447453 0.9965019 0.99590594 0.994743 0.9970713 0.99540144 0.99580455 0.99475235 0.99218357 0.988013 0.9909046 0.98850244 0.9878694 0.987985 0.9885038 0.9903948 0.9879273 0.9905388 0.99564934 0.994003 0.9953061 0.99575394 0.99444056 0.9964045 0.99509835 0.9957166 0.99426466 0.9923564 0.99413407 0.9932283 0.99184775 0.98906857 0.9876647 0.98917854 0.99417794 0.9936241 0.9941192 0.99428564 0.98550475 0.9827203 0.9805747 0.9902385 0.98790175 0.98790735 0.99628896 0.99358445 0.993269 0.99322796 0.9906789 0.99291694 0.98803157 0.9833532 0.99408114 0.99180996 0.9925869 0.99129945 0.9887821 0.9872811 0.9850367 0.9930474 0.9913739 0.9921763 0.989801 0.9906516 0.9883249 0.98778147 0.97988516 0.9958055 0.9968426 0.9938332 0.99430895 0.9956859 0.996462 0.9974425 0.996992 0.9972764 0.99744755 0.996025 0.99619097 0.991482 0.98636866 0.99344593 0.9925576 0.99295443 0.9882014 0.9889423 0.98049265 0.9916093 0.9797817 0.98163176 0.990093 0.9834917 0.9781276 0.97849786 0.9819466 0.993967 0.9807698 0.99155635 0.9858119 0.992334 0.9921198 0.98667 0.9888623 0.9881905 0.9863637 0.9893723 0.98835474 0.9940074 0.9963648 0.9956626 0.9960449 0.99420637 0.99656737 0.99551153 0.9939623 0.99454415 0.9919019 0.9881925 0.98754364 0.9929198 0.9898583 0.9905274 0.9906522 0.9873802 0.9930459 0.9945401 0.9939282 0.99605095 0.99447715 0.9967129 0.9963293 0.9957444 0.99467283 0.9939602 0.9941762 0.99181455 0.994899 0.9947887 0.9942498 0.9948201 0.99403155 0.99534845 0.99500334 0.9949379 0.99137443 0.9968484 0.99718153 0.99643844 0.9954602 0.9952431 0.9937563 0.99619055 0.99448806 0.9968277 0.9944401 0.99594855 0.9970067 0.99561197 0.9977098 0.99565697 0.99500847 0.9975445 0.9929483 0.99230593 0.9932832 0.9940498 0.99463737 0.9975517 0.9955103 0.99433166 0.99609095 0.9970626 0.9961508 0.9975933 0.9961164 0.9967288 0.99730015 0.99639606 0.9939622 0.9964292 0.9948229 0.99455535 0.995109 0.9944299 0.99610406 0.99389416 0.99580544 0.99544466 0.9951773 0.99439967 0.9933823 0.9937353 0.99514455 0.9966188 0.995084 0.9925409 0.989822 0.9932328 0.9924679 0.99020624 0.9933473 0.99217695 0.99305457 0.9873547 0.98551106 0.9803848 0.9844129 0.9834934 0.98346245 0.9823812 0.9791586 0.99882716 1.0000001 0.9993421 0.9978174 0.99551237 0.99717635 0.99863124 0.9967681 0.99784064 0.99848247 0.9982069 0.9985635 0.9984642 0.9974431 0.99651974 0.9961708 0.9891619 0.98105186 0.98053867 0.976054 0.9831792 0.98499537 0.9836088 0.9839975 0.9813045 0.987735 0.9830665 0.9786148 0.9839556 0.98084646 0.9825001 0.9833779 0.97631896 0.9766406 0.979623 0.98083955 0.9850706 0.9882482 0.9839715 0.9855266
UskokovicxMilutin_SRP19100MilutinUDosljaci-L2_3 0.9892218 0.99597484 0.9937855 0.98912036 0.9908437 0.99492335 0.9922632 0.98884416 0.99529964 0.99235964 0.9933465 0.9953633 0.9923751 0.99231935 0.993135 0.99037087 0.98925906 0.9906483 0.9926333 0.9937515 0.98988265 0.9907217 0.9944256 0.9928381 0.99223024 0.9896433 0.9912816 0.9871851 0.99214315 0.98943913 0.9893015 0.9927841 0.98986477 0.9809308 0.9772005 0.99081516 0.9897608 0.98608553 0.99540967 0.9943243 0.99359167 0.99267197 0.9944273 0.9898367 0.9921255 0.9938537 0.9929393 0.99370724 0.9945849 0.99252266 0.99602616 0.9950667 0.99368787 0.99404824 0.9931754 0.9916779 0.9917305 0.9850139 0.98768485 0.99229383 0.9920129 0.989281 0.99453944 0.9936156 0.9905329 0.9913019 0.99526215 0.9961975 0.9952793 0.9970654 0.99599445 0.99793136 0.99672556 0.9959421 0.99670994 0.99506354 0.99592954 0.9954868 0.9961133 0.9967544 0.9951707 0.9897485 0.9918053 0.99379677 0.99133646 0.9939829 0.99194735 0.99401796 0.9945661 0.993173 0.99404025 0.9877987 0.9937147 0.99150884 0.992123 0.9933485 0.9921273 0.9933854 0.99326074 0.9920915 0.99066395 0.9904739 0.9905307 0.99292165 0.9903852 0.99413884 0.9897281 0.99132764 0.99409956 0.9929187 0.993605 0.99245644 0.9929564 0.9926587 0.9940642 0.99049103 0.99599224 0.99573445 0.9949924 0.99518955 0.9960711 0.99475384 0.9954202 0.9955097 0.99569076 0.9967265 0.99370325 0.99682796 0.99488604 0.99545723 0.99488235 0.9957488 0.99554527 0.9954784 0.9957978 0.98617744 0.9898464 0.9908804 0.9912511 0.99289924 0.9911545 0.98814803 0.990772 0.9963127 0.9950451 0.9945721 0.9969875 0.99722236 0.99762297 0.99749565 0.99291885 0.9938842 0.99123347 0.9904232 0.9954807 0.99433935 0.99341106 0.98982376 0.9892002 0.9938458 0.99272627 0.99161625 0.99099815 0.99179494 0.99268484 0.9895189 0.9907957 0.9932467 0.9927207 0.9935856 0.9920088 0.98911893 0.9924748 0.99142915 0.9887436 0.98932433 0.9917105 0.98759323 0.9862318 0.9948013 0.9931733 0.9905034 0.9908213 0.9919951 0.9896368 0.9871498 0.9943492 0.9938356 0.99421895 0.9939104 0.9909599 0.9929375 0.9883181 0.99232805 0.98984516 0.9939444 0.9949182 0.99781597 0.9973683 0.9965333 0.9949792 0.99433494 0.99553347 0.99351454 0.9969627 0.99475795 0.9931688 0.9941693 0.9931014 0.991393 0.9919124 0.99299353 0.9931292 0.9932512 0.9945499 0.99117315 0.99432164 0.9916231 0.9924378 0.9928676 0.9926295 0.987085 0.9859738 0.98924434 0.99215686 0.9917847 0.9934543 0.9939892 0.9927621 0.99325126 0.99139416 0.9907962 0.99351704 0.99441326 0.9945687 0.99443364 0.9946286 0.99274105 0.99362904 0.9929941 0.99373513 0.9874587 0.9802076 0.98719215 0.9904644 0.99498683 0.99408257 0.9954875 0.9973248 0.99501777 0.99660933 0.9964981 0.99603075 0.9965881 0.9952173 0.99758446 0.9973536 0.99538153 0.9969022 0.99524814 0.9979609 0.99749225 0.99532366 0.9954665 0.99722373 0.9970549 0.99650675 0.9952658 0.99377143 0.9927135 0.9929648 0.9938466 0.9963921 0.9950908 0.9960622 0.9952194 0.996746 0.9962729 0.9941507 0.99619293 0.9957707 0.99643016 0.9965685 0.99538165 0.9948518 0.9954237 0.9938314 0.9961861 0.996361 0.9937259 0.99569106 0.9964941 0.9970171 0.9954051 0.9966954 0.9965951 0.99550724 0.99717784 0.9964623 0.9965142 0.9955288 0.9942795 0.9903038 0.99270934 0.99096656 0.990445 0.9902804 0.9906532 0.9905357 0.98862654 0.9914115 0.9963382 0.9949618 0.9959685 0.9960371 0.9954001 0.9968951 0.99591106 0.99602574 0.99503404 0.9943582 0.9955112 0.9949325 0.99362695 0.99114156 0.9899582 0.9913693 0.99495566 0.9946699 0.9948387 0.99491894 0.98771924 0.9853388 0.98345107 0.99277014 0.9904363 0.99060136 0.9965987 0.9946389 0.9944138 0.99442613 0.9924111 0.99416184 0.9902821 0.985523 0.9953361 0.99366736 0.9941435 0.9920495 0.9906567 0.9890967 0.98709226 0.9935314 0.9926962 0.99320596 0.9913137 0.9915456 0.9896642 0.9895788 0.98382586 0.996467 0.99681723 0.994629 0.99466926 0.99600816 0.9962784 0.99794036 0.9976312 0.9980063 0.9982255 0.99744904 0.99714935 0.99276584 0.9883906 0.9941196 0.9934319 0.9939117 0.98995095 0.99006724 0.98321885 0.9925498 0.98241895 0.98434806 0.99191386 0.98616 0.98131025 0.9816419 0.98473233 0.9946442 0.9831939 0.9925661 0.9876974 0.993006 0.9929241 0.9895438 0.9911278 0.9905955 0.9889399 0.99178207 0.99083745 0.9939659 0.99597555 0.994958 0.99525905 0.9938946 0.9958867 0.99509 0.99383813 0.99421686 0.9932683 0.99021626 0.98978215 0.99426067 0.9921314 0.9925543 0.99238586 0.98995775 0.9951311 0.9961334 0.99537426 0.99718785 0.9957505 0.99676114 0.9968251 0.99645853 0.9951067 0.99453914 0.99438864 0.99412906 0.9963899 0.9960842 0.995807 0.9961307 0.99534744 0.9964329 0.99654233 0.99671525 0.9936718 0.9974485 0.99739355 0.9977076 0.9965593 0.996597 0.9956119 0.9974266 0.99581146 0.9971939 0.99536055 0.9969779 0.99730194 0.9967174 0.99795467 0.99586266 0.9957212 0.9972635 0.99448276 0.9935399 0.99415183 0.9947466 0.9951728 0.9975069 0.99659514 0.995907 0.99694157 0.9975904 0.99727625 0.99808896 0.9963265 0.99740946 0.9974354 0.9976401 0.995928 0.9973324 0.99621 0.99551773 0.9963397 0.9962372 0.99708873 0.99532974 0.9965661 0.9964519 0.9958188 0.9953328 0.9944482 0.99527395 0.99576527 0.9961556 0.99597394 0.9940338 0.991919 0.99490553 0.9945162 0.9926106 0.994848 0.99432796 0.9946999 0.9892843 0.9872644 0.98272276 0.9862796 0.9859154 0.9856002 0.9842031 0.98135626 0.99846 0.9993421 1.0000001 0.9991723 0.9973169 0.99857455 0.9992332 0.9983723 0.99905616 0.9982441 0.9984124 0.9988081 0.9989553 0.99857175 0.9978004 0.9978333 0.9916378 0.9844327 0.9839653 0.9799199 0.9858632 0.9876884 0.9863781 0.9867343 0.9844711 0.9904163 0.9860162 0.9822276 0.98706645 0.9839235 0.9855399 0.9865043 0.9801068 0.980115 0.98292685 0.9840761 0.98791224 0.9889687 0.9850875 0.98682207
UskokovicxMilutin_SRP19100MilutinUDosljaci-L2_4 0.9909474 0.9963957 0.99526626 0.9921932 0.99338984 0.9942413 0.9919551 0.9885313 0.9960887 0.99386704 0.99484587 0.9959045 0.9942141 0.9943807 0.99436986 0.9924243 0.99115705 0.9921589 0.9936155 0.9949932 0.9921431 0.99302757 0.9937874 0.99297166 0.99275446 0.9914811 0.9923661 0.989588 0.9933914 0.9916138 0.99148613 0.9935479 0.99190927 0.9847206 0.9817796 0.9917489 0.99067605 0.98851925 0.9962262 0.9956088 0.9954742 0.9952699 0.9958636 0.9929572 0.9930407 0.9944006 0.994947 0.99587834 0.9962744 0.9954232 0.99730843 0.9965979 0.99580073 0.9953477 0.9944589 0.993124 0.9926862 0.986042 0.98938197 0.99382573 0.99343085 0.9907378 0.9953138 0.994541 0.9902855 0.9911613 0.9967759 0.9965414 0.9965209 0.99737513 0.9959987 0.9964013 0.9965309 0.996923 0.9970663 0.99646264 0.99536574 0.9951089 0.9969683 0.9974149 0.9951158 0.9918616 0.9932545 0.99642515 0.9940461 0.9962897 0.99481165 0.9961791 0.9967433 0.99545 0.9960391 0.9909218 0.9941338 0.99232334 0.9930673 0.99440575 0.9932776 0.9949721 0.9939965 0.99378306 0.9914899 0.99190456 0.9921182 0.99509114 0.99352396 0.9949747 0.99297607 0.9941695 0.99572706 0.99513227 0.9956891 0.99506676 0.99547255 0.9950789 0.9959427 0.9935901 0.9962728 0.99605787 0.99475026 0.99534327 0.99628013 0.9949274 0.99574685 0.9957804 0.9962319 0.99643165 0.995115 0.9963477 0.9939542 0.9951444 0.9950464 0.99555874 0.9964282 0.99628615 0.99597925 0.9888878 0.99140066 0.9922031 0.99305445 0.9952027 0.99407905 0.99155897 0.99363303 0.99711436 0.99595314 0.9958881 0.9966537 0.9962296 0.9976885 0.997562 0.9919799 0.992378 0.99005276 0.9886242 0.9964651 0.9956521 0.9950362 0.9929038 0.99249107 0.9956392 0.9951783 0.99365497 0.993554 0.99373037 0.99476004 0.9926184 0.99339795 0.9953502 0.99453807 0.99535626 0.9941849 0.9924605 0.99496114 0.9943987 0.9923483 0.99282247 0.99328256 0.9903379 0.98912346 0.996076 0.9949692 0.99322677 0.9934633 0.99490535 0.9923515 0.9902115 0.99583316 0.9958551 0.99619967 0.99591696 0.9932513 0.99445844 0.9914246 0.99431974 0.99283075 0.9953559 0.9956833 0.9976541 0.9970848 0.9976066 0.9962185 0.9960549 0.9971508 0.9953786 0.99730945 0.99596095 0.99503016 0.99566984 0.99452925 0.9926714 0.9937331 0.9953133 0.99494535 0.99405235 0.99589735 0.9940159 0.99544024 0.9941334 0.9949728 0.9938525 0.99405795 0.98974895 0.988677 0.99182343 0.9941343 0.99348867 0.9961682 0.9953045 0.9942895 0.99395186 0.99355066 0.98811233 0.9919333 0.995308 0.9950969 0.9936768 0.99486923 0.99426806 0.9919781 0.9935037 0.9955248 0.99091834 0.9837294 0.9900314 0.992619 0.9951286 0.99484134 0.99523044 0.99635184 0.9924907 0.99712133 0.99739707 0.99669546 0.99598306 0.9928551 0.9969571 0.9967097 0.9957494 0.99593127 0.99404436 0.9971822 0.9967271 0.9957488 0.99423957 0.9970128 0.9974356 0.99711055 0.9955639 0.99370027 0.99433345 0.9944877 0.99541694 0.9968012 0.9967602 0.9962682 0.99596184 0.99597865 0.9961679 0.9949454 0.99703336 0.996859 0.99571323 0.99519145 0.9962 0.99575156 0.9947804 0.99281514 0.9949459 0.9954228 0.99311143 0.9951226 0.996142 0.99668306 0.99619323 0.99569875 0.99637246 0.9958293 0.9970528 0.9967622 0.9961435 0.9951929 0.99575 0.99268013 0.99412584 0.99340034 0.99305683 0.99286383 0.99268866 0.9913072 0.9900721 0.992477 0.9965869 0.9961514 0.9965592 0.9960482 0.9963939 0.9964319 0.9965985 0.9961012 0.99554026 0.9962491 0.9967728 0.99657416 0.99575096 0.9939966 0.99314547 0.9943013 0.9960292 0.99594057 0.99594563 0.99600494 0.9901851 0.9885 0.98673004 0.99551344 0.9934646 0.99360126 0.996721 0.99603665 0.99587286 0.99601245 0.99462116 0.9957274 0.99312174 0.98837703 0.9964493 0.995711 0.99584323 0.9932468 0.9930147 0.99121976 0.98981094 0.9942704 0.9939266 0.99402124 0.9929189 0.99215543 0.9909545 0.99105555 0.988333 0.9969417 0.9964573 0.9957588 0.99523735 0.9963037 0.99614066 0.9971512 0.99735886 0.99782854 0.9982298 0.9981529 0.9978449 0.9943076 0.9910621 0.9949614 0.9946276 0.9950893 0.99247706 0.9921222 0.98705757 0.993833 0.98625153 0.9878613 0.9940544 0.989827 0.9858778 0.9858944 0.9886629 0.99507284 0.9867112 0.9937885 0.990529 0.9939629 0.99400103 0.9928365 0.99361295 0.9932532 0.9918562 0.9942359 0.99353576 0.9937876 0.9945809 0.9940393 0.994416 0.9938911 0.9949808 0.99448997 0.9938494 0.9940222 0.99474496 0.9922273 0.99185896 0.99529415 0.99447423 0.99361557 0.9933221 0.9919136 0.9966822 0.9973313 0.9967829 0.9978421 0.9970339 0.99630165 0.99666035 0.99693626 0.9943191 0.9936032 0.99335825 0.9964073 0.9972664 0.9970443 0.9970605 0.9973141 0.9960357 0.99714726 0.9976062 0.99792457 0.99609864 0.99702346 0.997136 0.9983427 0.99739075 0.99730456 0.99719316 0.9979447 0.99653405 0.99701023 0.9961702 0.99737716 0.99717027 0.9976056 0.99743366 0.9955934 0.99615014 0.99602675 0.9957889 0.9947237 0.99450445 0.99522305 0.9954123 0.9967519 0.9971229 0.99680734 0.99735206 0.9979172 0.99793345 0.9979806 0.99529713 0.99761945 0.9972076 0.9984115 0.99754405 0.99702436 0.99678904 0.9968262 0.9974784 0.99756885 0.997717 0.9966552 0.9968715 0.997016 0.99637693 0.9948833 0.9951926 0.9964789 0.9958507 0.9951985 0.99674916 0.995725 0.9944645 0.9965468 0.9963627 0.9951525 0.9965653 0.9961753 0.9964564 0.9917282 0.98935175 0.9854811 0.9884481 0.9891167 0.9883496 0.9866285 0.9839199 0.9967936 0.9978174 0.9991723 0.9999999 0.9988379 0.9991853 0.9988928 0.99918395 0.99957645 0.99665636 0.9968584 0.9974273 0.9981075 0.9987318 0.9980904 0.9982706 0.99395853 0.98824155 0.9880106 0.9845067 0.9892387 0.9907896 0.98983467 0.9899958 0.9882994 0.9932711 0.9894593 0.98659176 0.99059856 0.98784816 0.989245 0.99036866 0.9848428 0.9847589 0.98720586 0.988142 0.99121225 0.9890454 0.9857317 0.9875506
UskokovicxMilutin_SRP19100MilutinUDosljaci-L2_5 0.9910934 0.9952261 0.9949279 0.99431586 0.9946235 0.99200696 0.98960686 0.98576236 0.99549127 0.9937188 0.9949668 0.994923 0.9945354 0.99485755 0.9935843 0.9928632 0.9908981 0.9913542 0.9924098 0.9952415 0.99298984 0.9938586 0.9926585 0.9926942 0.992613 0.9924427 0.99261105 0.99118745 0.99298024 0.99201715 0.99203616 0.9927394 0.9921644 0.98629194 0.9839583 0.989779 0.9889653 0.9877844 0.99499285 0.9954093 0.9954427 0.99595517 0.99538404 0.99408597 0.99131775 0.9928286 0.9952116 0.99658996 0.9963197 0.9962836 0.99719995 0.9965286 0.9962575 0.9948936 0.9933975 0.99235666 0.99172044 0.98379093 0.98868686 0.99351084 0.9931159 0.9901539 0.99387175 0.99294245 0.9874447 0.9884911 0.99651814 0.9949651 0.9958455 0.99693704 0.9950826 0.99376446 0.99514955 0.9965689 0.9963055 0.9963305 0.99287003 0.9926189 0.9961779 0.99696666 0.99316764 0.99240524 0.99294776 0.9977795 0.9966793 0.9974901 0.9966995 0.9972953 0.9977522 0.9963932 0.9970404 0.9921499 0.9928512 0.99129885 0.9919319 0.9942897 0.99309576 0.995535 0.99322814 0.9939146 0.9902524 0.99134475 0.9921711 0.9960468 0.9956848 0.9956836 0.99551463 0.996394 0.9967995 0.99692434 0.99704987 0.9972583 0.99703634 0.9964635 0.99683183 0.99608487 0.9953728 0.99564606 0.9939034 0.9946637 0.99530065 0.9939898 0.99446166 0.9948893 0.9961341 0.9953632 0.995459 0.9948467 0.99130917 0.99376845 0.99431115 0.9943296 0.99632144 0.9964001 0.99493086 0.9896376 0.99119437 0.99176395 0.9929438 0.996479 0.99678266 0.9947762 0.9963032 0.996239 0.99546397 0.995796 0.99498 0.9944809 0.9967429 0.99673796 0.98875767 0.98904955 0.9871667 0.98482364 0.99609244 0.9952439 0.9952152 0.99514735 0.99479693 0.99576044 0.9961395 0.99431 0.9942755 0.9938768 0.9952218 0.99450475 0.99425983 0.9959725 0.9942452 0.99591714 0.9948988 0.9946422 0.9963897 0.9964576 0.9950429 0.995646 0.99287695 0.9907567 0.99009395 0.9958761 0.9955387 0.99437535 0.99473864 0.99729794 0.99505234 0.993457 0.9956057 0.9963501 0.9967851 0.9964354 0.99334687 0.9939374 0.9926836 0.9941983 0.99386215 0.99504554 0.994653 0.9961676 0.9962037 0.99757653 0.9960798 0.9967805 0.9974902 0.9958737 0.99662775 0.9964756 0.99578226 0.9969125 0.99412245 0.9916672 0.9936659 0.99675095 0.99430645 0.99226683 0.9950183 0.9948355 0.99440134 0.99447465 0.9954802 0.99220467 0.9929951 0.99005187 0.9888392 0.99210894 0.9937419 0.9925101 0.9972638 0.99452645 0.9937632 0.9922437 0.9934237 0.9839075 0.9892113 0.99529594 0.99469376 0.9923863 0.99477893 0.99450517 0.98925126 0.9925922 0.9960723 0.9932151 0.9865017 0.9918869 0.993722 0.99429315 0.9946106 0.9927879 0.9940947 0.9895823 0.9964258 0.99758184 0.99604297 0.99380493 0.988995 0.9948757 0.9946597 0.9943852 0.9938129 0.99186635 0.9948823 0.99468446 0.9946312 0.9917904 0.9957764 0.99701834 0.9966465 0.99455106 0.9926604 0.99455124 0.9945774 0.9954538 0.99556607 0.9971408 0.9949366 0.99479026 0.9935005 0.99478227 0.9955274 0.9968167 0.99704313 0.9931109 0.9921151 0.9960407 0.9952889 0.992603 0.9901586 0.9923964 0.9931728 0.9910134 0.9926776 0.9948059 0.9947583 0.9956362 0.9931905 0.99474025 0.9945594 0.99567705 0.99541354 0.99457103 0.9933489 0.9952533 0.9937384 0.9934916 0.9942137 0.99379015 0.9939165 0.99277383 0.9904798 0.9901817 0.99231076 0.9954869 0.9958811 0.9958942 0.9946261 0.9959199 0.99515086 0.9961951 0.9946008 0.9941234 0.9961553 0.99666476 0.99655 0.9970728 0.9958005 0.99581 0.99629676 0.99592024 0.9962065 0.9956707 0.9957157 0.99130535 0.9904136 0.9886399 0.9974731 0.99602437 0.9964861 0.9952361 0.99610627 0.9959729 0.9962357 0.9951521 0.9957967 0.9944907 0.9890189 0.995793 0.9961537 0.99605286 0.99238974 0.9936602 0.99153644 0.99060464 0.9929804 0.9932709 0.9928851 0.9924359 0.99021935 0.9898528 0.9900839 0.9914076 0.9967113 0.99542737 0.99591506 0.9951153 0.9958271 0.99484026 0.9952501 0.9965151 0.9971257 0.9973265 0.99767387 0.99738574 0.9941302 0.9923432 0.99444175 0.9942516 0.9948916 0.9933799 0.99278545 0.9894173 0.993361 0.9884915 0.9896696 0.9945978 0.99195415 0.988805 0.9880758 0.9908455 0.9937187 0.9881411 0.9932741 0.9915674 0.99345195 0.99363714 0.99533427 0.99547917 0.99524105 0.9938456 0.9956256 0.99518275 0.9934546 0.9933218 0.9928163 0.9930764 0.9933463 0.99389696 0.992994 0.9930006 0.99320906 0.9947201 0.99246556 0.99230933 0.9948943 0.9953952 0.99313635 0.99265665 0.99227047 0.99703306 0.9970243 0.99716085 0.997114 0.9971942 0.99497527 0.9951736 0.9964916 0.9918014 0.9914389 0.9909642 0.9979716 0.99734867 0.9971567 0.9969109 0.99712265 0.9950768 0.9963004 0.9972458 0.9975208 0.99763316 0.99512416 0.9958187 0.9979208 0.9970523 0.99683213 0.9974318 0.9975786 0.9974146 0.9965503 0.99675095 0.9970753 0.9969562 0.99817 0.9961163 0.9946622 0.99554545 0.99404776 0.995909 0.99458313 0.9936626 0.99475306 0.99430853 0.9950146 0.9968839 0.9963469 0.9964925 0.99706405 0.9973595 0.99643624 0.99319714 0.9963818 0.9956853 0.9982677 0.99737126 0.99467605 0.99633706 0.99688554 0.9972581 0.99733883 0.99697053 0.9965901 0.99561083 0.99629813 0.99581677 0.9933639 0.99523056 0.9967263 0.9952153 0.99301344 0.9970731 0.9965017 0.9963442 0.99702466 0.99697804 0.9957623 0.9973314 0.9968458 0.9973604 0.9930212 0.9903223 0.9860709 0.9891527 0.99101996 0.9898577 0.98783845 0.98497033 0.99420685 0.99551237 0.9973169 0.9988379 0.9999998 0.99909234 0.99774975 0.998879 0.9989795 0.99399316 0.9943053 0.9948504 0.99643385 0.9980747 0.99705696 0.9977536 0.99542254 0.9911688 0.9911982 0.98839724 0.9909424 0.99222684 0.9920777 0.9917252 0.9911618 0.9947768 0.9913662 0.98943794 0.992722 0.990334 0.9915219 0.9930737 0.98892736 0.9884856 0.9905704 0.99088824 0.9930386 0.9862687 0.98316664 0.984866
UskokovicxMilutin_SRP19100MilutinUDosljaci-L2_6 0.9905512 0.9957819 0.99464226 0.99233603 0.99303186 0.9936739 0.99108046 0.98798305 0.9956683 0.99293315 0.9941291 0.99511564 0.993456 0.993631 0.99349785 0.99150544 0.990119 0.99092525 0.99266064 0.9946039 0.99137497 0.99243426 0.99322355 0.9923797 0.9921318 0.99078417 0.9917363 0.98890567 0.99232745 0.99043524 0.99039394 0.9924592 0.99085295 0.98413193 0.9811724 0.99065936 0.9894442 0.9872684 0.9953157 0.9949719 0.99471754 0.99459136 0.99524903 0.99220586 0.9917033 0.99322325 0.99421436 0.9955854 0.99565333 0.9949244 0.9971337 0.99652165 0.9958272 0.9951945 0.99407005 0.992138 0.9918322 0.9842707 0.98816115 0.9931216 0.9928457 0.98953927 0.9943153 0.99349385 0.9887639 0.98969114 0.9967209 0.99598444 0.9961606 0.9973197 0.99617845 0.99588084 0.99660796 0.9968596 0.99709946 0.9961905 0.99484473 0.9946906 0.99691695 0.9971676 0.9946747 0.9917792 0.99286455 0.99658746 0.9950099 0.99631506 0.9947878 0.9960943 0.99654067 0.99562335 0.99642843 0.9903929 0.99408907 0.99228746 0.99298495 0.9945951 0.99356407 0.99526167 0.9941908 0.9939777 0.9914027 0.99174744 0.99229145 0.9955504 0.99393564 0.9962513 0.99375284 0.99506366 0.9966475 0.99615306 0.9964728 0.9959495 0.9961327 0.99560815 0.9965253 0.9943612 0.9966439 0.9965076 0.99507445 0.9954976 0.9962354 0.99507195 0.99539924 0.9955343 0.99609977 0.9962553 0.99494904 0.99587536 0.99307394 0.9946789 0.9945101 0.9950092 0.9960905 0.9961545 0.9956185 0.988148 0.9905937 0.991531 0.99222815 0.99563074 0.9949969 0.9926262 0.9947238 0.9969635 0.99622434 0.9960289 0.9966291 0.9962414 0.99773055 0.9977858 0.9911205 0.9919128 0.9898837 0.98781765 0.9964599 0.9952274 0.9944852 0.99326897 0.99272245 0.99537724 0.99492586 0.99375534 0.9928813 0.99338895 0.99458283 0.99261713 0.9929803 0.995308 0.9942003 0.99565977 0.9943406 0.99260414 0.9953669 0.9946061 0.99269 0.9933738 0.99301493 0.989713 0.9885328 0.9959263 0.99485886 0.99283206 0.993077 0.9955525 0.99317646 0.99136555 0.99559987 0.99574816 0.99634343 0.9956584 0.99248123 0.9939705 0.99085504 0.99370366 0.9922466 0.9948113 0.9953734 0.9974168 0.9973592 0.997726 0.9963324 0.99637574 0.99719954 0.99512213 0.99744135 0.9964223 0.9949836 0.9961946 0.99427634 0.9918517 0.9931217 0.9952829 0.99413925 0.99316144 0.99509186 0.9932373 0.994382 0.9932583 0.994237 0.9927508 0.99292535 0.98900205 0.9877927 0.9910083 0.993338 0.9927162 0.9960927 0.99472237 0.99406177 0.99355674 0.9929789 0.98691684 0.9908632 0.9955007 0.99548066 0.99424326 0.9956098 0.9943703 0.99245995 0.99355483 0.9958029 0.9910517 0.984174 0.9903958 0.9928133 0.9953364 0.9952877 0.99435306 0.9957983 0.9922612 0.9964997 0.9969969 0.9960781 0.9951653 0.9922677 0.99678075 0.99632007 0.9953043 0.9956977 0.9936538 0.99666965 0.99638176 0.9960254 0.99456817 0.9972942 0.99792033 0.99740773 0.99575 0.9942087 0.99417657 0.99418104 0.995329 0.9962496 0.99669135 0.996129 0.9955195 0.995221 0.9956491 0.9953465 0.99687994 0.99708766 0.99511945 0.99446625 0.9962068 0.9952929 0.9943531 0.99252194 0.99439573 0.99512166 0.9927771 0.99433523 0.9960946 0.99606854 0.99603504 0.9955672 0.99611264 0.9955267 0.9967814 0.99664795 0.9962506 0.9951032 0.9955035 0.99282694 0.9936947 0.99314743 0.99259067 0.992711 0.9923965 0.99095273 0.99003845 0.9928538 0.9967435 0.99600184 0.9965381 0.9959268 0.9961863 0.99670756 0.9967151 0.99567425 0.9950869 0.9960705 0.9967772 0.99645525 0.99627763 0.9940088 0.993569 0.99457407 0.99566543 0.9960293 0.99553025 0.99563134 0.9901942 0.98833925 0.9864993 0.995776 0.99379635 0.99429685 0.99612063 0.9955645 0.9954393 0.9956702 0.9938175 0.9950247 0.99258393 0.9869942 0.9958769 0.9951809 0.9954088 0.99195945 0.9921313 0.9901471 0.9885775 0.993138 0.9931624 0.99334025 0.99198556 0.9908008 0.98986655 0.9898974 0.98789746 0.9970388 0.9964154 0.9955594 0.99519527 0.9961036 0.99547166 0.99705917 0.99744564 0.9980001 0.9981842 0.99796176 0.99741906 0.9939938 0.99066335 0.99442357 0.9941963 0.99468803 0.99181885 0.99151754 0.9866184 0.99313545 0.9858203 0.9873456 0.9938067 0.98947954 0.9855643 0.98525816 0.9882655 0.99447453 0.98578596 0.9929773 0.989532 0.9932866 0.9933776 0.9932835 0.99415624 0.99376255 0.99211675 0.994364 0.99358886 0.9936511 0.9948338 0.99373233 0.99419445 0.9934217 0.99482423 0.99379176 0.99295855 0.9935348 0.99443316 0.9920513 0.99175984 0.99486905 0.99457216 0.993852 0.99366444 0.99221456 0.99699914 0.9972579 0.997029 0.9977717 0.9970489 0.9964264 0.99666715 0.99720514 0.9938322 0.993716 0.9933291 0.99675524 0.9976741 0.9974756 0.997035 0.9971554 0.99591315 0.9969505 0.997729 0.9976207 0.99611527 0.9964486 0.9969256 0.99824625 0.997082 0.9968524 0.9966412 0.9982346 0.9976075 0.99721146 0.99616796 0.99740416 0.9972612 0.99771726 0.9972619 0.99552304 0.9958645 0.9958486 0.9958271 0.9946174 0.9943848 0.99544585 0.9951427 0.99646217 0.9972964 0.9963519 0.9967448 0.99734235 0.9978743 0.9974586 0.99526954 0.9970659 0.99698335 0.998143 0.9971709 0.9962858 0.99673855 0.9963515 0.99716055 0.9973381 0.9973403 0.99637735 0.9964795 0.996663 0.9961644 0.99495614 0.99552214 0.9964063 0.99603295 0.99492073 0.99722475 0.99588215 0.99484843 0.996699 0.99656 0.99491084 0.9966747 0.9963187 0.9965351 0.9917818 0.98934585 0.9844288 0.98806816 0.9886511 0.9881737 0.98644614 0.98364794 0.9965354 0.99717635 0.99857455 0.9991853 0.99909234 0.9999999 0.9990497 0.99910414 0.9991175 0.99661756 0.99685705 0.99730784 0.9979638 0.99884284 0.9980001 0.99838436 0.9943708 0.98835343 0.9881157 0.9848254 0.9885272 0.9903747 0.98964894 0.98972845 0.98818326 0.9928834 0.9888404 0.9859089 0.9901794 0.9871821 0.9886582 0.9901417 0.98480135 0.98448527 0.98706466 0.98777217 0.99066806 0.9883341 0.9844532 0.98618
UskokovicxMilutin_SRP19100MilutinUDosljaci-L2_7 0.9909948 0.99668497 0.99459463 0.99061257 0.9917757 0.99515253 0.9923484 0.9895704 0.99520725 0.99232274 0.9933855 0.99525785 0.99243516 0.9923919 0.9932027 0.9905372 0.98947036 0.9909604 0.9928547 0.99378616 0.98987573 0.9910626 0.9947083 0.9929678 0.99265933 0.99017984 0.99166304 0.9874946 0.99193025 0.9890012 0.9889176 0.9921713 0.98950565 0.9823026 0.97882676 0.99113226 0.9903189 0.9867182 0.995588 0.9943081 0.99363315 0.9931614 0.9950354 0.9904913 0.9924426 0.9941497 0.9931512 0.99423134 0.9947802 0.9933544 0.9962396 0.9954004 0.9942989 0.9952622 0.99366236 0.99255013 0.9928365 0.9860028 0.98898774 0.99303484 0.9929505 0.9900719 0.9952184 0.9944213 0.9913168 0.9920489 0.9960759 0.9963619 0.99562556 0.99716383 0.9961422 0.9975626 0.99672997 0.9957085 0.996686 0.99507606 0.99593824 0.9955422 0.9967086 0.9967798 0.99501663 0.9910241 0.992778 0.99466735 0.99275106 0.99448323 0.9926434 0.99454176 0.9948315 0.9944282 0.9948992 0.98844856 0.9937763 0.99187493 0.99238366 0.993709 0.99259174 0.99379563 0.9932929 0.99255264 0.99099565 0.99110067 0.991121 0.9930498 0.9911103 0.9950873 0.990943 0.99253523 0.9947074 0.9938414 0.9941101 0.99359435 0.99394983 0.9936403 0.99457 0.99191374 0.9958488 0.9954564 0.9946277 0.9949661 0.99577606 0.9943494 0.9953803 0.99525625 0.9956263 0.9967965 0.9939948 0.996752 0.99507105 0.995638 0.99522537 0.9959084 0.9959326 0.9959182 0.9961178 0.9867578 0.99043584 0.9915298 0.99204165 0.99442214 0.99308527 0.9903369 0.9926788 0.9968188 0.99523175 0.9946074 0.99688405 0.99726963 0.9977588 0.99727833 0.99309635 0.9936447 0.9911451 0.9901103 0.99518585 0.9938509 0.9930156 0.9910459 0.9904812 0.9935837 0.9930558 0.99140096 0.990847 0.9913667 0.99264014 0.9901725 0.99140966 0.99355197 0.99302095 0.9936864 0.9922367 0.98963344 0.99292487 0.9919525 0.9894322 0.9903316 0.9920545 0.9879865 0.9869945 0.99522185 0.99345416 0.99094427 0.9911879 0.9931464 0.98992926 0.9876223 0.994565 0.9942519 0.99450654 0.99481934 0.99118775 0.99271286 0.9884918 0.99232197 0.99033326 0.9940641 0.99473107 0.9979287 0.99807084 0.99720323 0.9958255 0.99486536 0.996275 0.99436647 0.99790096 0.9951894 0.9936545 0.994437 0.9934866 0.9915415 0.9924703 0.9934504 0.9934599 0.9934282 0.99493307 0.99184746 0.9944918 0.9924456 0.99287075 0.9933129 0.99320376 0.9878934 0.9868378 0.99006474 0.9922777 0.99184936 0.9941017 0.9941261 0.9933038 0.99328685 0.99199724 0.99118173 0.994089 0.9945293 0.99494827 0.99485826 0.99509275 0.993203 0.9934241 0.9936558 0.9942095 0.98784876 0.98040104 0.98765105 0.9905558 0.9952934 0.9946015 0.99622506 0.9972289 0.99505794 0.99699354 0.9970472 0.9967404 0.99683315 0.99490017 0.99759036 0.99741954 0.99605453 0.99719185 0.9945891 0.997703 0.9973191 0.9952111 0.9950766 0.9971581 0.99706775 0.996543 0.9950444 0.9936569 0.9932846 0.99341273 0.99471605 0.9964297 0.9957207 0.99600655 0.9953134 0.99724495 0.9969308 0.9953045 0.9967508 0.9968883 0.996754 0.9968156 0.99597013 0.99610204 0.99572396 0.99397296 0.99637175 0.9966535 0.9934935 0.99642617 0.99693257 0.99753994 0.9964087 0.99696887 0.9968443 0.99600095 0.99740064 0.99702287 0.9968754 0.99582744 0.9939517 0.99001503 0.9920962 0.9906741 0.990186 0.989992 0.99011666 0.99202466 0.99044734 0.99300975 0.9960279 0.99496865 0.9962675 0.9965106 0.9958122 0.9971594 0.99627244 0.99629074 0.99540365 0.9951604 0.9964228 0.99557716 0.9949353 0.99244046 0.9914988 0.9930527 0.9952145 0.9950365 0.9949239 0.9952715 0.98991734 0.9874915 0.9859182 0.99368703 0.99126405 0.99167055 0.996528 0.9947919 0.99441224 0.994779 0.9926471 0.9945557 0.99080896 0.9855515 0.99555564 0.9940117 0.99424285 0.9919892 0.9906516 0.98915946 0.9873188 0.9936105 0.9928669 0.99321747 0.991398 0.9915393 0.98974997 0.98955727 0.9845815 0.99632215 0.99656636 0.9947037 0.994415 0.995714 0.9962118 0.99745744 0.99758977 0.9977357 0.9983697 0.9979523 0.9975245 0.99348694 0.98928523 0.9943857 0.9941276 0.9944609 0.990806 0.9909846 0.9843636 0.99311084 0.9837168 0.9853576 0.9926753 0.9875284 0.98276275 0.9832391 0.9860156 0.99499077 0.9842216 0.99275076 0.9883543 0.9936298 0.99354315 0.99012065 0.9912477 0.99075156 0.9891358 0.99193186 0.99209225 0.9939702 0.99604756 0.9952624 0.9953682 0.9941907 0.99580574 0.9951893 0.99404424 0.9944437 0.9936148 0.9906222 0.9901881 0.99476576 0.99231523 0.99260956 0.99266034 0.99015117 0.9952415 0.9962355 0.9954935 0.99729764 0.99571157 0.996434 0.99666834 0.99629134 0.9950527 0.9942817 0.9939157 0.9944692 0.9963962 0.9965038 0.9957564 0.99634683 0.9953474 0.99621487 0.99657375 0.9974264 0.99435097 0.99772453 0.9972956 0.99771774 0.99688095 0.9966512 0.9957251 0.9970168 0.9959868 0.9968077 0.9949571 0.996704 0.9972426 0.9968216 0.9975319 0.99512184 0.9952901 0.99682397 0.9944204 0.99315166 0.99369484 0.9946631 0.9951999 0.99746764 0.9966899 0.995836 0.9973901 0.99769425 0.99770844 0.99826163 0.9963907 0.9971602 0.9972576 0.9973905 0.99638134 0.99726474 0.9962851 0.9957926 0.99626964 0.9965162 0.99715996 0.99565816 0.99705327 0.99697995 0.99650294 0.9955628 0.99506605 0.9960762 0.9957467 0.9960738 0.9961684 0.99450785 0.99225473 0.9947852 0.994765 0.99307317 0.99490684 0.9949093 0.9948914 0.9906767 0.98837745 0.98376906 0.9873525 0.9869275 0.98690474 0.98564833 0.98255587 0.9979962 0.99863124 0.9992332 0.9988928 0.99774975 0.9990497 1.0000006 0.9988451 0.9989752 0.9979255 0.9980289 0.9984355 0.998532 0.9983737 0.99722326 0.9976258 0.991862 0.98510605 0.9845116 0.9805142 0.9857524 0.9876774 0.98673004 0.9867504 0.9846461 0.9903274 0.98593605 0.98239267 0.98712087 0.9840743 0.9855304 0.98665553 0.9805932 0.9803425 0.98322153 0.9841804 0.987982 0.98930883 0.98589164 0.9872011
UskokovicxMilutin_SRP19100MilutinUDosljaci-L2_8 0.99305725 0.99699104 0.99618495 0.9940021 0.9946028 0.99492717 0.99284095 0.99044687 0.99474645 0.9931205 0.99419254 0.9951675 0.9932612 0.9934097 0.9941312 0.9924527 0.9915403 0.9926005 0.9936981 0.99463487 0.9914033 0.9928881 0.9933622 0.99289626 0.99290454 0.9913736 0.9925756 0.9895874 0.9929358 0.9909034 0.9913843 0.99273276 0.99144095 0.9850091 0.98234594 0.99166816 0.9909677 0.988973 0.9958129 0.9954512 0.99523276 0.99495184 0.9960102 0.9934733 0.99341303 0.9942757 0.9948359 0.99607474 0.9956427 0.9955836 0.99686354 0.9964733 0.9960871 0.99657303 0.9950678 0.9938598 0.99366754 0.9873537 0.99090564 0.99439585 0.99448496 0.9916475 0.9953293 0.9948765 0.99109125 0.99196935 0.9974175 0.99636155 0.9965296 0.99675083 0.9964762 0.9957827 0.99648833 0.99626356 0.9968083 0.99586785 0.9946163 0.99469805 0.99710995 0.99668086 0.9946908 0.99281377 0.9939198 0.99610555 0.994765 0.9959529 0.99459136 0.99602824 0.99632823 0.99625206 0.99631375 0.9913379 0.9945246 0.99260724 0.9930041 0.99483395 0.99418247 0.99520326 0.99421704 0.99438953 0.9920042 0.9924637 0.99251777 0.99454087 0.9934695 0.9957768 0.99359393 0.9944686 0.9958679 0.9953561 0.9954147 0.99550354 0.9958387 0.995546 0.99601614 0.99445856 0.99595505 0.995118 0.99402356 0.99472326 0.9954546 0.9941508 0.9950609 0.99449545 0.9953526 0.9957262 0.9947916 0.99529636 0.9936635 0.99490166 0.9950095 0.99520564 0.99603206 0.99628896 0.99581146 0.9899659 0.9924918 0.993305 0.99376756 0.9961671 0.99525684 0.9932267 0.99499154 0.9969138 0.995031 0.99497414 0.99672437 0.9961592 0.9978674 0.99723184 0.992522 0.99238336 0.99073017 0.98893946 0.9963087 0.9953144 0.9948244 0.9941885 0.9937432 0.9951542 0.9955408 0.9932011 0.99372214 0.99353576 0.99464905 0.99320287 0.9939698 0.9951766 0.9948866 0.9951298 0.9943109 0.99235433 0.9942205 0.99409777 0.9920961 0.99325687 0.99354106 0.9906523 0.9897409 0.9962063 0.99486816 0.9932779 0.9935274 0.9950502 0.9918414 0.989789 0.9954002 0.9957971 0.9956697 0.996615 0.99280626 0.99320185 0.9907275 0.99361336 0.99265516 0.9946093 0.9946805 0.9974286 0.99771994 0.99829346 0.99734354 0.99645615 0.99755985 0.9964908 0.99818146 0.9967094 0.9958703 0.9958649 0.9951182 0.99331737 0.99462056 0.9955917 0.9946453 0.99377483 0.99574727 0.99388504 0.9950673 0.9945345 0.9946619 0.99409467 0.9944059 0.99104667 0.990018 0.9926679 0.9944702 0.9941335 0.9962328 0.995482 0.99501926 0.9943061 0.99410254 0.9878795 0.9919836 0.99553776 0.9958919 0.99458444 0.9957436 0.99559855 0.9920187 0.99477583 0.9958355 0.990514 0.98247254 0.98960775 0.99218327 0.9958989 0.9957479 0.9958452 0.99600583 0.99238944 0.9973888 0.9977636 0.9973554 0.99619067 0.99257153 0.996972 0.99632317 0.99660486 0.9962928 0.9932116 0.99645466 0.99628925 0.99604625 0.9943267 0.99706316 0.9972957 0.9972751 0.9955437 0.99436235 0.99478614 0.9943739 0.99625444 0.9965497 0.99716103 0.99618775 0.9957705 0.9959616 0.9960536 0.99545634 0.9967393 0.9973632 0.9958452 0.9948868 0.9968307 0.99628484 0.99520445 0.99315035 0.9946552 0.9950205 0.99269605 0.9952414 0.9962383 0.99658954 0.9968495 0.99578536 0.9966387 0.99643916 0.99672353 0.9969246 0.99647117 0.9957293 0.99418736 0.99104065 0.9923029 0.9917478 0.99133515 0.99112934 0.99090147 0.99193436 0.99149543 0.9935439 0.9952421 0.9950081 0.9959392 0.9957135 0.9958081 0.99628365 0.9964502 0.99541813 0.9952925 0.9962148 0.9969495 0.9964997 0.995982 0.99440324 0.9937249 0.9949145 0.99603075 0.9959021 0.9954686 0.99560463 0.99216497 0.9903923 0.9893543 0.99558216 0.9929645 0.99353355 0.9964123 0.9958978 0.99552345 0.99618614 0.994891 0.99608946 0.99386847 0.9892722 0.99643177 0.995982 0.9959527 0.993296 0.9935172 0.9921618 0.9906791 0.9942752 0.99459773 0.99457425 0.9937195 0.99292946 0.99206334 0.9918719 0.988473 0.99616635 0.9957415 0.9952123 0.99468446 0.99560976 0.99543333 0.996073 0.99661297 0.9969527 0.9977279 0.99799204 0.9977119 0.9946829 0.99161154 0.9948206 0.99473554 0.9950209 0.99270076 0.9924081 0.9875241 0.9939937 0.9869541 0.9882308 0.99412894 0.99056953 0.98610604 0.98666024 0.9889723 0.9953234 0.9874737 0.99410474 0.99077475 0.9943642 0.9947386 0.9926265 0.9927809 0.9923221 0.9911843 0.99394476 0.9939257 0.99363565 0.9945624 0.99342793 0.99373746 0.99356556 0.9942541 0.993763 0.9935057 0.9937755 0.99462366 0.9927957 0.9921538 0.99515235 0.9938105 0.9936279 0.9930613 0.9918539 0.99684304 0.9972275 0.9965154 0.9976362 0.99660784 0.99613464 0.9964379 0.99669844 0.99471444 0.9938177 0.9933829 0.99648327 0.99757004 0.9973774 0.9970434 0.9976267 0.99578464 0.99628454 0.9972194 0.99795073 0.99583346 0.9968637 0.99600446 0.997858 0.99719834 0.9972063 0.99673676 0.9969239 0.9964003 0.996063 0.9948632 0.9964762 0.9965594 0.99703133 0.9966649 0.9941443 0.9949071 0.9952884 0.9951442 0.99411577 0.9939283 0.99483544 0.99505377 0.99620986 0.996692 0.997073 0.9977118 0.99745864 0.99814355 0.99785346 0.9956658 0.99715954 0.99678683 0.99779576 0.9975183 0.996983 0.9969502 0.99649173 0.9966005 0.9976783 0.9976024 0.9967531 0.99701023 0.99745613 0.9972193 0.99562395 0.9964338 0.99745536 0.9963166 0.9950889 0.9969309 0.996248 0.9947156 0.9961865 0.9966302 0.9953996 0.9963749 0.9970903 0.9965954 0.9930835 0.99106646 0.98764426 0.9904154 0.9903736 0.99027044 0.98888427 0.98641706 0.9962092 0.9967681 0.9983723 0.99918395 0.998879 0.99910414 0.9988451 1.0000002 0.9993654 0.9959206 0.99638695 0.9966911 0.99744296 0.9979117 0.9967469 0.997556 0.99375844 0.9884116 0.9872907 0.98381007 0.98823863 0.9900535 0.9893615 0.9890992 0.9877923 0.9933208 0.98944646 0.9865931 0.9903166 0.98824227 0.98902804 0.98996305 0.98548585 0.9846256 0.9873506 0.987882 0.9913059 0.9901925 0.9875661 0.9885456
UskokovicxMilutin_SRP19100MilutinUDosljaci-L2_9 0.9910417 0.99654186 0.99544233 0.99270076 0.993752 0.99421304 0.9919896 0.9885465 0.99577 0.99365544 0.99462473 0.9956612 0.994089 0.99413025 0.99399567 0.9924139 0.9908782 0.9920234 0.99327654 0.99490625 0.99178547 0.99276704 0.9939437 0.9933546 0.99303 0.99159914 0.99246573 0.98987824 0.9933781 0.99144465 0.99159217 0.9933705 0.99174064 0.983888 0.98095095 0.99109834 0.9902705 0.98791635 0.9959144 0.9957733 0.9953734 0.9949714 0.99560726 0.9929692 0.99284244 0.99423975 0.99486804 0.99576604 0.9960276 0.9949892 0.99683154 0.9959052 0.9952003 0.99538153 0.99418753 0.99303895 0.9927564 0.9858611 0.98959565 0.9936633 0.9933375 0.9909204 0.9948708 0.9940683 0.9901591 0.9910568 0.99649143 0.995958 0.99612284 0.99745363 0.99589485 0.99647844 0.9963419 0.99650115 0.99670225 0.99607617 0.9947803 0.9944079 0.99669045 0.99719167 0.9946614 0.991786 0.99327505 0.99641216 0.9947056 0.99635905 0.99493796 0.9964229 0.9968252 0.99562407 0.99591535 0.9904387 0.99369437 0.9917064 0.99224687 0.994198 0.99296874 0.994775 0.99344075 0.9933522 0.99069464 0.9912555 0.99156773 0.99450433 0.99328536 0.9948597 0.9928547 0.9938863 0.9954259 0.9948571 0.995335 0.99522316 0.99531585 0.9949086 0.99586535 0.993583 0.9956884 0.9957662 0.9945278 0.9951622 0.9958595 0.9944679 0.9953041 0.9953667 0.996343 0.9963604 0.9950485 0.99636865 0.99368334 0.99510205 0.99530506 0.99568737 0.99655503 0.9965296 0.9958587 0.98870456 0.99140126 0.9922657 0.9930889 0.99578154 0.99473816 0.99241894 0.9943207 0.99665624 0.99512845 0.99516094 0.9965418 0.9962244 0.99778813 0.9975154 0.99169445 0.9922067 0.9898481 0.9886186 0.9961029 0.99530154 0.9948195 0.9929188 0.9925051 0.995316 0.995031 0.99310064 0.9934304 0.99336493 0.994493 0.99220955 0.99308056 0.9947697 0.9940154 0.99485064 0.99365616 0.9920276 0.9943589 0.99410385 0.9920681 0.9927597 0.9926445 0.9897305 0.9886511 0.99562055 0.99448 0.992876 0.9933355 0.9950027 0.9922012 0.9900277 0.99517775 0.99555796 0.99580973 0.995819 0.99255216 0.9936057 0.99081427 0.99363804 0.99232423 0.99493587 0.9950336 0.9974762 0.99730843 0.99766284 0.9963733 0.9961341 0.9973069 0.99584764 0.9975301 0.99617594 0.99537325 0.9958094 0.994606 0.99269956 0.9939122 0.9954716 0.9944556 0.9934253 0.9954518 0.9937388 0.9951749 0.9939898 0.9946425 0.9933796 0.9937351 0.98944163 0.9883652 0.99157137 0.99358314 0.9928754 0.9958978 0.99482006 0.9938774 0.9931924 0.9929895 0.98824173 0.9924899 0.9951236 0.99491596 0.99350953 0.9947126 0.9942658 0.9913552 0.99344903 0.99507517 0.9903278 0.982919 0.98935145 0.9920231 0.99505043 0.9944173 0.99520135 0.9964688 0.99270546 0.9976166 0.9979904 0.9973066 0.99601036 0.99253243 0.99673307 0.9963392 0.99565405 0.99585366 0.9938499 0.9969741 0.996615 0.9952846 0.993692 0.9966949 0.9971678 0.99687076 0.99512607 0.99355006 0.9941726 0.9941722 0.99532425 0.9967029 0.9968447 0.99598897 0.99547887 0.9958 0.99603796 0.995438 0.99705684 0.9970834 0.99540234 0.9948129 0.99610174 0.9958802 0.9947295 0.99251705 0.99463284 0.9950704 0.99292964 0.9947809 0.99583745 0.99648196 0.9960578 0.9954891 0.99627215 0.99595153 0.997076 0.9964371 0.99603456 0.9951314 0.9949848 0.99183005 0.993142 0.99269384 0.9923165 0.9920935 0.99163157 0.99102587 0.99007714 0.99222505 0.9958824 0.995512 0.99631494 0.99573785 0.9960114 0.9961624 0.9964068 0.99561536 0.99497926 0.9955605 0.99642015 0.99609107 0.99561626 0.9940325 0.99347955 0.99446136 0.9959985 0.9956769 0.9957286 0.99578047 0.99061793 0.98904955 0.9873456 0.9957223 0.99357015 0.99406594 0.9965503 0.996048 0.9957747 0.99594766 0.99453235 0.9957466 0.99311465 0.9885834 0.9961771 0.9958591 0.9959468 0.9934861 0.9932624 0.9915474 0.9902384 0.9942125 0.99400735 0.9938438 0.9930314 0.9921552 0.99101657 0.9910351 0.98827493 0.99699783 0.99643785 0.99573743 0.9952734 0.9963728 0.99641 0.99734616 0.99780816 0.9981156 0.99839526 0.9983965 0.9982004 0.9938986 0.9908605 0.9947064 0.9942934 0.99476844 0.99235666 0.9921064 0.9867899 0.9935946 0.9859526 0.9873909 0.9935139 0.98954135 0.9853544 0.9854378 0.98816 0.99478644 0.9863174 0.9935684 0.9902892 0.9938788 0.9939625 0.99247265 0.99313915 0.9927741 0.99128467 0.99375117 0.99363655 0.9943088 0.9947399 0.9942858 0.99461794 0.99449086 0.99518484 0.99473655 0.99422604 0.99451643 0.994501 0.99196523 0.9914936 0.9952109 0.9939346 0.9931188 0.9926902 0.99127 0.99653906 0.9970581 0.9965854 0.99756753 0.9968393 0.99649256 0.9964064 0.99694633 0.9942922 0.99351245 0.9931762 0.99648905 0.99728256 0.9970338 0.9968602 0.9972564 0.9956646 0.99691707 0.9973439 0.9977677 0.9961486 0.99670506 0.99710953 0.9983845 0.99723864 0.99714017 0.99708796 0.99777627 0.99679786 0.9972187 0.99651223 0.9974583 0.9976197 0.9979169 0.99756426 0.9955501 0.9960197 0.9960875 0.99517715 0.9942619 0.99394196 0.9947537 0.99498075 0.996638 0.9968263 0.99682087 0.99759674 0.9980931 0.99789524 0.9978976 0.9951544 0.9976659 0.99697393 0.9985921 0.9974067 0.99684846 0.99680865 0.9967412 0.9972244 0.9976162 0.99783736 0.99652076 0.99659264 0.9970907 0.99661857 0.9946598 0.9954411 0.99670416 0.9958366 0.9950696 0.9969332 0.9958423 0.994495 0.99639267 0.9961585 0.9948199 0.9966428 0.9962211 0.9966836 0.9917959 0.9893669 0.98529947 0.9884131 0.98900974 0.98839664 0.98668426 0.9839756 0.9967063 0.99784064 0.99905616 0.99957645 0.9989795 0.9991175 0.9989752 0.9993654 0.9999998 0.9961438 0.99665076 0.9971149 0.99813294 0.9987127 0.9976705 0.9981364 0.9936505 0.98792255 0.98766583 0.9840344 0.9886673 0.99009395 0.9894352 0.9893526 0.988009 0.9931037 0.98906094 0.98630065 0.99013126 0.98776555 0.98891664 0.99000996 0.9847946 0.98454434 0.9871019 0.98768175 0.99088556 0.98842865 0.9853292 0.9868714
UskokovicxMilutin_SRP19110MilutinUPotroseneReci-L2_1 0.9883063 0.99489254 0.99125516 0.9852031 0.9877124 0.9945458 0.99084115 0.9880382 0.99372584 0.9907167 0.9918744 0.9946117 0.9902313 0.9903023 0.9925185 0.9885766 0.9884994 0.9897144 0.99254256 0.99305487 0.98863643 0.9895031 0.9945682 0.9924263 0.9916081 0.9877384 0.9905735 0.9848224 0.9907693 0.98749405 0.98703164 0.99194974 0.9882529 0.97963136 0.9753774 0.991229 0.99009633 0.9853447 0.99466074 0.99271137 0.9916996 0.9903013 0.9932306 0.9871459 0.9913225 0.9935523 0.9910626 0.9918267 0.993176 0.9903301 0.9950106 0.9942653 0.99189454 0.9923665 0.9915912 0.9905005 0.99075353 0.9843832 0.98616856 0.9909751 0.9907885 0.9879271 0.9943675 0.99341035 0.99067175 0.99157447 0.99405265 0.9962219 0.99427974 0.9957058 0.99581975 0.99788964 0.9958357 0.9944687 0.9958286 0.9932792 0.9964232 0.9954777 0.99458647 0.99535817 0.9946073 0.9882212 0.9906028 0.9903876 0.9869745 0.9907442 0.98858553 0.9908371 0.99152625 0.98998415 0.9915918 0.986374 0.99336755 0.9917075 0.9920523 0.9922869 0.9906462 0.99143595 0.9923585 0.99021053 0.9906384 0.9906232 0.99052817 0.99169946 0.98803455 0.99388176 0.9871059 0.9891862 0.99299496 0.9910616 0.9919762 0.9896749 0.99074364 0.9908605 0.9920219 0.98785096 0.99646634 0.9953807 0.99552554 0.9950822 0.9956816 0.9948039 0.9954536 0.99530137 0.99444973 0.9963461 0.992278 0.99629194 0.99604857 0.9959504 0.99450374 0.9955493 0.9944234 0.9943342 0.99590075 0.98452264 0.9888367 0.98988926 0.98962396 0.9887804 0.9867663 0.98258215 0.9861082 0.9954986 0.9949616 0.99394274 0.9966596 0.9974936 0.9964149 0.99649715 0.9937735 0.99514747 0.9926884 0.99180055 0.99455374 0.99319375 0.99165833 0.9871259 0.9859372 0.9913605 0.98988414 0.98987806 0.98817825 0.98988134 0.9906328 0.9872043 0.98842156 0.9920211 0.99143815 0.9924995 0.99046457 0.98604095 0.9902885 0.98820996 0.9848527 0.98548114 0.99173725 0.98670846 0.9852668 0.99430275 0.9922568 0.98873067 0.9888613 0.98881894 0.9867113 0.98423463 0.9935932 0.99197674 0.9924872 0.9919883 0.9897179 0.992489 0.98618025 0.99138725 0.9880165 0.99315006 0.9947281 0.9976005 0.99686956 0.9951451 0.9929163 0.99253905 0.99354595 0.99053687 0.99580836 0.99250865 0.9900916 0.9922222 0.99065274 0.9886938 0.9886253 0.99001884 0.9912604 0.9928105 0.9934116 0.9882426 0.99282587 0.98858327 0.989725 0.99218756 0.9908662 0.9843608 0.9832235 0.98659563 0.9905176 0.99017406 0.99076545 0.9931815 0.9913877 0.9930717 0.9895302 0.9926264 0.99355984 0.9934586 0.9933057 0.99483174 0.9939284 0.99052006 0.9952879 0.9915833 0.9922781 0.98406476 0.977399 0.984918 0.98835236 0.99433905 0.9934702 0.9949071 0.9971538 0.99586695 0.993983 0.9937425 0.9937449 0.99567264 0.9970886 0.9975039 0.99768984 0.9945887 0.99744636 0.99535096 0.99799883 0.99702364 0.9941555 0.9963393 0.9965545 0.99639606 0.99549186 0.99417335 0.99264115 0.9921351 0.9924892 0.9929761 0.995865 0.9934652 0.9960201 0.99524146 0.99656516 0.9959817 0.9919704 0.9945408 0.9937701 0.9962693 0.996993 0.9941118 0.99263847 0.99502975 0.9944416 0.9970376 0.99701875 0.9935721 0.9959892 0.9964857 0.9964617 0.9946858 0.9968803 0.99613035 0.9944873 0.99664277 0.995868 0.99621713 0.99525756 0.9921758 0.9885901 0.9910251 0.98867387 0.98754126 0.98803335 0.9888587 0.9912429 0.98850775 0.9914302 0.99588937 0.994119 0.99527854 0.99584675 0.9946883 0.99702764 0.9951701 0.9964247 0.99496347 0.9932197 0.99456704 0.99370426 0.99151546 0.98810554 0.9861006 0.9878948 0.9935993 0.99393046 0.99389875 0.99413097 0.98416543 0.980655 0.9790255 0.9890808 0.98657846 0.9861575 0.9964671 0.99336565 0.99295574 0.9928621 0.99041164 0.9926037 0.9877173 0.98292154 0.99426216 0.99087787 0.99191606 0.9901626 0.9878134 0.9862286 0.98372895 0.99275637 0.9912478 0.9929588 0.98996866 0.9908832 0.9883865 0.98785514 0.9784676 0.9950976 0.99651414 0.9928726 0.99332553 0.9946197 0.9946725 0.9963396 0.9954056 0.9960357 0.9965814 0.99475294 0.9946551 0.9924317 0.98710877 0.9939101 0.99345744 0.9937845 0.9884861 0.98882174 0.9811443 0.9922435 0.98062354 0.98267794 0.9909008 0.98399574 0.97832304 0.97935355 0.9823773 0.99505967 0.9815593 0.9921942 0.98616785 0.9929771 0.9926579 0.98659027 0.9889928 0.98808616 0.98687613 0.9896 0.9874175 0.9929163 0.99632084 0.99460506 0.9952308 0.99244493 0.9957027 0.99432576 0.99261284 0.9929752 0.99226785 0.9892088 0.98837715 0.99283004 0.99023813 0.99192494 0.9919949 0.98868924 0.9932362 0.9939867 0.9932451 0.99607646 0.99414444 0.9959324 0.99624866 0.9952534 0.9940899 0.99390554 0.99406886 0.99112207 0.99507195 0.99482757 0.9947069 0.9948489 0.9940656 0.9945173 0.99431604 0.99460435 0.9904744 0.9972612 0.9965719 0.99555796 0.99510133 0.99504423 0.9929618 0.995691 0.99356455 0.9965178 0.9929102 0.9956058 0.9960131 0.99456567 0.9974621 0.99545 0.99485976 0.99779695 0.99336547 0.9923955 0.9935361 0.99409974 0.9945407 0.9971244 0.9954784 0.99458283 0.99565226 0.99612457 0.99608225 0.9971281 0.9965602 0.9961867 0.99727666 0.99553126 0.99385464 0.9968758 0.99511033 0.99411464 0.99494475 0.9940923 0.995869 0.9935142 0.9959986 0.9949358 0.9945685 0.9948265 0.9928634 0.99285567 0.99474025 0.9963221 0.99461913 0.99228215 0.98931545 0.99298215 0.99255085 0.9904164 0.9925083 0.9921368 0.99219036 0.98777914 0.98659205 0.981757 0.9855188 0.9841465 0.9844687 0.9835628 0.980413 0.9987885 0.99848247 0.9982441 0.99665636 0.99399316 0.99661756 0.9979255 0.9959206 0.9961438 1.0000004 0.9991106 0.9993874 0.99851316 0.99722165 0.9968648 0.9962115 0.9900942 0.9818473 0.9805264 0.9761212 0.98345095 0.9858865 0.9841612 0.9846937 0.98128814 0.98760414 0.98312575 0.97803986 0.98388016 0.98026645 0.98228556 0.9829316 0.9758891 0.97601604 0.9791268 0.9807452 0.98489785 0.9898002 0.9851853 0.986775
UskokovicxMilutin_SRP19140MilutinUCedomirIlic-L2_1 0.9876652 0.9944671 0.99123764 0.9855146 0.9877116 0.9944257 0.9910214 0.98924077 0.99286234 0.9895039 0.99099886 0.99376035 0.9894725 0.98938274 0.991195 0.987584 0.98734415 0.98872185 0.9915665 0.99183875 0.9870211 0.98828137 0.993229 0.99147385 0.99033874 0.9864399 0.98934597 0.984135 0.9893296 0.98611087 0.98605835 0.9904508 0.9869516 0.97776467 0.9736494 0.98997736 0.9887675 0.9842711 0.9944333 0.99312663 0.9918456 0.99009323 0.99340475 0.98735714 0.9914496 0.99309784 0.9910848 0.9918612 0.9926606 0.9898857 0.99432766 0.9935757 0.99181616 0.9930405 0.99272835 0.9898405 0.9901124 0.9837612 0.98572165 0.99008274 0.99002117 0.9873097 0.9932132 0.9924507 0.98997766 0.99074274 0.99412817 0.9958834 0.99452806 0.9957326 0.99533504 0.9972286 0.9958166 0.9938277 0.9951759 0.9924931 0.9949821 0.9943529 0.9943984 0.99466425 0.99396205 0.98904985 0.99118495 0.99118227 0.9883204 0.9917108 0.98932064 0.99177676 0.99196774 0.99163234 0.9926401 0.98510766 0.99281776 0.9902607 0.9906797 0.9919486 0.99068695 0.99166703 0.9918832 0.98990726 0.9895074 0.9891339 0.9889339 0.9913892 0.98781365 0.99374354 0.9866084 0.98854053 0.9922747 0.9907637 0.9916085 0.9898417 0.9907694 0.9905313 0.99227387 0.9879678 0.9957082 0.9948977 0.99470085 0.99430984 0.99500126 0.9939324 0.9939544 0.993545 0.99359 0.99512076 0.99114853 0.9949551 0.9952391 0.9950301 0.9937041 0.99478346 0.9938672 0.99387115 0.99500245 0.9833348 0.988705 0.9898088 0.98953116 0.9905637 0.9880095 0.98452675 0.98778915 0.99538237 0.9939211 0.9929707 0.99674225 0.9974387 0.9966871 0.9962583 0.9935552 0.99512595 0.9928179 0.99223757 0.9938129 0.9925157 0.99081004 0.98749536 0.98632914 0.99186164 0.9901735 0.989817 0.9886285 0.99043596 0.9907118 0.9865139 0.9878753 0.99093693 0.9909807 0.9916917 0.9896631 0.9854019 0.9890434 0.98751885 0.9841566 0.98502916 0.9905666 0.9856231 0.98393315 0.9933896 0.99112904 0.9875392 0.9881329 0.9888557 0.9857613 0.98311096 0.9927057 0.99164677 0.9919973 0.9918707 0.98798466 0.9905653 0.98449594 0.9897254 0.9866108 0.9916785 0.99335223 0.9976571 0.99742657 0.9953525 0.99419713 0.9934009 0.99438334 0.99195457 0.996395 0.9938473 0.991467 0.9928281 0.99214184 0.9906717 0.990477 0.9910475 0.99013263 0.9913842 0.99229354 0.98719424 0.9915756 0.98780835 0.9888999 0.99089354 0.9899599 0.98365843 0.98238695 0.9855983 0.9896271 0.98986256 0.99101055 0.992449 0.99083984 0.9921442 0.9886656 0.99120474 0.99300694 0.9927958 0.99352115 0.99508697 0.9939489 0.9914648 0.9949645 0.99247694 0.99166137 0.9836357 0.9763877 0.9844163 0.9877963 0.99458575 0.99335325 0.9948094 0.9963968 0.9954993 0.9943661 0.993919 0.9944468 0.99581015 0.99621683 0.99759483 0.9964885 0.99404436 0.99688494 0.9941326 0.99746263 0.99672353 0.99477637 0.9961105 0.99695164 0.99608386 0.9953189 0.994014 0.99296534 0.9913286 0.9915076 0.99281806 0.99557537 0.9936235 0.9964956 0.99511915 0.99601495 0.9950917 0.99215835 0.99413073 0.99403864 0.9958073 0.99618447 0.9934359 0.992207 0.99503386 0.99442184 0.9963782 0.9960172 0.9929236 0.99523664 0.9955692 0.99581176 0.99408007 0.9969401 0.9963945 0.9948452 0.9962783 0.99547124 0.9964182 0.99584615 0.9913 0.98736346 0.9894388 0.98767275 0.98636043 0.9868965 0.98727304 0.9896285 0.98759544 0.99085516 0.9949577 0.9928681 0.994659 0.99541306 0.9942876 0.9967906 0.99506545 0.9953413 0.99377644 0.9923676 0.9938127 0.99284244 0.9912602 0.9878584 0.9861899 0.98794425 0.99246 0.992703 0.9924233 0.99270743 0.9847847 0.98140764 0.9799835 0.9896538 0.9865436 0.986953 0.99553543 0.99237907 0.9921449 0.99224985 0.98955226 0.9920254 0.9870707 0.9825281 0.9940303 0.99124527 0.99210966 0.9899914 0.9876927 0.9865267 0.98385733 0.9916376 0.9910294 0.99215674 0.98950183 0.99034554 0.988173 0.98761725 0.9784517 0.99543875 0.9966455 0.99282634 0.9933789 0.9947368 0.99478984 0.9968852 0.99610704 0.9964435 0.99668247 0.99534273 0.99498177 0.9912169 0.9860342 0.9931055 0.9922843 0.99273485 0.9878465 0.9875148 0.9803205 0.99121094 0.9791881 0.98125076 0.9896107 0.98288715 0.97702897 0.9782163 0.98106223 0.99414474 0.9806693 0.99141365 0.9850606 0.9920963 0.99204487 0.9859504 0.9877901 0.98703945 0.98557776 0.98871857 0.98742956 0.99300474 0.9961537 0.99450207 0.9945473 0.9921805 0.99502045 0.9937274 0.9918548 0.9926527 0.9913969 0.988836 0.9881585 0.99256796 0.9898572 0.9916688 0.9916311 0.9886358 0.99347514 0.9939542 0.9930736 0.9957304 0.99395984 0.9963631 0.99595153 0.9954949 0.994616 0.9942786 0.9944706 0.9913431 0.9953206 0.99509645 0.99453545 0.99458456 0.9939596 0.9945116 0.99473786 0.9946366 0.9904494 0.9966734 0.99598193 0.99577117 0.9949378 0.9951426 0.9930982 0.99657017 0.99492884 0.9960592 0.9926782 0.994942 0.9958133 0.9943984 0.9969888 0.99445796 0.9938511 0.99727297 0.9920089 0.99135494 0.9922154 0.99294376 0.9934467 0.99629116 0.9948373 0.9942619 0.9958937 0.9962161 0.99636805 0.99666965 0.9964777 0.99559987 0.9963706 0.99568075 0.9940973 0.9970061 0.99441445 0.9934059 0.9942852 0.9942175 0.9953091 0.99247545 0.99509656 0.99444973 0.9939439 0.9948991 0.9928709 0.99285793 0.99422634 0.99507886 0.9944798 0.99173063 0.98889107 0.99275196 0.9924167 0.9901189 0.9921796 0.99236035 0.99208343 0.987232 0.9860434 0.98124194 0.9848436 0.98338026 0.98388845 0.982649 0.9803563 0.99899983 0.9982069 0.9984124 0.9968584 0.9943053 0.99685705 0.9980289 0.99638695 0.99665076 0.9991106 0.99999964 0.99941 0.9991764 0.99767166 0.9968512 0.9969115 0.989785 0.9810378 0.9799415 0.9753899 0.9821609 0.98478705 0.9833873 0.98364514 0.98063576 0.9867134 0.98191553 0.97712934 0.9827633 0.9792601 0.9810032 0.981955 0.9750946 0.9749981 0.97817487 0.97937846 0.9836972 0.98904353 0.984631 0.9856774
UskokovicxMilutin_SRP19140MilutinUCedomirIlic-L2_2 0.98775244 0.99454206 0.99152726 0.9857722 0.98802143 0.99440694 0.99107474 0.9886517 0.9942526 0.9908685 0.9920738 0.9946123 0.99055976 0.9905124 0.9921655 0.98837614 0.9879147 0.98925906 0.9919804 0.99272764 0.9884523 0.9893196 0.9940923 0.99198955 0.9912297 0.9876779 0.99031526 0.985045 0.9905152 0.98748696 0.98716563 0.9918716 0.9881526 0.97873133 0.97454035 0.9905259 0.98923427 0.984942 0.9944222 0.9926682 0.99188906 0.99052066 0.9931836 0.98737395 0.99107456 0.9930186 0.9911027 0.99206924 0.99322915 0.9906982 0.995135 0.99449337 0.99239254 0.99297816 0.9925262 0.9899205 0.9900537 0.9837751 0.98560256 0.99061227 0.99036986 0.987327 0.9937269 0.99282235 0.9896213 0.99052775 0.9942681 0.9962538 0.99451965 0.99573535 0.9954245 0.99773735 0.9958366 0.9944831 0.9956682 0.9933459 0.9956019 0.9951044 0.9946313 0.99518996 0.99412626 0.98839414 0.9904914 0.99169767 0.9883274 0.9917023 0.98939645 0.99166906 0.9923137 0.9911324 0.9923729 0.9861512 0.9930132 0.9912591 0.99172795 0.99227 0.99101645 0.99178344 0.99255425 0.99066246 0.99021244 0.98998576 0.990003 0.99191695 0.9883275 0.9938209 0.987441 0.98947144 0.99290514 0.9913632 0.9922164 0.9901557 0.99108845 0.99084264 0.9924436 0.9882108 0.9960093 0.9953147 0.9950611 0.9946202 0.9955039 0.99455756 0.9949401 0.99469066 0.9942095 0.99577427 0.992054 0.99594206 0.9948258 0.9949122 0.9936098 0.99472344 0.9940095 0.99399954 0.9953051 0.9838674 0.98819256 0.98925775 0.9893956 0.9901887 0.9880212 0.98439646 0.98754084 0.9960903 0.9952587 0.994122 0.9965251 0.9970092 0.9965907 0.9964225 0.992857 0.9944704 0.9919399 0.99099505 0.9942908 0.99310154 0.9915052 0.98735917 0.986291 0.99244285 0.99077696 0.9904068 0.989097 0.99056005 0.9913703 0.98746264 0.9887135 0.9918498 0.9915726 0.9923942 0.9905165 0.9866509 0.99044526 0.98870695 0.985566 0.9860649 0.99123305 0.9864185 0.98477757 0.9939278 0.9921207 0.98869973 0.9890587 0.9895038 0.9874312 0.9849167 0.99321514 0.99190956 0.9925362 0.99210256 0.9893538 0.99201614 0.98611313 0.99104506 0.98776734 0.9926155 0.99417293 0.9975295 0.9969414 0.99553794 0.99369496 0.9929388 0.99398077 0.9912114 0.99588525 0.993589 0.99125063 0.9927457 0.99194926 0.99027586 0.9900816 0.9909165 0.99107337 0.9924114 0.99301535 0.9882864 0.99245447 0.9886871 0.9897254 0.99154353 0.9905696 0.98419976 0.98302627 0.986451 0.99030375 0.9902777 0.991491 0.99291444 0.9912415 0.9926733 0.9894277 0.9917045 0.99306595 0.99318796 0.9934528 0.9947485 0.9939151 0.99120754 0.995263 0.9921718 0.9923707 0.984789 0.97800654 0.9854361 0.9888519 0.9947238 0.9934837 0.9948572 0.99705017 0.99548614 0.9945773 0.99431676 0.9942594 0.9958658 0.996415 0.99740726 0.9974241 0.9945647 0.99707144 0.9953503 0.9981228 0.9974343 0.994909 0.9964856 0.9969392 0.9964624 0.99591607 0.9946707 0.99329394 0.99151635 0.99185705 0.9925454 0.9953084 0.9933311 0.99563354 0.994829 0.9962737 0.99552345 0.99229765 0.9947577 0.9941321 0.9962074 0.99653244 0.9940891 0.9928739 0.995144 0.9941946 0.99648327 0.9965584 0.9932986 0.9956089 0.9960204 0.996246 0.9944495 0.99683225 0.99607944 0.9945009 0.99641097 0.995975 0.9963139 0.99532396 0.99296945 0.98893034 0.9913962 0.989384 0.9882866 0.9884494 0.98921186 0.9901016 0.98750246 0.9907352 0.9958315 0.9938698 0.9951196 0.9953464 0.9944348 0.9969984 0.9950362 0.9957636 0.99434257 0.99315524 0.99436164 0.9936733 0.9915476 0.98841834 0.98663557 0.9883399 0.9931751 0.9934332 0.9933544 0.9935423 0.98444706 0.98119056 0.97956383 0.99001837 0.9875372 0.98750645 0.99595314 0.99308217 0.99273455 0.9926285 0.99029076 0.99241805 0.98772216 0.9829703 0.99414295 0.9912883 0.9921881 0.99001503 0.98799795 0.98638564 0.984056 0.99215764 0.99100757 0.9923746 0.98976797 0.9904942 0.9880074 0.9878577 0.9794238 0.99524796 0.9962139 0.99277914 0.9930204 0.9944256 0.9946611 0.99726593 0.99640274 0.9968269 0.99711514 0.99568063 0.9952531 0.99170583 0.986582 0.99316746 0.9926362 0.9930641 0.98807037 0.98815644 0.98076916 0.99158084 0.98013014 0.98230004 0.99049467 0.98377734 0.9782828 0.9791454 0.9821059 0.99437964 0.9808816 0.99136174 0.98564595 0.9922078 0.99188536 0.98712856 0.9893475 0.98856103 0.9870417 0.98981243 0.9882596 0.9926877 0.99595666 0.9940973 0.9945915 0.992035 0.9950821 0.993944 0.9921545 0.9926089 0.9920678 0.9891881 0.98865706 0.992874 0.9905259 0.9920974 0.9922315 0.9892527 0.9937848 0.9944463 0.99346554 0.9961672 0.9941438 0.9958657 0.99608916 0.99533343 0.99435383 0.9942935 0.99427766 0.9918344 0.9953703 0.9949046 0.9947676 0.9948493 0.99425834 0.99497026 0.99491644 0.9951957 0.9911981 0.9973796 0.9967538 0.99621904 0.995168 0.9953608 0.9936353 0.9965872 0.994524 0.99674594 0.9936566 0.9961129 0.9962295 0.99516636 0.9976131 0.9955029 0.9949095 0.9976834 0.99313134 0.9919928 0.9930632 0.9934123 0.99407446 0.99689287 0.9956324 0.99469185 0.9957573 0.996196 0.99634147 0.9971008 0.9964661 0.9962957 0.99695194 0.99610776 0.99462575 0.997177 0.99516517 0.9938509 0.9950714 0.9947448 0.9959719 0.9935634 0.99574125 0.99503154 0.9943304 0.9948531 0.9928926 0.9931577 0.99436855 0.99544 0.9945767 0.9923588 0.9896147 0.9932982 0.9930173 0.9909042 0.9927978 0.9927987 0.9926961 0.9875752 0.98604894 0.98134315 0.98500174 0.98390704 0.9839941 0.98284644 0.9798942 0.9987894 0.9985635 0.9988081 0.9974273 0.9948504 0.99730784 0.9984355 0.9966911 0.9971149 0.9993874 0.99941 1.0 0.99913234 0.9981676 0.99768585 0.99749404 0.9905611 0.9821505 0.98130417 0.9769621 0.98358566 0.9859893 0.9843873 0.9848711 0.9817873 0.98800516 0.9833066 0.9786986 0.9844604 0.98048717 0.98265374 0.9834369 0.97626114 0.9764115 0.979475 0.9810657 0.98521143 0.9887346 0.98425674 0.9859225
UskokovicxMilutin_SRP19140MilutinUCedomirIlic-L2_3 0.9881503 0.9949252 0.99225146 0.9878404 0.9896906 0.99403363 0.99076533 0.98823494 0.99489343 0.9916314 0.99315727 0.99505126 0.99219596 0.9921426 0.9925143 0.98957866 0.9886287 0.98964345 0.9921182 0.9940315 0.98994654 0.9908836 0.9941536 0.992931 0.99193215 0.9890116 0.9910733 0.98718923 0.9913273 0.9889576 0.98867995 0.9923187 0.98955715 0.97962695 0.9759088 0.9898423 0.9887676 0.9849288 0.99486 0.99436754 0.9932996 0.99214095 0.99403775 0.98926836 0.9911128 0.9932706 0.9925504 0.9935262 0.9944829 0.9920398 0.9960137 0.9951788 0.99358135 0.9936496 0.99340594 0.9902507 0.9902657 0.9828546 0.985952 0.99111086 0.99076647 0.98788697 0.9934334 0.9923342 0.9890664 0.98989356 0.99502146 0.99615014 0.995562 0.99708843 0.99565667 0.9971225 0.9963888 0.9954995 0.99629366 0.99445224 0.9950993 0.99435127 0.9952773 0.99629843 0.9944362 0.989953 0.9917204 0.99382526 0.9910857 0.99414873 0.9922557 0.9942105 0.9945558 0.99314314 0.9941086 0.9873842 0.9933567 0.9912714 0.9917375 0.9934352 0.9921146 0.9936447 0.9930175 0.9917262 0.9903117 0.990384 0.9907019 0.9937591 0.9909387 0.99451345 0.9895089 0.99125504 0.99417007 0.993189 0.9939823 0.9927017 0.99303275 0.99258035 0.99422896 0.9906086 0.99626935 0.9962699 0.9956557 0.99552613 0.99611247 0.9951665 0.9950268 0.9951104 0.9956009 0.99631655 0.99335676 0.9961182 0.9945952 0.99553776 0.99474037 0.995453 0.9955148 0.9954784 0.9959829 0.9845673 0.98895717 0.9899366 0.9902079 0.9923797 0.9907803 0.98768014 0.9904369 0.996266 0.9953397 0.9948459 0.996771 0.99723274 0.99738413 0.99716973 0.9917675 0.9938879 0.99150175 0.99042624 0.99469507 0.99377173 0.99247795 0.98963773 0.98879045 0.99393755 0.9923318 0.9918959 0.9909384 0.99224484 0.99277186 0.9891617 0.9897947 0.99279165 0.9922166 0.9935457 0.99150366 0.98864156 0.9917938 0.9905898 0.98769706 0.9881883 0.99161845 0.987384 0.985947 0.9944041 0.99293876 0.9899771 0.990783 0.99194825 0.98935646 0.9872274 0.993702 0.99329114 0.9941211 0.99337393 0.9899026 0.99240583 0.9874638 0.9915877 0.9890871 0.9934896 0.99445933 0.9979755 0.997721 0.9964981 0.995038 0.9950995 0.99585533 0.99368286 0.99670887 0.9953313 0.99333304 0.9950152 0.99344105 0.9918617 0.99220467 0.99357235 0.9913559 0.99188 0.99333227 0.98945636 0.99285996 0.98951477 0.99100965 0.9911982 0.990699 0.9850098 0.98367304 0.98719966 0.9907033 0.9903569 0.99320024 0.99323064 0.991402 0.99195826 0.9896839 0.98970646 0.9927188 0.9936261 0.9933856 0.9941804 0.99386585 0.99242854 0.9934178 0.99218994 0.9928026 0.9866142 0.9801905 0.9868739 0.99003965 0.994731 0.99342597 0.9942734 0.99654967 0.99480987 0.99571705 0.9957844 0.9956311 0.9959753 0.9947709 0.99740267 0.99666107 0.9943176 0.9964979 0.9947156 0.99787056 0.9971692 0.9955058 0.9957769 0.9974451 0.997301 0.99665934 0.99500567 0.99375176 0.99262196 0.99317634 0.9936455 0.9961455 0.99508667 0.9967147 0.99562806 0.995382 0.9952879 0.9931677 0.995151 0.9950262 0.99523985 0.99537635 0.99431413 0.99293244 0.9945603 0.9936394 0.9955324 0.99567825 0.9930578 0.9944059 0.9955288 0.99575454 0.9945803 0.996374 0.9965324 0.9954183 0.99695766 0.9960027 0.9967094 0.99594796 0.9936941 0.99066323 0.9917565 0.99111825 0.98985225 0.99039245 0.99017996 0.9898906 0.987943 0.9911876 0.99598193 0.9945441 0.9957437 0.9956846 0.9953001 0.9970783 0.99606615 0.99547255 0.99394804 0.99352163 0.99467903 0.9943078 0.9929141 0.990183 0.9891216 0.99036956 0.9939853 0.9942807 0.994115 0.99425834 0.9855476 0.98286086 0.9810977 0.99266696 0.9904358 0.9908131 0.9961888 0.99426824 0.9940282 0.99397516 0.99155796 0.9933618 0.9893694 0.9842949 0.9947107 0.99286765 0.9935896 0.99088144 0.98955137 0.987749 0.98560303 0.9922036 0.9914871 0.9925325 0.99045366 0.9902167 0.9882711 0.9879634 0.9824911 0.9966526 0.9970138 0.99423474 0.99454045 0.9957989 0.9955366 0.99780196 0.9977635 0.99813217 0.9980307 0.9967829 0.9964284 0.992186 0.98816085 0.9938898 0.9931856 0.993786 0.9897176 0.98921394 0.983022 0.9920379 0.98200715 0.9838762 0.9911652 0.9855482 0.980373 0.98093647 0.98393947 0.9943528 0.9823647 0.9919994 0.9871368 0.99266964 0.992566 0.989287 0.9911929 0.99061966 0.9889062 0.9910863 0.9896111 0.9938062 0.99610513 0.99474895 0.99485505 0.9932635 0.9955714 0.9942305 0.99281615 0.99353707 0.9931173 0.99058485 0.99017185 0.9940629 0.992376 0.99285775 0.9929124 0.9907193 0.99511915 0.99532825 0.994964 0.9966753 0.9956697 0.9968782 0.99633086 0.99677557 0.99421287 0.9940828 0.99415 0.9938597 0.99663734 0.9960296 0.9958211 0.99565697 0.9946927 0.99583703 0.9961741 0.99592143 0.99341935 0.99686265 0.99736404 0.9974058 0.9962624 0.99673194 0.99539655 0.99806213 0.9967986 0.99775565 0.9954271 0.99692845 0.9974351 0.9968937 0.99817276 0.9963463 0.99589634 0.997846 0.99368966 0.9930208 0.9931749 0.99397975 0.9941565 0.9967875 0.9964074 0.9956886 0.9967898 0.99748933 0.9973389 0.99724 0.9962209 0.99684685 0.99709713 0.9977622 0.9957772 0.99708927 0.9958202 0.9951083 0.9962184 0.9961937 0.996807 0.9942318 0.99563783 0.9956179 0.994876 0.99490935 0.99414617 0.994062 0.99520504 0.9951845 0.99585354 0.99365896 0.99163204 0.9947808 0.9942534 0.9922616 0.99448353 0.9940139 0.994347 0.9886007 0.986812 0.9820294 0.9854616 0.98539877 0.98519033 0.9834901 0.98061734 0.998597 0.9984642 0.9989553 0.9981075 0.99643385 0.9979638 0.998532 0.99744296 0.99813294 0.99851316 0.9991764 0.99913234 0.9999998 0.99918544 0.9981899 0.9985267 0.99224144 0.9847662 0.9841864 0.98029447 0.9854579 0.9877613 0.9867621 0.98692393 0.9846019 0.9895729 0.98494 0.9809012 0.9861795 0.9826784 0.9845852 0.98586166 0.9794444 0.9794775 0.98233396 0.98329765 0.9867419 0.9878886 0.98343647 0.985117
UskokovicxMilutin_SRP19140MilutinUCedomirIlic-L2_4 0.98851913 0.99466443 0.99302244 0.9899983 0.99143636 0.9926504 0.9895139 0.98615307 0.99643654 0.993472 0.99491537 0.9958473 0.9943847 0.9944898 0.9935185 0.99149656 0.98988307 0.9904553 0.99247766 0.99542385 0.9925737 0.99316347 0.9938465 0.9932648 0.9925896 0.9910829 0.9922786 0.9898766 0.99273604 0.99135655 0.99085456 0.99349153 0.9917153 0.98258644 0.9793128 0.98994386 0.9886796 0.98621523 0.9951328 0.9950289 0.99471456 0.9942044 0.99459237 0.9914628 0.99085474 0.99317265 0.99403507 0.9951842 0.99600667 0.9943381 0.9972394 0.9963802 0.9951063 0.9939586 0.99351734 0.990676 0.990195 0.9822456 0.98615736 0.9919697 0.99136597 0.98836815 0.9935478 0.99234384 0.9874586 0.98854774 0.9957445 0.9960305 0.9962005 0.9973212 0.99540997 0.9958555 0.9960848 0.9967456 0.9966531 0.99607784 0.9944845 0.99376714 0.99568456 0.99716425 0.99410045 0.99100596 0.99208874 0.99621874 0.9936072 0.9960983 0.99481994 0.99597615 0.9965305 0.99432063 0.99549645 0.9900215 0.993014 0.9915027 0.99222153 0.9938171 0.99229556 0.9945936 0.9931618 0.9926872 0.99017394 0.991017 0.9917293 0.99582964 0.99380744 0.99503535 0.9923682 0.99395186 0.99566376 0.9952122 0.9960586 0.99500537 0.99503565 0.9944143 0.99571824 0.9930811 0.9964029 0.99681306 0.9956284 0.995729 0.9964071 0.99544346 0.9954897 0.99596375 0.9965221 0.99628365 0.9948217 0.99615794 0.99298376 0.9948598 0.99456686 0.99502885 0.99623966 0.99610907 0.9959921 0.9864118 0.989184 0.98995763 0.9908892 0.99399734 0.9932686 0.9903001 0.9927145 0.9969721 0.99660593 0.99648863 0.9959487 0.9959438 0.99706286 0.99730885 0.98985547 0.99165535 0.9892923 0.9874752 0.9956253 0.99493504 0.99409896 0.9919909 0.9912268 0.995698 0.9944596 0.9940811 0.9931718 0.99386847 0.9947975 0.99191934 0.9919514 0.994823 0.9933058 0.9953711 0.99357814 0.99213356 0.99473894 0.9938548 0.9917305 0.9917748 0.9928338 0.9896413 0.9884032 0.99548316 0.9948843 0.9927124 0.9933924 0.9948496 0.9928669 0.99121934 0.9949016 0.994912 0.99591964 0.9946191 0.99200845 0.9941533 0.99062514 0.9935047 0.9917125 0.9948438 0.995257 0.9974116 0.9969296 0.99706763 0.99525434 0.99618226 0.99676234 0.9943042 0.99623215 0.9961531 0.9945367 0.99648947 0.99401903 0.99188983 0.99273527 0.99547285 0.9927111 0.9921981 0.99406314 0.9918372 0.9935626 0.9912553 0.9931482 0.99127465 0.99120367 0.9862663 0.984965 0.98874694 0.99206775 0.9911064 0.9954681 0.9939071 0.99213827 0.99195033 0.99100983 0.9870721 0.99101126 0.99450547 0.9936396 0.99309266 0.99392724 0.9929394 0.9918345 0.9918177 0.994372 0.9902058 0.9846255 0.9900302 0.9924494 0.99442846 0.9937213 0.99317414 0.9956639 0.9923829 0.9958069 0.9964596 0.9955105 0.9946893 0.992229 0.99623436 0.99605083 0.9938759 0.9952095 0.9939062 0.9971289 0.9964159 0.99534225 0.99430156 0.99685913 0.9976503 0.9969813 0.9951171 0.9932091 0.9935007 0.9942928 0.9941994 0.99609315 0.99605703 0.9961284 0.995586 0.9944199 0.9950817 0.9939537 0.9962208 0.9958308 0.99419284 0.993883 0.99494934 0.9936096 0.99359155 0.9919311 0.99421155 0.99488705 0.9925173 0.9934941 0.9951577 0.9953235 0.9948298 0.9950103 0.9957105 0.9947506 0.9966825 0.9958734 0.995867 0.994784 0.9959105 0.9939885 0.99414307 0.9943811 0.99337184 0.9938616 0.99319667 0.9898039 0.9881805 0.9911574 0.99666095 0.9959594 0.9964204 0.995481 0.9961397 0.99662286 0.99657434 0.99560636 0.99413496 0.9950947 0.9957167 0.9957497 0.9948816 0.99273723 0.99205226 0.99289006 0.9949782 0.9954858 0.99525535 0.99533355 0.9867819 0.98495644 0.98285496 0.99529785 0.99391913 0.9941605 0.99609816 0.9956195 0.99557567 0.9952905 0.99342805 0.9946314 0.99182755 0.9864305 0.9954728 0.99449956 0.9949934 0.99162537 0.99151886 0.9891764 0.98765045 0.9926499 0.9921449 0.9927564 0.9914326 0.99000025 0.98859644 0.98875964 0.98701173 0.9972811 0.9967212 0.995269 0.99513745 0.99624044 0.9953783 0.99743026 0.99786544 0.9984338 0.9982238 0.99745405 0.99702024 0.9930214 0.9903044 0.9943473 0.9937788 0.99459964 0.99164283 0.9908602 0.98621446 0.9927808 0.9851819 0.986896 0.9929772 0.9884332 0.98448336 0.9842322 0.9872651 0.9940811 0.98478633 0.9925416 0.9894226 0.993069 0.9928491 0.9929624 0.9944976 0.9941131 0.99253035 0.9939857 0.9922878 0.99363804 0.9947211 0.9938965 0.9942552 0.99322724 0.99504864 0.9937923 0.9928489 0.99324167 0.9941035 0.9916335 0.9914397 0.9946116 0.9944498 0.99337375 0.9935342 0.99212974 0.9965672 0.99628806 0.9963678 0.9972428 0.99692345 0.996244 0.99609846 0.9971669 0.99281156 0.9929905 0.99290425 0.99628365 0.9972981 0.99671483 0.99685323 0.996532 0.9952215 0.99663067 0.9970101 0.99691606 0.99607366 0.99636775 0.9975379 0.99812305 0.9970202 0.9971841 0.9970069 0.9988719 0.997716 0.99826014 0.9971895 0.9980675 0.99784636 0.99827725 0.99806756 0.99688256 0.9968993 0.99683625 0.99545646 0.9943743 0.9938507 0.9946403 0.994429 0.99631256 0.9973099 0.9962313 0.9965479 0.9975645 0.9973761 0.9968598 0.99467015 0.9969625 0.9967543 0.99858904 0.9968238 0.99608827 0.99624217 0.9961687 0.9975156 0.9971446 0.9973086 0.9953721 0.99555165 0.9956932 0.99478835 0.99379504 0.99405986 0.99473315 0.9949789 0.9940901 0.99652827 0.9950255 0.99403495 0.99640524 0.9957068 0.9940726 0.9961661 0.99515927 0.9960493 0.99028146 0.9878516 0.98319805 0.9864708 0.9878247 0.98691463 0.9847345 0.98170954 0.9970602 0.9974431 0.99857175 0.9987318 0.9980747 0.99884284 0.9983737 0.9979117 0.9987127 0.99722165 0.99767166 0.9981676 0.99918544 0.9999997 0.99917936 0.99936634 0.9949137 0.9886951 0.9888914 0.9856829 0.9893308 0.9912418 0.990486 0.9906632 0.9888965 0.99254453 0.9885906 0.9855819 0.9901521 0.9865845 0.9886936 0.99016106 0.9842247 0.98458314 0.9869344 0.9878127 0.9902221 0.98633295 0.9821392 0.9844029
UskokovicxMilutin_SRP19140MilutinUCedomirIlic-L2_5 0.9879825 0.99400556 0.99249357 0.98929745 0.99116755 0.99206483 0.9889208 0.98497266 0.997146 0.994723 0.9957724 0.9963738 0.99519044 0.9953564 0.9943905 0.9924823 0.99089783 0.9911914 0.99319464 0.9957791 0.99368984 0.99385285 0.993506 0.9930194 0.9924445 0.99140453 0.9924949 0.990221 0.9934486 0.99246335 0.9915216 0.994322 0.9926563 0.9846294 0.9813357 0.9909085 0.9893155 0.98748744 0.9950999 0.9944725 0.99470615 0.99452263 0.9942342 0.99154305 0.9908761 0.9929407 0.99417067 0.9951088 0.9961265 0.99466884 0.99732745 0.99639064 0.99496293 0.9931096 0.9929383 0.9904765 0.9895555 0.9824429 0.9858166 0.99214524 0.9913175 0.98826706 0.99354523 0.99227697 0.9867652 0.9878529 0.99510396 0.99574745 0.9957365 0.9962488 0.9951373 0.994974 0.9955062 0.9970317 0.99652195 0.9965737 0.99458647 0.99402666 0.99520165 0.99665576 0.99388397 0.9906768 0.9914321 0.9956525 0.9924772 0.99550575 0.9945368 0.995122 0.9963329 0.99286556 0.99478024 0.99119323 0.9934471 0.9918534 0.99287933 0.9937558 0.9914666 0.99396765 0.99307203 0.9927329 0.99054325 0.991475 0.99223274 0.99615467 0.9938746 0.9946586 0.9920814 0.99375176 0.9955046 0.99472344 0.9957738 0.9940509 0.99442273 0.9940681 0.9951518 0.9922765 0.9964417 0.9964985 0.9951849 0.9948689 0.99596703 0.9950827 0.995858 0.996474 0.99627495 0.99572366 0.99485683 0.995859 0.9924379 0.9941285 0.9937694 0.9944326 0.99578416 0.9955653 0.99548924 0.9876467 0.9894329 0.9900637 0.9912925 0.9918709 0.99139994 0.987645 0.99047387 0.996633 0.99691206 0.9968412 0.99503386 0.99478614 0.99592197 0.9966211 0.98938787 0.99064386 0.9881953 0.98604846 0.99614984 0.99571174 0.9944907 0.9914545 0.9905993 0.99546784 0.99423516 0.99411064 0.9931074 0.9937887 0.9947142 0.9920465 0.99224687 0.9953486 0.9936794 0.9956954 0.99412817 0.99259806 0.99546236 0.9941207 0.99210095 0.9918974 0.99397206 0.9911697 0.98993576 0.99569327 0.9955694 0.99366796 0.9937694 0.9943877 0.99343663 0.9916606 0.9955736 0.99509656 0.99611694 0.9940976 0.9932619 0.9955128 0.992143 0.9946298 0.9927035 0.99528116 0.9960104 0.9969107 0.9952534 0.99617773 0.9935886 0.99536246 0.99569017 0.99264157 0.9947419 0.9945135 0.9928247 0.9951877 0.9923109 0.98995906 0.9904863 0.9942841 0.9935053 0.992844 0.9945593 0.99246854 0.9938853 0.99156874 0.99367315 0.99197406 0.9916007 0.9869515 0.9857321 0.9893785 0.9929738 0.99197775 0.99544513 0.99433434 0.9926155 0.9925782 0.9917226 0.9864117 0.9894547 0.9947357 0.99361116 0.9921763 0.9932503 0.99209726 0.9916576 0.99062175 0.99482995 0.9906926 0.98568606 0.9902764 0.9926595 0.99353415 0.9934267 0.9924587 0.99488825 0.99035305 0.99418706 0.99479604 0.9939024 0.9931269 0.9919481 0.9954333 0.99605966 0.993399 0.9944497 0.99367356 0.9963975 0.9957494 0.9949798 0.9941565 0.99600315 0.99706507 0.99655056 0.99492157 0.9924769 0.9936609 0.99452525 0.99368715 0.99571866 0.9954505 0.99546975 0.9957011 0.9940265 0.99473983 0.99308586 0.9961844 0.99526423 0.9939424 0.99341774 0.99507785 0.9929538 0.99295735 0.9912859 0.99382716 0.9946357 0.9925188 0.99332315 0.99505913 0.9950269 0.9943639 0.99429107 0.9950216 0.9934573 0.9961508 0.9955076 0.99496 0.9936492 0.9967481 0.99515843 0.9955745 0.9954223 0.99463105 0.9949124 0.9947605 0.9897342 0.988105 0.9905538 0.99713904 0.99680895 0.9965747 0.99505806 0.9963921 0.9960694 0.99600786 0.9960189 0.9947191 0.99564016 0.99587226 0.9961545 0.9944287 0.9923337 0.99111354 0.99185795 0.9950395 0.9956828 0.99560034 0.995567 0.98583966 0.9842629 0.9818741 0.9946017 0.9937911 0.99312437 0.9959016 0.9955268 0.99572504 0.9948781 0.9934936 0.9943049 0.9918996 0.9868411 0.99560326 0.9939924 0.9946804 0.99145496 0.99146414 0.988721 0.9874597 0.9927577 0.9920832 0.9928995 0.9914792 0.98998606 0.9885717 0.9889665 0.9877097 0.996892 0.9960089 0.99510795 0.9944472 0.9955348 0.9941484 0.99655354 0.9961933 0.99743336 0.9973042 0.99630904 0.99615175 0.99344313 0.9908719 0.9945493 0.99416083 0.9949597 0.9921525 0.9914323 0.9872983 0.9933233 0.98624897 0.9882825 0.9939403 0.98921853 0.9860976 0.9856143 0.9886134 0.9942408 0.9859649 0.99295276 0.99031323 0.993218 0.9926968 0.99365175 0.9952577 0.9946779 0.9937112 0.9949121 0.99262387 0.9928377 0.9935465 0.9926827 0.9935954 0.99213755 0.99441385 0.9932498 0.99228144 0.9922687 0.9944626 0.99189484 0.99143326 0.9943346 0.9949522 0.99389565 0.9938535 0.9925709 0.9966296 0.9962058 0.99625 0.99722815 0.9968553 0.9951796 0.9957243 0.9962515 0.9915764 0.9921137 0.9924106 0.9964065 0.99684274 0.99613553 0.9970855 0.99637604 0.99568903 0.9967441 0.99672735 0.99653006 0.9957804 0.9956459 0.9965477 0.9969942 0.99598694 0.9957427 0.9960072 0.99828035 0.99628323 0.9979246 0.9969719 0.9980389 0.99701375 0.9975153 0.99744815 0.9968557 0.99703825 0.9960373 0.99591136 0.99470365 0.99396354 0.9943993 0.9937842 0.9952869 0.99692327 0.9962146 0.99565977 0.9967825 0.9963392 0.9962712 0.99356705 0.99663025 0.9963394 0.9980236 0.99597174 0.9956091 0.9965217 0.9962569 0.9978027 0.99644786 0.99704915 0.99556494 0.9953247 0.9949502 0.9938429 0.99306667 0.99285984 0.99416465 0.99430156 0.9937452 0.9959201 0.9945306 0.9940163 0.99633574 0.9955863 0.9941304 0.99584687 0.99458694 0.9956424 0.9902811 0.9880607 0.9835489 0.9866176 0.98831064 0.98691356 0.9849125 0.9819843 0.99587107 0.99651974 0.9978004 0.9980904 0.99705696 0.9980001 0.99722326 0.9967469 0.9976705 0.9968648 0.9968512 0.99768585 0.9981899 0.99917936 1.0000004 0.9988847 0.9955109 0.98960245 0.9898661 0.9867187 0.9911798 0.992867 0.9917681 0.9923236 0.990094 0.9932414 0.99001724 0.9869057 0.9913651 0.9873829 0.98996425 0.9911479 0.9848 0.9856503 0.98766077 0.98911995 0.99124104 0.98677224 0.9825346 0.9855151
UskokovicxMilutin_SRP19140MilutinUCedomirIlic-L2_6 0.98786527 0.9936955 0.9923095 0.9895712 0.99076855 0.99194074 0.9891813 0.9864683 0.99561846 0.9924999 0.9941859 0.994757 0.9936942 0.993927 0.992133 0.99008906 0.98852164 0.98890525 0.9908868 0.99431527 0.9918941 0.99246204 0.9922468 0.99159837 0.99125797 0.9904517 0.9912821 0.9890138 0.99134225 0.99029815 0.9898112 0.99220383 0.9906092 0.9813715 0.9782748 0.9883349 0.9868411 0.984958 0.99392086 0.99354464 0.9936862 0.9936914 0.99369466 0.9907038 0.9895296 0.99143505 0.992965 0.9945511 0.99492043 0.9942137 0.9968568 0.9965498 0.995794 0.994336 0.99435616 0.98946124 0.9887103 0.98080546 0.98466516 0.99112296 0.9908004 0.98682773 0.9926367 0.9917726 0.98590124 0.9869355 0.99572265 0.99618256 0.996301 0.9961672 0.99440056 0.9947208 0.99543566 0.99618566 0.99615353 0.99554944 0.9929695 0.992895 0.9949665 0.99614465 0.9928717 0.9909173 0.99124575 0.9964605 0.9935291 0.9959316 0.99469894 0.99558586 0.9960326 0.99445057 0.9954019 0.98965305 0.9928215 0.9912363 0.99214065 0.99379814 0.9927225 0.9945761 0.9935717 0.9933784 0.9903425 0.9908228 0.9916472 0.99578094 0.9938942 0.9948383 0.99278736 0.9942794 0.9953722 0.99535555 0.9959026 0.9948426 0.99511063 0.9941664 0.9955019 0.9933422 0.9957968 0.9958419 0.99473727 0.9947957 0.99583185 0.9952785 0.994225 0.9945362 0.99504113 0.99478734 0.99387 0.99458414 0.99117863 0.99308574 0.9926673 0.9932571 0.9947349 0.9947443 0.99460393 0.9851576 0.98784393 0.98877364 0.98986197 0.9943511 0.9935394 0.9910193 0.9929085 0.9968003 0.9962906 0.9960549 0.99521065 0.99474186 0.9965476 0.99640644 0.98814213 0.9900868 0.9881581 0.98591673 0.99466723 0.9939045 0.9930382 0.99149543 0.9909212 0.9960364 0.9947497 0.9943655 0.99346113 0.99406123 0.9948756 0.9922696 0.99189186 0.99432355 0.9935222 0.99497396 0.9934233 0.9923645 0.99452066 0.9938865 0.9918013 0.99169827 0.99215156 0.98917264 0.9876725 0.9944078 0.9942098 0.9920793 0.992759 0.9949291 0.99301463 0.9916494 0.9938159 0.9940429 0.99529237 0.9942812 0.9912468 0.9931739 0.99016476 0.9927662 0.9909799 0.99343926 0.993939 0.9965685 0.9963218 0.9970318 0.9957597 0.9962741 0.9965121 0.9940351 0.9956553 0.9968288 0.99529445 0.9967331 0.9951905 0.99338484 0.99396396 0.9959043 0.99147856 0.9906748 0.9929107 0.990968 0.9922097 0.990495 0.99217945 0.9900101 0.9901525 0.98595464 0.98464084 0.9882061 0.99147713 0.9907558 0.9956511 0.99309015 0.9917793 0.99177706 0.9908166 0.98468614 0.98874426 0.9935103 0.99335176 0.9923435 0.9935071 0.9934669 0.99143255 0.991906 0.99433094 0.9908912 0.9855749 0.9908359 0.9932196 0.99443156 0.99360687 0.99245894 0.9946733 0.9916233 0.995366 0.9960115 0.99460006 0.994482 0.9912864 0.9959055 0.9954125 0.9935974 0.99429256 0.9935617 0.9964503 0.99624723 0.99562 0.9939817 0.9966654 0.9972578 0.9969933 0.9954992 0.9939352 0.99273765 0.99354434 0.99342835 0.99474823 0.99527675 0.9953309 0.9950838 0.9937029 0.99399 0.9933791 0.9956289 0.99519646 0.993961 0.9929796 0.99475247 0.99327886 0.9935392 0.99228084 0.99340695 0.9943349 0.99196315 0.992734 0.9945593 0.9949256 0.9945315 0.99425536 0.9952895 0.99433357 0.9955218 0.99574 0.9956225 0.9943681 0.99618626 0.9940665 0.9941466 0.9943792 0.9933596 0.99369305 0.9933945 0.98827994 0.98687774 0.9901967 0.9958006 0.9950759 0.9952559 0.9940775 0.9951677 0.9961254 0.9955862 0.994253 0.99284905 0.9947063 0.99521834 0.9954658 0.99425125 0.9920664 0.99169815 0.9924445 0.9937635 0.9946659 0.9941301 0.9940547 0.9860537 0.9842139 0.98235404 0.9954877 0.9940668 0.9943738 0.99461186 0.9946618 0.9944864 0.9942591 0.9927184 0.99354345 0.9911846 0.9853933 0.9943419 0.9935212 0.9939655 0.9897524 0.9904163 0.98785925 0.9863929 0.9908212 0.99081004 0.99139404 0.9902408 0.9884274 0.9869686 0.9877133 0.98742974 0.9961562 0.99534273 0.9938979 0.9936623 0.99482507 0.9937706 0.9966905 0.9972557 0.99765694 0.99743277 0.99683875 0.9960405 0.992179 0.98976845 0.99311864 0.99261546 0.99366206 0.99087745 0.9895356 0.9858143 0.9916255 0.9847168 0.98656565 0.9923994 0.9883036 0.9843621 0.98406047 0.9868768 0.9928297 0.9837271 0.99120563 0.9884747 0.9919188 0.991748 0.9928326 0.9944477 0.99397534 0.99239624 0.9933874 0.9919688 0.99197775 0.9933222 0.9919248 0.9921007 0.99113667 0.99305314 0.9918465 0.9908945 0.9912319 0.99354374 0.99155533 0.99181527 0.9938709 0.9943946 0.9935596 0.9935802 0.9928446 0.99690634 0.9961688 0.99586284 0.99668366 0.99640477 0.9948977 0.99543434 0.9964017 0.99269 0.993105 0.9927808 0.9962313 0.99723184 0.99656117 0.996733 0.9962421 0.9949892 0.99601674 0.9966196 0.99690825 0.99601287 0.9959616 0.99646 0.99769247 0.9966298 0.9969039 0.9967801 0.99852 0.99753594 0.99713457 0.9963502 0.9973687 0.99671024 0.9976659 0.9969142 0.9956352 0.995816 0.99548113 0.9949137 0.99342215 0.99315614 0.9936144 0.9935074 0.99525976 0.9969701 0.9962013 0.9957978 0.9964535 0.99724275 0.99629736 0.9944452 0.9961422 0.9959337 0.9980662 0.99709237 0.9959657 0.99600005 0.99491787 0.99684536 0.9971094 0.9966202 0.9947261 0.9948791 0.995202 0.9939208 0.9939537 0.9938004 0.9946414 0.9944291 0.99266946 0.99551195 0.9944228 0.99376756 0.9959382 0.9957329 0.99431306 0.9955291 0.9954669 0.995485 0.9897123 0.9869897 0.982786 0.9859711 0.9874919 0.98635423 0.98395634 0.9808779 0.99587864 0.9961708 0.9978333 0.9982706 0.9977536 0.99838436 0.9976258 0.997556 0.9981364 0.9962115 0.9969115 0.99749404 0.9985267 0.99936634 0.9988847 0.9999999 0.9946828 0.98896706 0.9892273 0.9863619 0.98869324 0.9908845 0.9902004 0.99018365 0.98873866 0.9922439 0.9881769 0.98542905 0.99042934 0.9859863 0.9883623 0.9901096 0.9841794 0.9844218 0.9866657 0.9877528 0.98992896 0.9850626 0.98094445 0.983096
VeselinovicxJankoM_SRP18891JankoVBorci-L2_1 0.9901697 0.9922573 0.993028 0.99326664 0.9938328 0.98833203 0.9852978 0.981518 0.9959128 0.9959867 0.99717355 0.9956944 0.9967983 0.99720955 0.99539125 0.99541116 0.9943162 0.9933531 0.9937875 0.99709404 0.99693274 0.9971148 0.99116874 0.9929412 0.9933429 0.9944758 0.9946397 0.9948882 0.99434364 0.9955767 0.99508846 0.99451995 0.99567527 0.9909932 0.9894225 0.99070543 0.9896227 0.9908981 0.99358296 0.99456644 0.99553716 0.9957925 0.9932757 0.99521863 0.98979694 0.9915367 0.9954686 0.9969817 0.9966552 0.9970287 0.99695754 0.9962815 0.99573565 0.9925934 0.99162745 0.99182284 0.98999274 0.98272043 0.9877399 0.99311084 0.9925226 0.98994344 0.99255836 0.99097276 0.9841153 0.98565197 0.99433446 0.9926932 0.9942099 0.9936485 0.9939606 0.9889264 0.9911356 0.9955727 0.99393964 0.99626684 0.9901568 0.98956835 0.9934789 0.99473387 0.99034446 0.9928563 0.9921805 0.9959633 0.994061 0.99544656 0.99642676 0.99587625 0.9969278 0.9930316 0.9951099 0.99685097 0.99131656 0.9908319 0.9913786 0.9931949 0.99015087 0.993153 0.9909349 0.9924316 0.9886864 0.9917297 0.9931857 0.99668527 0.99645287 0.9950227 0.9958117 0.9963712 0.9960852 0.9962394 0.99681175 0.9960805 0.99591 0.99576575 0.99529254 0.99559075 0.99487853 0.99391115 0.9927042 0.99284285 0.9928652 0.9925648 0.99398 0.99436486 0.99474996 0.9926078 0.9956678 0.9919681 0.9884583 0.99159825 0.9925074 0.99214166 0.99509 0.9951173 0.99377793 0.99273133 0.99142426 0.9915639 0.99258804 0.9915753 0.9931411 0.9893726 0.99172795 0.99497837 0.99574375 0.99667704 0.9916048 0.9898512 0.99258876 0.9933981 0.98575485 0.9851738 0.9844847 0.9799422 0.99580526 0.99605954 0.9964851 0.9951179 0.99431026 0.9956852 0.9967843 0.9959723 0.9960648 0.9953296 0.9966419 0.99703074 0.9958355 0.99754524 0.9950595 0.997636 0.99727666 0.99737847 0.9974793 0.99764067 0.9968087 0.9965976 0.9960681 0.9961589 0.99526757 0.99690837 0.99789596 0.99788153 0.99813014 0.9966574 0.99665976 0.9955888 0.9961547 0.99662954 0.9973994 0.9958101 0.99595046 0.9958916 0.9965531 0.9963185 0.9965524 0.99583167 0.99490154 0.9935067 0.9916777 0.9955151 0.9921267 0.99503064 0.99497056 0.9922156 0.9920109 0.99390155 0.99348855 0.9960996 0.99125445 0.9880879 0.9896543 0.9957598 0.9938995 0.9912243 0.994003 0.9948957 0.99282503 0.99301493 0.9950057 0.99109423 0.99154747 0.9899263 0.988792 0.99206585 0.995071 0.99284446 0.99761164 0.99439806 0.99311054 0.9909441 0.99299335 0.979127 0.984617 0.99607724 0.9931128 0.9897547 0.99252003 0.9936251 0.9864452 0.99054 0.99651104 0.99588263 0.99211186 0.9949596 0.99534345 0.9920815 0.993288 0.9878875 0.9898296 0.9822043 0.991742 0.99370414 0.9918113 0.9876612 0.9841522 0.9901462 0.9914681 0.9911713 0.98993456 0.987616 0.99041265 0.9899282 0.99110144 0.9878859 0.9914135 0.9945192 0.99419105 0.9913451 0.98819894 0.99559027 0.99600834 0.9945622 0.9938488 0.99620265 0.9927674 0.99418885 0.98903424 0.99179345 0.9917519 0.99449825 0.9939265 0.9885794 0.98708385 0.99436945 0.9912639 0.9881604 0.9850826 0.9884714 0.9895819 0.98812383 0.9888352 0.99170476 0.9908798 0.9933292 0.98870265 0.99140114 0.9909735 0.9929659 0.992404 0.9908472 0.98940015 0.9952735 0.996922 0.99452156 0.99707204 0.99611706 0.99704444 0.9951312 0.98974544 0.9897449 0.99056685 0.9940868 0.99571717 0.99462634 0.99197954 0.9950196 0.99264574 0.99449295 0.9942664 0.993633 0.996387 0.9956546 0.9963221 0.996043 0.9953726 0.99483544 0.9947072 0.9955933 0.99650574 0.9959649 0.9957707 0.98802173 0.98763084 0.9859419 0.9968679 0.99695647 0.9956346 0.99428236 0.99656 0.9968037 0.9961057 0.9964487 0.99589056 0.9963929 0.99217474 0.99579585 0.9959738 0.9962396 0.9923878 0.9950433 0.9922536 0.9919099 0.99294543 0.9939936 0.99412566 0.9943927 0.99029833 0.9908452 0.9912321 0.9935814 0.99419427 0.99205 0.99379766 0.99250674 0.9927211 0.990096 0.9899694 0.9911334 0.992708 0.9930209 0.99304324 0.9933678 0.9953724 0.9958742 0.9947264 0.9953536 0.9955154 0.99552363 0.99481285 0.9940978 0.9947833 0.9939682 0.9948902 0.99657524 0.99534243 0.99326164 0.99298763 0.9947459 0.9936196 0.99255425 0.9945694 0.9951726 0.9944515 0.9938826 0.99771273 0.99790436 0.99733335 0.99761516 0.9979754 0.99517655 0.99131554 0.9893842 0.98846537 0.98974085 0.9903085 0.990706 0.98982465 0.9906613 0.99027056 0.9958976 0.99450904 0.99453425 0.9940704 0.9964996 0.9941021 0.99341965 0.99410075 0.995805 0.99462295 0.9955221 0.9955197 0.9962634 0.9911127 0.9918863 0.9942957 0.9857389 0.98589593 0.98588365 0.99730843 0.9948751 0.9943268 0.99639076 0.9955069 0.99291605 0.99367106 0.99421847 0.9946985 0.9970052 0.9909127 0.99220157 0.9936434 0.9944194 0.99389654 0.99536663 0.9945456 0.9936688 0.9945841 0.9950679 0.9958333 0.9941278 0.99590915 0.9935054 0.99359214 0.9948476 0.9907361 0.99674004 0.995287 0.9927201 0.9939021 0.9920967 0.9908619 0.9943978 0.9958974 0.99365574 0.9936405 0.9939789 0.99284655 0.9887239 0.9941381 0.9929269 0.9960625 0.99490875 0.9912209 0.99544543 0.9962564 0.9971188 0.99542356 0.9953657 0.9954325 0.99275416 0.99331844 0.9928657 0.98860484 0.9918481 0.9937128 0.99228656 0.98926777 0.99517435 0.9962411 0.9965532 0.99665123 0.99643 0.9960321 0.9967084 0.9954802 0.9968126 0.99434334 0.99249893 0.98913693 0.9911158 0.9943719 0.9929216 0.9905082 0.98836005 0.9885661 0.9891619 0.9916378 0.99395853 0.99542254 0.9943708 0.991862 0.99375844 0.9936505 0.9900942 0.989785 0.9905611 0.99224144 0.9949137 0.9955109 0.9946828 1.0000001 0.9972421 0.9966106 0.9944608 0.99687254 0.99788463 0.9977689 0.99786997 0.9971071 0.99794453 0.9963249 0.99445796 0.9966781 0.99522716 0.9966902 0.9970151 0.99433345 0.9943629 0.99594986 0.99629503 0.9967293 0.98455614 0.9819609 0.9845451
VeselinovicxJankoM_SRP18891JankoVBorci-L2_2 0.9877943 0.98715293 0.98973495 0.99176383 0.99166155 0.9830334 0.9803172 0.9762 0.9913888 0.99313813 0.9945164 0.9911161 0.9949119 0.9957716 0.99201703 0.99343777 0.99190617 0.990173 0.98953485 0.99410343 0.9962229 0.9959005 0.9851508 0.98806834 0.9893877 0.9929551 0.99185497 0.9940368 0.9915002 0.99439156 0.99357325 0.9907083 0.99415755 0.99171716 0.99138844 0.98569274 0.984538 0.9884399 0.9882818 0.9893422 0.99169123 0.9935312 0.9888426 0.99317586 0.9842526 0.9858913 0.9919414 0.9934442 0.992933 0.9956836 0.99305856 0.99288476 0.9937083 0.9895087 0.9884106 0.9877534 0.98533255 0.9781025 0.98442006 0.9907356 0.99022037 0.986215 0.988431 0.98718405 0.97911394 0.98021924 0.9910264 0.98848534 0.99127567 0.987414 0.98774236 0.98154545 0.9862848 0.9921241 0.9899615 0.9937956 0.98440313 0.98437786 0.9892967 0.99014604 0.9852389 0.99019927 0.9880687 0.99310696 0.9908355 0.9925134 0.99498975 0.9928694 0.9942137 0.98934853 0.9910538 0.9972931 0.9872602 0.987363 0.9877731 0.9899153 0.9869131 0.98993456 0.98688465 0.9904234 0.9854403 0.98949015 0.9911264 0.9937774 0.9958095 0.98978674 0.99457586 0.994445 0.99188846 0.9931233 0.9929831 0.99342555 0.9931393 0.9930589 0.9912355 0.9941358 0.9890264 0.9872809 0.98621523 0.9865068 0.987276 0.98743457 0.989896 0.9898843 0.99038744 0.9871275 0.9934902 0.9864523 0.9821737 0.9858965 0.98775804 0.9868178 0.9910999 0.9910262 0.9893123 0.9923269 0.9884783 0.9882856 0.99019146 0.98716456 0.99007607 0.9863534 0.9879018 0.9899366 0.9905348 0.9924067 0.9850085 0.9830892 0.9871677 0.987664 0.9782881 0.977135 0.9774045 0.9715409 0.99100924 0.991548 0.9930577 0.9944178 0.9941602 0.99331456 0.9956274 0.99427176 0.9949737 0.99289924 0.9945297 0.99702185 0.99492645 0.9957604 0.99316907 0.99498165 0.9957566 0.997951 0.99645007 0.9969512 0.9971118 0.99672246 0.9944106 0.99602157 0.99574184 0.9929781 0.99524575 0.996837 0.99622846 0.99491686 0.9947113 0.99462163 0.9924386 0.99403876 0.994207 0.99346393 0.99506027 0.99320257 0.9969666 0.9946692 0.9963158 0.9924912 0.9900793 0.98738015 0.985661 0.9913345 0.98803365 0.99204236 0.9915105 0.9892561 0.98655003 0.9891195 0.989648 0.99224544 0.986807 0.9835551 0.98593235 0.9935309 0.9906028 0.9869791 0.9910263 0.9938025 0.9898871 0.9914668 0.99389917 0.98798895 0.98910505 0.9899963 0.9890794 0.9916789 0.9930673 0.990439 0.9958133 0.99138975 0.9903135 0.9870972 0.9913831 0.9693696 0.97582066 0.9907934 0.9876907 0.9816971 0.98573685 0.9901416 0.9772322 0.98409396 0.9930155 0.99542636 0.9931598 0.9933346 0.99276835 0.98530006 0.9875972 0.9825952 0.9833233 0.9738213 0.98726845 0.9896407 0.9870513 0.98218143 0.9765964 0.98374593 0.9860641 0.9863817 0.9836527 0.9816507 0.9837732 0.9839968 0.986171 0.98108757 0.98545843 0.9891828 0.9894676 0.9867177 0.9829414 0.99274373 0.9938393 0.990938 0.98871 0.9925731 0.9869174 0.98996603 0.98273444 0.9862274 0.98596287 0.98963463 0.9891113 0.98272276 0.980227 0.9907138 0.98704404 0.98259443 0.9791892 0.9819314 0.98380077 0.98309094 0.9827772 0.9862835 0.9854839 0.9890526 0.9818216 0.98566425 0.98561007 0.9868063 0.98740107 0.98510027 0.9839911 0.9921345 0.99573505 0.99214524 0.99580115 0.99516815 0.99602765 0.9938153 0.9847487 0.9856197 0.98569214 0.9875666 0.9914808 0.98898846 0.9857014 0.99060863 0.9861262 0.9893766 0.9887187 0.98856413 0.99412364 0.9922385 0.99379146 0.9926824 0.99320364 0.993082 0.9925312 0.9914558 0.9925084 0.9919402 0.9917835 0.9853819 0.9863643 0.98492366 0.9952032 0.99658996 0.994256 0.9887032 0.99315804 0.9933172 0.9925872 0.99452585 0.9922943 0.9948948 0.9897584 0.991087 0.9920251 0.99159384 0.9869124 0.9917808 0.9881118 0.9885967 0.9876223 0.9892107 0.98946065 0.9908048 0.9850235 0.98643196 0.98715174 0.9967295 0.98818755 0.9852203 0.9892507 0.98675287 0.986984 0.9833763 0.9824442 0.98416555 0.98614264 0.9871744 0.98809135 0.9883338 0.9927809 0.99646586 0.9913155 0.9923073 0.9925771 0.9950131 0.99350226 0.9967319 0.99200416 0.99665964 0.99712855 0.99521554 0.9970479 0.99665505 0.99613845 0.99713075 0.9890656 0.9936166 0.99128854 0.9952775 0.9913172 0.9906989 0.99741936 0.9964919 0.996396 0.99780303 0.9963289 0.9931012 0.984184 0.9819538 0.98118156 0.98260206 0.98457146 0.9838336 0.98321784 0.9859571 0.9843117 0.9929677 0.99266285 0.9927912 0.9904211 0.99434984 0.9910693 0.99006075 0.9925934 0.99290204 0.9912707 0.9926711 0.99118286 0.99277985 0.9844408 0.98652786 0.9888189 0.9800521 0.9803304 0.97975755 0.9952202 0.9907352 0.990304 0.9927871 0.991597 0.98955935 0.9897354 0.99007833 0.9908689 0.9956293 0.9855091 0.98581356 0.9885395 0.99069536 0.98998076 0.99304926 0.98796785 0.9874747 0.9879995 0.98977184 0.990304 0.9877518 0.9910987 0.9865888 0.986837 0.9892676 0.9827661 0.9943226 0.9927869 0.9892035 0.9901145 0.9881821 0.98457766 0.9897309 0.9928431 0.9895267 0.98879635 0.98938507 0.98762304 0.98200846 0.9889245 0.98717034 0.99112403 0.99132764 0.98557955 0.99187326 0.99261796 0.99373716 0.99189293 0.99112064 0.9928329 0.9885207 0.98938406 0.9884677 0.9838091 0.98790747 0.9901084 0.9875626 0.98301536 0.98930186 0.99223244 0.9939326 0.9923327 0.9926209 0.99337053 0.9924395 0.9914441 0.9926882 0.99176484 0.98941034 0.98771477 0.9883649 0.9943881 0.991745 0.9887473 0.9859597 0.98008865 0.98105186 0.9844327 0.98824155 0.9911688 0.98835343 0.98510605 0.9884116 0.98792255 0.9818473 0.9810378 0.9821505 0.9847662 0.9886951 0.98960245 0.98896706 0.9972421 0.9999998 0.99852777 0.99804014 0.9974036 0.9979763 0.99827576 0.99789345 0.99881893 0.9969752 0.9971335 0.99673474 0.99777 0.9962575 0.9975201 0.99844503 0.9976678 0.99766564 0.9979565 0.9982418 0.99709237 0.9793691 0.9778916 0.98132247
VeselinovicxJankoM_SRP18891JankoVBorci-L2_3 0.9840902 0.98491555 0.9875147 0.9897241 0.9896989 0.9793823 0.97649586 0.9714802 0.99116296 0.9921327 0.9934024 0.98973626 0.9940482 0.9949875 0.9895864 0.9917225 0.98897946 0.9873162 0.98676276 0.9926859 0.9951571 0.9944238 0.9840872 0.98717904 0.98835254 0.9927818 0.99058944 0.994241 0.9901146 0.99313325 0.9920879 0.9893799 0.99259144 0.9897713 0.98902607 0.9833347 0.9822318 0.98592377 0.9873127 0.98843855 0.9908677 0.99313533 0.98751885 0.9923316 0.9825214 0.98456275 0.99112785 0.9925297 0.99233836 0.99432516 0.9916303 0.9908727 0.99155307 0.98687154 0.9857153 0.98545074 0.9826974 0.97470033 0.98128814 0.98786384 0.98686486 0.98386157 0.9863093 0.9846911 0.97545344 0.9768916 0.9888102 0.98617935 0.98911446 0.98674303 0.9851702 0.9797608 0.9838783 0.9904279 0.9876505 0.9922206 0.98204243 0.9814101 0.98698664 0.9891754 0.98252743 0.9878603 0.9858686 0.99363995 0.9912366 0.9925634 0.99498457 0.9924733 0.9938446 0.98836887 0.99021447 0.99466264 0.9838379 0.98362565 0.9845542 0.9867221 0.9835774 0.98797023 0.9838494 0.9874127 0.98148024 0.9855507 0.987542 0.9927907 0.99492395 0.98760355 0.99338424 0.9935413 0.9903061 0.9919393 0.99229276 0.992585 0.99201596 0.99139214 0.99005187 0.9929757 0.98682994 0.9864242 0.9843084 0.9848922 0.9857228 0.98556274 0.9874774 0.9884987 0.98936516 0.98547 0.9914092 0.9851748 0.9793788 0.98350495 0.985603 0.9847678 0.9897405 0.9893321 0.9869026 0.9890927 0.9854389 0.9850558 0.9877363 0.9873706 0.9904285 0.98695624 0.9882334 0.9888088 0.9898035 0.99136746 0.982686 0.98084134 0.9851612 0.98605525 0.9750333 0.9739259 0.972882 0.96775687 0.9890796 0.9901996 0.99171114 0.99257576 0.99210674 0.99272466 0.9943654 0.99331737 0.9942294 0.99182147 0.993476 0.9954565 0.9932177 0.99413264 0.990675 0.9932871 0.9936482 0.99738634 0.9958504 0.9967795 0.99746984 0.9961373 0.99134827 0.99317473 0.9929187 0.99107987 0.9936966 0.9956553 0.9952824 0.995131 0.99505705 0.9948755 0.9907719 0.99238485 0.9929368 0.9913583 0.9931985 0.9915962 0.995621 0.99272895 0.99449503 0.9909513 0.98826844 0.9855196 0.9836736 0.9894344 0.9860305 0.99055916 0.9902368 0.9871569 0.9844545 0.9879974 0.9886262 0.99129695 0.9855487 0.9821825 0.98467904 0.992793 0.9888696 0.9846126 0.9888895 0.992637 0.9880631 0.9896379 0.9925916 0.98476833 0.9861344 0.9857846 0.9846773 0.98836577 0.9902924 0.9869534 0.9952257 0.98860127 0.9869659 0.9835379 0.9884539 0.96754456 0.9745433 0.9887228 0.9852593 0.979213 0.98356736 0.98709154 0.97481966 0.98160774 0.9913458 0.996551 0.9956907 0.9947835 0.99368227 0.9833232 0.98507786 0.9801839 0.9812879 0.9716066 0.9858425 0.9886657 0.98551357 0.9798224 0.9734637 0.9814743 0.9837041 0.98348176 0.98070616 0.9794095 0.9823113 0.98201483 0.9835608 0.9779282 0.98335004 0.9873011 0.9872545 0.9842953 0.97996825 0.98977154 0.99115777 0.9880677 0.9867159 0.9907398 0.9845595 0.98739237 0.9806783 0.98446876 0.9853039 0.9888913 0.9879564 0.98015606 0.9778718 0.9881231 0.98565054 0.9797569 0.97591025 0.97938114 0.9814994 0.98012894 0.98054683 0.9837042 0.98362374 0.98652256 0.9792244 0.98319197 0.9829397 0.9850547 0.9850265 0.9823128 0.9807511 0.99207556 0.99575 0.99153334 0.99614716 0.9955938 0.99636537 0.9933825 0.9819407 0.98239315 0.9825112 0.98678726 0.9905514 0.9877637 0.98391765 0.9891891 0.9840714 0.9874306 0.98702437 0.9862025 0.992123 0.99043226 0.9920431 0.99200743 0.9927936 0.99297273 0.9922939 0.9898859 0.9906975 0.99051756 0.9903403 0.9833872 0.9850638 0.98301244 0.9951626 0.9973231 0.99532545 0.98654246 0.99150497 0.9918812 0.99059707 0.9925508 0.9908541 0.9932961 0.98829377 0.9893303 0.9909242 0.9904854 0.9858227 0.99050903 0.98674536 0.98767906 0.986029 0.9869857 0.98644376 0.9882367 0.9820671 0.9832616 0.9849292 0.99689084 0.9875579 0.98415655 0.9882461 0.9855379 0.98597765 0.98260546 0.98224217 0.984304 0.98614436 0.986575 0.9876741 0.98794866 0.98975676 0.99370664 0.9889818 0.98973846 0.9904649 0.9931417 0.991461 0.9945202 0.98956436 0.9937679 0.99449694 0.9929722 0.99457717 0.99498236 0.9934001 0.9950111 0.98629045 0.9909824 0.98891866 0.9933993 0.98876864 0.9878711 0.9972028 0.996223 0.99616724 0.9970334 0.99560815 0.99307835 0.98347193 0.98007 0.9806641 0.98154503 0.98376477 0.9828542 0.98231983 0.98460853 0.9831134 0.9906342 0.98938626 0.99067056 0.9886805 0.9930888 0.9880064 0.9874669 0.99028784 0.99137574 0.9893773 0.9909013 0.989223 0.99145067 0.98256165 0.984185 0.9873815 0.9771567 0.97734094 0.976986 0.99459225 0.9890214 0.9886606 0.9910471 0.98978 0.98729336 0.9882953 0.98855877 0.98957455 0.9955959 0.98339283 0.9853072 0.9878834 0.98929447 0.9884557 0.99268997 0.98818874 0.98742205 0.9880512 0.9910395 0.9903345 0.9876336 0.99133545 0.9857883 0.9865987 0.98898304 0.98151445 0.9927836 0.9904364 0.98643863 0.9876528 0.9855913 0.9829949 0.9884185 0.9906666 0.98743737 0.9878081 0.9875222 0.98582685 0.9788394 0.9872453 0.9848889 0.99085814 0.99016434 0.9832674 0.9893928 0.9914274 0.9926863 0.9902174 0.9895503 0.99061525 0.98596215 0.98682725 0.9857943 0.98057336 0.98466825 0.9879777 0.98449624 0.98017234 0.9878874 0.99026513 0.99272144 0.9911533 0.99085385 0.9915884 0.9914645 0.9894689 0.99168426 0.9896376 0.98652905 0.9841363 0.98510164 0.99225223 0.9888036 0.98519325 0.9825293 0.9788294 0.98053867 0.9839653 0.9880106 0.9911982 0.9881157 0.9845116 0.9872907 0.98766583 0.9805264 0.9799415 0.98130417 0.9841864 0.9888914 0.9898661 0.9892273 0.9966106 0.99852777 1.0000002 0.99910927 0.9974544 0.99742234 0.99798 0.99767625 0.99887145 0.9960963 0.99612904 0.99654746 0.9973541 0.9953465 0.9971949 0.9983643 0.99669534 0.997506 0.997537 0.99783224 0.99600273 0.9747251 0.97288334 0.97672117
VeselinovicxJankoM_SRP18891JankoVBorci-L2_4 0.97971374 0.9803238 0.9832454 0.98638654 0.98614746 0.9748849 0.9717655 0.96672827 0.9877184 0.98839194 0.9901127 0.98578376 0.9914797 0.9926385 0.9857707 0.9879379 0.98499167 0.98275095 0.98221207 0.98945993 0.99285156 0.99180007 0.9789787 0.98226565 0.9837896 0.989117 0.9865463 0.99081814 0.9864121 0.9903688 0.9888965 0.98558766 0.98982847 0.9863132 0.985921 0.97793394 0.9764245 0.98123795 0.982455 0.9837371 0.98679817 0.98982674 0.9830504 0.9885082 0.9766256 0.97915566 0.98701966 0.9889491 0.9888173 0.99153966 0.98879117 0.988455 0.9896395 0.98370016 0.9831966 0.9802098 0.9770849 0.9679198 0.9755409 0.9838582 0.98300576 0.9782674 0.9815891 0.9798861 0.9695582 0.9709462 0.98583966 0.98306596 0.986591 0.9825146 0.9811525 0.9750576 0.98069024 0.9879919 0.9847996 0.9897609 0.97796404 0.97781205 0.98353624 0.98599386 0.979118 0.98371375 0.9809896 0.99073416 0.9879097 0.9894954 0.99246293 0.9893228 0.99090225 0.9845238 0.98655766 0.9922728 0.980141 0.9805409 0.9817037 0.9836878 0.9806792 0.98506063 0.9808861 0.9850922 0.9784613 0.98275715 0.98515105 0.9909369 0.99344677 0.9838112 0.9913459 0.9915246 0.98754495 0.9897188 0.98995316 0.9902576 0.98939425 0.98862517 0.98693454 0.99066406 0.98352337 0.98287 0.98095846 0.98146766 0.98249507 0.9830715 0.98418736 0.9852494 0.98584855 0.9816543 0.98867023 0.9810983 0.97419196 0.9790975 0.98129886 0.98035866 0.9860449 0.98568976 0.9835103 0.9852838 0.98041475 0.9800321 0.98288894 0.98368555 0.98748577 0.98408884 0.9849977 0.98505855 0.98679286 0.9887987 0.9785279 0.9765262 0.98149997 0.9826215 0.96876097 0.96865946 0.96841073 0.96214396 0.9854866 0.9863167 0.98818886 0.98980373 0.98980474 0.9904032 0.9917954 0.991615 0.9917877 0.98931396 0.99099624 0.99347144 0.99010366 0.9914629 0.98762244 0.99075603 0.9912696 0.99595773 0.99407244 0.99478996 0.99589604 0.99419206 0.9886166 0.9907396 0.99044347 0.98756635 0.9911841 0.99318147 0.9926272 0.9929737 0.9933217 0.9941488 0.9869936 0.98917466 0.99030954 0.9880327 0.9903254 0.98904467 0.99378276 0.9901171 0.99215746 0.98771644 0.9846833 0.9812862 0.979686 0.98623306 0.9828279 0.9880308 0.9872071 0.9840286 0.9801865 0.98500323 0.98554367 0.9890374 0.9823883 0.9788521 0.9816023 0.99040353 0.98504794 0.9803139 0.98519707 0.9894819 0.98422194 0.985866 0.9897956 0.9805515 0.9819638 0.9828249 0.9817474 0.9853119 0.987132 0.9835025 0.99269927 0.98492324 0.98347616 0.97979856 0.9849511 0.9602021 0.9678831 0.98496526 0.98104435 0.9741665 0.9791987 0.9841169 0.96965545 0.9769022 0.988313 0.99475044 0.99511445 0.99272645 0.9913211 0.9790032 0.9813352 0.9750758 0.9768246 0.9670804 0.9817841 0.9848849 0.98081297 0.9756195 0.9686337 0.9773046 0.9797355 0.97899705 0.9762956 0.975795 0.97835875 0.9783555 0.98108554 0.9746518 0.9800819 0.9845425 0.9846466 0.9817886 0.97733706 0.9865749 0.9885287 0.9844491 0.98294336 0.98758113 0.9810966 0.9841704 0.9757207 0.9797774 0.98054063 0.98468024 0.9836224 0.9757736 0.9730751 0.98471427 0.9810523 0.97574794 0.9724323 0.97499734 0.9776281 0.9769105 0.97540766 0.9798868 0.97924125 0.98252714 0.9749286 0.97915757 0.97902936 0.9807254 0.98126894 0.978923 0.97735655 0.9901267 0.9951357 0.9900245 0.9950391 0.9946104 0.9954951 0.9925587 0.97663105 0.977142 0.97796 0.98296213 0.98719233 0.9835455 0.97928625 0.9853047 0.98005474 0.9837718 0.98274773 0.9816686 0.98922956 0.98689455 0.98922604 0.98849064 0.9891733 0.9898907 0.9888988 0.98615575 0.98759586 0.9869802 0.9867196 0.9784296 0.98044086 0.97818273 0.99301606 0.9960573 0.99372363 0.98230547 0.9882478 0.98856914 0.9873914 0.989312 0.9868124 0.9901223 0.9839006 0.9850859 0.9870231 0.9864224 0.9805072 0.9866113 0.981976 0.98286253 0.98084587 0.9822504 0.9821169 0.98415715 0.9768755 0.9783856 0.9800103 0.99611163 0.98352283 0.9796585 0.98411596 0.9815636 0.9819931 0.9774781 0.97819215 0.98057765 0.98254865 0.9828576 0.98383486 0.9835619 0.98611206 0.99104416 0.9849798 0.9858203 0.98689365 0.9898377 0.98748314 0.99229145 0.98520017 0.991493 0.9922925 0.9901358 0.99243385 0.9937113 0.9913977 0.9933153 0.9817225 0.98758006 0.9845155 0.9901565 0.98458314 0.98359454 0.99548095 0.9948921 0.9951655 0.99605966 0.9931418 0.9893685 0.97774416 0.9748546 0.97489774 0.9760398 0.97830003 0.97769684 0.976593 0.9792514 0.9774318 0.9874915 0.9870113 0.98820573 0.9849455 0.9910132 0.9856885 0.98525643 0.98891824 0.9894708 0.98657465 0.98851967 0.9860241 0.98867047 0.978527 0.9808259 0.98439467 0.97325623 0.97423416 0.97389096 0.99269557 0.9866298 0.9859099 0.9885934 0.98674494 0.9843239 0.98521847 0.985818 0.9862154 0.9935637 0.97957796 0.9815558 0.9845958 0.9864847 0.985763 0.990332 0.98491085 0.984634 0.98433924 0.9876423 0.9869852 0.9836636 0.988353 0.9819641 0.98333263 0.9858534 0.9772291 0.99025756 0.98814654 0.98368 0.9848856 0.9822615 0.9788673 0.98580223 0.9878814 0.9834833 0.9839028 0.9842137 0.9818571 0.975026 0.9836082 0.98129874 0.987351 0.9872346 0.97930896 0.9865249 0.98765886 0.99003685 0.9876622 0.98607546 0.98757726 0.9820244 0.98316485 0.9816034 0.9772269 0.98160714 0.98418695 0.98158437 0.9760074 0.98398167 0.9871131 0.9903961 0.9883645 0.9880113 0.98916006 0.98844 0.9863472 0.9883832 0.9856589 0.982106 0.97971714 0.98069257 0.98924994 0.9852942 0.980898 0.9777212 0.97467536 0.976054 0.9799199 0.9845067 0.98839724 0.9848254 0.9805142 0.98381007 0.9840344 0.9761212 0.9753899 0.9769621 0.98029447 0.9856829 0.9867187 0.9863619 0.9944608 0.99804014 0.99910927 0.99999964 0.99538934 0.99564976 0.9962058 0.9959829 0.9977229 0.9937833 0.99436104 0.9953515 0.99623954 0.9934574 0.9957618 0.9975755 0.996297 0.9973927 0.9968828 0.9971498 0.9942302 0.96935123 0.96725965 0.97188145
VeselinovicxJankoM_SRP18932JankoVSeljanka-L2_1 0.987856 0.9884199 0.9905932 0.9915577 0.99270445 0.98307145 0.9804726 0.9740587 0.99341476 0.9957775 0.996121 0.9934317 0.995944 0.99663496 0.99415183 0.995923 0.9940489 0.9927914 0.99207026 0.9954336 0.99753064 0.99676234 0.98823017 0.9910518 0.9917009 0.9943999 0.99362737 0.99563 0.9941484 0.9964036 0.9952271 0.9936778 0.99594367 0.99438 0.99314064 0.98963463 0.9887436 0.99162585 0.9913155 0.99189264 0.9940774 0.99532783 0.9909364 0.99485695 0.9880561 0.9898829 0.99457496 0.99478835 0.99510694 0.9958139 0.99338084 0.9919347 0.99147695 0.9871465 0.9853675 0.9898853 0.98731494 0.9817058 0.98652357 0.9917674 0.99026775 0.98917454 0.9902865 0.9885096 0.98153937 0.98281395 0.9901194 0.9882027 0.9900681 0.9887593 0.98850125 0.98262197 0.9858052 0.99234045 0.98966503 0.99416345 0.9864841 0.98545367 0.98922974 0.9914118 0.9863403 0.9898666 0.9889355 0.99259365 0.99032074 0.9921075 0.9944054 0.9924144 0.9945462 0.98833054 0.9906622 0.99698573 0.98700154 0.987159 0.9877014 0.9885471 0.98464894 0.9887967 0.98570025 0.98829186 0.98484755 0.9890449 0.99010897 0.9931376 0.9945265 0.9889394 0.9927639 0.9929466 0.9914873 0.9915875 0.99245477 0.9920081 0.99175644 0.9923383 0.9904885 0.9921211 0.9893812 0.9887386 0.98695874 0.98710537 0.9880534 0.9867046 0.99123216 0.9918389 0.992038 0.98848844 0.99345 0.98848706 0.98431844 0.9874776 0.9894413 0.988622 0.9923356 0.99190944 0.9898322 0.99362034 0.9900803 0.9894437 0.99172723 0.98596156 0.9885864 0.98380977 0.98646384 0.990624 0.99154884 0.99342364 0.98503786 0.9836949 0.9866915 0.9880377 0.9811404 0.978518 0.97696424 0.97269225 0.9927089 0.99415004 0.9950167 0.9934627 0.9927596 0.9919358 0.9941172 0.99247104 0.993972 0.9917474 0.9935421 0.99556845 0.9947161 0.9957833 0.99216676 0.9943895 0.99462515 0.9964377 0.9959469 0.9962285 0.99626493 0.9956244 0.99444276 0.9963513 0.9965873 0.99432653 0.9961549 0.9978473 0.9970665 0.9940637 0.99428654 0.9928494 0.99403185 0.99430394 0.99390334 0.9924887 0.996427 0.9950128 0.9976488 0.9957988 0.9970514 0.9944078 0.9924219 0.9881746 0.9848081 0.99019456 0.9857346 0.9905138 0.990551 0.98780173 0.9860916 0.98658335 0.9874213 0.99015087 0.9840987 0.98078936 0.9829611 0.99155045 0.9931256 0.9899176 0.9926105 0.9954857 0.9921198 0.9929469 0.99541956 0.9898363 0.99059725 0.98941076 0.98840505 0.9916232 0.993855 0.9911142 0.99478275 0.9921894 0.99021053 0.9874848 0.99184936 0.9745171 0.9797613 0.9920751 0.9879175 0.9822042 0.9860656 0.98766196 0.9784727 0.98349476 0.99312246 0.9944662 0.99133563 0.99223906 0.9918422 0.9849949 0.987348 0.9839016 0.98445106 0.9735978 0.9866518 0.9891174 0.9874399 0.98157 0.9780318 0.98391473 0.98696935 0.98662627 0.9841308 0.9823398 0.984684 0.98388565 0.98471594 0.98073053 0.98459345 0.9884294 0.98831695 0.9855856 0.9806241 0.9924454 0.9933476 0.99083674 0.9899828 0.9922587 0.98644465 0.9899193 0.9844444 0.98836184 0.9875889 0.9913313 0.98998636 0.98355883 0.9819445 0.99093133 0.9881114 0.9823617 0.97780436 0.98315775 0.9845388 0.98306185 0.9850391 0.9870471 0.9865705 0.9892242 0.98219925 0.98549664 0.98457724 0.9880362 0.9872392 0.9837517 0.9824201 0.9926043 0.99534893 0.99306446 0.99594194 0.9957727 0.9961788 0.99401474 0.987058 0.9872233 0.98575747 0.9895226 0.9935178 0.99091107 0.98724025 0.9920384 0.98616946 0.98975956 0.9908629 0.9908325 0.99419945 0.992736 0.99362403 0.99301374 0.9939994 0.9925685 0.9922535 0.9931469 0.99326 0.99372387 0.99365526 0.9856813 0.9873247 0.985107 0.993755 0.9952509 0.9925487 0.9905496 0.994076 0.9948125 0.99335676 0.9953111 0.99390566 0.9957133 0.99248374 0.9928167 0.9929833 0.9929071 0.99063146 0.9934864 0.9903536 0.9913084 0.9909434 0.9910566 0.99089384 0.99184877 0.9875638 0.9883281 0.98910624 0.99537647 0.9899286 0.9875062 0.99187875 0.9889334 0.98915696 0.9861759 0.9832419 0.98395026 0.98676413 0.9876454 0.98838973 0.9899136 0.9932602 0.99605715 0.9929275 0.99350244 0.99373186 0.99578136 0.99522555 0.9962672 0.9937472 0.99581075 0.99679136 0.99570954 0.9959657 0.9961964 0.99533963 0.9966596 0.9908124 0.99501526 0.99350667 0.9967956 0.9928051 0.99171257 0.99705434 0.9960668 0.99572855 0.9973194 0.99740314 0.99447453 0.9870969 0.9831023 0.9843639 0.986157 0.98751014 0.98693836 0.9870449 0.989102 0.9871413 0.99335706 0.9911875 0.99068314 0.9908454 0.99387187 0.98912114 0.988229 0.989706 0.9913803 0.99074495 0.99204814 0.9913551 0.9928543 0.98497134 0.9866278 0.9884363 0.9791673 0.9788344 0.9789697 0.9945096 0.989501 0.9893088 0.9922731 0.9915633 0.98951554 0.990051 0.9894716 0.99068916 0.9948317 0.9857458 0.9869767 0.98848957 0.98995227 0.9886287 0.99228656 0.9885762 0.98640704 0.9898094 0.99195397 0.9917962 0.9893245 0.99175835 0.9881105 0.9890941 0.9915345 0.9844397 0.99447066 0.99291295 0.9893761 0.9898577 0.98821276 0.98553497 0.989818 0.99196297 0.98954296 0.9900378 0.9883753 0.98786515 0.98103195 0.9897096 0.98751837 0.99193174 0.99003106 0.98517406 0.991223 0.9945312 0.99404037 0.99075943 0.9915535 0.9930158 0.9890869 0.98899746 0.9885377 0.9823179 0.98591256 0.98990434 0.98663586 0.98426056 0.9902621 0.9921648 0.9938493 0.9928646 0.99228984 0.9928774 0.99302423 0.99053246 0.9933838 0.99232656 0.99047625 0.9888808 0.9891944 0.99455863 0.9915674 0.9892829 0.9869404 0.980912 0.9831792 0.9858632 0.9892387 0.9909424 0.9885272 0.9857524 0.98823863 0.9886673 0.98345095 0.9821609 0.98358566 0.9854579 0.9893308 0.9911798 0.98869324 0.99687254 0.9974036 0.9974544 0.99538934 0.9999995 0.99929446 0.9988988 0.99912786 0.9987319 0.9972193 0.9977996 0.9970079 0.9972566 0.99645054 0.9980346 0.99786747 0.9956283 0.9966655 0.9970259 0.99782914 0.9973425 0.9813967 0.9801299 0.9838858
VeselinovicxJankoM_SRP18932JankoVSeljanka-L2_2 0.9890751 0.98987186 0.99164027 0.99206924 0.9929685 0.9856438 0.98298174 0.9777325 0.9942196 0.9959944 0.9967282 0.99433106 0.9963505 0.9969645 0.9947248 0.9957665 0.99437475 0.99306333 0.9928077 0.99618244 0.9976844 0.9972641 0.9888218 0.99134034 0.99184155 0.99413395 0.99387443 0.9952168 0.99414736 0.99622124 0.9950567 0.9938437 0.99618113 0.9935928 0.9922388 0.99003017 0.988864 0.9914398 0.9918139 0.99237525 0.99450445 0.99539363 0.99177843 0.9946911 0.98846143 0.99024856 0.9947028 0.99535954 0.9954472 0.9967133 0.9951828 0.9941296 0.99378043 0.9892556 0.9881839 0.9905455 0.98830926 0.98224413 0.9868866 0.9926952 0.991618 0.98941004 0.9912121 0.98972446 0.98290664 0.9841367 0.9920103 0.9902664 0.9923253 0.99023163 0.99061555 0.9846031 0.988751 0.99423707 0.9919165 0.99560493 0.9883914 0.98773396 0.9913658 0.9928721 0.98875475 0.9917915 0.9906089 0.99380016 0.9912152 0.99349445 0.9954039 0.9937179 0.99535596 0.9898927 0.99222714 0.9973758 0.989866 0.9896198 0.99028444 0.99130344 0.9878598 0.9913007 0.9886617 0.9909973 0.9877442 0.99148923 0.9924784 0.9950951 0.9957896 0.9911812 0.9938803 0.99427944 0.99319315 0.9934198 0.99404436 0.99351037 0.9934962 0.99392796 0.9924182 0.993577 0.9916569 0.9906024 0.9890083 0.9890628 0.9900878 0.9892867 0.9926254 0.9928757 0.99298865 0.9900273 0.99457943 0.9896656 0.9862203 0.98926187 0.9905694 0.98995745 0.9934149 0.99311215 0.99183375 0.99328023 0.9904452 0.990157 0.9919969 0.9876027 0.9897395 0.98524386 0.9878612 0.99277604 0.99349606 0.99511653 0.98752207 0.98623 0.9890599 0.99014926 0.9829915 0.9813846 0.98025197 0.97587687 0.9939017 0.9950826 0.99541855 0.9947444 0.99435085 0.99397177 0.9954205 0.99448925 0.99522656 0.9938962 0.99537206 0.99652785 0.99553144 0.9970058 0.9938881 0.996202 0.9962366 0.9972353 0.99673074 0.9969159 0.9966173 0.99608016 0.9958324 0.99702215 0.99698925 0.99538404 0.9968676 0.997916 0.9971484 0.99484986 0.99483895 0.9937556 0.99506617 0.9955297 0.99529713 0.9939221 0.9966994 0.99575865 0.9975014 0.9963962 0.99730796 0.99504566 0.99350584 0.9902087 0.98744947 0.9922199 0.9883776 0.9926934 0.9924343 0.9897158 0.988279 0.98929656 0.9895969 0.9923007 0.98699594 0.98380876 0.9857014 0.99338406 0.9933954 0.9905671 0.9931754 0.99507004 0.9923403 0.99285144 0.9953047 0.99055374 0.9911469 0.9900816 0.9891604 0.9919975 0.99475855 0.9924242 0.9958504 0.9934973 0.9917825 0.98955715 0.99271977 0.9753799 0.9805526 0.99338067 0.98990345 0.9848757 0.9881945 0.9899105 0.9815961 0.9857183 0.99419767 0.99460644 0.99147815 0.9928713 0.9928996 0.98747003 0.9895069 0.98579425 0.98634696 0.97694534 0.988427 0.99043393 0.9889561 0.9842278 0.98077565 0.9866455 0.9890215 0.9885255 0.98652875 0.9846111 0.9869654 0.98644847 0.9879681 0.98422 0.98773587 0.99102956 0.9909673 0.9885287 0.9843494 0.9939559 0.9948679 0.9925358 0.99152523 0.99373746 0.9892512 0.99215615 0.98630595 0.9894898 0.98836064 0.99232054 0.99131775 0.98577076 0.9841262 0.992392 0.9891036 0.98485386 0.9811686 0.9853303 0.98668057 0.9852517 0.9866037 0.98901457 0.9883915 0.9907796 0.9849494 0.98809457 0.9870564 0.9898792 0.9895168 0.9868769 0.98560447 0.99416274 0.99662364 0.9942464 0.99687713 0.99648017 0.99707437 0.9954915 0.98833996 0.98850244 0.98805785 0.9914477 0.9946453 0.99244535 0.98949826 0.9936348 0.9889647 0.9918112 0.99194 0.9918383 0.99541473 0.9939214 0.9949359 0.9938035 0.9941268 0.99282914 0.9926942 0.99387836 0.994403 0.99447274 0.99444675 0.9863765 0.98726135 0.9852398 0.99464345 0.9957277 0.9933028 0.9918251 0.9948113 0.9955435 0.99437046 0.9957006 0.9943892 0.9958965 0.9917703 0.9936241 0.9935566 0.9936341 0.99044883 0.9934432 0.9903696 0.9906227 0.9909666 0.9915954 0.9921134 0.99262536 0.9883658 0.98912835 0.98947114 0.9951604 0.9911435 0.9889275 0.99231166 0.9898585 0.9902419 0.9871967 0.98568434 0.98632145 0.98884416 0.9897524 0.9901432 0.9911304 0.99451745 0.99677205 0.99418956 0.9944961 0.9949438 0.9963841 0.99521625 0.99644774 0.9946908 0.9959464 0.99698704 0.99646246 0.9961977 0.995681 0.9951919 0.99662554 0.992021 0.9945572 0.9941597 0.99670243 0.99360114 0.9928301 0.99790776 0.99728715 0.9969534 0.99834275 0.99817497 0.99436414 0.9878208 0.9851953 0.98551446 0.987058 0.9878059 0.98798484 0.9875914 0.98929274 0.98769915 0.9943687 0.9930653 0.9925486 0.9923539 0.9952722 0.99170506 0.9911334 0.9922617 0.9935446 0.992596 0.99384296 0.99326944 0.99463254 0.98753124 0.9892881 0.9907741 0.98222935 0.98230517 0.98248607 0.99576855 0.9918014 0.99145395 0.99425036 0.9932255 0.9916202 0.99186337 0.9916756 0.9923316 0.99580663 0.9880548 0.9885738 0.9902597 0.99183315 0.9909469 0.99373615 0.9906525 0.98893636 0.991078 0.9923742 0.9927395 0.9903676 0.9928006 0.9895526 0.99008006 0.9922484 0.986246 0.995782 0.99443895 0.9912136 0.9918294 0.99024236 0.9877932 0.99196845 0.9938431 0.9911781 0.9914725 0.99063915 0.9896741 0.9839796 0.9909459 0.98958915 0.99321747 0.9920176 0.9876901 0.99296993 0.99511987 0.99527985 0.9927212 0.99296457 0.9940089 0.9909392 0.99070716 0.9900735 0.9855106 0.9886047 0.99138224 0.9891468 0.9865121 0.9918491 0.99348867 0.9946476 0.9941709 0.9938968 0.9943759 0.99403554 0.9923607 0.99446774 0.99290705 0.9910247 0.9893448 0.9898795 0.994652 0.9921465 0.9897404 0.9874313 0.983516 0.98499537 0.9876884 0.9907896 0.99222684 0.9903747 0.9876774 0.9900535 0.99009395 0.9858865 0.98478705 0.9859893 0.9877613 0.9912418 0.992867 0.9908845 0.99788463 0.9979763 0.99742234 0.99564976 0.99929446 0.9999998 0.9993638 0.99958014 0.99881536 0.99741685 0.9975789 0.99636763 0.99753946 0.99581784 0.9976395 0.9978427 0.9952779 0.99608076 0.99671066 0.99772155 0.9973035 0.9836432 0.98191595 0.98547614
VeselinovicxJankoM_SRP18932JankoVSeljanka-L2_3 0.989012 0.9892279 0.9912693 0.9928031 0.9932211 0.9843291 0.9814355 0.9762195 0.993557 0.9956424 0.9964366 0.9935388 0.99634343 0.99688727 0.993816 0.9954772 0.99371004 0.9922576 0.99178225 0.9956802 0.99732745 0.9970437 0.98786354 0.99079984 0.9913299 0.9940823 0.993409 0.99544895 0.9931978 0.99555147 0.9945442 0.99260676 0.9954446 0.99316585 0.9923416 0.98852485 0.98756456 0.9903023 0.99085677 0.9922187 0.9940852 0.9950648 0.9911648 0.99471045 0.9874179 0.9891726 0.99419826 0.9951098 0.99493635 0.9965649 0.99444526 0.99340105 0.9932766 0.98874074 0.98722637 0.9901007 0.9879708 0.9811488 0.98675215 0.9920964 0.99093425 0.9889902 0.99016875 0.98876786 0.98137087 0.9828305 0.9911754 0.98875445 0.99137264 0.9900592 0.9898735 0.98311394 0.98771095 0.99346685 0.9909777 0.9948969 0.98665625 0.9858558 0.9907126 0.99239707 0.9873237 0.99212825 0.9907572 0.9941924 0.9922828 0.99412537 0.99623555 0.9943579 0.9955996 0.99041224 0.99255687 0.9970888 0.988884 0.9882318 0.9887765 0.9910522 0.9873762 0.9913646 0.98776716 0.9904475 0.98610187 0.990407 0.99169827 0.9949598 0.9963056 0.9909534 0.9944453 0.99459857 0.9928125 0.9935185 0.99414885 0.9941764 0.99385303 0.9940126 0.99267006 0.99432117 0.99052393 0.9899388 0.98792106 0.9881725 0.9887942 0.9879595 0.9912631 0.99195236 0.9926494 0.9892354 0.99434584 0.9886023 0.9847019 0.9883703 0.99014777 0.98921317 0.9931965 0.9930167 0.990981 0.9926746 0.9898032 0.98954946 0.9915309 0.9885737 0.9910597 0.9869362 0.9892849 0.9918878 0.9924401 0.9943744 0.9865051 0.98503 0.98821807 0.98911804 0.98132855 0.9794717 0.9784603 0.9739912 0.9928421 0.99394685 0.9944464 0.9952459 0.99489397 0.99318403 0.99508524 0.99357885 0.9945911 0.99308395 0.99471927 0.9961922 0.99485624 0.99614537 0.9928857 0.9955953 0.9955733 0.99700093 0.99636877 0.9969711 0.9967108 0.9963678 0.994441 0.99613327 0.99633723 0.9944987 0.99627644 0.99764246 0.9971123 0.9952565 0.99518985 0.99432755 0.9941961 0.99514294 0.9950589 0.99378693 0.99558854 0.9943682 0.99686015 0.9951844 0.99679196 0.99413425 0.99227536 0.98937935 0.9870298 0.9919548 0.9882887 0.99273896 0.9925575 0.9900322 0.9878246 0.98936397 0.9899781 0.9927306 0.986903 0.9833826 0.9858618 0.994023 0.9923732 0.9888974 0.992189 0.99477774 0.991202 0.99255884 0.9946552 0.9892306 0.99010235 0.98944956 0.98843503 0.9914055 0.9937718 0.99102783 0.995945 0.9924726 0.990798 0.987821 0.9918524 0.97360927 0.97981614 0.9926421 0.9889569 0.98372567 0.9874789 0.9895855 0.9794972 0.9851627 0.993545 0.9947561 0.9915298 0.9928257 0.99249285 0.98666817 0.9885406 0.984499 0.98504025 0.97534055 0.98816097 0.9905168 0.98882186 0.98305166 0.97840166 0.98525274 0.9875184 0.9875745 0.98513836 0.98284113 0.98549604 0.98495686 0.98664075 0.9821865 0.98673743 0.9903447 0.9901875 0.98725957 0.983112 0.9937178 0.99429953 0.9920788 0.9904674 0.99353004 0.988378 0.9909231 0.9848377 0.988501 0.9884573 0.991908 0.99115676 0.98405975 0.9822923 0.9915964 0.9887671 0.98340636 0.9793469 0.9836273 0.9849532 0.98351604 0.9849963 0.9877539 0.9872158 0.99002475 0.9833991 0.9871216 0.9866515 0.9892843 0.9884771 0.9858089 0.9844876 0.9929391 0.99609905 0.9926599 0.99631506 0.9957488 0.9965987 0.9941554 0.9879956 0.98867345 0.98787427 0.9905231 0.9940625 0.9921279 0.9889584 0.99330103 0.9880369 0.9915968 0.99075544 0.99055827 0.9945102 0.99321985 0.9941801 0.99392223 0.99464726 0.99383587 0.99330926 0.99343026 0.9939963 0.9939307 0.9938568 0.9869183 0.987931 0.98609096 0.99544454 0.99655604 0.99468654 0.9906932 0.9944042 0.9952138 0.994114 0.9954634 0.994105 0.99589705 0.9913065 0.99285066 0.9935117 0.9934096 0.9897591 0.9931794 0.98994637 0.9905956 0.9900931 0.9909325 0.99094415 0.9918589 0.9870337 0.9881025 0.9884054 0.99555516 0.99063075 0.98802835 0.9918486 0.98929334 0.9895602 0.9865383 0.98474234 0.9860559 0.9882721 0.98913467 0.9897346 0.9906976 0.9938842 0.9967063 0.993333 0.9939018 0.9942453 0.9964518 0.9952062 0.99687546 0.9941678 0.9965167 0.996978 0.9957246 0.9965191 0.9960681 0.9954064 0.99661785 0.9908463 0.994391 0.9932312 0.99651676 0.9928692 0.99224716 0.99819064 0.9972394 0.9970304 0.99817383 0.9975462 0.9945566 0.9876291 0.98446405 0.9849768 0.9862118 0.98769796 0.9872138 0.98665583 0.98875415 0.9874495 0.9938029 0.99250555 0.99232876 0.9919938 0.9951094 0.9907843 0.9901032 0.9916504 0.9928011 0.99183494 0.99333495 0.99212563 0.99419653 0.98657346 0.98780876 0.9900405 0.9804271 0.98031056 0.98043287 0.9957591 0.9911272 0.99094397 0.9934067 0.99240065 0.9902244 0.9908219 0.9909745 0.9916924 0.9959132 0.9865654 0.9875061 0.98957783 0.9911057 0.9902228 0.9932182 0.9901915 0.989032 0.990479 0.9923315 0.99211586 0.9901969 0.992754 0.9885888 0.98918337 0.99134463 0.98495644 0.9947688 0.99341094 0.989733 0.9907177 0.98905873 0.9868117 0.9913653 0.99283785 0.99062943 0.99082184 0.98999923 0.98869985 0.9826425 0.9901176 0.98836386 0.99289626 0.99179924 0.9864368 0.99206215 0.9946914 0.99471635 0.99207664 0.99214196 0.99326384 0.9898466 0.9900424 0.9895918 0.98409504 0.98832095 0.9911779 0.9883916 0.98501974 0.9916781 0.993551 0.99494624 0.9940269 0.99364567 0.99410623 0.99407303 0.99224454 0.9945634 0.99296653 0.99058956 0.9887613 0.9894532 0.9946344 0.9920847 0.9894545 0.98692757 0.981851 0.9836088 0.9863781 0.98983467 0.9920777 0.98964894 0.98673004 0.9893615 0.9894352 0.9841612 0.9833873 0.9843873 0.9867621 0.990486 0.9917681 0.9902004 0.9977689 0.99827576 0.99798 0.9962058 0.9988988 0.9993638 0.99999964 0.9994657 0.9991935 0.9970051 0.996892 0.99601996 0.9970918 0.9958162 0.99730814 0.997874 0.99587566 0.99639964 0.99706006 0.997519 0.996718 0.98169756 0.980209 0.98333454
VeselinovicxJankoM_SRP18932JankoVSeljanka-L2_4 0.98779947 0.9887908 0.9908163 0.9917021 0.99237794 0.9844382 0.9816083 0.97576565 0.9940202 0.9956709 0.9964076 0.9937123 0.99628735 0.9968245 0.99420464 0.99531066 0.9936118 0.99223506 0.99195 0.9957572 0.99739724 0.9968403 0.98798335 0.99060786 0.9910728 0.99353546 0.99304795 0.99479634 0.99340373 0.9957707 0.9945159 0.9930877 0.99568844 0.9929474 0.99179316 0.9888892 0.98773944 0.9903662 0.99074817 0.9918973 0.9938435 0.9946551 0.9906558 0.9940104 0.98700404 0.9890185 0.9939256 0.99480844 0.99502516 0.9961458 0.99458516 0.9934261 0.99295783 0.98810834 0.98688954 0.98959774 0.98732424 0.98070604 0.9857737 0.9917634 0.99044997 0.98843026 0.98990345 0.9881657 0.981299 0.9825817 0.99077964 0.9888058 0.9912048 0.98979145 0.9899351 0.9834326 0.9878403 0.9938703 0.99125564 0.9951974 0.98742557 0.98662525 0.9906425 0.9924544 0.98794335 0.9907113 0.98965645 0.9934417 0.9911095 0.99335307 0.99533534 0.9935422 0.99521935 0.98909545 0.9917134 0.99685514 0.988938 0.9886228 0.9893636 0.9906877 0.98700553 0.99087125 0.98789746 0.9903217 0.9865344 0.990424 0.9916923 0.9949089 0.9955768 0.9906535 0.99343395 0.9939818 0.99286926 0.99317956 0.9939759 0.9934696 0.993004 0.99333096 0.9921476 0.9931389 0.9911003 0.9904357 0.98842335 0.98858416 0.9893604 0.98862493 0.9918859 0.99264216 0.99289846 0.98955065 0.99429435 0.9890906 0.98491794 0.98843807 0.98997724 0.98932314 0.99306357 0.99280524 0.99114347 0.99248517 0.9892906 0.9889462 0.9909482 0.98704255 0.98958725 0.9851109 0.98779947 0.99200463 0.993092 0.9949105 0.9864305 0.98501086 0.9880086 0.98943657 0.98135626 0.97977793 0.97855073 0.9740859 0.9932614 0.99434566 0.9946924 0.9942311 0.9938612 0.9932549 0.99475175 0.9938327 0.99440753 0.9931161 0.994759 0.9957389 0.9945935 0.99634475 0.992816 0.9958394 0.99575543 0.99695086 0.9966931 0.9968353 0.9966093 0.9959836 0.99484926 0.9962808 0.9962243 0.99475855 0.9964425 0.9975276 0.9969483 0.9945925 0.9950802 0.9941002 0.9945414 0.99507487 0.9951843 0.9931398 0.99596673 0.9952154 0.9971672 0.9956328 0.9967198 0.9944782 0.9929535 0.98933625 0.98643225 0.9913586 0.9871632 0.9919148 0.9917039 0.9889169 0.98724 0.9883492 0.9886692 0.99172693 0.9857415 0.98225605 0.9843608 0.9927868 0.99286276 0.9895842 0.99225104 0.99450415 0.9913789 0.99205226 0.99474424 0.98945886 0.9901383 0.98911923 0.9881227 0.9911939 0.9938563 0.9912414 0.9953746 0.9924064 0.9906376 0.98793656 0.99156934 0.97394836 0.9795422 0.9928002 0.9889198 0.9836253 0.9872669 0.9888981 0.98011166 0.98456603 0.99344724 0.99442476 0.991526 0.9926003 0.99230015 0.9861576 0.98838234 0.98430204 0.98533237 0.9753307 0.9876211 0.9898096 0.9881599 0.9827454 0.9790786 0.98537755 0.9878598 0.9872688 0.98518527 0.9833957 0.98577476 0.9852503 0.98695624 0.98286676 0.98682547 0.99051917 0.99033797 0.9875395 0.9832598 0.9933585 0.99421084 0.99166685 0.99060786 0.9932312 0.98837966 0.99106157 0.9848907 0.9885597 0.98776805 0.99174887 0.99086636 0.98419946 0.982606 0.99143314 0.988151 0.98317033 0.97929865 0.9837793 0.98521346 0.9840671 0.9850135 0.98790336 0.98712695 0.9896412 0.9836307 0.9868318 0.9859347 0.9892278 0.9884556 0.98566216 0.9842273 0.9939323 0.99683595 0.9938555 0.99706936 0.9966637 0.99728584 0.99527043 0.9876995 0.9879049 0.9873667 0.99125713 0.9944616 0.9922938 0.98902696 0.99318546 0.988175 0.99143225 0.9911555 0.99100864 0.9946106 0.9930066 0.9942063 0.99338216 0.9937081 0.9926811 0.99228156 0.9935145 0.99395394 0.9939994 0.99404323 0.9854416 0.9865259 0.9842104 0.99460596 0.99601996 0.9936634 0.9910495 0.99429035 0.99522907 0.9939039 0.9950835 0.99367106 0.9953583 0.9909601 0.9928243 0.9930386 0.9931522 0.98974776 0.99292755 0.98954904 0.9900327 0.990215 0.9907138 0.99108326 0.9916674 0.987087 0.9879806 0.9883115 0.99508977 0.9908291 0.98824644 0.9918158 0.9894484 0.9897667 0.986601 0.9850595 0.98595595 0.98849976 0.9892146 0.9895566 0.99047625 0.99370015 0.99605983 0.99321 0.99366534 0.99401045 0.995623 0.9946256 0.9959187 0.99382657 0.9955689 0.9964274 0.99572027 0.9956866 0.9954804 0.99463636 0.9962329 0.99086046 0.9936419 0.99304473 0.9958783 0.9923937 0.99158263 0.99799806 0.9974451 0.9972425 0.9983208 0.9978136 0.9939469 0.9873763 0.98440045 0.98475367 0.98633635 0.9873476 0.9873276 0.9866889 0.9885388 0.9872141 0.99384475 0.99226916 0.99192476 0.9918427 0.9949458 0.9909487 0.99042606 0.9916267 0.99264425 0.99192345 0.99344665 0.9923571 0.99409807 0.9867993 0.9881752 0.9900448 0.98037577 0.9805402 0.98080707 0.9954133 0.990829 0.9904233 0.99338573 0.9921124 0.990562 0.9912807 0.9912434 0.9913466 0.99544877 0.98661935 0.9880139 0.98956686 0.99085957 0.9900618 0.9930323 0.99017704 0.98858666 0.990912 0.99261475 0.99256307 0.9902927 0.99277216 0.98923963 0.99013215 0.99216026 0.98567224 0.9952801 0.99396795 0.9904397 0.9912609 0.98935115 0.9870376 0.9914195 0.9929251 0.99019843 0.99070656 0.9896048 0.9887251 0.98263395 0.99034935 0.9887868 0.9928492 0.99128854 0.98646647 0.9922112 0.99464065 0.99496305 0.992134 0.9923018 0.9934242 0.9898975 0.9898771 0.98922765 0.9841215 0.98776543 0.99058306 0.9883352 0.9855443 0.99159294 0.99312645 0.9944406 0.993909 0.9933509 0.9936237 0.9938301 0.9915735 0.99418026 0.99196815 0.98984426 0.9876851 0.98842824 0.99362516 0.9909744 0.9884502 0.9859811 0.98228735 0.9839975 0.9867343 0.9899958 0.9917252 0.98972845 0.9867504 0.9890992 0.9893526 0.9846937 0.98364514 0.9848711 0.98692393 0.9906632 0.9923236 0.99018365 0.99786997 0.99789345 0.99767625 0.9959829 0.99912786 0.99958014 0.9994657 1.0000005 0.9990557 0.99716187 0.99716383 0.99611056 0.9971407 0.9957994 0.99755055 0.997867 0.9954073 0.9962938 0.9969499 0.9976837 0.9969591 0.98201454 0.98003477 0.98373
VeselinovicxJankoM_SRP18932JankoVSeljanka-L2_5 0.98647743 0.9866051 0.9895542 0.9916601 0.99173236 0.98187083 0.9792915 0.97380006 0.99181175 0.99384975 0.99487424 0.991333 0.9950699 0.99578005 0.99186414 0.99403036 0.9918846 0.990213 0.9894316 0.9940932 0.99628556 0.99571335 0.9853811 0.9887534 0.9894593 0.9930794 0.9918181 0.9948137 0.9917691 0.9948167 0.993936 0.9910594 0.99445856 0.9919733 0.9913251 0.9859767 0.98498017 0.98853016 0.9887943 0.9904111 0.9925808 0.99396896 0.9891029 0.9937833 0.9848419 0.98661554 0.9927624 0.9937816 0.9935555 0.9953035 0.9925927 0.99162066 0.9921209 0.98723954 0.9859371 0.987848 0.985283 0.97819984 0.9842493 0.9902425 0.989045 0.9867867 0.98777014 0.98619616 0.9783567 0.9797171 0.9895056 0.98682433 0.9898186 0.98794204 0.9871764 0.9807083 0.98564 0.99196553 0.9892395 0.9936179 0.98400587 0.9834849 0.9887661 0.99047035 0.98501664 0.9896107 0.9880099 0.9933566 0.9915462 0.993096 0.99543107 0.993235 0.99471956 0.98897076 0.99101186 0.9963304 0.98649865 0.98613524 0.9867621 0.9889854 0.9856419 0.9897699 0.9858584 0.9891963 0.9840717 0.9881706 0.9897503 0.9935136 0.9953951 0.9888174 0.99356043 0.9934884 0.9912769 0.9923103 0.99277 0.9931265 0.9924808 0.99246484 0.9911038 0.9934018 0.98831946 0.98775023 0.9855735 0.98607755 0.98688066 0.9862485 0.98931706 0.9900059 0.9910215 0.987032 0.9931241 0.9865195 0.9816488 0.98570716 0.9878336 0.9868605 0.9913285 0.9911962 0.9886651 0.99178034 0.98809993 0.9876509 0.98988104 0.987113 0.99010396 0.98622215 0.9881079 0.98965013 0.9903374 0.99242383 0.9840178 0.9823499 0.98622966 0.98728776 0.97804123 0.9763251 0.97556853 0.9707672 0.9912718 0.9924864 0.99364877 0.994295 0.99397725 0.9929176 0.9949725 0.9935397 0.9947871 0.9926611 0.9942584 0.9961009 0.9944679 0.9953718 0.99190974 0.9946145 0.9950509 0.99754834 0.99618095 0.99701536 0.9974511 0.9967439 0.99297035 0.9950765 0.99496937 0.99270904 0.9948872 0.9967272 0.99619985 0.9947934 0.9949921 0.9943737 0.9925454 0.99396634 0.9939328 0.99246836 0.99475986 0.9930129 0.99676955 0.9942384 0.996078 0.9925147 0.9901618 0.98685116 0.98462534 0.99018425 0.9865262 0.9913776 0.9909975 0.9885724 0.98571604 0.98795396 0.98877877 0.99139565 0.98530674 0.9818716 0.9844888 0.99311554 0.9909042 0.98683846 0.9905004 0.993896 0.9896665 0.99131775 0.9939727 0.98716635 0.9884738 0.98859024 0.987521 0.9905306 0.9924872 0.989649 0.9952043 0.9907318 0.989169 0.9858135 0.99050504 0.9694752 0.97621393 0.99067855 0.98716795 0.9809571 0.9852489 0.9883746 0.97641706 0.98292285 0.99223745 0.9954269 0.99295145 0.9930217 0.9922594 0.98428345 0.9864406 0.98199695 0.9827063 0.97229576 0.986769 0.98933315 0.9869844 0.9808769 0.9753464 0.98282087 0.98513997 0.9852785 0.98242825 0.9806739 0.9830827 0.98298514 0.9850643 0.9797406 0.9846966 0.98847604 0.98855996 0.9857543 0.9815431 0.99183875 0.9926315 0.9899624 0.98822194 0.991875 0.9858644 0.9888034 0.9821091 0.9858731 0.9864454 0.9900036 0.9892066 0.9815643 0.979354 0.98978233 0.98669297 0.980949 0.9768966 0.9807646 0.9824654 0.9812795 0.9819919 0.98538387 0.9847046 0.98775256 0.9806972 0.9844744 0.984288 0.98663694 0.98619586 0.983415 0.9820497 0.9922209 0.99569994 0.9919328 0.99602854 0.99554443 0.9963552 0.9936556 0.9844241 0.9854097 0.9848629 0.98816943 0.992035 0.9895933 0.9859495 0.9909212 0.9854058 0.9892695 0.98826635 0.9881831 0.9931337 0.9915044 0.9928886 0.99252135 0.9935451 0.9932075 0.9924616 0.99164045 0.9920926 0.99199486 0.9918342 0.9851281 0.98677367 0.98469037 0.9949895 0.9967016 0.9946123 0.988427 0.99279445 0.9935331 0.9924035 0.99422896 0.99248785 0.9949758 0.9905117 0.9908931 0.9921995 0.9919506 0.98794955 0.9923279 0.98889613 0.9897502 0.9879674 0.9891496 0.98891455 0.9904199 0.9847832 0.9862508 0.98716307 0.9968325 0.98885167 0.9856931 0.99015224 0.9874664 0.9877368 0.9843427 0.98283744 0.98434705 0.9866517 0.98730403 0.98829705 0.989061 0.9919657 0.9956921 0.99128324 0.99173564 0.99217474 0.99500877 0.9936228 0.9963851 0.9919591 0.99574614 0.9963033 0.99439406 0.9958409 0.9960544 0.99491435 0.9963454 0.98848903 0.99343383 0.9913681 0.9954381 0.99069875 0.99019426 0.9979335 0.99663997 0.99661744 0.9977426 0.9969669 0.9937025 0.9855232 0.98191476 0.98225844 0.98352075 0.98560023 0.9847407 0.98413134 0.9866992 0.9852709 0.99222016 0.9912392 0.99148005 0.990195 0.9939771 0.98941773 0.9884767 0.9910278 0.9917766 0.9906663 0.99228936 0.9904308 0.9925546 0.9844494 0.985673 0.9883354 0.97829944 0.97837996 0.978378 0.9951291 0.9897391 0.98939043 0.99203736 0.9907844 0.9887516 0.98957723 0.9897316 0.9900883 0.9955759 0.9842141 0.98557776 0.9881043 0.98982155 0.98903096 0.99286777 0.98852956 0.9876492 0.98863524 0.9912631 0.9906261 0.98833877 0.9914799 0.9866095 0.987301 0.989596 0.9824922 0.9939357 0.99233663 0.9883062 0.9892599 0.98730016 0.9843079 0.9891513 0.9917213 0.9887262 0.9889566 0.98820543 0.9867434 0.980103 0.98841166 0.9861836 0.9915234 0.9902786 0.98417926 0.99057555 0.9930141 0.9934344 0.99085224 0.9905971 0.9921535 0.98775303 0.9883493 0.98767436 0.9821682 0.98660743 0.98955154 0.9864391 0.98230886 0.9897473 0.99194586 0.99400085 0.99259245 0.9922206 0.9928307 0.99276495 0.9906902 0.993213 0.99113476 0.9887015 0.9867973 0.98737204 0.9937437 0.9906472 0.9875737 0.9852264 0.97938716 0.9813045 0.9844711 0.9882994 0.9911618 0.98818326 0.9846461 0.9877923 0.988009 0.98128814 0.98063576 0.9817873 0.9846019 0.9888965 0.990094 0.98873866 0.9971071 0.99881893 0.99887145 0.9977229 0.9987319 0.99881536 0.9991935 0.9990557 0.9999999 0.99722517 0.99745977 0.99737275 0.99777037 0.996752 0.9979903 0.99873626 0.9975409 0.9980507 0.99823177 0.99842584 0.99720585 0.9786347 0.97704905 0.98069996
VeselinovicxJankoM_SRP18963HajdukStanko-L2_1 0.9911855 0.9921832 0.994399 0.99447703 0.9949016 0.9886033 0.9868151 0.9819447 0.9945875 0.9960191 0.9967387 0.9947975 0.99608016 0.99662316 0.99556285 0.99661195 0.9955218 0.99468434 0.9939238 0.9964252 0.99694884 0.9970684 0.99044687 0.9927381 0.99374837 0.99549043 0.99506754 0.9957346 0.9955276 0.99697644 0.997147 0.9951436 0.9968356 0.99274576 0.99150753 0.9917922 0.9910413 0.9931732 0.99316984 0.9941624 0.99546343 0.99595785 0.9930804 0.99641216 0.99067533 0.9915781 0.99565595 0.9966004 0.9960812 0.9970779 0.9953849 0.9944939 0.9946348 0.9922212 0.99044645 0.993529 0.99158055 0.98627377 0.9905554 0.99468017 0.99403423 0.9924738 0.99289113 0.9916873 0.98545307 0.9869726 0.99371773 0.9914524 0.99293864 0.99200314 0.9925844 0.9881295 0.99034286 0.99471915 0.99314356 0.99596167 0.98934984 0.98892295 0.9929894 0.99345905 0.98953694 0.9918378 0.99168545 0.99502254 0.9934093 0.99452156 0.99563336 0.9950171 0.99635386 0.9923519 0.99369764 0.99779123 0.9913985 0.99074805 0.99091136 0.9925386 0.99024534 0.9925152 0.99065053 0.99279565 0.9890188 0.9916831 0.9927438 0.99449646 0.99523586 0.9927985 0.9952163 0.99499613 0.99430263 0.9941731 0.9945758 0.9945912 0.9947981 0.994985 0.9942503 0.9947287 0.9927045 0.9912871 0.9896817 0.9905641 0.9911629 0.9903716 0.9935089 0.99342775 0.9939917 0.9916117 0.99573755 0.99134266 0.987675 0.99032366 0.99192417 0.9915036 0.9943002 0.99427587 0.99241054 0.9958541 0.9933396 0.9931714 0.9942846 0.9908433 0.9922669 0.98887384 0.9907458 0.99302226 0.99276316 0.99414504 0.99031013 0.98808414 0.991645 0.99228996 0.9860557 0.9837876 0.9826906 0.9787886 0.9957266 0.99624985 0.9974376 0.9953583 0.9946296 0.9950556 0.99732864 0.9950018 0.9967258 0.99468064 0.99637306 0.9977166 0.9973611 0.99766654 0.99588007 0.996934 0.99759233 0.9979621 0.99726546 0.99801147 0.9978109 0.9977321 0.996147 0.9967732 0.9959396 0.99604136 0.99696183 0.998178 0.99787956 0.99572915 0.99556106 0.9939564 0.9959148 0.996756 0.9963289 0.99617743 0.9972217 0.99545705 0.997699 0.99686193 0.9975182 0.99565697 0.99397725 0.991676 0.9898884 0.9943956 0.99142593 0.9934482 0.994026 0.99197555 0.991377 0.9921646 0.9928629 0.99370736 0.98996574 0.98702466 0.9889562 0.9946938 0.9948365 0.99186057 0.99482065 0.9966212 0.99400604 0.9951302 0.9963266 0.9924943 0.9934984 0.9929156 0.99206924 0.99466634 0.9964759 0.9945591 0.9969882 0.9951583 0.99417627 0.9919014 0.99498045 0.9787047 0.9838843 0.9948066 0.9922563 0.9872445 0.990607 0.99283105 0.98342264 0.98916215 0.995622 0.9954544 0.9903227 0.99313337 0.9937974 0.9900811 0.99140275 0.9886175 0.98936534 0.9798939 0.9924251 0.99403286 0.9922638 0.98768806 0.9829099 0.98901653 0.99077886 0.9918277 0.98901534 0.98701996 0.9889415 0.9889034 0.98949206 0.9856161 0.9896792 0.9924903 0.9927124 0.99041975 0.98713106 0.9950779 0.99477017 0.99367845 0.99246085 0.9950392 0.99021614 0.9922194 0.98869216 0.99126744 0.99115026 0.99407613 0.99342185 0.98839015 0.9863779 0.9943037 0.9919979 0.98764545 0.98388195 0.9869406 0.9884138 0.98718536 0.9885902 0.9907466 0.9906473 0.9930505 0.9876874 0.9903587 0.9905336 0.9917838 0.99177444 0.989202 0.98794633 0.99444145 0.99522597 0.9940845 0.9959858 0.99550855 0.99582803 0.99452305 0.98925054 0.9896493 0.9894111 0.991971 0.9945377 0.9932677 0.9903915 0.99339396 0.9901858 0.99265444 0.9928338 0.9933135 0.9962614 0.9952989 0.9963056 0.99525887 0.9958389 0.99505085 0.99508905 0.9958082 0.9955444 0.9957066 0.99537927 0.9900388 0.9903817 0.98887783 0.99609864 0.99609065 0.99439985 0.9936539 0.99644756 0.9963569 0.99574256 0.9974542 0.9966547 0.99786186 0.9952884 0.99527425 0.9962806 0.9961805 0.9937755 0.996783 0.99475175 0.9948962 0.99413013 0.9950509 0.9946215 0.9957152 0.9920642 0.9927954 0.99398184 0.99577296 0.9922577 0.9899789 0.9932011 0.991061 0.9913454 0.98954743 0.98806566 0.98899543 0.9905949 0.99172056 0.9927394 0.99349606 0.9952868 0.99637264 0.9939736 0.9949128 0.9945564 0.9958051 0.9956909 0.9950705 0.9950151 0.9951869 0.9958637 0.996454 0.9962363 0.99448466 0.9943272 0.9959421 0.9934573 0.99446267 0.99546796 0.9966371 0.994401 0.99421674 0.997543 0.9965792 0.996187 0.9969681 0.99825424 0.9958505 0.99029374 0.98746747 0.98683447 0.98835075 0.9901593 0.98921895 0.9892405 0.9912411 0.9903041 0.99503756 0.99384403 0.99342257 0.99345756 0.99501514 0.99256235 0.9911402 0.9923059 0.9951004 0.9948655 0.9951781 0.99487036 0.99525726 0.98998237 0.99104565 0.9924941 0.9858349 0.98503166 0.9846833 0.9968386 0.99370056 0.99349636 0.99555045 0.9953762 0.9929133 0.993512 0.9934697 0.9941036 0.99655914 0.98974836 0.99023855 0.99242383 0.99345905 0.99274737 0.995146 0.99170214 0.9903073 0.99226296 0.9933864 0.9941611 0.99214023 0.99420196 0.99161714 0.9909985 0.9927484 0.988018 0.9968474 0.9952548 0.9927352 0.9933113 0.9920447 0.989751 0.9924448 0.99568313 0.9933258 0.9928455 0.99278283 0.9925194 0.98711723 0.99361557 0.9919294 0.9949087 0.9941301 0.9904288 0.9948022 0.9960075 0.9960214 0.9946711 0.9952544 0.99647164 0.9930993 0.9936635 0.99363166 0.9882751 0.9916645 0.99446595 0.9915788 0.98881435 0.9937279 0.99560696 0.9958491 0.9953532 0.9955603 0.9954232 0.99586993 0.9947716 0.9962841 0.9947205 0.9930449 0.9910822 0.9924347 0.99578804 0.9940808 0.99223715 0.99022657 0.98605657 0.987735 0.9904163 0.9932711 0.9947768 0.9928834 0.9903274 0.9933208 0.9931037 0.98760414 0.9867134 0.98800516 0.9895729 0.99254453 0.9932414 0.9922439 0.99794453 0.9969752 0.9960963 0.9937833 0.9972193 0.99741685 0.9970051 0.99716187 0.99722517 1.0000002 0.99886763 0.99760985 0.9986104 0.9985163 0.99886423 0.9984944 0.9969104 0.99661607 0.9978955 0.9982196 0.99930847 0.9861917 0.9846437 0.98707163
VeselinovicxJankoM_SRP18963HajdukStanko-L2_10 0.98892325 0.98881716 0.9917107 0.9924546 0.9930889 0.9848408 0.9831227 0.9773061 0.99225634 0.99501693 0.9955155 0.99286526 0.99483246 0.9954775 0.9940156 0.99606043 0.9950585 0.9935179 0.9923832 0.9947911 0.9967269 0.99651253 0.98739994 0.9907893 0.99196666 0.9948581 0.99416065 0.99563307 0.9945684 0.99679315 0.99677414 0.9938926 0.99656415 0.993745 0.99272436 0.9901506 0.989312 0.9929536 0.9907144 0.99150467 0.9937274 0.99458027 0.9906986 0.995385 0.9887229 0.9892966 0.99436945 0.9947561 0.99403745 0.99546945 0.9926486 0.9915128 0.9920894 0.9893013 0.9873452 0.99166423 0.98905283 0.98489046 0.9891517 0.993411 0.9927042 0.9913676 0.9907451 0.9896015 0.9831396 0.98460543 0.9912768 0.9885925 0.99045706 0.9876283 0.9891213 0.9836463 0.98672414 0.9922733 0.9901951 0.9940697 0.98628527 0.98579264 0.98985195 0.99051917 0.9865622 0.989922 0.9891137 0.9919112 0.990273 0.99114436 0.99323344 0.99169815 0.9938008 0.9886759 0.9902328 0.99778676 0.9882392 0.98818386 0.9881586 0.9893481 0.9862714 0.9889645 0.98690134 0.9896748 0.98611677 0.9897483 0.99071085 0.99186933 0.9935025 0.9891119 0.9930018 0.99261963 0.9912733 0.9910168 0.99139297 0.9915784 0.9918557 0.992431 0.9906671 0.9923745 0.9888395 0.9868912 0.9855274 0.9862054 0.98739207 0.98639065 0.9910549 0.9907369 0.9908351 0.98803073 0.99351203 0.9878881 0.9840972 0.9868073 0.9888937 0.9883486 0.99144953 0.9912629 0.9893668 0.99602854 0.9922223 0.99144554 0.9927802 0.9865483 0.98872304 0.9846052 0.98670423 0.9892778 0.98937285 0.9913932 0.9857168 0.9836254 0.98737484 0.9883156 0.9825379 0.97935456 0.9785428 0.9739775 0.99328625 0.9943014 0.99602777 0.993752 0.99294174 0.9925005 0.9954054 0.9932598 0.9952001 0.99282277 0.9944694 0.9968172 0.9964474 0.9962349 0.9938254 0.99469066 0.995863 0.99719584 0.995775 0.99652797 0.9968371 0.9967531 0.9952042 0.9969525 0.99660134 0.9937634 0.99541867 0.9975561 0.9966553 0.9938447 0.99288166 0.99131656 0.9937383 0.99459285 0.99350095 0.9934109 0.99619156 0.9938777 0.9974338 0.99571323 0.996861 0.9938114 0.9915014 0.9880036 0.9855048 0.9911938 0.987639 0.9907435 0.990998 0.98905617 0.98745126 0.9881029 0.98925364 0.99043155 0.9855515 0.98223716 0.9845135 0.9918619 0.99304664 0.9898268 0.99288064 0.9955127 0.9919343 0.9935396 0.9952001 0.99057156 0.991792 0.99184996 0.99133795 0.99358493 0.99509877 0.9931259 0.99464685 0.9932137 0.9920679 0.98960346 0.9936753 0.97436947 0.97937274 0.99172133 0.98877496 0.9823501 0.9864055 0.9891809 0.9779849 0.98431253 0.9930638 0.9937966 0.98941714 0.99097615 0.99105513 0.9852857 0.98776966 0.9850249 0.9854525 0.97433496 0.988191 0.9901278 0.988351 0.98317325 0.9786667 0.98491657 0.9873552 0.9881587 0.9851684 0.9833892 0.9847634 0.98471105 0.9857418 0.98117745 0.9849741 0.98838764 0.98885703 0.98681515 0.9827853 0.9925868 0.99287957 0.9910682 0.9898137 0.9925076 0.9865609 0.98958474 0.9852293 0.98840255 0.9880441 0.99157727 0.990435 0.98489285 0.9826727 0.9921022 0.989033 0.9843362 0.9802354 0.9836212 0.9851749 0.98452675 0.9856352 0.9877083 0.9874592 0.99033093 0.9833092 0.9863832 0.98619056 0.98788404 0.98798156 0.9848584 0.9839117 0.9919203 0.9938867 0.9926235 0.9945427 0.99426323 0.99478036 0.9933927 0.9860419 0.9868034 0.9854069 0.98804706 0.9920132 0.98996586 0.9865442 0.990697 0.9857446 0.98916453 0.99014235 0.990752 0.9944365 0.9929638 0.99408275 0.9930755 0.9943788 0.9932553 0.99303216 0.99349254 0.9931086 0.9934958 0.99329704 0.98819685 0.989307 0.9877652 0.99329084 0.9941657 0.9914776 0.99065614 0.9944431 0.9945102 0.99359596 0.9962301 0.99489117 0.9971473 0.9953166 0.9931996 0.99410135 0.99384636 0.9920097 0.99565583 0.99354416 0.9938906 0.99207985 0.9931777 0.9926651 0.9942914 0.9901406 0.99143434 0.99273705 0.9960335 0.98893076 0.9863091 0.99100035 0.9881594 0.98824215 0.9855803 0.9828522 0.98343015 0.9858927 0.98741096 0.988652 0.9899425 0.99313205 0.9960234 0.9919615 0.9929558 0.9926801 0.99507475 0.9947061 0.9958601 0.9933634 0.9956677 0.9963999 0.99511904 0.9957968 0.9952759 0.9950732 0.99625105 0.99084425 0.9951866 0.994063 0.9966829 0.9926124 0.9923297 0.9963267 0.9949808 0.9945999 0.9965079 0.9974641 0.9946139 0.9861682 0.9825096 0.9825892 0.98454106 0.9864784 0.9853368 0.9856146 0.9881674 0.9864882 0.99292326 0.99195296 0.9909959 0.99056005 0.99297553 0.9898435 0.98836434 0.9898249 0.9923523 0.99217045 0.9928648 0.9920173 0.9929297 0.98591816 0.98786956 0.9889551 0.98195016 0.98125005 0.9810224 0.99469256 0.9902172 0.9902327 0.99287546 0.99262077 0.9907458 0.9907658 0.9903191 0.9913003 0.99478793 0.98618364 0.98620474 0.98875475 0.99073887 0.9894274 0.99274135 0.98744357 0.98577344 0.9883802 0.98988223 0.9905784 0.988022 0.99051404 0.9873318 0.9872311 0.98957586 0.9832355 0.99516106 0.9938504 0.99079984 0.99085325 0.98946965 0.9855956 0.9894937 0.99314046 0.99008745 0.98946023 0.98911744 0.9887473 0.98225826 0.9902622 0.9882336 0.99122775 0.9904499 0.9862248 0.9917471 0.99364257 0.9935528 0.99149305 0.9922096 0.99421555 0.989843 0.9901966 0.9900705 0.98420364 0.98779386 0.99156684 0.9880514 0.9852454 0.9897604 0.9921659 0.9932456 0.99196255 0.9922398 0.9925849 0.9925178 0.99122894 0.9930544 0.9941025 0.99283814 0.9916309 0.9923904 0.996608 0.9944393 0.9925935 0.99091923 0.98111564 0.9830665 0.9860162 0.9894593 0.9913662 0.9888404 0.98593605 0.98944646 0.98906094 0.98312575 0.98191553 0.9833066 0.98494 0.9885906 0.99001724 0.9881769 0.9963249 0.9971335 0.99612904 0.99436104 0.9977996 0.9975789 0.996892 0.99716383 0.99745977 0.99886763 0.9999999 0.9991124 0.99906147 0.9990801 0.99945986 0.9985676 0.9977265 0.99794734 0.99855 0.99906915 0.9996186 0.98362404 0.9826964 0.9856019
VeselinovicxJankoM_SRP18963HajdukStanko-L2_11 0.985556 0.9849656 0.98886096 0.99096376 0.9909274 0.98028827 0.9787991 0.97241545 0.989488 0.9924047 0.99304575 0.9894934 0.99279153 0.9935026 0.990653 0.9938256 0.9920757 0.9902848 0.98863804 0.99174714 0.9947781 0.99429697 0.98317164 0.98718166 0.98852354 0.99279326 0.9910692 0.99421096 0.99174803 0.9948608 0.994715 0.9905557 0.9943141 0.9920649 0.99143213 0.98607635 0.9853333 0.9900125 0.9874077 0.9885628 0.99136484 0.9927965 0.987814 0.99399424 0.98503625 0.9857439 0.99199 0.99255204 0.99164855 0.9937578 0.989589 0.98833907 0.9895208 0.9862626 0.984033 0.9881602 0.9852451 0.98062634 0.9856847 0.98997337 0.98914754 0.9880106 0.9868498 0.9857558 0.97828865 0.9798505 0.98802465 0.9845996 0.9872873 0.9840229 0.9844645 0.9787793 0.9829353 0.98921907 0.9866162 0.9914427 0.98149174 0.98133224 0.9864695 0.9872318 0.9822626 0.9869423 0.9855369 0.9907102 0.98919106 0.9897115 0.99228996 0.9900424 0.99211353 0.9867254 0.9880159 0.99579257 0.9837622 0.9838834 0.98435867 0.9855336 0.98273546 0.98616236 0.98307914 0.9869672 0.98204964 0.98588216 0.98688203 0.9894114 0.99193853 0.98519766 0.99119174 0.9906074 0.9879629 0.988552 0.988863 0.98970896 0.9895037 0.98984796 0.98785853 0.99062014 0.98465544 0.9830491 0.9809377 0.98196626 0.9834894 0.9823671 0.9869437 0.9869372 0.9876439 0.98390543 0.9905998 0.98384166 0.97902703 0.98225933 0.9849025 0.9841628 0.98830354 0.9880997 0.9854667 0.99368936 0.9889948 0.9878925 0.98995304 0.98509306 0.9877977 0.9841561 0.9856922 0.986043 0.9857645 0.9879673 0.981077 0.97888297 0.98349035 0.9844068 0.97719955 0.97355056 0.97227335 0.96767986 0.9895805 0.9909401 0.9931958 0.99247223 0.9918875 0.9906297 0.9940488 0.99131215 0.99399245 0.9905766 0.99248093 0.99525446 0.99454147 0.99372524 0.9907509 0.99187434 0.99350363 0.99649197 0.9940321 0.9955422 0.9967134 0.9961574 0.99192154 0.9944608 0.994308 0.99045104 0.9926095 0.9955807 0.9947432 0.99249834 0.99160373 0.99026555 0.9907778 0.9922157 0.99103284 0.99127007 0.99392265 0.99068266 0.99602693 0.9930033 0.9950448 0.99057513 0.9875216 0.98385346 0.98162925 0.9880458 0.98464656 0.9881184 0.98839355 0.9867182 0.98385125 0.9853985 0.98703516 0.98785555 0.98285866 0.9796724 0.98245674 0.9902476 0.9901285 0.98574746 0.98944813 0.99377 0.98859364 0.99152106 0.9934831 0.98665863 0.9885369 0.9892169 0.98871744 0.99109006 0.9922049 0.98984843 0.9930081 0.98981357 0.9887806 0.98545796 0.9909582 0.96839726 0.974436 0.9880023 0.9852022 0.97757906 0.98244005 0.98605216 0.9723513 0.98065233 0.9901704 0.9933766 0.98926336 0.9897958 0.98913884 0.98109496 0.9838329 0.98109776 0.9807448 0.9688297 0.98538893 0.9876846 0.9854367 0.9791964 0.97268647 0.9803429 0.9827551 0.98412406 0.9801313 0.97826874 0.98014456 0.98028225 0.98215735 0.9759901 0.9810241 0.98451054 0.98511463 0.9830812 0.9787358 0.98903006 0.9894629 0.98748773 0.9856592 0.98948425 0.9822482 0.9855398 0.98091346 0.98426706 0.9848653 0.9885747 0.9876123 0.9803925 0.9778607 0.988518 0.9863364 0.9795754 0.97494274 0.9786871 0.9805038 0.9795058 0.9810902 0.9833755 0.983481 0.98655427 0.9785037 0.9819799 0.9819449 0.9835445 0.98408115 0.98042446 0.9792566 0.98980325 0.99231213 0.99011016 0.993263 0.9933309 0.9935208 0.9914203 0.98176163 0.9830522 0.981624 0.9840473 0.98858064 0.9861854 0.9823345 0.987337 0.98135 0.98539245 0.98609513 0.986628 0.99191076 0.9900099 0.99157155 0.9907568 0.9927887 0.9921662 0.9917682 0.9902082 0.98961127 0.9899419 0.98981 0.9861569 0.9883476 0.9868203 0.9923151 0.9936848 0.9911378 0.98622406 0.99128884 0.99146956 0.99051756 0.9937668 0.992186 0.995344 0.99348366 0.98985124 0.99183553 0.9911842 0.9890261 0.9936398 0.9915346 0.9925548 0.98848015 0.9898513 0.9887142 0.9913063 0.9861834 0.9880357 0.9900145 0.9971887 0.9855764 0.98218834 0.9879989 0.98468775 0.984919 0.98210084 0.9792331 0.9803996 0.9827317 0.9843142 0.98647344 0.98751664 0.9897173 0.99381155 0.98840755 0.9892959 0.9893069 0.9930127 0.99209726 0.9949296 0.9899754 0.9943484 0.9949422 0.99261594 0.99449277 0.99513197 0.9942516 0.99534494 0.98655474 0.99364126 0.9906633 0.99498695 0.98899657 0.9888889 0.99553955 0.9931198 0.99306554 0.9950806 0.9957552 0.9933245 0.9826742 0.9779366 0.9786967 0.980254 0.98317236 0.98120725 0.98170245 0.9848655 0.9828707 0.98948157 0.9886326 0.98814 0.9875036 0.990571 0.9860243 0.98462844 0.98699725 0.989837 0.9891303 0.99000967 0.98845404 0.9898648 0.981447 0.9834413 0.9850086 0.9772266 0.9762534 0.9760188 0.99308604 0.986936 0.9870394 0.98976046 0.98939276 0.9872377 0.9875612 0.9872774 0.98878497 0.99378437 0.98231155 0.98224276 0.985629 0.9879567 0.9865505 0.99107295 0.984375 0.9829713 0.984641 0.9875741 0.98742634 0.98467857 0.98801816 0.9832287 0.9830598 0.9858882 0.9782135 0.9924415 0.9904458 0.9867333 0.986974 0.9855255 0.981342 0.9858506 0.989989 0.98664176 0.9860756 0.98538244 0.9848 0.9769886 0.98630214 0.98354644 0.988364 0.98781264 0.98192894 0.9880003 0.9905698 0.99054945 0.98850554 0.98878855 0.99112195 0.9859943 0.98655415 0.9862768 0.9799113 0.98387235 0.9886544 0.9836936 0.9799942 0.9863926 0.9893186 0.9911539 0.9891271 0.98951256 0.9903787 0.9898641 0.9885497 0.99062926 0.9912082 0.9893981 0.98870736 0.9890272 0.99480534 0.9918215 0.9894109 0.98781735 0.97620046 0.9786148 0.9822276 0.98659176 0.98943794 0.9859089 0.98239267 0.9865931 0.98630065 0.97803986 0.97712934 0.9786986 0.9809012 0.9855819 0.9869057 0.98542905 0.99445796 0.99673474 0.99654746 0.9953515 0.9970079 0.99636763 0.99601996 0.99611056 0.99737275 0.99760985 0.9991124 1.0000001 0.9986579 0.998915 0.9991702 0.9984957 0.9984127 0.998794 0.9987272 0.99899983 0.9987919 0.97831297 0.9781323 0.98134017
VeselinovicxJankoM_SRP18963HajdukStanko-L2_12 0.98780805 0.9883592 0.9912164 0.9919454 0.9922354 0.9848526 0.98330903 0.977631 0.9928561 0.99455523 0.9954404 0.9926602 0.9951699 0.9959293 0.99302906 0.99459517 0.9930843 0.9916051 0.9908781 0.9944648 0.99648315 0.9961821 0.98701924 0.989553 0.99100494 0.99436045 0.9931391 0.99456614 0.99341947 0.995869 0.99552506 0.9930535 0.9955851 0.9913482 0.9902498 0.9880295 0.98685145 0.99037385 0.9897803 0.9904757 0.9929251 0.99438 0.9901673 0.99412084 0.9866347 0.9877499 0.99327576 0.99434966 0.9939074 0.9958489 0.9936954 0.9930701 0.993816 0.9899593 0.9887917 0.9901723 0.98755276 0.982125 0.9867763 0.9928677 0.9922421 0.9891773 0.99017006 0.989061 0.9813245 0.982851 0.9917617 0.9896164 0.9914972 0.9884997 0.9888444 0.98427993 0.98776937 0.9932605 0.9912246 0.99476296 0.9861852 0.98611146 0.99039304 0.9913152 0.98685086 0.98981035 0.9885541 0.9937049 0.9912893 0.9927018 0.9945624 0.99286413 0.9945707 0.98981774 0.9914204 0.9970561 0.98860395 0.98891187 0.9891844 0.9904624 0.98801064 0.99065197 0.98850656 0.9912999 0.9870677 0.99025303 0.99150586 0.9935372 0.994965 0.98965013 0.9943632 0.9942536 0.9921473 0.9927398 0.9928723 0.99293405 0.99316317 0.99321324 0.99193156 0.99357915 0.989379 0.98809695 0.9866669 0.98724616 0.98876953 0.98824227 0.9912374 0.99124545 0.99135774 0.9886989 0.994033 0.98840904 0.9834281 0.9865776 0.9883662 0.9879204 0.9915274 0.99139667 0.9896504 0.99345565 0.98991555 0.98946816 0.9912439 0.9881497 0.9902366 0.98671496 0.9882435 0.9905562 0.99093676 0.9925933 0.9862934 0.98431 0.98844504 0.9892556 0.9807436 0.9788374 0.9781533 0.973506 0.9927863 0.99337906 0.99506676 0.99359226 0.9933048 0.99379236 0.99600315 0.9942912 0.9955661 0.99337906 0.9950606 0.9972199 0.99608356 0.99639696 0.99406236 0.99519575 0.99610984 0.99803066 0.9967527 0.99741554 0.9978112 0.997252 0.99435145 0.99564844 0.99501234 0.9932472 0.99537295 0.9970665 0.9962162 0.99491256 0.9947136 0.99371994 0.99336576 0.9944479 0.9942595 0.99372685 0.995783 0.99399644 0.9974494 0.9957074 0.99664193 0.99354184 0.99137646 0.98834634 0.98647624 0.9920657 0.988955 0.99184215 0.99189526 0.9895632 0.98780066 0.9899807 0.9907868 0.99212664 0.9877995 0.9845735 0.9869044 0.99355876 0.9920303 0.9885896 0.9921725 0.9949141 0.9911096 0.99280787 0.9946988 0.98921376 0.9906938 0.99084765 0.99030626 0.9927584 0.9944259 0.9922128 0.9957315 0.99274474 0.991714 0.9894313 0.99323 0.97298664 0.9782988 0.9914096 0.988929 0.9827278 0.98699385 0.99012804 0.9788822 0.984839 0.9935513 0.9953556 0.99171394 0.992747 0.99282765 0.98640573 0.98832834 0.9848844 0.986044 0.9761103 0.9892064 0.9912172 0.9885282 0.9846486 0.9789348 0.9856742 0.98816943 0.9886188 0.9855829 0.98516303 0.9860389 0.9864757 0.98720694 0.98239625 0.98662245 0.9898148 0.9904176 0.98884124 0.98497754 0.99231154 0.99296844 0.990632 0.9892611 0.99240184 0.98697346 0.989759 0.9854705 0.98822504 0.9880805 0.9919027 0.9905861 0.98547953 0.9829104 0.9923092 0.98928744 0.9852582 0.9816786 0.9841583 0.9861146 0.98539686 0.98545355 0.988304 0.98799956 0.99063617 0.9839826 0.9871007 0.98691225 0.98828626 0.98905706 0.986233 0.98482317 0.9940354 0.99578965 0.99425155 0.9962511 0.9959269 0.9963367 0.99540186 0.98523307 0.98549914 0.98549986 0.9890739 0.99250656 0.99019337 0.9866822 0.9908991 0.9869496 0.98975366 0.9897044 0.98997545 0.99464035 0.9930905 0.9946732 0.99319726 0.9941345 0.9936508 0.993288 0.9929403 0.99306935 0.9931323 0.9928521 0.98705006 0.98795414 0.9863018 0.99487096 0.99602276 0.99367774 0.9900826 0.9942247 0.99423647 0.9934363 0.9956196 0.993984 0.9961333 0.9925817 0.9923986 0.99351436 0.9932147 0.9898067 0.9940247 0.9912537 0.99151725 0.9902086 0.9911811 0.9910212 0.99248356 0.98784304 0.98877066 0.99048287 0.9966486 0.9893826 0.98656285 0.9905687 0.98808813 0.98843145 0.9857767 0.9844358 0.98548007 0.9874449 0.98870295 0.9897816 0.9902799 0.9924799 0.9951527 0.9912782 0.9921299 0.99231577 0.9943239 0.99336994 0.99488413 0.9922181 0.9946716 0.99547434 0.99474657 0.99547505 0.9949043 0.99405116 0.9957104 0.9898162 0.99277693 0.99231255 0.9952245 0.9915246 0.9912704 0.99723065 0.99649566 0.9962721 0.99751747 0.99741125 0.99425864 0.98538005 0.9828659 0.9824078 0.9840349 0.98570436 0.9851482 0.98503596 0.98730415 0.9856093 0.9928827 0.9921569 0.99192613 0.990718 0.99395716 0.9907557 0.98968047 0.9915473 0.9938751 0.9931466 0.99376875 0.9925736 0.99361557 0.9863177 0.9886064 0.9897789 0.9830695 0.982918 0.9824492 0.9957201 0.99154574 0.9914498 0.99380666 0.99317485 0.99160916 0.9917606 0.99144894 0.9921566 0.9959547 0.9873824 0.9873937 0.99013835 0.99172467 0.99091905 0.9941626 0.98917943 0.9879121 0.9891239 0.99107724 0.99155736 0.988797 0.99189895 0.98804843 0.98797446 0.99018055 0.9838614 0.9957021 0.9939697 0.9913188 0.99125725 0.9900485 0.98659986 0.99106 0.99349993 0.9903236 0.9899453 0.99025923 0.98939186 0.98355407 0.99056435 0.98898995 0.9921766 0.99216264 0.98712385 0.9923045 0.9932952 0.9943218 0.99257433 0.9925175 0.9944389 0.9903448 0.99090064 0.9901904 0.98549104 0.98881483 0.99204034 0.9888322 0.9852293 0.99015903 0.99268866 0.99399734 0.99283105 0.99331087 0.9936031 0.9932119 0.99241483 0.9936449 0.9926671 0.9904133 0.98900855 0.9900968 0.99512464 0.992453 0.990003 0.98745495 0.9820993 0.9839556 0.98706645 0.99059856 0.992722 0.9901794 0.98712087 0.9903166 0.99013126 0.98388016 0.9827633 0.9844604 0.9861795 0.9901521 0.9913651 0.99042934 0.9966781 0.99777 0.9973541 0.99623954 0.9972566 0.99753946 0.9970918 0.9971407 0.99777037 0.9986104 0.99906147 0.9986579 1.0000001 0.99783677 0.99900615 0.999194 0.9975462 0.9979261 0.9983071 0.9992235 0.99922156 0.9817252 0.9801384 0.9833929
VeselinovicxJankoM_SRP18963HajdukStanko-L2_2 0.98830545 0.987657 0.9910176 0.9927693 0.992822 0.98269093 0.9809989 0.97546166 0.99037653 0.99354684 0.99405444 0.99103063 0.9935767 0.9941975 0.992627 0.995403 0.9943198 0.9927999 0.99105775 0.9933175 0.99532455 0.9953438 0.9854809 0.9895729 0.9907684 0.9939908 0.99281996 0.995191 0.9933714 0.99585825 0.99628913 0.9921316 0.9955289 0.9928216 0.9924089 0.98859465 0.9882574 0.992044 0.98925155 0.9909926 0.9928032 0.99340427 0.9893483 0.99536896 0.9874798 0.9880069 0.99335515 0.9938965 0.99288297 0.99439025 0.99061865 0.98935735 0.9901651 0.98798054 0.9853337 0.99120593 0.98870814 0.9841476 0.9891682 0.99183404 0.9911447 0.9910447 0.989063 0.9879148 0.98152477 0.9833611 0.98950446 0.9858332 0.9883354 0.9863289 0.9875013 0.9815768 0.9844655 0.99021673 0.9879482 0.99216384 0.98361576 0.9829131 0.9882005 0.98878515 0.98412424 0.9885657 0.9880769 0.9908956 0.9901291 0.9904046 0.9926321 0.9911847 0.9928601 0.98800886 0.98908234 0.9967774 0.98592263 0.98557144 0.9855122 0.9874636 0.98444945 0.98750335 0.9844955 0.98784167 0.9833629 0.9874076 0.9884128 0.9899361 0.99217796 0.9874319 0.99213207 0.99136305 0.98964775 0.9896253 0.9900739 0.9910471 0.9907802 0.99121445 0.9896417 0.99173516 0.9868409 0.9849639 0.9832228 0.98462915 0.9850458 0.9838726 0.98870236 0.9886745 0.9895248 0.98627037 0.9922635 0.9859495 0.9821053 0.9852889 0.9879635 0.9870359 0.9904264 0.9903649 0.987657 0.99582386 0.9916678 0.9907562 0.9919733 0.9865726 0.9889749 0.9852882 0.98708516 0.9870522 0.98660016 0.98890686 0.9839626 0.9813933 0.9855902 0.9864739 0.98099524 0.97716314 0.97627753 0.9718806 0.99160576 0.9927114 0.99504685 0.9933906 0.99246883 0.99102 0.9946978 0.991746 0.9945226 0.9914681 0.9932794 0.9958445 0.99551636 0.99467397 0.99218345 0.9932717 0.9946944 0.9963354 0.99429274 0.99581456 0.9964334 0.9964161 0.9931829 0.99557596 0.9951028 0.9923132 0.99382466 0.99658656 0.9961776 0.9928522 0.9918057 0.99026287 0.9922182 0.99360836 0.992406 0.99288994 0.9946592 0.9915983 0.99612546 0.99387515 0.9957788 0.99230504 0.98936856 0.9860219 0.98397064 0.98989195 0.9865054 0.98922545 0.9899968 0.98856753 0.9863338 0.98701394 0.9887858 0.9893253 0.9844134 0.9811406 0.9838798 0.9911294 0.99174666 0.98763895 0.9912368 0.9946914 0.9903487 0.99284214 0.9941225 0.9889144 0.99046236 0.990815 0.9902364 0.9926565 0.9935765 0.9912924 0.99368453 0.991439 0.99042755 0.9870195 0.9921112 0.9724039 0.97851694 0.99036056 0.9870635 0.9803611 0.98472255 0.98812145 0.97467786 0.98336774 0.99142134 0.9931218 0.98809576 0.98988307 0.9896414 0.9835321 0.98591816 0.9832065 0.9833162 0.971574 0.98762107 0.9897507 0.98790807 0.98120004 0.9750855 0.98241377 0.98448414 0.98641074 0.9826301 0.9796771 0.9820733 0.9818223 0.9830729 0.9775487 0.9825715 0.9863692 0.9866951 0.98391694 0.98000956 0.99147046 0.99127924 0.9898944 0.98804915 0.99159163 0.98461616 0.98726386 0.9830009 0.9864433 0.9869528 0.9899743 0.98936325 0.9822535 0.98001534 0.9900239 0.988047 0.98154444 0.9769587 0.9806815 0.98213947 0.98124665 0.9830559 0.985138 0.98531955 0.9885324 0.9807959 0.984251 0.9849335 0.9862214 0.9858035 0.9825551 0.9815498 0.9894885 0.9918413 0.9896661 0.99274826 0.99243814 0.9929425 0.99054563 0.9850084 0.9863985 0.9844374 0.985626 0.98991156 0.9883668 0.9849195 0.98893595 0.9833835 0.9876871 0.9882344 0.9889191 0.9927693 0.9913533 0.9925558 0.9921617 0.9940733 0.9934071 0.99306905 0.99261445 0.9918389 0.99223727 0.9920195 0.98835754 0.9897469 0.98849833 0.99291724 0.9935301 0.9912988 0.9890597 0.9934376 0.9933796 0.9927007 0.99559057 0.9944191 0.9971006 0.9958983 0.9918922 0.99384665 0.9933851 0.99198574 0.9959621 0.9941903 0.99504375 0.9916403 0.9929561 0.99167573 0.99409664 0.9894916 0.9913164 0.9927539 0.9958962 0.9873595 0.9843634 0.9895506 0.9868568 0.9868044 0.98457676 0.9808419 0.98226213 0.98415095 0.98583823 0.98774076 0.98904 0.99174154 0.99494886 0.9901058 0.9913323 0.9907183 0.99397165 0.9939322 0.9950543 0.9918987 0.99512076 0.9952137 0.9934794 0.9951297 0.9944869 0.9943737 0.9953102 0.9890769 0.99480367 0.9929172 0.9960995 0.9912058 0.9912935 0.9953594 0.9933121 0.9930568 0.9947518 0.9959942 0.99389887 0.98565483 0.9807137 0.981208 0.98291445 0.9861137 0.9836416 0.98410565 0.98727906 0.9859771 0.99129826 0.99040455 0.9897133 0.9892658 0.99120766 0.98742944 0.98575073 0.9876288 0.99045485 0.99020004 0.99103487 0.98985124 0.9911629 0.9841505 0.98516715 0.9872736 0.97927594 0.977712 0.977523 0.99356264 0.9883343 0.9884643 0.9909726 0.99105513 0.98777956 0.9884148 0.9883834 0.98985577 0.99391353 0.9837333 0.9842213 0.98705834 0.9893587 0.9879653 0.9915261 0.98542815 0.98427504 0.9865829 0.98876125 0.9889723 0.9869126 0.9894904 0.9856587 0.98525345 0.9876459 0.9811316 0.9932492 0.9917764 0.9880183 0.98883665 0.98730844 0.983575 0.986986 0.9915878 0.9886868 0.98784995 0.9873401 0.9871421 0.97982097 0.98874605 0.9860786 0.9899103 0.98907447 0.98405206 0.98977834 0.99238443 0.99182475 0.99007756 0.99085665 0.9927491 0.98787475 0.98869973 0.9891815 0.98151666 0.9864587 0.9904431 0.98620033 0.98294705 0.98883206 0.99168146 0.9925475 0.99083596 0.990998 0.9914456 0.9918282 0.9902204 0.9924322 0.9933572 0.9919404 0.9908359 0.9915671 0.9959652 0.99396765 0.99199325 0.9905711 0.9785949 0.98084646 0.9839235 0.98784816 0.990334 0.9871821 0.9840743 0.98824227 0.98776555 0.98026645 0.9792601 0.98048717 0.9826784 0.9865845 0.9873829 0.9859863 0.99522716 0.9962575 0.9953465 0.9934574 0.99645054 0.99581784 0.9958162 0.9957994 0.996752 0.9985163 0.9990801 0.998915 0.99783677 1.0000007 0.999147 0.9979917 0.9983516 0.99814254 0.99891317 0.99848443 0.9989672 0.98147625 0.9812784 0.98360413
VeselinovicxJankoM_SRP18963HajdukStanko-L2_3 0.9876596 0.98794025 0.99073535 0.99208176 0.9925463 0.9829698 0.9808877 0.97488064 0.9923367 0.9946772 0.9952649 0.9923192 0.99509513 0.9957191 0.99331796 0.995531 0.9940055 0.9923951 0.9911664 0.9945632 0.99683964 0.9963913 0.98685616 0.9901707 0.9915187 0.99473035 0.99353534 0.9956696 0.993998 0.99655783 0.99621415 0.99328417 0.9961202 0.9929958 0.9920825 0.98869604 0.98798394 0.99168044 0.9898519 0.9909431 0.99315137 0.9943019 0.9897246 0.99497694 0.98703843 0.98827666 0.9936542 0.9944728 0.9939892 0.99525213 0.99242014 0.9912158 0.991569 0.98816764 0.9861076 0.99015236 0.9874548 0.9821402 0.9871847 0.9916976 0.99089724 0.9895668 0.9893271 0.9878862 0.9806291 0.982353 0.9900966 0.98734164 0.9894378 0.9873873 0.9880793 0.98257643 0.9855719 0.9917838 0.98933536 0.993662 0.98499924 0.9843887 0.98887265 0.99023694 0.98525214 0.9885346 0.9876394 0.99223703 0.9905565 0.9913268 0.99363583 0.9918893 0.993878 0.98813206 0.989872 0.9971246 0.9866015 0.9869192 0.98722935 0.98824555 0.98506993 0.98832613 0.98580587 0.9888401 0.98457825 0.9885504 0.98982155 0.9920506 0.9937791 0.98852724 0.9932161 0.992947 0.99112177 0.9912627 0.99182916 0.99198854 0.99177533 0.9921594 0.99045587 0.9923266 0.9883174 0.98688465 0.9852424 0.98606336 0.98687303 0.9860164 0.99025726 0.99051297 0.9907716 0.9875738 0.9931869 0.98744845 0.9825448 0.9859019 0.9881585 0.98745745 0.9911206 0.9909239 0.98882794 0.99465805 0.9902887 0.98953766 0.99123365 0.9867585 0.9894063 0.9853916 0.98723316 0.9889705 0.9893954 0.9913433 0.9846987 0.98242784 0.98643166 0.98756826 0.980289 0.9773665 0.9762246 0.97152585 0.9923549 0.99338245 0.99523526 0.9932001 0.9924981 0.99203026 0.9949348 0.99276227 0.99475515 0.99191326 0.99386567 0.9963441 0.9954299 0.99551636 0.9925054 0.99421746 0.9952234 0.9972556 0.9958784 0.99678814 0.99731493 0.9967315 0.9942041 0.99622124 0.99585164 0.9932614 0.9953064 0.997537 0.9970024 0.9941991 0.99398744 0.99278545 0.9929714 0.9940163 0.9935411 0.9929488 0.99567753 0.9935423 0.99737465 0.9950735 0.99652374 0.9933765 0.99083954 0.98711985 0.9846003 0.9906186 0.98668754 0.99010205 0.99046475 0.98822516 0.9863458 0.9876971 0.9889764 0.9905259 0.9851308 0.9817413 0.9841808 0.9918707 0.9921378 0.9884685 0.9917681 0.9950654 0.9909581 0.99272555 0.9946445 0.9889657 0.9901433 0.99007 0.98940396 0.99219424 0.9939683 0.9913569 0.9946271 0.9918669 0.99056464 0.98761666 0.9922294 0.9729953 0.97865766 0.99128073 0.98756045 0.9811505 0.9854913 0.9883815 0.97656757 0.98355037 0.99264455 0.99450696 0.990747 0.99178445 0.99155277 0.9845975 0.98690873 0.9833193 0.9842831 0.9731341 0.9875752 0.9899076 0.98757726 0.9818454 0.9766389 0.983406 0.98611724 0.9867468 0.9835626 0.9819908 0.9837911 0.9834574 0.9846502 0.9796933 0.9841512 0.9880029 0.9882602 0.98570824 0.98140496 0.9918368 0.9923504 0.99012864 0.98882353 0.9920138 0.9855014 0.988449 0.9838166 0.9873752 0.98741806 0.9908995 0.9897162 0.9832359 0.9811389 0.9909341 0.9883449 0.98246497 0.9780625 0.98206234 0.98385537 0.9827624 0.9839966 0.9864187 0.9862836 0.9891741 0.98191273 0.98522776 0.98517436 0.9872061 0.9870594 0.9837732 0.982455 0.992197 0.9947369 0.99259925 0.9954195 0.9952385 0.9955957 0.9936405 0.98528516 0.9858994 0.98466694 0.9877358 0.99164003 0.9894003 0.98569477 0.99004537 0.98495805 0.98855406 0.9894951 0.9897055 0.99386764 0.9923304 0.99368834 0.99285847 0.99421173 0.9934678 0.9930932 0.99306166 0.99278015 0.9931497 0.9928416 0.9867116 0.9881317 0.9863948 0.9939727 0.9952858 0.99272925 0.9898201 0.9941434 0.9942057 0.9931917 0.9957452 0.99427783 0.99670655 0.9944632 0.9923196 0.99369615 0.9933903 0.99115986 0.9951163 0.9925782 0.99332815 0.99121916 0.99207795 0.9913686 0.99322444 0.98850834 0.98980427 0.99123347 0.9965491 0.9884728 0.98550326 0.9902304 0.98751855 0.9876741 0.9849429 0.9825118 0.9837471 0.9859385 0.9871999 0.9884712 0.98961574 0.9921982 0.995208 0.9908463 0.9919816 0.99183416 0.9943436 0.99401504 0.9952332 0.9922376 0.99515164 0.99583256 0.99458 0.99557126 0.99538666 0.99468404 0.996056 0.9895684 0.9941016 0.9926801 0.9960748 0.9915672 0.9910646 0.99675095 0.9955641 0.9952849 0.99685013 0.9971447 0.99440753 0.9857553 0.9816015 0.98191345 0.9837437 0.9860844 0.98470795 0.9848681 0.98749995 0.98581445 0.99235713 0.9910631 0.9904745 0.9900018 0.9928566 0.98874587 0.98746413 0.98921025 0.9919748 0.9911177 0.9920762 0.99105525 0.9923296 0.98465455 0.98638725 0.98827326 0.97991544 0.9791463 0.97896135 0.9948727 0.9897407 0.9894943 0.9923192 0.99194205 0.9891166 0.9896516 0.9894109 0.99079263 0.99509203 0.98519415 0.985951 0.9883062 0.99013036 0.9888898 0.99250007 0.9873872 0.98590034 0.9885474 0.9907179 0.9910163 0.9884073 0.9912551 0.9873726 0.9876431 0.98997474 0.9829754 0.99451005 0.99281615 0.98936075 0.9898154 0.9881589 0.9849099 0.98910445 0.99239826 0.9891564 0.98884314 0.98824525 0.98794025 0.98092544 0.9896566 0.98725593 0.9912317 0.9901464 0.98504657 0.99104697 0.9932224 0.99338573 0.9911867 0.9916637 0.9934114 0.9886691 0.9892686 0.9890305 0.9825223 0.9866364 0.99054146 0.9869837 0.98381895 0.9894601 0.99219763 0.99350625 0.99205136 0.9920812 0.99255073 0.992733 0.9909083 0.9931226 0.99301815 0.99116814 0.9896893 0.99054563 0.9955279 0.9930599 0.99079007 0.98865664 0.9803097 0.9825001 0.9855399 0.989245 0.9915219 0.9886582 0.9855304 0.98902804 0.98891664 0.98228556 0.9810032 0.98265374 0.9845852 0.9886936 0.98996425 0.9883623 0.9966902 0.9975201 0.9971949 0.9957618 0.9980346 0.9976395 0.99730814 0.99755055 0.9979903 0.99886423 0.99945986 0.9991702 0.99900615 0.999147 1.0000002 0.99913573 0.9981593 0.99862283 0.999164 0.99953616 0.9993503 0.9807135 0.9798133 0.98298573
VeselinovicxJankoM_SRP18963HajdukStanko-L2_4 0.9870891 0.98776615 0.9905935 0.99239784 0.9925506 0.98331064 0.98101556 0.975185 0.9926316 0.9941255 0.995119 0.9919282 0.9954578 0.99630886 0.99268854 0.9946011 0.992399 0.9909229 0.99014294 0.994596 0.99662143 0.9961559 0.98634607 0.9891874 0.99041045 0.9938168 0.9923947 0.99471307 0.9930198 0.99574053 0.99510074 0.9922911 0.9953523 0.9917659 0.99102175 0.9869813 0.985838 0.989438 0.98953027 0.9907784 0.99305284 0.9948398 0.9899889 0.99441874 0.9856147 0.9872116 0.9932895 0.994476 0.99426854 0.9959858 0.99343395 0.99264634 0.99331623 0.9888648 0.9873819 0.9890523 0.9864512 0.979637 0.9854996 0.99159133 0.9906091 0.98780674 0.9889073 0.9874968 0.9794735 0.9808929 0.99105316 0.98835015 0.9908887 0.9888262 0.9882788 0.98288876 0.98714584 0.9931748 0.99067825 0.9946121 0.9853596 0.9849492 0.98992145 0.9914877 0.98619413 0.9892197 0.9879814 0.994185 0.9922704 0.99359363 0.99565583 0.99369866 0.9953179 0.9898261 0.9915943 0.99671197 0.9874529 0.98752713 0.9879956 0.98974085 0.98709714 0.9905993 0.9873804 0.99044144 0.9855075 0.98918027 0.9907704 0.9941761 0.99606085 0.98937356 0.99476576 0.99463874 0.9923606 0.993201 0.9935269 0.9938541 0.9934785 0.99344504 0.99221635 0.9941035 0.98927546 0.988478 0.98653424 0.9874184 0.98832035 0.9876935 0.99083185 0.99139607 0.9919498 0.9885426 0.9943062 0.9881333 0.98265725 0.986543 0.9886865 0.987911 0.9920978 0.9919474 0.98959535 0.9929705 0.9890193 0.9886041 0.9907719 0.98846996 0.991191 0.98773676 0.98919934 0.9898492 0.99064964 0.99267185 0.98555374 0.98357785 0.98779845 0.9889149 0.9790882 0.97731805 0.9765577 0.9717841 0.9926385 0.9931649 0.99473494 0.9944346 0.99410117 0.9933313 0.99556005 0.99391156 0.99500513 0.99266255 0.99445933 0.9968014 0.99509495 0.9960746 0.9929373 0.9950748 0.99565625 0.99808747 0.997205 0.99784124 0.99830496 0.9977194 0.9936503 0.99521893 0.9948632 0.99329334 0.99561214 0.99733675 0.9967294 0.9956853 0.99570835 0.9951322 0.99320745 0.99468046 0.9947614 0.9935038 0.99568766 0.99413633 0.9977424 0.9953986 0.9969506 0.9937176 0.9913444 0.987706 0.9858001 0.9914451 0.9881181 0.99196714 0.9919542 0.989534 0.98714375 0.989227 0.9900504 0.99229646 0.9866677 0.9831342 0.98588055 0.9936924 0.99208564 0.9881663 0.99203855 0.9953285 0.9910506 0.99284744 0.99527806 0.9885505 0.9898809 0.99011266 0.9892412 0.9922219 0.99374574 0.9909797 0.99598837 0.9921541 0.9907803 0.98780566 0.9922731 0.9710979 0.97744703 0.9912223 0.9878639 0.98147875 0.9860074 0.9893515 0.97707236 0.9836215 0.99322647 0.9957207 0.992394 0.9928835 0.99266684 0.9851881 0.9873519 0.98339486 0.9846175 0.9743027 0.9884703 0.9908558 0.9880636 0.9829799 0.97704315 0.9844727 0.98681253 0.9870286 0.98411465 0.9831092 0.9848692 0.98489285 0.98655605 0.98116034 0.9861422 0.9898816 0.9900481 0.9875841 0.983434 0.99248064 0.9931175 0.9905773 0.9891268 0.99275005 0.9867711 0.9893783 0.9837701 0.9872167 0.9876961 0.99120957 0.9902036 0.9834773 0.98121333 0.9912524 0.9882841 0.9830162 0.9792247 0.9823172 0.9843354 0.98350585 0.9835081 0.98697305 0.98650557 0.98936313 0.9826984 0.9860344 0.98622465 0.98796207 0.9879737 0.985163 0.98382735 0.99350595 0.9964356 0.99362653 0.9967618 0.9964782 0.99699193 0.9950599 0.98484504 0.9854184 0.9852833 0.9890271 0.9927728 0.99015796 0.9864239 0.9910336 0.98611766 0.98987967 0.9892707 0.9892251 0.9943274 0.9927511 0.9942989 0.9934696 0.9944095 0.99426943 0.99366295 0.9927952 0.993193 0.99312305 0.99287564 0.98638004 0.9877104 0.9856756 0.99586046 0.9973228 0.99527496 0.9895806 0.9940641 0.99427354 0.9934463 0.995308 0.99353963 0.99595976 0.9915933 0.9918109 0.9932967 0.9929339 0.98911935 0.9935833 0.9902663 0.9908926 0.9894192 0.9903369 0.98989046 0.9915105 0.9862242 0.9874059 0.98866564 0.9976648 0.9896239 0.9865036 0.99093413 0.9884412 0.9887019 0.9855469 0.98414797 0.9856558 0.98767376 0.9885419 0.98962027 0.99011624 0.9922804 0.99531275 0.99113643 0.9919816 0.992265 0.99464345 0.9936119 0.99551916 0.9918366 0.9951421 0.995732 0.9947953 0.9960377 0.9961715 0.9945952 0.99656767 0.98924255 0.9931379 0.9918371 0.9953839 0.9910754 0.9907532 0.9980986 0.99711365 0.9971447 0.9980356 0.99737483 0.99434835 0.9855035 0.982388 0.9823534 0.9840051 0.9861182 0.9851976 0.98461026 0.9871583 0.9856833 0.99263227 0.9916188 0.9913297 0.9904582 0.99434775 0.989926 0.9888572 0.9911469 0.9935478 0.9925411 0.99368167 0.9918617 0.99360836 0.98580843 0.98744184 0.98969907 0.98081017 0.980747 0.9805482 0.99632144 0.9914456 0.9911748 0.99347246 0.99265087 0.99033695 0.99115115 0.9912787 0.9914837 0.99637955 0.98584914 0.9870159 0.9897468 0.99123204 0.9904326 0.9939645 0.9894933 0.988499 0.98950195 0.99196523 0.9917154 0.9892696 0.9925587 0.98802775 0.9884654 0.990636 0.98369706 0.9951198 0.9936 0.99008405 0.99070656 0.9889204 0.98580694 0.9907072 0.9927654 0.9897389 0.9899607 0.98966855 0.9885183 0.98209906 0.99005514 0.9881438 0.9923822 0.99158394 0.9857415 0.9917797 0.9936574 0.9943714 0.9922403 0.9919878 0.99399483 0.98931587 0.9900453 0.9894307 0.98405236 0.9882568 0.99112326 0.9882324 0.98414904 0.99049485 0.9929525 0.9948796 0.9933902 0.99319804 0.9936019 0.9937701 0.9918624 0.99388844 0.9919417 0.9892543 0.98711824 0.9883322 0.9942634 0.9913281 0.9884958 0.9857004 0.98138267 0.9833779 0.9865043 0.99036866 0.9930737 0.9901417 0.98665553 0.98996305 0.99000996 0.9829316 0.981955 0.9834369 0.98586166 0.99016106 0.9911479 0.9901096 0.9970151 0.99844503 0.9983643 0.9975755 0.99786747 0.9978427 0.997874 0.997867 0.99873626 0.9984944 0.9985676 0.9984957 0.999194 0.9979917 0.99913573 1.0000001 0.9984876 0.9989473 0.9991671 0.9995291 0.99876046 0.97981626 0.9780027 0.9815499
VeselinovicxJankoM_SRP18963HajdukStanko-L2_5 0.98504436 0.9833604 0.9872968 0.9910206 0.99030876 0.97819144 0.9761241 0.97094285 0.987091 0.9900899 0.99134153 0.9870836 0.9915209 0.9924449 0.988822 0.9921082 0.99023414 0.98810893 0.98640454 0.99082625 0.9935657 0.99339354 0.980853 0.9850693 0.9865391 0.990951 0.98927253 0.9927524 0.98920894 0.99290437 0.9929915 0.9879721 0.9924484 0.9905927 0.9908773 0.98265725 0.9820552 0.987013 0.98502696 0.9872136 0.9895453 0.99145555 0.9861089 0.9928125 0.9818325 0.9827578 0.9901049 0.99142337 0.9901674 0.99300015 0.98871523 0.98821723 0.9896836 0.98552924 0.9833658 0.98626345 0.9833854 0.9767987 0.9835008 0.9883271 0.98765177 0.9853673 0.9845272 0.9834094 0.97495633 0.9766019 0.9872646 0.98312503 0.98663574 0.98357075 0.9837346 0.97631615 0.9816035 0.98821664 0.9855386 0.9900972 0.9789276 0.97875804 0.9853425 0.9861379 0.980406 0.9865992 0.98479784 0.9903794 0.9895219 0.9899286 0.99271023 0.99028814 0.991713 0.98680836 0.98813254 0.9953566 0.98295814 0.9827675 0.9829458 0.98584557 0.98315746 0.9867452 0.98260087 0.9867482 0.98078805 0.98512566 0.9868622 0.98995477 0.9931591 0.98555064 0.99249387 0.9915193 0.9883301 0.98961276 0.9895891 0.9908428 0.9904127 0.99046314 0.9884832 0.9920826 0.9840574 0.9826686 0.98066634 0.9819091 0.98234594 0.9818299 0.9854605 0.98563015 0.98687005 0.9828019 0.9904371 0.981787 0.97698814 0.9813397 0.9841852 0.98279935 0.9877144 0.9877687 0.98445976 0.9923944 0.9873028 0.9865065 0.98827934 0.98528457 0.98877734 0.9856521 0.98670775 0.9844336 0.9847118 0.9874071 0.9804749 0.97792596 0.98285186 0.98358595 0.9741878 0.971167 0.97141266 0.96579665 0.98843634 0.9891695 0.99167216 0.9932344 0.9927578 0.98960024 0.99337393 0.9908167 0.99293435 0.98971415 0.991534 0.995427 0.99328804 0.9929793 0.9899149 0.99177986 0.99315405 0.9963081 0.9937251 0.9954037 0.9964456 0.9963042 0.99056774 0.9934096 0.99321204 0.9894917 0.9921807 0.99486166 0.99438477 0.9927608 0.9925161 0.9921756 0.98932076 0.9916953 0.99107796 0.9909506 0.9923481 0.9891975 0.9950725 0.9916162 0.9943441 0.989317 0.9860086 0.9823599 0.981004 0.9875785 0.9846498 0.98857766 0.98836476 0.98673975 0.98293585 0.98573256 0.9873809 0.9890275 0.98287445 0.97916025 0.9825795 0.9910931 0.98782897 0.98296666 0.9878218 0.99228656 0.9865435 0.9897488 0.9919094 0.98444015 0.9863089 0.98845613 0.98748535 0.989962 0.9907292 0.9878098 0.99292594 0.9881993 0.9873463 0.9832787 0.9892529 0.96377563 0.9713892 0.987417 0.98406756 0.9766596 0.9819322 0.9867265 0.97044927 0.97992325 0.98971176 0.9935673 0.98984736 0.990087 0.98908925 0.9806454 0.9834533 0.97813594 0.9783313 0.9669339 0.98418236 0.98698467 0.9839939 0.9773717 0.9698649 0.9786553 0.9805592 0.9825224 0.97832876 0.975942 0.9780935 0.9783907 0.9813196 0.97459036 0.98051095 0.9846783 0.9850736 0.9820354 0.9780328 0.98952407 0.98963 0.9874908 0.9843599 0.9894248 0.981779 0.98470044 0.9778257 0.98187023 0.9834381 0.9864201 0.9859753 0.97742355 0.9744676 0.987186 0.9839085 0.97731644 0.9733193 0.9760338 0.9779806 0.97721684 0.9777122 0.98150045 0.98078054 0.98515743 0.97644657 0.9808735 0.98189074 0.9824246 0.9827389 0.9797123 0.9786745 0.9875881 0.9919063 0.98763704 0.99225134 0.99169475 0.9926134 0.9897879 0.9805107 0.9824476 0.9815052 0.9827118 0.9875996 0.98496014 0.9809729 0.9862435 0.9802661 0.9852424 0.9839865 0.9845092 0.9906886 0.9886741 0.9904092 0.99025804 0.9921139 0.99229467 0.99135405 0.9888685 0.9892256 0.9888718 0.9884365 0.98470575 0.9865498 0.9852126 0.992989 0.99428463 0.99239105 0.98473334 0.99039525 0.9905416 0.99011886 0.9929829 0.9907896 0.9946525 0.99109656 0.9881464 0.9908524 0.9900927 0.98612976 0.9921193 0.98927736 0.9903206 0.985901 0.9879613 0.9868611 0.98960996 0.98316455 0.98553306 0.98694956 0.996737 0.98434967 0.9807982 0.98661405 0.98373157 0.98360246 0.97986495 0.97718227 0.97944725 0.9814572 0.9827661 0.9846489 0.9853546 0.98920393 0.9937984 0.98721546 0.988462 0.98847556 0.9924182 0.99115235 0.9950313 0.9885589 0.99483514 0.99476117 0.9917593 0.9949508 0.9952884 0.99415135 0.9953437 0.98501444 0.992831 0.9890848 0.9939234 0.9877958 0.98794174 0.99575096 0.9933735 0.99349695 0.9950822 0.9945869 0.99160117 0.98121494 0.97687155 0.9766045 0.9780952 0.98149997 0.97944003 0.9790008 0.9826962 0.9810658 0.9887588 0.9888687 0.98857534 0.9863353 0.9906438 0.985939 0.9840505 0.9875317 0.9896013 0.9880225 0.98960876 0.9871217 0.9892336 0.98042643 0.9817616 0.98488325 0.97512543 0.9745404 0.97429454 0.9931579 0.9872613 0.9872273 0.9894042 0.98880386 0.98528534 0.9857794 0.98635876 0.98705626 0.9931631 0.97990334 0.9804709 0.9843467 0.9869577 0.9859386 0.9900309 0.98368794 0.98361295 0.98362684 0.98655033 0.986139 0.983832 0.9875826 0.9819312 0.9820294 0.9847729 0.9770312 0.991307 0.98965967 0.9853712 0.98652214 0.9841591 0.9795616 0.9850812 0.9890775 0.9855244 0.9847487 0.98514855 0.98326236 0.97640234 0.98494774 0.98244786 0.9874232 0.98743623 0.98031485 0.98743105 0.9895427 0.9897527 0.98793066 0.9874466 0.99013245 0.98440576 0.9857337 0.9856113 0.9790608 0.98470867 0.98768646 0.9838271 0.97824055 0.98623794 0.98963404 0.9920248 0.989301 0.9895473 0.99032396 0.9899706 0.98861444 0.9903942 0.99027586 0.9879695 0.9867872 0.98738855 0.99385786 0.9910402 0.9881421 0.98605424 0.9745218 0.97631896 0.9801068 0.9848428 0.98892736 0.98480135 0.9805932 0.98548585 0.9847946 0.9758891 0.9750946 0.97626114 0.9794444 0.9842247 0.9848 0.9841794 0.99433345 0.9976678 0.99669534 0.996297 0.9956283 0.9952779 0.99587566 0.9954073 0.9975409 0.9969104 0.9977265 0.9984127 0.9975462 0.9983516 0.9981593 0.9984876 0.99999976 0.9992646 0.9992758 0.9986072 0.9975486 0.97557247 0.97480947 0.9776857
VeselinovicxJankoM_SRP18963HajdukStanko-L2_6 0.9829926 0.98244536 0.98614305 0.9893406 0.9892097 0.97705156 0.9747395 0.96854836 0.988011 0.99072045 0.9918168 0.98757714 0.99234444 0.9933523 0.9889768 0.9922733 0.9899856 0.9876919 0.986318 0.9911971 0.99457496 0.9938831 0.98102427 0.98534405 0.98661995 0.99133503 0.989366 0.99327433 0.9899717 0.99384147 0.9933237 0.98871404 0.9933074 0.9903407 0.9902507 0.9824026 0.9815285 0.9865757 0.9847742 0.9867469 0.9894271 0.9913982 0.9853523 0.9921345 0.9810032 0.9826039 0.9899816 0.9909768 0.99041635 0.99267167 0.98864186 0.9877303 0.9888735 0.98419535 0.98240227 0.9850853 0.9818933 0.9751352 0.9818753 0.98755014 0.9865399 0.9844501 0.984132 0.9826403 0.9740319 0.9756808 0.9865389 0.9829865 0.9863179 0.9831383 0.98284996 0.97631204 0.9812258 0.9884558 0.9853942 0.9904715 0.97931886 0.9787068 0.9845789 0.9864317 0.98045015 0.98538864 0.98358905 0.9899377 0.9883956 0.9893233 0.99238086 0.98959523 0.9914829 0.98509693 0.98678887 0.9949327 0.9818597 0.9821066 0.9825357 0.98459333 0.981327 0.98556775 0.9813238 0.98542595 0.979841 0.98451126 0.9862531 0.98995304 0.9928869 0.9840462 0.99136436 0.99081117 0.98766416 0.9886806 0.98906726 0.98997205 0.9892973 0.9893572 0.9874713 0.990729 0.9836487 0.9825902 0.9806077 0.981651 0.982462 0.9819008 0.98574597 0.98641604 0.98730034 0.982954 0.9903892 0.9824363 0.9767379 0.98115504 0.98407483 0.9829272 0.9877897 0.9875463 0.98456395 0.99137217 0.9859814 0.984978 0.9872562 0.9836212 0.98729616 0.9834476 0.9848004 0.9840943 0.98497283 0.98772013 0.97945344 0.97724235 0.98195046 0.983312 0.97320443 0.9707667 0.9703396 0.9649321 0.98813534 0.98906446 0.9915691 0.99176383 0.99124414 0.9894707 0.99253315 0.9908274 0.9925743 0.9894098 0.9912143 0.9945338 0.99238026 0.99274915 0.98897576 0.9913918 0.992523 0.99613327 0.994002 0.9952044 0.9963898 0.99559367 0.9904943 0.993407 0.9931929 0.98926586 0.9922133 0.99506307 0.99453825 0.992434 0.9921206 0.9918983 0.9891017 0.99111 0.9907203 0.9897043 0.99252963 0.9900809 0.99558 0.99197173 0.9943979 0.9897864 0.98640066 0.9819976 0.9799765 0.9867463 0.9831178 0.9879086 0.98777115 0.9855336 0.98167217 0.9843906 0.98596174 0.98823494 0.9814545 0.97772396 0.980949 0.9902083 0.9879046 0.9829545 0.9875589 0.9921677 0.98662925 0.989136 0.9920675 0.98393756 0.9855195 0.9867474 0.98594356 0.9888304 0.9900018 0.9868805 0.9923741 0.98762596 0.98625106 0.9824581 0.9882964 0.96385545 0.9710903 0.9865632 0.9825576 0.9749387 0.9801923 0.984709 0.969317 0.9777574 0.9888864 0.99332476 0.99076545 0.9899627 0.98895115 0.9790087 0.9819733 0.9773002 0.97834206 0.9665638 0.98319715 0.98608226 0.9829348 0.9763669 0.9695974 0.97792494 0.98050094 0.9810282 0.97765017 0.9760613 0.9782615 0.9781486 0.9804842 0.97399914 0.9795562 0.98414606 0.9843742 0.98148835 0.97685003 0.9885596 0.98936784 0.98636967 0.9843552 0.9887954 0.98129845 0.98451096 0.97755086 0.98178613 0.9826632 0.98641354 0.9853053 0.9771662 0.97455996 0.9864989 0.9832655 0.97688204 0.9727305 0.9761072 0.97823834 0.9776768 0.97742367 0.981239 0.9806791 0.98432755 0.9758895 0.97992843 0.98043025 0.98212814 0.98191226 0.9787854 0.9776033 0.98868316 0.99341357 0.9892307 0.9936722 0.9933108 0.99423623 0.99136394 0.9795743 0.9809329 0.9797882 0.98277855 0.98791754 0.98479855 0.9804532 0.986154 0.9796376 0.9846754 0.98423004 0.98411614 0.9903077 0.98827106 0.99022204 0.98956966 0.9914061 0.9914671 0.99046165 0.98871815 0.98895305 0.988956 0.9887227 0.98261577 0.9848941 0.98290616 0.99242735 0.99462503 0.99210656 0.98463136 0.9905181 0.9907298 0.9897422 0.9925842 0.990408 0.99407905 0.99058384 0.98771584 0.98995256 0.9893924 0.98594856 0.99155354 0.98817694 0.9893858 0.9856303 0.9870777 0.9861892 0.9888376 0.98234874 0.9844579 0.9860159 0.9969043 0.98448455 0.9809175 0.9866428 0.9837778 0.9838197 0.9799272 0.97738564 0.9792669 0.9815531 0.98272294 0.98430026 0.9851573 0.9882232 0.99316937 0.98686415 0.9878818 0.9881196 0.9919914 0.99070823 0.9945679 0.98800033 0.9941305 0.99428874 0.9913847 0.9940674 0.995202 0.99354595 0.9950241 0.9843533 0.99204457 0.98846775 0.9937549 0.9872735 0.98697746 0.99567896 0.99387866 0.9940792 0.99574494 0.9946517 0.9913171 0.9805048 0.9759124 0.97645855 0.9782369 0.98131454 0.9794365 0.9789432 0.98242134 0.980677 0.9886532 0.9881234 0.9877641 0.9859861 0.99064255 0.98521644 0.98396546 0.98712844 0.98930347 0.9877441 0.98948324 0.9868196 0.989336 0.9800582 0.9816418 0.9846604 0.9742928 0.97397083 0.97396076 0.9930038 0.98655075 0.9864412 0.98911124 0.9882108 0.98530686 0.9860922 0.986148 0.9866113 0.993239 0.9796341 0.98106 0.9842321 0.98678863 0.985491 0.9900866 0.98375493 0.9830718 0.9842068 0.98746264 0.98666424 0.9840192 0.98788285 0.9822501 0.9830499 0.9856506 0.97718996 0.9913459 0.98981726 0.98523676 0.9861479 0.98377323 0.97950405 0.985277 0.9886463 0.98479074 0.9847352 0.98430955 0.98282737 0.9752245 0.9848569 0.9822933 0.9873393 0.9866147 0.97951925 0.98681927 0.9895053 0.9900872 0.9875856 0.98733246 0.9897419 0.9837594 0.9847013 0.9843923 0.9777209 0.98298514 0.9863854 0.9829032 0.9780425 0.98539704 0.9886604 0.99133545 0.98885983 0.98855066 0.9894662 0.9894347 0.9871364 0.9897043 0.98927116 0.986824 0.9853138 0.986018 0.99323964 0.9899468 0.98668814 0.9843629 0.9745241 0.9766406 0.980115 0.9847589 0.9884856 0.98448527 0.9803425 0.9846256 0.98454434 0.97601604 0.9749981 0.9764115 0.9794775 0.98458314 0.9856503 0.9844218 0.9943629 0.99766564 0.997506 0.9973927 0.9966655 0.99608076 0.99639964 0.9962938 0.9980507 0.99661607 0.99794734 0.998794 0.9979261 0.99814254 0.99862283 0.9989473 0.9992646 1.0000002 0.9995572 0.9992016 0.99761003 0.9741896 0.97314465 0.97687185
VeselinovicxJankoM_SRP18963HajdukStanko-L2_7 0.98589116 0.985627 0.9888522 0.99164975 0.9915243 0.9802151 0.9779373 0.97237337 0.9900409 0.9925003 0.99351144 0.9898436 0.99383754 0.9946641 0.9911581 0.99389124 0.99207735 0.99003756 0.9887292 0.99315524 0.99573505 0.99539053 0.9837194 0.9877766 0.98896265 0.99292994 0.99135035 0.9945406 0.9918872 0.9950899 0.99488187 0.99070776 0.9947608 0.9911335 0.99087745 0.9850902 0.9843421 0.98866844 0.98728085 0.9893575 0.99152106 0.9928548 0.98762935 0.9938017 0.9838803 0.98526627 0.99193305 0.9930235 0.99224895 0.99425644 0.9908239 0.98991674 0.99080706 0.98682815 0.984854 0.98793274 0.98510826 0.97848433 0.98492634 0.98986286 0.9890365 0.9872468 0.98673224 0.9853239 0.97747695 0.9792361 0.98897135 0.9853501 0.98841417 0.98596716 0.98611313 0.97960526 0.98384184 0.9904937 0.98771584 0.99228865 0.9821961 0.98149407 0.987247 0.9887967 0.9831954 0.98772585 0.98637986 0.9915526 0.990411 0.99102694 0.9936369 0.99152666 0.99316704 0.9874275 0.98893726 0.99621236 0.9846908 0.9847053 0.98501134 0.9872281 0.9840647 0.987856 0.9840565 0.9876435 0.9824413 0.9868734 0.9885395 0.99157935 0.99405783 0.98704123 0.99317086 0.9926473 0.9901786 0.99089324 0.99130356 0.99212134 0.99145156 0.99150896 0.9898794 0.99258006 0.9865199 0.98538023 0.98355436 0.98466384 0.98508734 0.9844828 0.9880231 0.9885622 0.9894676 0.9856626 0.99225324 0.98504174 0.9797828 0.9840463 0.9867165 0.9856511 0.9900061 0.98987114 0.98708844 0.99304307 0.98829925 0.987593 0.9893483 0.98626614 0.9895383 0.9858832 0.98740214 0.98666966 0.98736185 0.9899316 0.9827619 0.9803178 0.98486185 0.9860937 0.97689956 0.9744134 0.97407395 0.96874624 0.9905026 0.99136555 0.9936034 0.9933217 0.9927596 0.99108 0.99408007 0.99225265 0.99390584 0.9911693 0.992961 0.9959249 0.99410945 0.9944024 0.9910841 0.9934231 0.9943094 0.9970199 0.99520063 0.9963977 0.99718493 0.99670494 0.9922951 0.99483204 0.9944086 0.99153465 0.9939827 0.99648726 0.9961919 0.9940192 0.99349034 0.9930764 0.99114084 0.9930036 0.99271 0.9918386 0.99376684 0.9916241 0.9962987 0.9933904 0.99552184 0.9917748 0.9887092 0.98492074 0.9830923 0.9894147 0.9858963 0.989962 0.99001944 0.98803467 0.9847177 0.9871471 0.98861915 0.99059457 0.9842383 0.9805122 0.9835887 0.99204767 0.989997 0.98547316 0.9896663 0.99358714 0.98876333 0.99099433 0.9933653 0.98638874 0.9878437 0.98869157 0.9878788 0.9907416 0.9919196 0.98907477 0.9939617 0.9897493 0.98855734 0.9849421 0.9902149 0.96792674 0.9750357 0.9893149 0.98539776 0.97845495 0.9834093 0.98747367 0.9729474 0.98125947 0.99103516 0.9941257 0.9908923 0.9912133 0.9905959 0.9823139 0.98489964 0.9802978 0.9814687 0.97021186 0.98599464 0.98862815 0.9858546 0.97934985 0.97295344 0.9810692 0.98319215 0.98409426 0.9808597 0.9788064 0.9812 0.9809391 0.9830313 0.9769913 0.982296 0.9867876 0.98693144 0.9839138 0.97981274 0.9908954 0.9914198 0.9890378 0.98709434 0.9912211 0.98415524 0.98682433 0.9805168 0.9845434 0.9854431 0.9887464 0.9878909 0.98009527 0.9776484 0.9889531 0.98589855 0.97978586 0.97574955 0.97893643 0.9808765 0.98030406 0.9803563 0.98385537 0.9834227 0.987015 0.97900677 0.98292047 0.98365605 0.9850655 0.98469466 0.9818256 0.9806993 0.9902581 0.994239 0.99050003 0.99453396 0.9940869 0.9950159 0.99223405 0.982704 0.98397195 0.982862 0.9854612 0.9900038 0.9874919 0.9835175 0.9884293 0.9826726 0.98739696 0.98682046 0.9869079 0.9921271 0.9904295 0.99207485 0.9917869 0.9933101 0.99331236 0.99246544 0.991266 0.9914422 0.9914175 0.9911393 0.98529494 0.98699033 0.98520124 0.9939312 0.9955015 0.9933935 0.9875503 0.99283266 0.99295175 0.9921798 0.9945701 0.99275166 0.9959333 0.9927123 0.99023455 0.9923934 0.9919449 0.9887669 0.9937936 0.99074614 0.9916351 0.9885409 0.9899881 0.9890963 0.99140865 0.98555887 0.9874829 0.98872435 0.9968563 0.9869419 0.98362875 0.9887629 0.9862953 0.98625237 0.9827716 0.9802438 0.98216933 0.9842632 0.9853491 0.9867299 0.98758787 0.9904796 0.99451184 0.9889696 0.9901199 0.9901171 0.993365 0.9924892 0.9950185 0.9901624 0.9949527 0.99504316 0.99294704 0.99503076 0.99521524 0.99410087 0.9955281 0.98699224 0.9929953 0.9906405 0.9948678 0.9894998 0.9892606 0.99657524 0.9951861 0.99523395 0.9965733 0.9959928 0.99289995 0.98356044 0.97910774 0.9794347 0.98116446 0.9841153 0.9822407 0.9818595 0.98497564 0.98362327 0.99087864 0.99021375 0.9898006 0.98831654 0.99226385 0.9875068 0.98620284 0.98884547 0.9910839 0.9898169 0.99140835 0.9891867 0.991399 0.98311365 0.9844023 0.987413 0.97743267 0.9768685 0.9768152 0.99444425 0.98876804 0.9885826 0.9911035 0.99046683 0.9872296 0.988059 0.9883327 0.98894763 0.9945711 0.9823479 0.983929 0.9868619 0.98899424 0.98783404 0.9916573 0.9861302 0.9855765 0.98683035 0.98946655 0.98910093 0.98674333 0.99017835 0.9852136 0.98579437 0.98813295 0.9805133 0.99302334 0.9917196 0.9874942 0.98856246 0.9863268 0.9825371 0.98758304 0.9909179 0.9873783 0.9871665 0.9869256 0.98568726 0.9786386 0.98768723 0.9851757 0.98976195 0.9889798 0.98251873 0.98928785 0.9916202 0.9920399 0.99005836 0.9898575 0.991834 0.9863089 0.9874233 0.987359 0.980544 0.98592 0.9889938 0.9858251 0.9813319 0.98827064 0.9912958 0.9932703 0.9912005 0.99093616 0.9915221 0.9918709 0.9897335 0.9921219 0.99168235 0.9894634 0.9876929 0.98872566 0.9946663 0.992091 0.98919994 0.98700213 0.9776326 0.979623 0.98292685 0.98720586 0.9905704 0.98706466 0.98322153 0.9873506 0.9871019 0.9791268 0.97817487 0.979475 0.98233396 0.9869344 0.98766077 0.9866657 0.99594986 0.9979565 0.997537 0.9968828 0.9970259 0.99671066 0.99706006 0.9969499 0.99823177 0.9978955 0.99855 0.9987272 0.9983071 0.99891317 0.999164 0.9991671 0.9992758 0.9995572 1.0000002 0.9994255 0.998428 0.97762096 0.97654223 0.9796723
VeselinovicxJankoM_SRP18963HajdukStanko-L2_8 0.9863258 0.98620826 0.9894251 0.99129856 0.991483 0.98162663 0.97957295 0.9735983 0.99133927 0.99358106 0.99444723 0.99103355 0.99457115 0.99540436 0.9921509 0.9943356 0.99260056 0.9907452 0.9896125 0.9938051 0.99650294 0.9959399 0.9849611 0.98832166 0.98973876 0.9935591 0.992108 0.9946119 0.9926838 0.99572676 0.99509186 0.991875 0.9953537 0.9920338 0.9914511 0.98644066 0.98541665 0.98963296 0.9879799 0.98924357 0.99179214 0.99342453 0.9882745 0.99361557 0.98452437 0.9860346 0.9922699 0.9933135 0.99288595 0.9949532 0.9920545 0.99120754 0.99194765 0.98734015 0.98577994 0.988356 0.98553556 0.9794586 0.98505056 0.9908302 0.989996 0.9875401 0.9878071 0.9864039 0.97845703 0.9800803 0.9895731 0.98670906 0.9892583 0.9864064 0.9868473 0.98082846 0.98509383 0.99169034 0.98901254 0.99343413 0.9838392 0.98340535 0.9881623 0.9896449 0.9846026 0.9880787 0.9866044 0.99198323 0.9900118 0.99117553 0.9936763 0.9915318 0.99343044 0.98749596 0.9893718 0.99680877 0.9860693 0.986704 0.98705393 0.9882086 0.9852097 0.9885473 0.98569715 0.9890082 0.9845216 0.9885865 0.990084 0.9924463 0.9944254 0.987717 0.993475 0.9932385 0.9908938 0.9914761 0.9917813 0.992075 0.9917927 0.9920056 0.9902572 0.99254334 0.9875981 0.9862845 0.9846251 0.9854405 0.98643696 0.9859218 0.98955405 0.98991007 0.9901587 0.98672235 0.9930084 0.9863429 0.98094183 0.9847888 0.9870241 0.98625827 0.9903884 0.99017674 0.98806417 0.9932564 0.98849696 0.9878425 0.9897713 0.98588693 0.9889199 0.9850462 0.9866603 0.9881283 0.98902094 0.9912379 0.9835763 0.98134506 0.9856745 0.9869645 0.97784287 0.9755721 0.9750512 0.9698027 0.9913259 0.9921749 0.9940965 0.9931027 0.9927498 0.9918704 0.99448746 0.99289834 0.99427027 0.9916571 0.99353105 0.99638057 0.9947403 0.9953006 0.9921159 0.99414206 0.9950719 0.9975354 0.99607694 0.9968153 0.9974953 0.996809 0.99354833 0.9956652 0.9953346 0.99231637 0.9948307 0.9970168 0.99632925 0.99413997 0.9941906 0.9936311 0.99211454 0.99353033 0.993317 0.9922861 0.99511945 0.9931938 0.9973314 0.9946924 0.99634695 0.9926904 0.9900445 0.9858457 0.98359525 0.98988175 0.98612344 0.9900544 0.99001914 0.98768485 0.98509914 0.98729986 0.98846185 0.9905192 0.98469746 0.9811715 0.9838238 0.99193794 0.9910078 0.9870038 0.99072134 0.99427056 0.9897288 0.99167246 0.99404603 0.98755217 0.9888465 0.9894755 0.98882014 0.99153143 0.993117 0.9903575 0.9944305 0.9909835 0.9897764 0.98679715 0.99150246 0.9695625 0.975637 0.99011064 0.9864073 0.9795996 0.98431975 0.9879256 0.97500753 0.9819544 0.9920033 0.9946284 0.991593 0.9917889 0.9914505 0.9833788 0.9859482 0.9815643 0.98275656 0.97170997 0.98640025 0.98883927 0.9860581 0.98071855 0.97500634 0.9823052 0.98504174 0.98545986 0.982301 0.9811664 0.98266774 0.98266256 0.9843402 0.97894007 0.9835625 0.987687 0.98804337 0.9856735 0.98132324 0.99134606 0.9921008 0.98931706 0.9876337 0.9912791 0.98482835 0.987885 0.98204845 0.9857393 0.985799 0.9896364 0.9884261 0.98182636 0.979417 0.99008936 0.9867836 0.9813388 0.977342 0.98061407 0.98272413 0.98202646 0.98212314 0.9854308 0.98488724 0.9880947 0.98062146 0.98415565 0.98421174 0.986023 0.9862575 0.983135 0.98179805 0.9921413 0.9954778 0.9927192 0.9957636 0.9955735 0.99612147 0.9943067 0.98378813 0.98446107 0.9837359 0.98694634 0.9912 0.9883903 0.98449886 0.9893046 0.9840849 0.9879682 0.9879874 0.9881828 0.9932784 0.9914444 0.9931554 0.9920672 0.9933067 0.9929241 0.99230206 0.9918418 0.9920623 0.99216664 0.9918767 0.9851402 0.98665935 0.98476917 0.99390745 0.99564517 0.99301755 0.98835593 0.9932327 0.99340916 0.99245435 0.99488306 0.99289423 0.99581337 0.9923508 0.99086535 0.9923402 0.9919833 0.9887378 0.99347323 0.9902991 0.99098456 0.98892194 0.98996615 0.98966986 0.9914949 0.98605365 0.9875262 0.98883164 0.9969961 0.98746926 0.98431385 0.98918617 0.9865647 0.986675 0.98333603 0.98129004 0.98270035 0.9850065 0.98617715 0.9873268 0.98812884 0.99135125 0.99499005 0.98989886 0.9909711 0.9910754 0.9938261 0.99296063 0.9953341 0.9910546 0.99522287 0.9957883 0.9940234 0.99554926 0.9958385 0.9946832 0.9962315 0.988001 0.9932195 0.99119866 0.9952691 0.99024856 0.9898506 0.997125 0.9961164 0.99603647 0.99750006 0.9968375 0.9932844 0.98361194 0.9799465 0.9800348 0.98192847 0.9842222 0.9830779 0.9827737 0.9856294 0.98387575 0.99177194 0.9910084 0.9905605 0.9891562 0.9930923 0.98872274 0.9876504 0.989932 0.9919518 0.9908585 0.99213225 0.99037814 0.9921258 0.98371375 0.98576045 0.98782307 0.97893554 0.9786931 0.9785813 0.9948026 0.9894754 0.98922586 0.9920112 0.99126095 0.98886746 0.98930603 0.9892436 0.9898103 0.9948865 0.9839938 0.9848588 0.98751676 0.9895213 0.98848635 0.99221784 0.9867723 0.9856754 0.987427 0.9898234 0.9899171 0.9871063 0.9905306 0.9860154 0.9865997 0.9890005 0.9814612 0.99421895 0.9926828 0.98902196 0.98947316 0.98754245 0.98373944 0.9888209 0.99165004 0.9879837 0.98783064 0.9876027 0.9867141 0.9799611 0.9883735 0.98637784 0.990288 0.98969465 0.98373 0.9902997 0.9922455 0.9928777 0.990644 0.99058163 0.9927511 0.98771626 0.9883937 0.9879168 0.9820383 0.9863987 0.98963916 0.98655564 0.9826201 0.9885687 0.9915555 0.9933812 0.9916737 0.991688 0.9922537 0.9921332 0.9903117 0.9923938 0.9917201 0.98951674 0.98807454 0.98885703 0.9946889 0.9918537 0.98922944 0.98666453 0.9787667 0.98083955 0.9840761 0.988142 0.99088824 0.98777217 0.9841804 0.987882 0.98768175 0.9807452 0.97937846 0.9810657 0.98329765 0.9878127 0.98911995 0.9877528 0.99629503 0.9982418 0.99783224 0.9971498 0.99782914 0.99772155 0.997519 0.9976837 0.99842584 0.9982196 0.99906915 0.99899983 0.9992235 0.99848443 0.99953616 0.9995291 0.9986072 0.9992016 0.9994255 1.0000002 0.999006 0.9791204 0.97781456 0.98136896
VeselinovicxJankoM_SRP18963HajdukStanko-L2_9 0.9901355 0.99026906 0.9931232 0.99375135 0.9941858 0.98685163 0.98532563 0.9794772 0.99329966 0.99550116 0.99608356 0.99370223 0.99549246 0.99607074 0.99477005 0.99632317 0.99525565 0.99402815 0.99301475 0.99541616 0.9969127 0.996829 0.98859334 0.9913907 0.9926411 0.9952142 0.9945111 0.9954845 0.99513113 0.9970025 0.996951 0.99443734 0.99681264 0.9930852 0.992014 0.99051017 0.9896934 0.9927414 0.9913602 0.9922171 0.99417925 0.9950024 0.9915427 0.99554276 0.98907113 0.98990947 0.9946524 0.9953682 0.9947564 0.99629366 0.99392414 0.9929561 0.9935255 0.99075985 0.98873204 0.99245054 0.9901535 0.98550856 0.98985964 0.9943201 0.9936968 0.9918854 0.99163663 0.9905236 0.9842527 0.9857006 0.99242926 0.9898977 0.9915629 0.9892305 0.9904827 0.985612 0.9885879 0.9936244 0.9918902 0.9951805 0.9877808 0.9875175 0.9914067 0.99190235 0.98816353 0.9904707 0.98987037 0.99315196 0.9916255 0.9924176 0.99414897 0.992975 0.994867 0.990193 0.9915512 0.9977852 0.98965985 0.98988813 0.9898806 0.9909574 0.9884582 0.990734 0.98903936 0.99161154 0.98808867 0.99118626 0.99202746 0.9928833 0.9942535 0.9904588 0.9940864 0.9938521 0.99261695 0.9924683 0.9927194 0.9930011 0.9931081 0.99354595 0.9921498 0.9934582 0.9903446 0.9885395 0.987108 0.98794055 0.98914266 0.98815536 0.99232435 0.9920933 0.9922658 0.9897798 0.9947278 0.9895736 0.98533535 0.98811734 0.9900653 0.98959255 0.9925575 0.99251235 0.99069065 0.9958882 0.992449 0.9918851 0.9931926 0.9883073 0.99030185 0.9866258 0.98851705 0.9907813 0.9907384 0.99257237 0.9874518 0.98538405 0.98922884 0.9900544 0.9836863 0.9810152 0.9801562 0.9758349 0.9942397 0.9948202 0.996534 0.99444634 0.9938607 0.9935843 0.9963271 0.99404275 0.9957831 0.99344736 0.99529105 0.9974243 0.997059 0.9969539 0.99475086 0.9955984 0.9967259 0.99777603 0.99667597 0.997352 0.99751997 0.99750495 0.99551255 0.99676466 0.9962635 0.9945831 0.9960153 0.9977684 0.9970617 0.9947856 0.9939621 0.9924942 0.9944876 0.9954312 0.99461246 0.99464726 0.9966724 0.99457276 0.9977381 0.99631524 0.9972471 0.99462235 0.99251777 0.98941404 0.9873888 0.9926299 0.98936224 0.9917981 0.9922098 0.99050754 0.9891969 0.9897399 0.99072605 0.99176955 0.98733824 0.9842051 0.98650634 0.99296236 0.9940238 0.99072707 0.9937093 0.99622047 0.9928605 0.9945614 0.9959123 0.9915327 0.9928087 0.99283963 0.992335 0.99455684 0.9957986 0.99391234 0.9956267 0.99418443 0.9933185 0.9908912 0.99470246 0.9761661 0.9811341 0.9927202 0.99007213 0.98394275 0.9879709 0.99071383 0.97971714 0.9860225 0.99401236 0.9944147 0.98945946 0.99159193 0.99188733 0.98688984 0.9891286 0.9866912 0.9873228 0.9768064 0.99014705 0.99193156 0.9900207 0.9854563 0.98049647 0.98672205 0.989063 0.99000245 0.98696417 0.9854271 0.9865943 0.9868442 0.98764336 0.9831601 0.9870737 0.9902322 0.9907558 0.98884565 0.9851955 0.99347043 0.9935879 0.9919904 0.99070555 0.99344623 0.98784584 0.9904329 0.98693764 0.9898513 0.98952377 0.992876 0.9919489 0.9867213 0.9845765 0.9934884 0.9907979 0.98608524 0.9820924 0.9852102 0.9868568 0.9860532 0.98708093 0.98941064 0.9891987 0.99182 0.9853743 0.988059 0.9880917 0.98952216 0.98995495 0.986953 0.98582625 0.993424 0.9946918 0.99379826 0.9953901 0.99524415 0.99544346 0.99440736 0.98746294 0.98802114 0.98719376 0.98959124 0.9930346 0.99126214 0.9880579 0.9916355 0.98760504 0.9906006 0.99111915 0.9917829 0.99539274 0.99409527 0.9952262 0.9940281 0.99504566 0.9942152 0.9940679 0.99466264 0.9942684 0.99452335 0.9943466 0.9893036 0.99012345 0.988587 0.99450344 0.99512005 0.9927579 0.991789 0.9953387 0.9953212 0.99465925 0.99689454 0.99560225 0.9975582 0.9950906 0.99396026 0.99488175 0.9946268 0.99250823 0.9960507 0.99386525 0.9940779 0.99278146 0.9937252 0.99332863 0.9946996 0.9908042 0.99183834 0.9930514 0.9963453 0.99021214 0.98766416 0.99194753 0.98939073 0.98956156 0.9873012 0.9848827 0.9856702 0.9877889 0.9892784 0.99051905 0.9913848 0.99381137 0.9959975 0.9923999 0.993453 0.9931558 0.99509186 0.9948654 0.9953541 0.9937259 0.9953552 0.9960653 0.99554276 0.9959798 0.99512804 0.994791 0.9961577 0.99147254 0.99447674 0.99412507 0.9963796 0.9929425 0.99281734 0.9969281 0.9958386 0.9955606 0.9968711 0.99787515 0.9951586 0.9873285 0.9842357 0.98390716 0.9857775 0.9876583 0.98662627 0.98674417 0.9892411 0.98777866 0.99387425 0.9928096 0.99204075 0.9918382 0.9938503 0.9909571 0.98968977 0.9909409 0.9936246 0.99375546 0.9941911 0.99335593 0.99396086 0.98759335 0.9894437 0.99030715 0.9839634 0.9832632 0.9828879 0.99569875 0.9916516 0.9915961 0.99393845 0.99383813 0.9920511 0.99219894 0.9919759 0.9927252 0.99572724 0.98803645 0.98794144 0.99046254 0.9921564 0.99116164 0.99400586 0.9889495 0.98751223 0.9897472 0.991185 0.9919311 0.98963386 0.9920928 0.9890539 0.98871356 0.990818 0.98505104 0.9960852 0.9946312 0.992037 0.99197876 0.9908425 0.9875052 0.99101293 0.9942722 0.9913959 0.9907624 0.9906143 0.9904745 0.9844137 0.99174076 0.9899825 0.9926169 0.9920674 0.9878484 0.9930424 0.99447566 0.99455106 0.9930461 0.99350214 0.9955425 0.9915205 0.992018 0.9918382 0.9863356 0.98972017 0.99316585 0.9898014 0.9869933 0.9913332 0.993774 0.9944732 0.9933862 0.99380857 0.99398255 0.9939495 0.99291337 0.9944302 0.9943826 0.99278736 0.9914133 0.992458 0.99634385 0.99432194 0.9925407 0.99035245 0.9830861 0.9850706 0.98791224 0.99121225 0.9930386 0.99066806 0.987982 0.9913059 0.99088556 0.98489785 0.9836972 0.98521143 0.9867419 0.9902221 0.99124104 0.98992896 0.9967293 0.99709237 0.99600273 0.9942302 0.9973425 0.9973035 0.996718 0.9969591 0.99720585 0.99930847 0.9996186 0.9987919 0.99922156 0.9989672 0.9993503 0.99876046 0.9975486 0.99761003 0.998428 0.999006 1.0 0.98470664 0.9836177 0.9863871
VuleticxVukasovicxVid_SRP19011VidVVCarDubrovnik-L2_1 0.9920433 0.99345446 0.9936372 0.9880236 0.98950636 0.99544823 0.99466115 0.9930032 0.9871602 0.988354 0.9885305 0.99090683 0.98581165 0.9856453 0.99237645 0.98963886 0.9919465 0.9933131 0.9937414 0.9885499 0.98448116 0.9868224 0.98828155 0.98798233 0.98792166 0.98427576 0.9877156 0.98217475 0.9889863 0.9860903 0.9869615 0.98866606 0.9875782 0.9837587 0.98120236 0.9939153 0.9931575 0.99087614 0.9915792 0.99011886 0.98992985 0.9871578 0.9914505 0.9877575 0.9929677 0.99213576 0.9895194 0.98893195 0.988661 0.9884507 0.9894921 0.9886529 0.98818755 0.99061555 0.9889447 0.9938584 0.9944522 0.99398893 0.99327266 0.9939025 0.9942443 0.9930614 0.9934157 0.9935838 0.99548256 0.99552417 0.99118954 0.99076295 0.9901308 0.9893601 0.9930152 0.9904369 0.99309736 0.9906116 0.992381 0.99048495 0.9938545 0.99417275 0.9937298 0.9898414 0.99401355 0.98955894 0.9920229 0.98410773 0.9826958 0.98574185 0.9840957 0.9865641 0.9872655 0.987563 0.9879073 0.9877084 0.9954277 0.9932481 0.9927914 0.992497 0.9914479 0.99022937 0.99213874 0.991552 0.9942026 0.99331295 0.9911975 0.9858273 0.98314816 0.9894775 0.98365235 0.9839494 0.98821664 0.98551774 0.98532146 0.9851099 0.9869345 0.98882145 0.98833275 0.9851331 0.99158186 0.9879271 0.9877138 0.988244 0.9897366 0.98760116 0.9920877 0.9892745 0.98915124 0.99070776 0.9897739 0.9901022 0.9939891 0.99217296 0.99148273 0.99202347 0.9900644 0.99051416 0.99167204 0.99040616 0.99328893 0.9942658 0.99282056 0.9834215 0.98111683 0.9771667 0.9808854 0.9900295 0.98695123 0.98728883 0.99249655 0.99186385 0.99192643 0.9911545 0.99571276 0.99285746 0.9918684 0.9908465 0.99245095 0.9920457 0.9902783 0.98750126 0.98733735 0.98713154 0.98791623 0.98574644 0.986583 0.98782706 0.98810107 0.98605675 0.98960733 0.9904202 0.9929151 0.9901456 0.9904039 0.9836663 0.98569393 0.9844804 0.98169017 0.9841757 0.9922635 0.9890945 0.9878872 0.99176973 0.98821545 0.9869426 0.98557305 0.98255384 0.9791239 0.97551686 0.99289125 0.99169326 0.98897743 0.9915494 0.99011195 0.98899066 0.98497796 0.98995227 0.9881918 0.9902714 0.99175954 0.99275166 0.9910029 0.99059975 0.98942316 0.98825526 0.98967177 0.98943466 0.9928088 0.9858583 0.98536474 0.9840994 0.9849229 0.98329437 0.9838014 0.9845428 0.99220467 0.9934556 0.99333996 0.9882593 0.99214894 0.99055004 0.9892793 0.9952986 0.99475074 0.99234676 0.9922549 0.991981 0.9930028 0.99480283 0.9870843 0.9941588 0.9945488 0.9951555 0.99287045 0.987906 0.9886412 0.990853 0.99229985 0.9903473 0.9898172 0.98985404 0.98876727 0.98956156 0.98910767 0.9787869 0.9681737 0.977161 0.98081315 0.98889154 0.9898314 0.9947465 0.99157107 0.98609686 0.99030566 0.98874056 0.99205977 0.99164027 0.9921093 0.9931412 0.992873 0.99481404 0.9939414 0.9883085 0.9899183 0.9905445 0.99085766 0.9912434 0.9912483 0.990061 0.9907188 0.9907657 0.9897922 0.9914324 0.9896167 0.9922766 0.9921219 0.99002856 0.99152696 0.99164855 0.9929017 0.9916207 0.98708445 0.98964584 0.99065447 0.99332446 0.9924407 0.99208575 0.9901183 0.9914577 0.9896632 0.99109834 0.9906518 0.9890491 0.9930276 0.99248827 0.99244523 0.9920788 0.9935279 0.9932633 0.9926651 0.9926796 0.9931742 0.9922969 0.9927245 0.98544276 0.9803936 0.9847365 0.9808756 0.98066634 0.98053813 0.982669 0.99233043 0.9925125 0.9926379 0.9897056 0.9895095 0.9915439 0.99301106 0.9914705 0.99165136 0.9914421 0.99152756 0.99408907 0.99144405 0.99188334 0.99124104 0.98742974 0.9858765 0.9827825 0.98514146 0.99174523 0.99034184 0.9906787 0.99114573 0.98858994 0.985546 0.9856605 0.9833359 0.9792545 0.9779609 0.9928024 0.98948467 0.989448 0.99017525 0.98922503 0.990937 0.98809355 0.9862286 0.9918224 0.9890766 0.98959345 0.990263 0.98817223 0.9883528 0.98611814 0.99190974 0.9922925 0.9941259 0.9917457 0.9941451 0.99319565 0.991616 0.97768146 0.98822314 0.9893142 0.9891048 0.98804545 0.98871785 0.98949736 0.9873995 0.9850085 0.98681384 0.98958856 0.9896535 0.99054176 0.9931669 0.9884209 0.99270403 0.9928463 0.99140286 0.9888015 0.989846 0.9837048 0.9931345 0.98374486 0.9847514 0.98995066 0.98501176 0.97925943 0.98283917 0.9837829 0.99392736 0.9859486 0.9931398 0.9876302 0.99198025 0.9931693 0.9832946 0.98269856 0.98199064 0.98268515 0.9877592 0.98530525 0.9883874 0.9898262 0.9883117 0.989684 0.9886658 0.98923016 0.989636 0.98999786 0.9899838 0.9907084 0.99021333 0.9877163 0.99118567 0.98684263 0.9906299 0.9894266 0.9864497 0.98874784 0.991686 0.99021673 0.9927282 0.98987055 0.9919011 0.99297625 0.989522 0.99186546 0.98979014 0.99012583 0.9863958 0.9894015 0.98982424 0.99045706 0.9913354 0.9925105 0.99098796 0.99090517 0.9899882 0.9845851 0.99086285 0.9865505 0.9877678 0.98897666 0.9887214 0.9869338 0.985611 0.9834973 0.9859644 0.9821827 0.9862591 0.98617256 0.9849095 0.98816097 0.98438835 0.9852616 0.9875665 0.98954463 0.99014246 0.9902783 0.9905296 0.9914424 0.9905463 0.98787946 0.99182844 0.9926984 0.99115676 0.9910115 0.99277735 0.991428 0.9909784 0.99194294 0.9886597 0.98812777 0.99252105 0.9918365 0.99113554 0.98919547 0.9895849 0.9917777 0.9922254 0.99452436 0.9930563 0.993929 0.99283296 0.99233955 0.99237615 0.9925318 0.9940463 0.9902511 0.989424 0.9854095 0.9881723 0.98964787 0.98837936 0.98805094 0.98943365 0.9888861 0.9883124 0.9894654 0.98824024 0.9891857 0.9858834 0.98738235 0.98837686 0.9872601 0.9881992 0.9882482 0.9889687 0.9890454 0.9862687 0.9883341 0.98930883 0.9901925 0.98842865 0.9898002 0.98904353 0.9887346 0.9878886 0.98633295 0.98677224 0.9850626 0.98455614 0.9793691 0.9747251 0.96935123 0.9813967 0.9836432 0.98169756 0.98201454 0.9786347 0.9861917 0.98362404 0.97831297 0.9817252 0.98147625 0.9807135 0.97981626 0.97557247 0.9741896 0.97762096 0.9791204 0.98470664 0.9999998 0.99837327 0.99830997
VuleticxVukasovicxVid_SRP19011VidVVCarDubrovnik-L2_2 0.9927402 0.99209523 0.993129 0.9882721 0.9894222 0.99322957 0.9930068 0.9919768 0.9841061 0.9868063 0.98671347 0.988781 0.9839027 0.9835134 0.9905963 0.9889523 0.99178416 0.9932327 0.9923538 0.9859999 0.9827491 0.9854615 0.9859049 0.98624057 0.9865886 0.9836061 0.9867331 0.981665 0.98760265 0.98488486 0.9860157 0.986625 0.9861964 0.9841916 0.9820107 0.9929409 0.9928722 0.99110806 0.9899471 0.9884633 0.9884637 0.9857939 0.9902587 0.9877404 0.99283856 0.99148417 0.98853683 0.9875077 0.9866432 0.9870641 0.9864301 0.98537856 0.9856808 0.9896088 0.9869119 0.9935606 0.994351 0.995113 0.99426705 0.9925208 0.9932966 0.99335563 0.9917438 0.99243015 0.9949596 0.99514997 0.9887509 0.98761344 0.9871932 0.9857329 0.9898483 0.986473 0.9893256 0.9871284 0.988696 0.98766685 0.9900753 0.99101233 0.9911331 0.9862686 0.9904387 0.98878336 0.99100727 0.98161185 0.9807528 0.98302156 0.98203486 0.9844286 0.9848825 0.9861419 0.9856668 0.9869583 0.9921389 0.9900126 0.9895304 0.98928654 0.9878876 0.98681176 0.9883653 0.9888153 0.9910462 0.9907627 0.98797554 0.9815183 0.9799373 0.9858949 0.9813121 0.9810381 0.9843429 0.98193896 0.9816429 0.9822966 0.9839962 0.9862824 0.98478407 0.9830492 0.9873716 0.9828774 0.982785 0.9837555 0.9852159 0.9826199 0.988551 0.98512006 0.9854976 0.98687327 0.9868497 0.9863681 0.991358 0.98897475 0.9887825 0.9889378 0.9871325 0.9877145 0.9886128 0.99072015 0.9933091 0.99403673 0.992367 0.9820347 0.9797073 0.97585315 0.97928834 0.9874466 0.9827357 0.98331517 0.9890676 0.9881171 0.9886593 0.9871867 0.9943637 0.9898745 0.9888975 0.9881608 0.98912376 0.9892963 0.9880316 0.9862868 0.986475 0.98419774 0.9864208 0.9825223 0.98523116 0.9851358 0.9857242 0.9844687 0.9886917 0.9876887 0.9909583 0.98703647 0.98828644 0.9817656 0.9824685 0.9822928 0.97985077 0.98264337 0.99052715 0.9885647 0.98797977 0.98951614 0.98583573 0.9855991 0.9841591 0.9802036 0.975786 0.9718736 0.99037254 0.9896048 0.9860166 0.99046326 0.98843056 0.98561347 0.9830761 0.9875187 0.98655134 0.9874054 0.98823816 0.98955435 0.988034 0.98831934 0.9874531 0.9854332 0.9872976 0.98811907 0.9906706 0.9830398 0.98370874 0.9809356 0.9827473 0.9814872 0.9823189 0.9823323 0.99070954 0.99126613 0.9911561 0.98714894 0.99017894 0.9899263 0.9877411 0.9940012 0.9940207 0.992342 0.9924876 0.9916301 0.9920872 0.99399567 0.98509085 0.9921484 0.9934571 0.9931126 0.9919971 0.98613787 0.9872069 0.98866534 0.9904994 0.9876615 0.98730755 0.988265 0.98465264 0.988566 0.9869886 0.9769639 0.9652699 0.97498816 0.97812665 0.9863829 0.9876086 0.9935474 0.9881589 0.9817914 0.9881392 0.9867067 0.99064136 0.9890433 0.9882835 0.98951894 0.98939097 0.99312174 0.99073195 0.9834978 0.98583555 0.9865 0.9870718 0.98658276 0.9870346 0.9857633 0.9867077 0.9866304 0.98562795 0.98949516 0.9872774 0.990608 0.98948044 0.9879185 0.9879324 0.9887196 0.9907863 0.9895653 0.9852274 0.9873431 0.9887141 0.99102277 0.9898381 0.9899559 0.98937297 0.9888221 0.98584384 0.9880412 0.98730534 0.98512083 0.9913675 0.98975396 0.9902313 0.9902991 0.9903088 0.99064815 0.9901846 0.9894955 0.9905525 0.9889189 0.98941356 0.9818977 0.9764188 0.9810577 0.9774474 0.97785366 0.9770498 0.9788129 0.9910049 0.99229306 0.99105585 0.9848454 0.98557425 0.98817676 0.9897964 0.98840606 0.9878664 0.9880062 0.9891639 0.99215525 0.98971474 0.99008816 0.98920643 0.9856093 0.985163 0.981772 0.9844208 0.98968077 0.9875343 0.98799086 0.9885363 0.9896183 0.987267 0.988181 0.98120946 0.9767866 0.97544545 0.98999274 0.9872116 0.9872355 0.9882784 0.9882557 0.99003136 0.98762316 0.9873134 0.9902545 0.9881839 0.9882388 0.9900403 0.9880275 0.98909456 0.9873498 0.99096984 0.9919977 0.9932729 0.9917638 0.994543 0.9939276 0.9922421 0.9774169 0.9846601 0.9855235 0.98656076 0.98469865 0.9855022 0.9868025 0.9833864 0.98119175 0.98280084 0.9863663 0.98745334 0.98873323 0.99184334 0.9878175 0.990616 0.9910482 0.9893812 0.98814154 0.9891144 0.98367643 0.9920287 0.9837011 0.9844737 0.98858994 0.98480725 0.9790823 0.9834992 0.9833062 0.99183303 0.9867749 0.99199575 0.9876724 0.9910339 0.99229497 0.9809779 0.9790983 0.9783965 0.979898 0.9856091 0.98486435 0.98650825 0.9864366 0.98591876 0.9868679 0.9870594 0.98621553 0.9878218 0.989013 0.98827606 0.988691 0.98870516 0.9861647 0.9896787 0.98409915 0.98769075 0.98627245 0.98357195 0.985476 0.98845357 0.9865853 0.9898146 0.9864665 0.9877299 0.9891635 0.98551786 0.9889848 0.9855824 0.98577404 0.9837143 0.9855858 0.9865347 0.98728615 0.988781 0.989215 0.9871913 0.9871146 0.98801637 0.9824649 0.98801357 0.98210245 0.98400635 0.98627996 0.9854908 0.98423374 0.9809935 0.97888625 0.98133683 0.9781839 0.9824846 0.9825007 0.9813148 0.98401713 0.9794586 0.9811441 0.9829709 0.986271 0.9864777 0.98643035 0.98651963 0.9880735 0.98688877 0.98387283 0.9894813 0.9907662 0.98830134 0.9877783 0.9898584 0.9877353 0.9880013 0.98791087 0.9852311 0.98569936 0.989755 0.98902726 0.9887522 0.9858589 0.98678184 0.9890769 0.98956776 0.992072 0.99077874 0.99177444 0.98925936 0.98919183 0.9908398 0.9887631 0.9902178 0.9871322 0.987374 0.9829769 0.98525167 0.9873043 0.9870878 0.9854431 0.98765004 0.9867677 0.9878959 0.9894504 0.99034804 0.98980093 0.9862769 0.9879782 0.9892461 0.9886983 0.9835694 0.9839715 0.9850875 0.9857317 0.98316664 0.9844532 0.98589164 0.9875661 0.9853292 0.9851853 0.984631 0.98425674 0.98343647 0.9821392 0.9825346 0.98094445 0.9819609 0.9778916 0.97288334 0.96725965 0.9801299 0.98191595 0.980209 0.98003477 0.97704905 0.9846437 0.9826964 0.9781323 0.9801384 0.9812784 0.9798133 0.9780027 0.97480947 0.97314465 0.97654223 0.97781456 0.9836177 0.99837327 0.9999997 0.9987528
VuleticxVukasovicxVid_SRP19011VidVVCarDubrovnik-L2_3 0.9922071 0.9924878 0.99357784 0.9887501 0.99012446 0.9937146 0.99323446 0.9908753 0.98720217 0.9893508 0.9891242 0.99072057 0.98692185 0.9866523 0.9927316 0.99079776 0.9929998 0.9941373 0.9935082 0.98841375 0.9859443 0.9878596 0.9870256 0.98730165 0.9877031 0.9853425 0.9880031 0.9836391 0.99014133 0.9879463 0.9882479 0.98916966 0.98896605 0.98617375 0.983804 0.99402416 0.99325764 0.99214137 0.9909481 0.98921216 0.98981935 0.9877032 0.99093735 0.9885479 0.9926423 0.9919431 0.98972964 0.9887122 0.9887116 0.988914 0.9884957 0.9872877 0.98722565 0.99002284 0.98771757 0.9931274 0.9935889 0.9937176 0.9933326 0.99355984 0.9936696 0.99279094 0.9925474 0.9927771 0.99447644 0.9944657 0.98993915 0.98915756 0.988928 0.9868246 0.9906415 0.9877941 0.99114186 0.9898125 0.99085176 0.9906025 0.99223536 0.9931862 0.9925145 0.9883644 0.9923746 0.9885476 0.99058616 0.98336065 0.98170596 0.9846411 0.9839783 0.9857042 0.9870182 0.9860935 0.9862759 0.98912066 0.9935953 0.99192876 0.9919008 0.9906915 0.9890622 0.98820597 0.9901195 0.99077517 0.99285245 0.99261254 0.99021083 0.98427504 0.98241997 0.9867801 0.98285663 0.98290443 0.98615247 0.98379254 0.9837222 0.98376983 0.98526764 0.98743427 0.98609954 0.98401123 0.98923236 0.98504215 0.98468256 0.9852788 0.98726606 0.98489577 0.99114716 0.9881172 0.9878775 0.98880047 0.9892733 0.98870605 0.99187154 0.990096 0.98990476 0.990231 0.9888281 0.9891859 0.99040806 0.9919003 0.99321544 0.9938178 0.9928537 0.98165596 0.9798995 0.97548395 0.9791354 0.98874766 0.98533684 0.9860193 0.98964655 0.9887645 0.9895512 0.9888359 0.9935505 0.9897901 0.9884405 0.9870149 0.9910091 0.9913491 0.990031 0.9872406 0.9874601 0.98675025 0.9882921 0.985234 0.9872082 0.98712486 0.9879681 0.98648155 0.99041075 0.99017537 0.99252295 0.9893549 0.99049705 0.98484945 0.98594403 0.98501545 0.9829006 0.9850008 0.99287933 0.9908566 0.99009115 0.9910512 0.9880345 0.9880079 0.986106 0.9823074 0.9788726 0.9754246 0.9921911 0.99135894 0.9883711 0.99132717 0.9913179 0.9891947 0.98661804 0.99054354 0.9892358 0.9898542 0.990633 0.9905661 0.98827225 0.9891107 0.98735493 0.98669326 0.98806584 0.9883701 0.9906218 0.98326415 0.9834888 0.9819903 0.98268104 0.9811023 0.9818713 0.9832505 0.9929431 0.9937024 0.99331796 0.9894757 0.9926778 0.9915878 0.99052376 0.99573034 0.99556255 0.9937341 0.993838 0.9933591 0.9938296 0.9954405 0.9869552 0.99381554 0.9946205 0.9943648 0.9934341 0.9860283 0.9867419 0.9898027 0.9906584 0.98704875 0.9871429 0.98827934 0.9848512 0.9876108 0.98842657 0.9794219 0.96924144 0.977058 0.9800972 0.9861496 0.9877021 0.99374264 0.98922557 0.98191506 0.9886287 0.98727524 0.9907987 0.9894102 0.98936284 0.99028254 0.99106336 0.9933583 0.991283 0.9854189 0.9873605 0.9879333 0.9889824 0.9883766 0.9883728 0.98761696 0.988475 0.9885441 0.98679537 0.9904584 0.98905826 0.9909351 0.9907379 0.9888562 0.98868847 0.99002445 0.99121773 0.99012655 0.985083 0.98839843 0.9892541 0.99173033 0.9906622 0.99105304 0.9896349 0.98891723 0.9861593 0.9885924 0.9884597 0.98663783 0.99155474 0.9906561 0.99103314 0.9905884 0.99084336 0.990828 0.99013615 0.9904487 0.9914438 0.9896756 0.98998153 0.98584276 0.98098665 0.9854943 0.98193336 0.9825666 0.98163515 0.98354596 0.99095595 0.9914902 0.9906914 0.9872885 0.9882313 0.98977655 0.99066466 0.9900416 0.9887206 0.98913217 0.99088645 0.99367267 0.9918977 0.99161404 0.99145424 0.98668736 0.9860806 0.9827056 0.98525465 0.9911903 0.9893067 0.9900429 0.9905384 0.98864293 0.9867758 0.98686135 0.98305523 0.97985697 0.97769463 0.99142987 0.9889981 0.98917586 0.98956335 0.98959863 0.9906766 0.9886345 0.98735034 0.99122816 0.9888024 0.98893565 0.99020416 0.9885099 0.988533 0.9869617 0.9915998 0.9921145 0.99388623 0.9921734 0.99438995 0.9936942 0.9922599 0.9807701 0.9861668 0.98653865 0.9880104 0.9858835 0.98679376 0.98748446 0.98537135 0.98280853 0.98499346 0.98818475 0.98893124 0.98995095 0.9929539 0.98951507 0.9918957 0.9922556 0.9908253 0.9895529 0.99042267 0.9856586 0.9929917 0.98578835 0.98687816 0.99071455 0.9866526 0.9820893 0.9856775 0.9860883 0.99288285 0.98801404 0.992764 0.9892877 0.9916879 0.9925358 0.9839552 0.982636 0.98218775 0.98364913 0.988326 0.98631316 0.9864479 0.9868217 0.98616916 0.98779273 0.98766744 0.9872941 0.9885921 0.9898705 0.9887213 0.99045247 0.9901273 0.987576 0.9910897 0.9866978 0.98985493 0.98866886 0.98630655 0.98755497 0.990352 0.98897284 0.99161124 0.9884559 0.98877734 0.99065924 0.9869567 0.9892492 0.98664695 0.9868746 0.9861156 0.98730165 0.9876911 0.9891788 0.98995095 0.99136907 0.98970145 0.98920566 0.9895147 0.9849765 0.9892747 0.9843464 0.98575354 0.98779875 0.9869909 0.98641217 0.98297036 0.98024535 0.9837516 0.98093635 0.9851796 0.98424214 0.98364383 0.98613554 0.9825362 0.98416483 0.98474604 0.9890708 0.9892482 0.9886724 0.9885539 0.9896442 0.9881648 0.98590887 0.9912 0.99154824 0.98978 0.98856217 0.99104726 0.98803157 0.9897525 0.9894161 0.9870928 0.9867933 0.9907066 0.9910024 0.9905634 0.98855966 0.98864865 0.99102426 0.99180454 0.99335444 0.99183744 0.992197 0.9901483 0.9897317 0.99130774 0.99003196 0.9916688 0.988145 0.9886216 0.9849222 0.9872286 0.98877835 0.98869514 0.9872103 0.9882778 0.9882254 0.988037 0.98903334 0.9892606 0.9889461 0.987019 0.9877113 0.9884539 0.9873153 0.9848009 0.9855266 0.98682207 0.9875506 0.984866 0.98618 0.9872011 0.9885456 0.9868714 0.986775 0.9856774 0.9859225 0.985117 0.9844029 0.9855151 0.983096 0.9845451 0.98132247 0.97672117 0.97188145 0.9838858 0.98547614 0.98333454 0.98373 0.98069996 0.98707163 0.9856019 0.98134017 0.9833929 0.98360413 0.98298573 0.9815499 0.9776857 0.97687185 0.9796723 0.98136896 0.9863871 0.99830997 0.9987528 1.0
